學年度,設立別,學校類別,學校統計處代碼,學校名稱,學制班別(日間),國家(地區)別(108.12新增),國家(地區)區域別(108.12新增),畢業境外生總人數小計,畢業境外生總人數男,畢業境外生總人數女,畢業外國學生小計,畢業外國學生男,畢業外國學生女,畢業僑生小計,畢業僑生男,畢業僑生女,畢業港澳生小計,畢業港澳生男,畢業港澳生女,畢業大陸地區來臺學位生小計,畢業大陸地區來臺學位生男,畢業大陸地區來臺學位生女
106,公立,一般大學,0001,國立政治大學,學士班(日間),...,...,130,47,83,35,16,19,74,20,54,17,11,6,4,0,4
106,公立,一般大學,0001,國立政治大學,碩士班(日間),...,...,211,96,115,103,54,49,11,3,8,17,10,7,80,29,51
106,公立,一般大學,0001,國立政治大學,博士班,...,...,22,14,8,14,10,4,0,0,0,0,0,0,8,4,4
106,公立,一般大學,0002,國立清華大學,學士班(日間),...,...,59,31,28,14,5,9,26,11,15,17,14,3,2,1,1
106,公立,一般大學,0002,國立清華大學,碩士班(日間),...,...,113,66,47,49,27,22,6,5,1,6,4,2,52,30,22
106,公立,一般大學,0002,國立清華大學,博士班,...,...,40,32,8,36,30,6,1,1,0,0,0,0,3,1,2
106,公立,一般大學,0003,國立臺灣大學,學士班(日間),...,...,217,108,109,63,32,31,98,48,50,51,28,23,5,0,5
106,公立,一般大學,0003,國立臺灣大學,碩士班(日間),...,...,295,166,129,95,61,34,54,31,23,28,13,15,118,61,57
106,公立,一般大學,0003,國立臺灣大學,博士班,...,...,30,18,12,18,11,7,7,5,2,3,1,2,2,1,1
106,公立,一般大學,0004,國立臺灣師範大學,學士班(日間),...,...,172,65,107,67,24,43,51,19,32,50,20,30,4,2,2
106,公立,一般大學,0004,國立臺灣師範大學,碩士班(日間),...,...,100,37,63,56,27,29,8,4,4,12,2,10,24,4,20
106,公立,一般大學,0004,國立臺灣師範大學,博士班,...,...,12,7,5,9,6,3,0,0,0,0,0,0,3,1,2
106,公立,一般大學,0005,國立成功大學,學士班(日間),...,...,131,80,51,37,25,12,52,26,26,40,28,12,2,1,1
106,公立,一般大學,0005,國立成功大學,碩士班(日間),...,...,243,140,103,167,92,75,24,18,6,18,9,9,34,21,13
106,公立,一般大學,0005,國立成功大學,博士班,...,...,25,16,9,19,10,9,2,2,0,0,0,0,4,4,0
106,公立,一般大學,0006,國立中興大學,學士班(日間),...,...,69,38,31,11,5,6,29,18,11,27,13,14,2,2,0
106,公立,一般大學,0006,國立中興大學,碩士班(日間),...,...,44,24,20,29,18,11,5,2,3,5,3,2,5,1,4
106,公立,一般大學,0006,國立中興大學,博士班,...,...,17,10,7,17,10,7,0,0,0,0,0,0,0,0,0
106,公立,一般大學,0007,國立陽明交通大學,學士班(日間),...,...,87,62,25,21,19,2,28,17,11,33,24,9,5,2,3
106,公立,一般大學,0007,國立陽明交通大學,碩士班(日間),...,...,123,78,45,66,42,24,11,7,4,12,9,3,34,20,14
106,公立,一般大學,0007,國立陽明交通大學,博士班,...,...,24,18,6,23,18,5,0,0,0,0,0,0,1,0,1
106,公立,一般大學,0008,國立中央大學,學士班(日間),...,...,46,29,17,3,1,2,20,9,11,18,16,2,5,3,2
106,公立,一般大學,0008,國立中央大學,碩士班(日間),...,...,107,57,50,91,48,43,0,0,0,3,0,3,13,9,4
106,公立,一般大學,0008,國立中央大學,博士班,...,...,23,16,7,20,13,7,0,0,0,1,1,0,2,2,0
106,公立,一般大學,0009,國立中山大學,學士班(日間),...,...,58,38,20,4,2,2,18,8,10,33,27,6,3,1,2
106,公立,一般大學,0009,國立中山大學,碩士班(日間),...,...,60,40,20,43,27,16,6,5,1,4,4,0,7,4,3
106,公立,一般大學,0009,國立中山大學,博士班,...,...,4,4,0,3,3,0,0,0,0,0,0,0,1,1,0
106,公立,一般大學,0012,國立臺灣海洋大學,學士班(日間),...,...,73,51,22,8,7,1,34,23,11,27,20,7,4,1,3
106,公立,一般大學,0012,國立臺灣海洋大學,碩士班(日間),...,...,18,7,11,10,5,5,6,0,6,2,2,0,0,0,0
106,公立,一般大學,0012,國立臺灣海洋大學,博士班,...,...,2,2,0,2,2,0,0,0,0,0,0,0,0,0,0
106,公立,一般大學,0013,國立中正大學,學士班(日間),...,...,75,38,37,6,2,4,26,14,12,40,21,19,3,1,2
106,公立,一般大學,0013,國立中正大學,碩士班(日間),...,...,50,29,21,36,19,17,5,5,0,5,3,2,4,2,2
106,公立,一般大學,0013,國立中正大學,博士班,...,...,6,6,0,5,5,0,1,1,0,0,0,0,0,0,0
106,公立,一般大學,0014,國立高雄師範大學,學士班(日間),...,...,32,17,15,3,1,2,13,6,7,12,7,5,4,3,1
106,公立,一般大學,0014,國立高雄師範大學,碩士班(日間),...,...,15,5,10,5,4,1,5,1,4,3,0,3,2,0,2
106,公立,一般大學,0015,國立彰化師範大學,學士班(日間),...,...,38,14,24,7,1,6,19,9,10,10,3,7,2,1,1
106,公立,一般大學,0015,國立彰化師範大學,碩士班(日間),...,...,7,3,4,2,1,1,3,1,2,2,1,1,0,0,0
106,公立,一般大學,0016,國立陽明大學,學士班(日間),...,...,27,13,14,1,1,0,15,6,9,6,4,2,5,2,3
106,公立,一般大學,0016,國立陽明大學,碩士班(日間),...,...,21,4,17,13,2,11,4,1,3,4,1,3,0,0,0
106,公立,一般大學,0016,國立陽明大學,博士班,...,...,10,5,5,8,5,3,2,0,2,0,0,0,0,0,0
106,公立,一般大學,0017,國立臺北大學,學士班(日間),...,...,47,25,22,3,1,2,25,10,15,14,11,3,5,3,2
106,公立,一般大學,0017,國立臺北大學,碩士班(日間),...,...,20,8,12,10,2,8,0,0,0,4,3,1,6,3,3
106,公立,一般大學,0017,國立臺北大學,博士班,...,...,1,0,1,0,0,0,0,0,0,0,0,0,1,0,1
106,公立,一般大學,0018,國立嘉義大學,學士班(日間),...,...,86,48,38,3,1,2,48,26,22,34,20,14,1,1,0
106,公立,一般大學,0018,國立嘉義大學,碩士班(日間),...,...,17,5,12,15,3,12,1,1,0,1,1,0,0,0,0
106,公立,一般大學,0019,國立高雄大學,學士班(日間),...,...,43,24,19,1,1,0,19,7,12,19,15,4,4,1,3
106,公立,一般大學,0019,國立高雄大學,碩士班(日間),...,...,5,2,3,4,1,3,0,0,0,1,1,0,0,0,0
106,公立,一般大學,0020,國立東華大學,學士班(日間),...,...,80,39,41,18,6,12,35,20,15,23,11,12,4,2,2
106,公立,一般大學,0020,國立東華大學,碩士班(日間),...,...,39,18,21,30,12,18,3,2,1,4,4,0,2,0,2
106,公立,一般大學,0020,國立東華大學,博士班,...,...,5,5,0,5,5,0,0,0,0,0,0,0,0,0,0
106,公立,一般大學,0021,國立暨南國際大學,學士班(日間),...,...,134,67,67,2,0,2,48,20,28,83,46,37,1,1,0
106,公立,一般大學,0021,國立暨南國際大學,碩士班(日間),...,...,14,7,7,9,3,6,2,2,0,3,2,1,0,0,0
106,公立,一般大學,0021,國立暨南國際大學,博士班,...,...,7,3,4,6,3,3,0,0,0,0,0,0,1,0,1
106,公立,技專校院,0022,國立臺灣科技大學,學士班(日間),...,...,77,45,32,11,4,7,16,10,6,22,13,9,28,18,10
106,公立,技專校院,0022,國立臺灣科技大學,碩士班(日間),...,...,215,124,91,197,113,84,2,2,0,3,3,0,13,6,7
106,公立,技專校院,0022,國立臺灣科技大學,博士班,...,...,57,41,16,55,39,16,0,0,0,0,0,0,2,2,0
106,公立,技專校院,0023,國立雲林科技大學,學士班(日間),...,...,68,36,32,7,5,2,11,8,3,20,7,13,30,16,14
106,公立,技專校院,0023,國立雲林科技大學,碩士班(日間),...,...,20,10,10,9,3,6,2,1,1,3,2,1,6,4,2
106,公立,技專校院,0023,國立雲林科技大學,博士班,...,...,5,3,2,4,3,1,0,0,0,0,0,0,1,0,1
106,公立,技專校院,0024,國立屏東科技大學,學士班(日間),...,...,97,50,47,15,7,8,40,22,18,37,19,18,5,2,3
106,公立,技專校院,0024,國立屏東科技大學,碩士班(日間),...,...,49,27,22,46,25,21,2,1,1,1,1,0,0,0,0
106,公立,技專校院,0024,國立屏東科技大學,博士班,...,...,5,3,2,5,3,2,0,0,0,0,0,0,0,0,0
106,公立,技專校院,0025,國立臺北科技大學,學士班(日間),...,...,90,57,33,26,20,6,8,4,4,20,16,4,36,17,19
106,公立,技專校院,0025,國立臺北科技大學,碩士班(日間),...,...,64,38,26,56,33,23,2,1,1,3,2,1,3,2,1
106,公立,技專校院,0025,國立臺北科技大學,博士班,...,...,15,13,2,15,13,2,0,0,0,0,0,0,0,0,0
106,公立,一般大學,0028,國立臺北藝術大學,學士班(日間),...,...,34,15,19,14,7,7,1,0,1,16,8,8,3,0,3
106,公立,一般大學,0028,國立臺北藝術大學,碩士班(日間),...,...,19,11,8,9,6,3,3,1,2,2,1,1,5,3,2
106,公立,一般大學,0029,國立臺灣藝術大學,學士班(日間),...,...,29,9,20,11,3,8,8,1,7,9,5,4,1,0,1
106,公立,一般大學,0029,國立臺灣藝術大學,碩士班(日間),...,...,18,8,10,6,3,3,2,1,1,4,2,2,6,2,4
106,公立,一般大學,0029,國立臺灣藝術大學,博士班,...,...,5,2,3,0,0,0,1,0,1,0,0,0,4,2,2
106,公立,一般大學,0030,國立臺東大學,學士班(日間),...,...,25,10,15,4,2,2,10,2,8,10,6,4,1,0,1
106,公立,一般大學,0030,國立臺東大學,碩士班(日間),...,...,3,1,2,2,1,1,0,0,0,1,0,1,0,0,0
106,公立,一般大學,0031,國立宜蘭大學,學士班(日間),...,...,38,23,15,1,1,0,18,11,7,14,9,5,5,2,3
106,公立,一般大學,0031,國立宜蘭大學,碩士班(日間),...,...,6,2,4,4,1,3,1,1,0,0,0,0,1,0,1
106,公立,一般大學,0032,國立聯合大學,學士班(日間),...,...,26,14,12,1,0,1,11,6,5,10,6,4,4,2,2
106,公立,一般大學,0032,國立聯合大學,碩士班(日間),...,...,1,1,0,0,0,0,1,1,0,0,0,0,0,0,0
106,公立,技專校院,0033,國立虎尾科技大學,學士班(日間),...,...,20,12,8,0,0,0,6,3,3,3,1,2,11,8,3
106,公立,技專校院,0033,國立虎尾科技大學,碩士班(日間),...,...,23,10,13,23,10,13,0,0,0,0,0,0,0,0,0
106,公立,一般大學,0035,國立臺南藝術大學,碩士班(日間),...,...,1,1,0,1,1,0,0,0,0,0,0,0,0,0,0
106,公立,一般大學,0036,國立臺南大學,學士班(日間),...,...,42,23,19,2,2,0,15,8,7,21,12,9,4,1,3
106,公立,一般大學,0036,國立臺南大學,碩士班(日間),...,...,2,2,0,1,1,0,0,0,0,1,1,0,0,0,0
106,公立,一般大學,0037,國立臺北教育大學,學士班(日間),...,...,35,8,27,5,0,5,13,3,10,14,5,9,3,0,3
106,公立,一般大學,0037,國立臺北教育大學,碩士班(日間),...,...,5,2,3,0,0,0,3,1,2,2,1,1,0,0,0
106,公立,一般大學,0039,國立臺中教育大學,學士班(日間),...,...,62,22,40,14,2,12,24,11,13,20,7,13,4,2,2
106,公立,一般大學,0039,國立臺中教育大學,碩士班(日間),...,...,10,2,8,6,2,4,1,0,1,0,0,0,3,0,3
106,公立,技專校院,0042,國立澎湖科技大學,學士班(日間),...,...,13,8,5,0,0,0,3,2,1,6,3,3,4,3,1
106,公立,技專校院,0043,國立勤益科技大學,學士班(日間),...,...,12,5,7,3,1,2,4,2,2,2,0,2,3,2,1
106,公立,技專校院,0043,國立勤益科技大學,碩士班(日間),...,...,16,10,6,15,9,6,1,1,0,0,0,0,0,0,0
106,公立,一般大學,0044,國立體育大學,學士班(日間),...,...,9,6,3,1,1,0,1,1,0,7,4,3,0,0,0
106,公立,一般大學,0044,國立體育大學,碩士班(日間),...,...,8,3,5,3,1,2,0,0,0,1,0,1,4,2,2
106,公立,技專校院,0046,國立臺北護理健康大學,學士班(日間),...,...,12,5,7,0,0,0,2,0,2,6,4,2,4,1,3
106,公立,技專校院,0046,國立臺北護理健康大學,碩士班(日間),...,...,18,5,13,15,4,11,0,0,0,0,0,0,3,1,2
106,公立,技專校院,0047,國立高雄餐旅大學,學士班(日間),...,...,68,26,42,22,9,13,31,13,18,9,2,7,6,2,4
106,公立,技專校院,0047,國立高雄餐旅大學,碩士班(日間),...,...,3,3,0,1,1,0,0,0,0,1,1,0,1,1,0
106,公立,一般大學,0048,國立金門大學,學士班(日間),...,...,45,21,24,0,0,0,10,7,3,4,2,2,31,12,19
106,公立,一般大學,0048,國立金門大學,碩士班(日間),...,...,2,2,0,0,0,0,0,0,0,0,0,0,2,2,0
106,公立,一般大學,0049,國立臺灣體育運動大學,學士班(日間),...,...,21,13,8,0,0,0,6,5,1,14,7,7,1,1,0
106,公立,一般大學,0049,國立臺灣體育運動大學,碩士班(日間),...,...,2,0,2,0,0,0,1,0,1,0,0,0,1,0,1
106,公立,技專校院,0050,國立臺中科技大學,五專,...,...,1,1,0,0,0,0,1,1,0,0,0,0,0,0,0
106,公立,技專校院,0050,國立臺中科技大學,學士班(日間),...,...,34,20,14,1,1,0,13,8,5,11,6,5,9,5,4
106,公立,技專校院,0050,國立臺中科技大學,碩士班(日間),...,...,1,1,0,0,0,0,1,1,0,0,0,0,0,0,0
106,公立,技專校院,0051,國立臺北商業大學,五專,...,...,3,2,1,0,0,0,3,2,1,0,0,0,0,0,0
106,公立,技專校院,0051,國立臺北商業大學,學士班(日間),...,...,28,10,18,1,0,1,14,6,8,2,1,1,11,3,8
106,公立,技專校院,0051,國立臺北商業大學,碩士班(日間),...,...,3,2,1,1,0,1,0,0,0,2,2,0,0,0,0
106,公立,一般大學,0052,國立屏東大學,學士班(日間),...,...,51,21,30,3,1,2,18,7,11,25,10,15,5,3,2
106,公立,技專校院,0053,國立高雄科技大學,學士班(日間),...,...,88,49,39,5,3,2,32,15,17,24,14,10,27,17,10
106,公立,技專校院,0053,國立高雄科技大學,碩士班(日間),...,...,42,18,24,39,15,24,1,1,0,0,0,0,2,2,0
106,公立,技專校院,0053,國立高雄科技大學,博士班,...,...,5,3,2,5,3,2,0,0,0,0,0,0,0,0,0
106,公立,技專校院,0144,國立臺灣戲曲學院,學士班(日間),...,...,2,1,1,0,0,0,0,0,0,0,0,0,2,1,1
106,私立,一般大學,1001,東海大學,學士班(日間),...,...,242,116,126,52,21,31,44,20,24,58,38,20,88,37,51
106,私立,一般大學,1001,東海大學,碩士班(日間),...,...,33,12,21,13,1,12,2,1,1,3,2,1,15,8,7
106,私立,一般大學,1001,東海大學,博士班,...,...,3,1,2,0,0,0,0,0,0,0,0,0,3,1,2
106,私立,一般大學,1002,輔仁大學,學士班(日間),...,...,231,86,145,21,6,15,35,16,19,76,36,40,99,28,71
106,私立,一般大學,1002,輔仁大學,碩士班(日間),...,...,78,31,47,10,1,9,5,5,0,8,3,5,55,22,33
106,私立,一般大學,1002,輔仁大學,博士班,...,...,8,4,4,2,2,0,0,0,0,0,0,0,6,2,4
106,私立,一般大學,1003,東吳大學,學士班(日間),...,...,147,70,77,9,2,7,34,16,18,63,34,29,41,18,23
106,私立,一般大學,1003,東吳大學,碩士班(日間),...,...,15,7,8,2,1,1,0,0,0,2,2,0,11,4,7
106,私立,一般大學,1003,東吳大學,博士班,...,...,1,1,0,1,1,0,0,0,0,0,0,0,0,0,0
106,私立,一般大學,1004,中原大學,學士班(日間),...,...,172,88,84,22,10,12,25,14,11,53,28,25,72,36,36
106,私立,一般大學,1004,中原大學,碩士班(日間),...,...,41,32,9,28,21,7,0,0,0,1,1,0,12,10,2
106,私立,一般大學,1004,中原大學,博士班,...,...,13,9,4,11,7,4,0,0,0,0,0,0,2,2,0
106,私立,一般大學,1005,淡江大學學校財團法人淡江大學,學士班(日間),...,...,334,150,184,52,17,35,47,23,24,112,62,50,123,48,75
106,私立,一般大學,1005,淡江大學學校財團法人淡江大學,碩士班(日間),...,...,51,32,19,33,20,13,3,2,1,2,2,0,13,8,5
106,私立,一般大學,1005,淡江大學學校財團法人淡江大學,博士班,...,...,3,0,3,2,0,2,0,0,0,0,0,0,1,0,1
106,私立,一般大學,1006,中國文化大學,學士班(日間),...,...,310,134,176,59,20,39,42,17,25,103,53,50,106,44,62
106,私立,一般大學,1006,中國文化大學,碩士班(日間),...,...,22,5,17,8,1,7,3,1,2,4,1,3,7,2,5
106,私立,一般大學,1006,中國文化大學,博士班,...,...,5,4,1,2,2,0,0,0,0,0,0,0,3,2,1
106,私立,一般大學,1007,逢甲大學,學士班(日間),...,...,304,173,131,71,38,33,50,30,20,62,42,20,121,63,58
106,私立,一般大學,1007,逢甲大學,碩士班(日間),...,...,49,30,19,38,21,17,1,1,0,1,1,0,9,7,2
106,私立,一般大學,1007,逢甲大學,博士班,...,...,7,7,0,7,7,0,0,0,0,0,0,0,0,0,0
106,私立,一般大學,1008,靜宜大學,學士班(日間),...,...,156,62,94,22,9,13,18,6,12,42,16,26,74,31,43
106,私立,一般大學,1008,靜宜大學,碩士班(日間),...,...,17,6,11,14,5,9,0,0,0,0,0,0,3,1,2
106,私立,一般大學,1009,長庚大學,學士班(日間),...,...,40,27,13,0,0,0,15,8,7,9,7,2,16,12,4
106,私立,一般大學,1009,長庚大學,碩士班(日間),...,...,41,16,25,36,14,22,3,1,2,0,0,0,2,1,1
106,私立,一般大學,1009,長庚大學,博士班,...,...,9,7,2,9,7,2,0,0,0,0,0,0,0,0,0
106,私立,一般大學,1010,元智大學,學士班(日間),...,...,114,64,50,15,8,7,8,2,6,42,25,17,49,29,20
106,私立,一般大學,1010,元智大學,碩士班(日間),...,...,56,28,28,52,26,26,2,0,2,1,1,0,1,1,0
106,私立,一般大學,1010,元智大學,博士班,...,...,9,8,1,7,6,1,0,0,0,0,0,0,2,2,0
106,私立,一般大學,1011,中華大學學校財團法人中華大學,學士班(日間),...,...,19,8,11,7,3,4,4,3,1,6,1,5,2,1,1
106,私立,一般大學,1011,中華大學學校財團法人中華大學,碩士班(日間),...,...,9,6,3,8,5,3,0,0,0,0,0,0,1,1,0
106,私立,一般大學,1011,中華大學學校財團法人中華大學,博士班,...,...,1,1,0,0,0,0,0,0,0,0,0,0,1,1,0
106,私立,一般大學,1012,大葉大學,學士班(日間),...,...,107,57,50,26,12,14,3,2,1,70,39,31,8,4,4
106,私立,一般大學,1012,大葉大學,碩士班(日間),...,...,30,11,19,30,11,19,0,0,0,0,0,0,0,0,0
106,私立,一般大學,1012,大葉大學,博士班,...,...,2,2,0,2,2,0,0,0,0,0,0,0,0,0,0
106,私立,一般大學,1013,華梵大學,學士班(日間),...,...,5,3,2,2,1,1,1,1,0,1,0,1,1,1,0
106,私立,一般大學,1013,華梵大學,碩士班(日間),...,...,1,1,0,1,1,0,0,0,0,0,0,0,0,0,0
106,私立,一般大學,1014,義守大學,學士班(日間),...,...,334,170,164,134,70,64,34,14,20,116,61,55,50,25,25
106,私立,一般大學,1014,義守大學,碩士班(日間),...,...,26,11,15,19,8,11,1,0,1,2,1,1,4,2,2
106,私立,一般大學,1015,世新大學,學士班(日間),...,...,212,68,144,59,15,44,33,13,20,57,23,34,63,17,46
106,私立,一般大學,1015,世新大學,碩士班(日間),...,...,22,7,15,3,1,2,0,0,0,2,0,2,17,6,11
106,私立,一般大學,1015,世新大學,博士班,...,...,4,2,2,1,1,0,0,0,0,0,0,0,3,1,2
106,私立,一般大學,1016,銘傳大學,學士班(日間),...,...,517,229,288,220,98,122,55,28,27,109,45,64,133,58,75
106,私立,一般大學,1016,銘傳大學,碩士班(日間),...,...,50,17,33,35,10,25,1,1,0,3,1,2,11,5,6
106,私立,一般大學,1016,銘傳大學,博士班,...,...,1,0,1,0,0,0,0,0,0,0,0,0,1,0,1
106,私立,一般大學,1017,實踐大學,學士班(日間),...,...,198,77,121,38,17,21,35,13,22,86,33,53,39,14,25
106,私立,一般大學,1017,實踐大學,碩士班(日間),...,...,3,0,3,2,0,2,0,0,0,0,0,0,1,0,1
106,私立,一般大學,1017,實踐大學,博士班,...,...,1,0,1,0,0,0,0,0,0,0,0,0,1,0,1
106,私立,技專校院,1018,朝陽科技大學,學士班(日間),...,...,161,76,85,50,24,26,11,2,9,44,20,24,56,30,26
106,私立,技專校院,1018,朝陽科技大學,碩士班(日間),...,...,16,8,8,13,7,6,0,0,0,0,0,0,3,1,2
106,私立,技專校院,1018,朝陽科技大學,博士班,...,...,3,1,2,1,1,0,0,0,0,0,0,0,2,0,2
106,私立,一般大學,1019,高雄醫學大學,學士班(日間),...,...,85,30,55,14,4,10,42,13,29,26,12,14,3,1,2
106,私立,一般大學,1019,高雄醫學大學,碩士班(日間),...,...,12,6,6,7,3,4,3,2,1,1,1,0,1,0,1
106,私立,一般大學,1019,高雄醫學大學,博士班,...,...,7,5,2,6,4,2,0,0,0,1,1,0,0,0,0
106,私立,一般大學,1020,南華大學,學士班(日間),...,...,7,3,4,4,2,2,1,0,1,0,0,0,2,1,1
106,私立,一般大學,1020,南華大學,碩士班(日間),...,...,18,8,10,18,8,10,0,0,0,0,0,0,0,0,0
106,私立,一般大學,1021,真理大學,學士班(日間),...,...,27,10,17,4,0,4,1,1,0,21,9,12,1,0,1
106,私立,一般大學,1021,真理大學,碩士班(日間),...,...,3,2,1,2,1,1,1,1,0,0,0,0,0,0,0
106,私立,一般大學,1022,大同大學,學士班(日間),...,...,21,14,7,1,1,0,4,2,2,4,3,1,12,8,4
106,私立,一般大學,1022,大同大學,碩士班(日間),...,...,6,5,1,3,2,1,0,0,0,1,1,0,2,2,0
106,私立,技專校院,1023,南臺學校財團法人南臺科技大學,學士班(日間),...,...,105,68,37,40,30,10,10,5,5,21,10,11,34,23,11
106,私立,技專校院,1023,南臺學校財團法人南臺科技大學,碩士班(日間),...,...,31,17,14,27,14,13,1,0,1,0,0,0,3,3,0
106,私立,技專校院,1023,南臺學校財團法人南臺科技大學,博士班,...,...,4,2,2,4,2,2,0,0,0,0,0,0,0,0,0
106,私立,技專校院,1024,崑山科技大學,學士班(日間),...,...,47,22,25,22,11,11,0,0,0,9,2,7,16,9,7
106,私立,技專校院,1024,崑山科技大學,碩士班(日間),...,...,12,10,2,12,10,2,0,0,0,0,0,0,0,0,0
106,私立,技專校院,1025,嘉藥學校財團法人嘉南藥理大學,學士班(日間),...,...,11,6,5,2,1,1,4,2,2,2,1,1,3,2,1
106,私立,技專校院,1025,嘉藥學校財團法人嘉南藥理大學,碩士班(日間),...,...,2,1,1,2,1,1,0,0,0,0,0,0,0,0,0
106,私立,技專校院,1026,樹德科技大學,學士班(日間),...,...,121,59,62,29,17,12,19,10,9,20,5,15,53,27,26
106,私立,技專校院,1026,樹德科技大學,碩士班(日間),...,...,6,3,3,5,3,2,0,0,0,1,0,1,0,0,0
106,私立,技專校院,1026,樹德科技大學,博士班,...,...,1,0,1,0,0,0,0,0,0,0,0,0,1,0,1
106,私立,一般大學,1027,慈濟學校財團法人慈濟大學,學士班(日間),...,...,37,14,23,20,9,11,7,1,6,7,3,4,3,1,2
106,私立,一般大學,1027,慈濟學校財團法人慈濟大學,碩士班(日間),...,...,7,2,5,7,2,5,0,0,0,0,0,0,0,0,0
106,私立,一般大學,1027,慈濟學校財團法人慈濟大學,博士班,...,...,1,1,0,0,0,0,1,1,0,0,0,0,0,0,0
106,私立,一般大學,1028,臺北醫學大學,學士班(日間),...,...,78,34,44,11,2,9,37,17,20,17,11,6,13,4,9
106,私立,一般大學,1028,臺北醫學大學,碩士班(日間),...,...,45,20,25,37,14,23,4,3,1,2,1,1,2,2,0
106,私立,一般大學,1028,臺北醫學大學,博士班,...,...,12,10,2,11,9,2,1,1,0,0,0,0,0,0,0
106,私立,一般大學,1029,中山醫學大學,學士班(日間),...,...,53,23,30,2,2,0,25,9,16,22,11,11,4,1,3
106,私立,一般大學,1029,中山醫學大學,碩士班(日間),...,...,3,1,2,1,1,0,1,0,1,1,0,1,0,0,0
106,私立,一般大學,1029,中山醫學大學,博士班,...,...,2,2,0,1,1,0,0,0,0,1,1,0,0,0,0
106,私立,技專校院,1030,龍華科技大學,學士班(日間),...,...,88,53,35,65,38,27,3,3,0,1,1,0,19,11,8
106,私立,技專校院,1030,龍華科技大學,碩士班(日間),...,...,21,8,13,18,5,13,0,0,0,0,0,0,3,3,0
106,私立,技專校院,1031,輔英科技大學,學士班(日間),...,...,19,13,6,0,0,0,3,2,1,16,11,5,0,0,0
106,私立,技專校院,1032,明新學校財團法人明新科技大學,學士班(日間),...,...,32,19,13,32,19,13,0,0,0,0,0,0,0,0,0
106,私立,技專校院,1032,明新學校財團法人明新科技大學,碩士班(日間),...,...,6,1,5,6,1,5,0,0,0,0,0,0,0,0,0
106,私立,一般大學,1033,長榮大學,學士班(日間),...,...,61,30,31,7,3,4,15,7,8,38,20,18,1,0,1
106,私立,一般大學,1033,長榮大學,碩士班(日間),...,...,5,2,3,4,2,2,1,0,1,0,0,0,0,0,0
106,私立,技專校院,1034,弘光科技大學,學士班(日間),...,...,73,27,46,21,11,10,10,3,7,37,12,25,5,1,4
106,私立,技專校院,1034,弘光科技大學,碩士班(日間),...,...,1,1,0,0,0,0,0,0,0,0,0,0,1,1,0
106,私立,一般大學,1035,中國醫藥大學,學士班(日間),...,...,50,19,31,3,0,3,29,12,17,12,4,8,6,3,3
106,私立,一般大學,1035,中國醫藥大學,碩士班(日間),...,...,31,15,16,23,13,10,4,2,2,2,0,2,2,0,2
106,私立,一般大學,1035,中國醫藥大學,博士班,...,...,2,2,0,2,2,0,0,0,0,0,0,0,0,0,0
106,私立,技專校院,1036,健行學校財團法人健行科技大學,學士班(日間),...,...,6,4,2,1,0,1,3,2,1,0,0,0,2,2,0
106,私立,技專校院,1037,正修學校財團法人正修科技大學,學士班(日間),...,...,57,29,28,2,2,0,46,22,24,2,1,1,7,4,3
106,私立,技專校院,1037,正修學校財團法人正修科技大學,碩士班(日間),...,...,9,4,5,6,1,5,0,0,0,0,0,0,3,3,0
106,私立,技專校院,1038,萬能學校財團法人萬能科技大學,學士班(日間),...,...,115,62,53,104,55,49,5,1,4,3,3,0,3,3,0
106,私立,技專校院,1038,萬能學校財團法人萬能科技大學,碩士班(日間),...,...,2,2,0,2,2,0,0,0,0,0,0,0,0,0,0
106,私立,一般大學,1039,玄奘大學,學士班(日間),...,...,77,30,47,28,12,16,22,8,14,25,9,16,2,1,1
106,私立,一般大學,1039,玄奘大學,碩士班(日間),...,...,3,1,2,3,1,2,0,0,0,0,0,0,0,0,0
106,私立,技專校院,1040,建國科技大學,學士班(日間),...,...,72,60,12,60,50,10,3,2,1,6,5,1,3,3,0
106,私立,技專校院,1040,建國科技大學,碩士班(日間),...,...,4,0,4,4,0,4,0,0,0,0,0,0,0,0,0
106,私立,技專校院,1041,明志科技大學,學士班(日間),...,...,5,4,1,0,0,0,0,0,0,0,0,0,5,4,1
106,私立,技專校院,1041,明志科技大學,碩士班(日間),...,...,14,7,7,14,7,7,0,0,0,0,0,0,0,0,0
106,私立,技專校院,1042,高苑科技大學,學士班(日間),...,...,14,8,6,2,1,1,12,7,5,0,0,0,0,0,0
106,私立,技專校院,1043,大仁科技大學,學士班(日間),...,...,15,5,10,4,3,1,5,0,5,6,2,4,0,0,0
106,私立,技專校院,1044,聖約翰科技大學,學士班(日間),...,...,65,49,16,40,32,8,1,0,1,13,10,3,11,7,4
106,私立,技專校院,1045,嶺東科技大學,學士班(日間),...,...,51,25,26,15,2,13,1,1,0,19,13,6,16,9,7
106,私立,技專校院,1045,嶺東科技大學,碩士班(日間),...,...,1,1,0,0,0,0,0,0,0,0,0,0,1,1,0
106,私立,技專校院,1046,中國科技大學,學士班(日間),...,...,38,21,17,6,4,2,5,4,1,2,1,1,25,12,13
106,私立,技專校院,1046,中國科技大學,碩士班(日間),...,...,1,0,1,1,0,1,0,0,0,0,0,0,0,0,0
106,私立,技專校院,1047,中臺科技大學,學士班(日間),...,...,22,15,7,14,9,5,1,1,0,6,5,1,1,0,1
106,私立,技專校院,1047,中臺科技大學,碩士班(日間),...,...,2,1,1,2,1,1,0,0,0,0,0,0,0,0,0
106,私立,一般大學,1048,亞洲大學,學士班(日間),...,...,118,46,72,46,17,29,26,8,18,31,13,18,15,8,7
106,私立,一般大學,1048,亞洲大學,碩士班(日間),...,...,23,12,11,20,11,9,1,1,0,1,0,1,1,0,1
106,私立,一般大學,1048,亞洲大學,博士班,...,...,2,1,1,1,0,1,0,0,0,0,0,0,1,1,0
106,私立,一般大學,1049,開南大學,學士班(日間),...,...,71,27,44,60,20,40,4,4,0,7,3,4,0,0,0
106,私立,一般大學,1049,開南大學,碩士班(日間),...,...,3,1,2,2,0,2,0,0,0,0,0,0,1,1,0
106,私立,一般大學,1050,佛光大學,學士班(日間),...,...,28,14,14,7,3,4,1,1,0,15,7,8,5,3,2
106,私立,一般大學,1050,佛光大學,碩士班(日間),...,...,9,3,6,9,3,6,0,0,0,0,0,0,0,0,0
106,私立,技專校院,1051,台南家專學校財團法人台南應用科技大學,學士班(日間),...,...,17,6,11,2,1,1,4,1,3,4,1,3,7,3,4
106,私立,技專校院,1052,遠東科技大學,學士班(日間),...,...,9,7,2,6,4,2,1,1,0,0,0,0,2,2,0
106,私立,技專校院,1053,光宇學校財團法人元培醫事科技大學,學士班(日間),...,...,23,7,16,8,3,5,6,2,4,2,0,2,7,2,5
106,私立,技專校院,1053,光宇學校財團法人元培醫事科技大學,碩士班(日間),...,...,3,3,0,2,2,0,0,0,0,0,0,0,1,1,0
106,私立,技專校院,1054,景文科技大學,學士班(日間),...,...,38,19,19,12,7,5,6,3,3,7,2,5,13,7,6
106,私立,技專校院,1054,景文科技大學,碩士班(日間),...,...,1,0,1,0,0,0,0,0,0,0,0,0,1,0,1
106,私立,技專校院,1055,中華醫事科技大學,學士班(日間),...,...,5,1,4,0,0,0,0,0,0,4,1,3,1,0,1
106,私立,技專校院,1056,東南科技大學,學士班(日間),...,...,18,10,8,10,6,4,3,1,2,3,1,2,2,2,0
106,私立,技專校院,1057,德明財經科技大學,學士班(日間),...,...,39,14,25,35,12,23,1,0,1,0,0,0,3,2,1
106,私立,技專校院,1057,德明財經科技大學,碩士班(日間),...,...,3,3,0,3,3,0,0,0,0,0,0,0,0,0,0
106,私立,一般大學,1058,明道學校財團法人明道大學,學士班(日間),...,...,60,39,21,27,18,9,19,10,9,12,9,3,2,2,0
106,私立,一般大學,1058,明道學校財團法人明道大學,碩士班(日間),...,...,3,1,2,1,0,1,1,0,1,1,1,0,0,0,0
106,私立,技專校院,1060,南開科技大學,五專,...,...,1,0,1,0,0,0,1,0,1,0,0,0,0,0,0
106,私立,技專校院,1060,南開科技大學,學士班(日間),...,...,4,3,1,2,2,0,0,0,0,2,1,1,0,0,0
106,私立,技專校院,1060,南開科技大學,碩士班(日間),...,...,2,2,0,0,0,0,0,0,0,1,1,0,1,1,0
106,私立,技專校院,1061,中華學校財團法人中華科技大學,學士班(日間),...,...,5,1,4,1,1,0,1,0,1,1,0,1,2,0,2
106,私立,技專校院,1061,中華學校財團法人中華科技大學,碩士班(日間),...,...,2,2,0,1,1,0,0,0,0,1,1,0,0,0,0
106,私立,技專校院,1062,僑光科技大學,學士班(日間),...,...,8,4,4,2,1,1,3,2,1,1,1,0,2,0,2
106,私立,技專校院,1063,廣亞學校財團法人育達科技大學,學士班(日間),...,...,6,2,4,6,2,4,0,0,0,0,0,0,0,0,0
106,私立,技專校院,1064,美和學校財團法人美和科技大學,學士班(日間),...,...,1,1,0,0,0,0,0,0,0,1,1,0,0,0,0
106,私立,技專校院,1065,吳鳳科技大學,學士班(日間),...,...,37,31,6,35,30,5,0,0,0,2,1,1,0,0,0
106,私立,技專校院,1066,環球學校財團法人環球科技大學,學士班(日間),...,...,117,50,67,106,45,61,10,5,5,0,0,0,1,0,1
106,私立,技專校院,1066,環球學校財團法人環球科技大學,碩士班(日間),...,...,3,1,2,3,1,2,0,0,0,0,0,0,0,0,0
106,私立,一般大學,1067,台灣首府學校財團法人台灣首府大學,學士班(日間),...,...,47,27,20,18,9,9,11,8,3,16,10,6,2,0,2
106,私立,一般大學,1067,台灣首府學校財團法人台灣首府大學,碩士班(日間),...,...,1,0,1,1,0,1,0,0,0,0,0,0,0,0,0
106,私立,技專校院,1068,中州學校財團法人中州科技大學,學士班(日間),...,...,6,4,2,1,0,1,3,2,1,1,1,0,1,1,0
106,私立,技專校院,1068,中州學校財團法人中州科技大學,碩士班(日間),...,...,1,1,0,1,1,0,0,0,0,0,0,0,0,0,0
106,私立,技專校院,1070,長庚學校財團法人長庚科技大學,學士班(日間),...,...,14,0,14,0,0,0,2,0,2,10,0,10,2,0,2
106,私立,技專校院,1071,城市學校財團法人臺北城市科技大學,學士班(日間),...,...,12,6,6,1,0,1,3,1,2,8,5,3,0,0,0
106,私立,技專校院,1072,大華學校財團法人敏實科技大學,學士班(日間),...,...,1,1,0,0,0,0,1,1,0,0,0,0,0,0,0
106,私立,技專校院,1073,醒吾學校財團法人醒吾科技大學,學士班(日間),...,...,12,6,6,4,2,2,3,1,2,2,1,1,3,2,1
106,私立,技專校院,1074,南榮學校財團法人南榮科技大學,學士班(日間),...,...,13,8,5,12,8,4,0,0,0,1,0,1,0,0,0
106,私立,技專校院,1075,文藻學校財團法人文藻外語大學,五專,...,...,7,1,6,2,0,2,5,1,4,0,0,0,0,0,0
106,私立,技專校院,1075,文藻學校財團法人文藻外語大學,學士班(日間),...,...,29,3,26,6,0,6,2,0,2,1,0,1,20,3,17
106,私立,技專校院,1075,文藻學校財團法人文藻外語大學,碩士班(日間),...,...,7,1,6,4,0,4,0,0,0,0,0,0,3,1,2
106,私立,技專校院,1076,華夏學校財團法人華夏科技大學,學士班(日間),...,...,7,3,4,4,2,2,1,0,1,2,1,1,0,0,0
106,私立,技專校院,1077,慈濟學校財團法人慈濟科技大學,學士班(日間),...,...,7,5,2,7,5,2,0,0,0,0,0,0,0,0,0
106,私立,技專校院,1078,致理學校財團法人致理科技大學,學士班(日間),...,...,23,16,7,4,0,4,1,1,0,0,0,0,18,15,3
106,私立,一般大學,1079,康寧學校財團法人康寧大學,學士班(日間),...,...,3,2,1,0,0,0,3,2,1,0,0,0,0,0,0
106,私立,一般大學,1079,康寧學校財團法人康寧大學,碩士班(日間),...,...,1,1,0,1,1,0,0,0,0,0,0,0,0,0,0
106,私立,技專校院,1080,宏國學校財團法人宏國德霖科技大學,學士班(日間),...,...,4,1,3,0,0,0,2,0,2,1,1,0,1,0,1
106,私立,技專校院,1081,東方學校財團法人東方設計大學,學士班(日間),...,...,5,2,3,2,1,1,0,0,0,2,1,1,1,0,1
106,私立,技專校院,1082,崇右學校財團法人崇右影藝科技大學,學士班(日間),...,...,13,9,4,6,5,1,3,1,2,3,3,0,1,0,1
106,私立,技專校院,1083,台北海洋學校財團法人台北海洋科技大學,學士班(日間),...,...,4,1,3,1,1,0,1,0,1,0,0,0,2,0,2
106,私立,一般大學,1125,中信學校財團法人中信金融管理學院,碩士班(日間),...,...,1,0,1,1,0,1,0,0,0,0,0,0,0,0,0
106,私立,技專校院,1148,大漢技術學院,學士班(日間),...,...,3,2,1,1,1,0,0,0,0,1,0,1,1,1,0
106,私立,技專校院,1159,和春技術學院,學士班(日間),...,...,3,0,3,3,0,3,0,0,0,0,0,0,0,0,0
106,私立,技專校院,1168,南亞科技學校財團法人南亞技術學院,學士班(日間),...,...,3,0,3,3,0,3,0,0,0,0,0,0,0,0,0
106,私立,一般大學,1176,稻江科技暨管理學院,學士班(日間),...,...,1,0,1,0,0,0,1,0,1,0,0,0,0,0,0
106,私立,技專校院,1182,蘭陽技術學院,學士班(日間),...,...,1,0,1,1,0,1,0,0,0,0,0,0,0,0,0
106,私立,技專校院,1185,經國管理暨健康學院,學士班(日間),...,...,1,0,1,1,0,1,0,0,0,0,0,0,0,0,0
106,私立,技專校院,1188,大同技術學院,學士班(日間),...,...,1,0,1,0,0,0,1,0,1,0,0,0,0,0,0
106,私立,技專校院,1192,臺灣觀光學院,學士班(日間),...,...,2,1,1,0,0,0,0,0,0,2,1,1,0,0,0
106,私立,一般大學,1196,法鼓學校財團法人法鼓文理學院,學士班(日間),...,...,8,3,5,6,2,4,0,0,0,2,1,1,0,0,0
106,私立,一般大學,1196,法鼓學校財團法人法鼓文理學院,碩士班(日間),...,...,4,4,0,4,4,0,0,0,0,0,0,0,0,0,0
106,私立,宗教研修學院,1R03,臺北基督學院,學士班(日間),...,...,2,1,1,2,1,1,0,0,0,0,0,0,0,0,0
106,公立,一般大學,3002,臺北市立大學,學士班(日間),...,...,26,15,11,1,1,0,10,6,4,15,8,7,0,0,0
106,公立,一般大學,3002,臺北市立大學,碩士班(日間),...,...,5,1,4,2,0,2,3,1,2,0,0,0,0,0,0
107,公立,一般大學,0001,國立政治大學,學士班(日間),印度尼西亞共和國,東協,10,2,8,3,1,2,7,1,6,0,0,0,0,0,0
107,公立,一般大學,0001,國立政治大學,學士班(日間),日本,其他亞洲地區,6,1,5,3,0,3,3,1,2,0,0,0,0,0,0
107,公立,一般大學,0001,國立政治大學,學士班(日間),大韓民國(南韓),其他亞洲地區,5,1,4,3,1,2,2,0,2,0,0,0,0,0,0
107,公立,一般大學,0001,國立政治大學,學士班(日間),馬來西亞,東協,49,14,35,4,2,2,45,12,33,0,0,0,0,0,0
107,公立,一般大學,0001,國立政治大學,學士班(日間),新加坡共和國,東協,4,0,4,3,0,3,1,0,1,0,0,0,0,0,0
107,公立,一般大學,0001,國立政治大學,學士班(日間),泰國,東協,3,1,2,0,0,0,3,1,2,0,0,0,0,0,0
107,公立,一般大學,0001,國立政治大學,學士班(日間),土耳其共和國,其他亞洲地區,1,0,1,1,0,1,0,0,0,0,0,0,0,0,0
107,公立,一般大學,0001,國立政治大學,學士班(日間),越南社會主義共和國,東協,7,2,5,0,0,0,7,2,5,0,0,0,0,0,0
107,公立,一般大學,0001,國立政治大學,學士班(日間),香港,港澳,16,9,7,0,0,0,0,0,0,16,9,7,0,0,0
107,公立,一般大學,0001,國立政治大學,學士班(日間),澳門,港澳,19,15,4,0,0,0,0,0,0,19,15,4,0,0,0
107,公立,一般大學,0001,國立政治大學,學士班(日間),塔吉克共和國,其他亞洲地區,1,1,0,1,1,0,0,0,0,0,0,0,0,0,0
107,公立,一般大學,0001,國立政治大學,學士班(日間),布吉納法索,非洲,1,1,0,1,1,0,0,0,0,0,0,0,0,0,0
107,公立,一般大學,0001,國立政治大學,學士班(日間),史瓦帝尼王國,非洲,1,1,0,1,1,0,0,0,0,0,0,0,0,0,0
107,公立,一般大學,0001,國立政治大學,學士班(日間),芬蘭共和國,歐洲,1,1,0,1,1,0,0,0,0,0,0,0,0,0,0
107,公立,一般大學,0001,國立政治大學,學士班(日間),法國,歐洲,2,2,0,2,2,0,0,0,0,0,0,0,0,0,0
107,公立,一般大學,0001,國立政治大學,學士班(日間),英國,歐洲,1,0,1,1,0,1,0,0,0,0,0,0,0,0,0
107,公立,一般大學,0001,國立政治大學,學士班(日間),薩爾瓦多,中南美洲,2,0,2,2,0,2,0,0,0,0,0,0,0,0,0
107,公立,一般大學,0001,國立政治大學,學士班(日間),瓜地馬拉共和國,中南美洲,1,0,1,1,0,1,0,0,0,0,0,0,0,0,0
107,公立,一般大學,0001,國立政治大學,學士班(日間),宏都拉斯共和國,中南美洲,2,1,1,2,1,1,0,0,0,0,0,0,0,0,0
107,公立,一般大學,0001,國立政治大學,學士班(日間),美國,北美洲,1,1,0,1,1,0,0,0,0,0,0,0,0,0,0
107,公立,一般大學,0001,國立政治大學,學士班(日間),聖露西亞,中南美洲,2,1,1,2,1,1,0,0,0,0,0,0,0,0,0
107,公立,一般大學,0001,國立政治大學,學士班(日間),阿根廷,中南美洲,1,0,1,0,0,0,1,0,1,0,0,0,0,0,0
107,公立,一般大學,0001,國立政治大學,學士班(日間),巴拉圭,中南美洲,3,0,3,2,0,2,1,0,1,0,0,0,0,0,0
107,公立,一般大學,0001,國立政治大學,學士班(日間),大陸地區,大陸地區,6,2,4,0,0,0,0,0,0,0,0,0,6,2,4
107,公立,一般大學,0001,國立政治大學,碩士班(日間),印度,南亞,1,0,1,1,0,1,0,0,0,0,0,0,0,0,0
107,公立,一般大學,0001,國立政治大學,碩士班(日間),印度尼西亞共和國,東協,5,1,4,4,0,4,1,1,0,0,0,0,0,0,0
107,公立,一般大學,0001,國立政治大學,碩士班(日間),日本,其他亞洲地區,8,4,4,8,4,4,0,0,0,0,0,0,0,0,0
107,公立,一般大學,0001,國立政治大學,碩士班(日間),約旦哈什米王國,其他亞洲地區,1,0,1,0,0,0,1,0,1,0,0,0,0,0,0
107,公立,一般大學,0001,國立政治大學,碩士班(日間),大韓民國(南韓),其他亞洲地區,4,3,1,4,3,1,0,0,0,0,0,0,0,0,0
107,公立,一般大學,0001,國立政治大學,碩士班(日間),馬來西亞,東協,23,19,4,5,4,1,18,15,3,0,0,0,0,0,0
107,公立,一般大學,0001,國立政治大學,碩士班(日間),菲律賓共和國,東協,4,0,4,3,0,3,1,0,1,0,0,0,0,0,0
107,公立,一般大學,0001,國立政治大學,碩士班(日間),新加坡共和國,東協,1,1,0,0,0,0,1,1,0,0,0,0,0,0,0
107,公立,一般大學,0001,國立政治大學,碩士班(日間),泰國,東協,4,0,4,3,0,3,1,0,1,0,0,0,0,0,0
107,公立,一般大學,0001,國立政治大學,碩士班(日間),土耳其共和國,其他亞洲地區,1,1,0,1,1,0,0,0,0,0,0,0,0,0,0
107,公立,一般大學,0001,國立政治大學,碩士班(日間),越南社會主義共和國,東協,7,1,6,7,1,6,0,0,0,0,0,0,0,0,0
107,公立,一般大學,0001,國立政治大學,碩士班(日間),香港,港澳,6,2,4,0,0,0,0,0,0,6,2,4,0,0,0
107,公立,一般大學,0001,國立政治大學,碩士班(日間),澳門,港澳,8,3,5,0,0,0,0,0,0,8,3,5,0,0,0
107,公立,一般大學,0001,國立政治大學,碩士班(日間),蒙古國,其他亞洲地區,1,0,1,1,0,1,0,0,0,0,0,0,0,0,0
107,公立,一般大學,0001,國立政治大學,碩士班(日間),俄羅斯聯邦,其他亞洲地區,2,1,1,2,1,1,0,0,0,0,0,0,0,0,0
107,公立,一般大學,0001,國立政治大學,碩士班(日間),南非共和國,非洲,1,0,1,1,0,1,0,0,0,0,0,0,0,0,0
107,公立,一般大學,0001,國立政治大學,碩士班(日間),捷克共和國,歐洲,2,1,1,2,1,1,0,0,0,0,0,0,0,0,0
107,公立,一般大學,0001,國立政治大學,碩士班(日間),法國,歐洲,6,2,4,6,2,4,0,0,0,0,0,0,0,0,0
107,公立,一般大學,0001,國立政治大學,碩士班(日間),瑞士聯邦,歐洲,1,1,0,0,0,0,1,1,0,0,0,0,0,0,0
107,公立,一般大學,0001,國立政治大學,碩士班(日間),英國,歐洲,1,1,0,1,1,0,0,0,0,0,0,0,0,0,0
107,公立,一般大學,0001,國立政治大學,碩士班(日間),德意志聯邦共和國,歐洲,7,7,0,7,7,0,0,0,0,0,0,0,0,0,0
107,公立,一般大學,0001,國立政治大學,碩士班(日間),白俄羅斯共和國,其他亞洲地區,1,1,0,1,1,0,0,0,0,0,0,0,0,0,0
107,公立,一般大學,0001,國立政治大學,碩士班(日間),加拿大,北美洲,2,1,1,1,1,0,1,0,1,0,0,0,0,0,0
107,公立,一般大學,0001,國立政治大學,碩士班(日間),多明尼加共和國,中南美洲,2,1,1,1,0,1,1,1,0,0,0,0,0,0,0
107,公立,一般大學,0001,國立政治大學,碩士班(日間),宏都拉斯共和國,中南美洲,1,1,0,1,1,0,0,0,0,0,0,0,0,0,0
107,公立,一般大學,0001,國立政治大學,碩士班(日間),墨西哥合眾國,中南美洲,1,1,0,1,1,0,0,0,0,0,0,0,0,0,0
107,公立,一般大學,0001,國立政治大學,碩士班(日間),尼加拉瓜,中南美洲,2,1,1,2,1,1,0,0,0,0,0,0,0,0,0
107,公立,一般大學,0001,國立政治大學,碩士班(日間),貝里斯,中南美洲,1,0,1,1,0,1,0,0,0,0,0,0,0,0,0
107,公立,一般大學,0001,國立政治大學,碩士班(日間),美國,北美洲,10,7,3,10,7,3,0,0,0,0,0,0,0,0,0
107,公立,一般大學,0001,國立政治大學,碩士班(日間),巴西聯邦共和國,中南美洲,2,0,2,2,0,2,0,0,0,0,0,0,0,0,0
107,公立,一般大學,0001,國立政治大學,碩士班(日間),智利,中南美洲,1,0,1,1,0,1,0,0,0,0,0,0,0,0,0
107,公立,一般大學,0001,國立政治大學,碩士班(日間),厄瓜多共和國,中南美洲,1,1,0,1,1,0,0,0,0,0,0,0,0,0,0
107,公立,一般大學,0001,國立政治大學,碩士班(日間),巴拉圭,中南美洲,2,2,0,2,2,0,0,0,0,0,0,0,0,0,0
107,公立,一般大學,0001,國立政治大學,碩士班(日間),秘魯共和國,中南美洲,1,1,0,1,1,0,0,0,0,0,0,0,0,0,0
107,公立,一般大學,0001,國立政治大學,碩士班(日間),聖克里斯多福及尼維斯,中南美洲,1,0,1,1,0,1,0,0,0,0,0,0,0,0,0
107,公立,一般大學,0001,國立政治大學,碩士班(日間),大陸地區,大陸地區,81,31,50,0,0,0,0,0,0,0,0,0,81,31,50
107,公立,一般大學,0001,國立政治大學,博士班,孟加拉人民共和國,南亞,1,1,0,1,1,0,0,0,0,0,0,0,0,0,0
107,公立,一般大學,0001,國立政治大學,博士班,印度,南亞,1,1,0,1,1,0,0,0,0,0,0,0,0,0,0
107,公立,一般大學,0001,國立政治大學,博士班,印度尼西亞共和國,東協,1,0,1,1,0,1,0,0,0,0,0,0,0,0,0
107,公立,一般大學,0001,國立政治大學,博士班,日本,其他亞洲地區,1,1,0,1,1,0,0,0,0,0,0,0,0,0,0
107,公立,一般大學,0001,國立政治大學,博士班,大韓民國(南韓),其他亞洲地區,1,1,0,1,1,0,0,0,0,0,0,0,0,0,0
107,公立,一般大學,0001,國立政治大學,博士班,馬來西亞,東協,1,0,1,1,0,1,0,0,0,0,0,0,0,0,0
107,公立,一般大學,0001,國立政治大學,博士班,泰國,東協,1,1,0,1,1,0,0,0,0,0,0,0,0,0,0
107,公立,一般大學,0001,國立政治大學,博士班,香港,港澳,1,1,0,0,0,0,0,0,0,1,1,0,0,0,0
107,公立,一般大學,0001,國立政治大學,博士班,俄羅斯聯邦,其他亞洲地區,1,1,0,1,1,0,0,0,0,0,0,0,0,0,0
107,公立,一般大學,0001,國立政治大學,博士班,南非共和國,非洲,1,1,0,1,1,0,0,0,0,0,0,0,0,0,0
107,公立,一般大學,0001,國立政治大學,博士班,芬蘭共和國,歐洲,1,1,0,1,1,0,0,0,0,0,0,0,0,0,0
107,公立,一般大學,0001,國立政治大學,博士班,波蘭共和國,歐洲,1,1,0,1,1,0,0,0,0,0,0,0,0,0,0
107,公立,一般大學,0001,國立政治大學,博士班,德意志聯邦共和國,歐洲,1,0,1,1,0,1,0,0,0,0,0,0,0,0,0
107,公立,一般大學,0001,國立政治大學,博士班,美國,北美洲,2,1,1,2,1,1,0,0,0,0,0,0,0,0,0
107,公立,一般大學,0001,國立政治大學,博士班,大陸地區,大陸地區,7,2,5,0,0,0,0,0,0,0,0,0,7,2,5
107,公立,一般大學,0002,國立清華大學,學士班(日間),緬甸,東協,1,0,1,0,0,0,1,0,1,0,0,0,0,0,0
107,公立,一般大學,0002,國立清華大學,學士班(日間),印度尼西亞共和國,東協,7,4,3,3,2,1,4,2,2,0,0,0,0,0,0
107,公立,一般大學,0002,國立清華大學,學士班(日間),日本,其他亞洲地區,1,0,1,1,0,1,0,0,0,0,0,0,0,0,0
107,公立,一般大學,0002,國立清華大學,學士班(日間),大韓民國(南韓),其他亞洲地區,3,2,1,2,2,0,1,0,1,0,0,0,0,0,0
107,公立,一般大學,0002,國立清華大學,學士班(日間),馬來西亞,東協,31,13,18,2,1,1,29,12,17,0,0,0,0,0,0
107,公立,一般大學,0002,國立清華大學,學士班(日間),越南社會主義共和國,東協,2,1,1,1,0,1,1,1,0,0,0,0,0,0,0
107,公立,一般大學,0002,國立清華大學,學士班(日間),汶萊和平之國,東協,1,1,0,0,0,0,1,1,0,0,0,0,0,0,0
107,公立,一般大學,0002,國立清華大學,學士班(日間),香港,港澳,20,12,8,0,0,0,0,0,0,20,12,8,0,0,0
107,公立,一般大學,0002,國立清華大學,學士班(日間),澳門,港澳,22,10,12,0,0,0,0,0,0,22,10,12,0,0,0
107,公立,一般大學,0002,國立清華大學,學士班(日間),烏茲別克共和國,其他亞洲地區,1,1,0,1,1,0,0,0,0,0,0,0,0,0,0
107,公立,一般大學,0002,國立清華大學,學士班(日間),英國,歐洲,1,1,0,1,1,0,0,0,0,0,0,0,0,0,0
107,公立,一般大學,0002,國立清華大學,學士班(日間),加拿大,北美洲,1,1,0,0,0,0,1,1,0,0,0,0,0,0,0
107,公立,一般大學,0002,國立清華大學,學士班(日間),瓜地馬拉共和國,中南美洲,1,0,1,1,0,1,0,0,0,0,0,0,0,0,0
107,公立,一般大學,0002,國立清華大學,學士班(日間),宏都拉斯共和國,中南美洲,1,0,1,1,0,1,0,0,0,0,0,0,0,0,0
107,公立,一般大學,0002,國立清華大學,學士班(日間),大陸地區,大陸地區,5,1,4,0,0,0,0,0,0,0,0,0,5,1,4
107,公立,一般大學,0002,國立清華大學,碩士班(日間),印度,南亞,9,5,4,9,5,4,0,0,0,0,0,0,0,0,0
107,公立,一般大學,0002,國立清華大學,碩士班(日間),印度尼西亞共和國,東協,7,3,4,6,2,4,1,1,0,0,0,0,0,0,0
107,公立,一般大學,0002,國立清華大學,碩士班(日間),日本,其他亞洲地區,2,1,1,2,1,1,0,0,0,0,0,0,0,0,0
107,公立,一般大學,0002,國立清華大學,碩士班(日間),馬來西亞,東協,5,2,3,2,1,1,3,1,2,0,0,0,0,0,0
107,公立,一般大學,0002,國立清華大學,碩士班(日間),菲律賓共和國,東協,3,1,2,3,1,2,0,0,0,0,0,0,0,0,0
107,公立,一般大學,0002,國立清華大學,碩士班(日間),泰國,東協,3,2,1,3,2,1,0,0,0,0,0,0,0,0,0
107,公立,一般大學,0002,國立清華大學,碩士班(日間),土耳其共和國,其他亞洲地區,1,1,0,1,1,0,0,0,0,0,0,0,0,0,0
107,公立,一般大學,0002,國立清華大學,碩士班(日間),越南社會主義共和國,東協,14,8,6,14,8,6,0,0,0,0,0,0,0,0,0
107,公立,一般大學,0002,國立清華大學,碩士班(日間),香港,港澳,5,4,1,0,0,0,0,0,0,5,4,1,0,0,0
107,公立,一般大學,0002,國立清華大學,碩士班(日間),澳門,港澳,3,1,2,0,0,0,0,0,0,3,1,2,0,0,0
107,公立,一般大學,0002,國立清華大學,碩士班(日間),蒙古國,其他亞洲地區,1,1,0,1,1,0,0,0,0,0,0,0,0,0,0
107,公立,一般大學,0002,國立清華大學,碩士班(日間),俄羅斯聯邦,其他亞洲地區,2,1,1,2,1,1,0,0,0,0,0,0,0,0,0
107,公立,一般大學,0002,國立清華大學,碩士班(日間),聖多美普林西比民主共和國,非洲,1,1,0,1,1,0,0,0,0,0,0,0,0,0,0
107,公立,一般大學,0002,國立清華大學,碩士班(日間),南非共和國,非洲,1,0,1,0,0,0,1,0,1,0,0,0,0,0,0
107,公立,一般大學,0002,國立清華大學,碩士班(日間),布吉納法索,非洲,1,0,1,1,0,1,0,0,0,0,0,0,0,0,0
107,公立,一般大學,0002,國立清華大學,碩士班(日間),史瓦帝尼王國,非洲,1,1,0,1,1,0,0,0,0,0,0,0,0,0,0
107,公立,一般大學,0002,國立清華大學,碩士班(日間),法國,歐洲,1,0,1,1,0,1,0,0,0,0,0,0,0,0,0
107,公立,一般大學,0002,國立清華大學,碩士班(日間),德意志聯邦共和國,歐洲,2,1,1,2,1,1,0,0,0,0,0,0,0,0,0
107,公立,一般大學,0002,國立清華大學,碩士班(日間),科索沃共和國,歐洲,2,0,2,2,0,2,0,0,0,0,0,0,0,0,0
107,公立,一般大學,0002,國立清華大學,碩士班(日間),加拿大,北美洲,1,1,0,0,0,0,1,1,0,0,0,0,0,0,0
107,公立,一般大學,0002,國立清華大學,碩士班(日間),多明尼加共和國,中南美洲,1,1,0,1,1,0,0,0,0,0,0,0,0,0,0
107,公立,一般大學,0002,國立清華大學,碩士班(日間),薩爾瓦多,中南美洲,1,0,1,1,0,1,0,0,0,0,0,0,0,0,0
107,公立,一般大學,0002,國立清華大學,碩士班(日間),瓜地馬拉共和國,中南美洲,1,1,0,1,1,0,0,0,0,0,0,0,0,0,0
107,公立,一般大學,0002,國立清華大學,碩士班(日間),海地共和國,中南美洲,2,1,1,2,1,1,0,0,0,0,0,0,0,0,0
107,公立,一般大學,0002,國立清華大學,碩士班(日間),宏都拉斯共和國,中南美洲,5,4,1,5,4,1,0,0,0,0,0,0,0,0,0
107,公立,一般大學,0002,國立清華大學,碩士班(日間),尼加拉瓜,中南美洲,4,4,0,4,4,0,0,0,0,0,0,0,0,0,0
107,公立,一般大學,0002,國立清華大學,碩士班(日間),聖文森(及格瑞那丁),中南美洲,1,0,1,1,0,1,0,0,0,0,0,0,0,0,0
107,公立,一般大學,0002,國立清華大學,碩士班(日間),美國,北美洲,5,4,1,4,3,1,1,1,0,0,0,0,0,0,0
107,公立,一般大學,0002,國立清華大學,碩士班(日間),聖露西亞,中南美洲,1,1,0,1,1,0,0,0,0,0,0,0,0,0,0
107,公立,一般大學,0002,國立清華大學,碩士班(日間),巴拉圭,中南美洲,1,0,1,1,0,1,0,0,0,0,0,0,0,0,0
107,公立,一般大學,0002,國立清華大學,碩士班(日間),大陸地區,大陸地區,41,15,26,0,0,0,0,0,0,0,0,0,41,15,26
107,公立,一般大學,0002,國立清華大學,博士班,印度,南亞,25,21,4,25,21,4,0,0,0,0,0,0,0,0,0
107,公立,一般大學,0002,國立清華大學,博士班,伊朗伊斯蘭共和國,其他亞洲地區,2,1,1,2,1,1,0,0,0,0,0,0,0,0,0
107,公立,一般大學,0002,國立清華大學,博士班,馬來西亞,東協,3,1,2,2,1,1,1,0,1,0,0,0,0,0,0
107,公立,一般大學,0002,國立清華大學,博士班,巴基斯坦,南亞,1,1,0,1,1,0,0,0,0,0,0,0,0,0,0
107,公立,一般大學,0002,國立清華大學,博士班,越南社會主義共和國,東協,1,1,0,1,1,0,0,0,0,0,0,0,0,0,0
107,公立,一般大學,0002,國立清華大學,博士班,香港,港澳,1,1,0,0,0,0,0,0,0,1,1,0,0,0,0
107,公立,一般大學,0002,國立清華大學,博士班,衣索比亞聯邦民主共和國,非洲,1,0,1,1,0,1,0,0,0,0,0,0,0,0,0
107,公立,一般大學,0002,國立清華大學,博士班,奈及利亞聯邦共和國,非洲,2,2,0,2,2,0,0,0,0,0,0,0,0,0,0
107,公立,一般大學,0002,國立清華大學,博士班,獅子山共和國,非洲,1,1,0,1,1,0,0,0,0,0,0,0,0,0,0
107,公立,一般大學,0002,國立清華大學,博士班,貝里斯,中南美洲,1,1,0,1,1,0,0,0,0,0,0,0,0,0,0
107,公立,一般大學,0002,國立清華大學,博士班,大陸地區,大陸地區,11,7,4,0,0,0,0,0,0,0,0,0,11,7,4
107,公立,一般大學,0003,國立臺灣大學,學士班(日間),印度尼西亞共和國,東協,29,12,17,14,7,7,15,5,10,0,0,0,0,0,0
107,公立,一般大學,0003,國立臺灣大學,學士班(日間),伊拉克共和國,其他亞洲地區,1,1,0,1,1,0,0,0,0,0,0,0,0,0,0
107,公立,一般大學,0003,國立臺灣大學,學士班(日間),日本,其他亞洲地區,15,5,10,13,4,9,2,1,1,0,0,0,0,0,0
107,公立,一般大學,0003,國立臺灣大學,學士班(日間),大韓民國(南韓),其他亞洲地區,18,5,13,17,5,12,1,0,1,0,0,0,0,0,0
107,公立,一般大學,0003,國立臺灣大學,學士班(日間),馬來西亞,東協,77,46,31,8,3,5,69,43,26,0,0,0,0,0,0
107,公立,一般大學,0003,國立臺灣大學,學士班(日間),菲律賓共和國,東協,1,1,0,1,1,0,0,0,0,0,0,0,0,0,0
107,公立,一般大學,0003,國立臺灣大學,學士班(日間),新加坡共和國,東協,5,2,3,1,0,1,4,2,2,0,0,0,0,0,0
107,公立,一般大學,0003,國立臺灣大學,學士班(日間),泰國,東協,6,2,4,1,0,1,5,2,3,0,0,0,0,0,0
107,公立,一般大學,0003,國立臺灣大學,學士班(日間),土耳其共和國,其他亞洲地區,1,1,0,1,1,0,0,0,0,0,0,0,0,0,0
107,公立,一般大學,0003,國立臺灣大學,學士班(日間),阿拉伯聯合大公國,其他亞洲地區,1,1,0,0,0,0,1,1,0,0,0,0,0,0,0
107,公立,一般大學,0003,國立臺灣大學,學士班(日間),越南社會主義共和國,東協,1,1,0,0,0,0,1,1,0,0,0,0,0,0,0
107,公立,一般大學,0003,國立臺灣大學,學士班(日間),香港,港澳,26,11,15,0,0,0,0,0,0,26,11,15,0,0,0
107,公立,一般大學,0003,國立臺灣大學,學士班(日間),澳門,港澳,41,29,12,0,0,0,0,0,0,41,29,12,0,0,0
107,公立,一般大學,0003,國立臺灣大學,學士班(日間),蒙古國,其他亞洲地區,1,0,1,1,0,1,0,0,0,0,0,0,0,0,0
107,公立,一般大學,0003,國立臺灣大學,學士班(日間),俄羅斯聯邦,其他亞洲地區,1,0,1,1,0,1,0,0,0,0,0,0,0,0,0
107,公立,一般大學,0003,國立臺灣大學,學士班(日間),布吉納法索,非洲,1,1,0,1,1,0,0,0,0,0,0,0,0,0,0
107,公立,一般大學,0003,國立臺灣大學,學士班(日間),加拿大,北美洲,2,1,1,0,0,0,2,1,1,0,0,0,0,0,0
107,公立,一般大學,0003,國立臺灣大學,學士班(日間),哥斯大黎加共和國,中南美洲,1,0,1,0,0,0,1,0,1,0,0,0,0,0,0
107,公立,一般大學,0003,國立臺灣大學,學士班(日間),薩爾瓦多,中南美洲,1,1,0,0,0,0,1,1,0,0,0,0,0,0,0
107,公立,一般大學,0003,國立臺灣大學,學士班(日間),瓜地馬拉共和國,中南美洲,1,0,1,1,0,1,0,0,0,0,0,0,0,0,0
107,公立,一般大學,0003,國立臺灣大學,學士班(日間),海地共和國,中南美洲,2,2,0,2,2,0,0,0,0,0,0,0,0,0,0
107,公立,一般大學,0003,國立臺灣大學,學士班(日間),宏都拉斯共和國,中南美洲,1,1,0,1,1,0,0,0,0,0,0,0,0,0,0
107,公立,一般大學,0003,國立臺灣大學,學士班(日間),尼加拉瓜,中南美洲,1,1,0,0,0,0,1,1,0,0,0,0,0,0,0
107,公立,一般大學,0003,國立臺灣大學,學士班(日間),巴拿馬共和國,中南美洲,1,0,1,1,0,1,0,0,0,0,0,0,0,0,0
107,公立,一般大學,0003,國立臺灣大學,學士班(日間),貝里斯,中南美洲,1,1,0,0,0,0,1,1,0,0,0,0,0,0,0
107,公立,一般大學,0003,國立臺灣大學,學士班(日間),美國,北美洲,1,1,0,0,0,0,1,1,0,0,0,0,0,0,0
107,公立,一般大學,0003,國立臺灣大學,學士班(日間),巴西聯邦共和國,中南美洲,1,0,1,0,0,0,1,0,1,0,0,0,0,0,0
107,公立,一般大學,0003,國立臺灣大學,學士班(日間),巴拉圭,中南美洲,3,1,2,2,1,1,1,0,1,0,0,0,0,0,0
107,公立,一般大學,0003,國立臺灣大學,學士班(日間),大陸地區,大陸地區,1,1,0,0,0,0,0,0,0,0,0,0,1,1,0
107,公立,一般大學,0003,國立臺灣大學,碩士班(日間),印度,南亞,5,5,0,5,5,0,0,0,0,0,0,0,0,0,0
107,公立,一般大學,0003,國立臺灣大學,碩士班(日間),印度尼西亞共和國,東協,10,4,6,7,4,3,3,0,3,0,0,0,0,0,0
107,公立,一般大學,0003,國立臺灣大學,碩士班(日間),以色列,其他亞洲地區,1,1,0,1,1,0,0,0,0,0,0,0,0,0,0
107,公立,一般大學,0003,國立臺灣大學,碩士班(日間),日本,其他亞洲地區,8,5,3,8,5,3,0,0,0,0,0,0,0,0,0
107,公立,一般大學,0003,國立臺灣大學,碩士班(日間),大韓民國(南韓),其他亞洲地區,5,2,3,5,2,3,0,0,0,0,0,0,0,0,0
107,公立,一般大學,0003,國立臺灣大學,碩士班(日間),馬來西亞,東協,52,23,29,18,6,12,34,17,17,0,0,0,0,0,0
107,公立,一般大學,0003,國立臺灣大學,碩士班(日間),菲律賓共和國,東協,2,2,0,2,2,0,0,0,0,0,0,0,0,0,0
107,公立,一般大學,0003,國立臺灣大學,碩士班(日間),新加坡共和國,東協,4,2,2,3,2,1,1,0,1,0,0,0,0,0,0
107,公立,一般大學,0003,國立臺灣大學,碩士班(日間),泰國,東協,8,1,7,6,1,5,2,0,2,0,0,0,0,0,0
107,公立,一般大學,0003,國立臺灣大學,碩士班(日間),土耳其共和國,其他亞洲地區,1,0,1,1,0,1,0,0,0,0,0,0,0,0,0
107,公立,一般大學,0003,國立臺灣大學,碩士班(日間),越南社會主義共和國,東協,11,7,4,11,7,4,0,0,0,0,0,0,0,0,0
107,公立,一般大學,0003,國立臺灣大學,碩士班(日間),香港,港澳,14,10,4,0,0,0,0,0,0,14,10,4,0,0,0
107,公立,一般大學,0003,國立臺灣大學,碩士班(日間),澳門,港澳,25,16,9,0,0,0,0,0,0,25,16,9,0,0,0
107,公立,一般大學,0003,國立臺灣大學,碩士班(日間),俄羅斯聯邦,其他亞洲地區,1,0,1,1,0,1,0,0,0,0,0,0,0,0,0
107,公立,一般大學,0003,國立臺灣大學,碩士班(日間),布吉納法索,非洲,1,1,0,1,1,0,0,0,0,0,0,0,0,0,0
107,公立,一般大學,0003,國立臺灣大學,碩士班(日間),法國,歐洲,1,1,0,1,1,0,0,0,0,0,0,0,0,0,0
107,公立,一般大學,0003,國立臺灣大學,碩士班(日間),匈牙利共和國,歐洲,1,0,1,1,0,1,0,0,0,0,0,0,0,0,0
107,公立,一般大學,0003,國立臺灣大學,碩士班(日間),義大利共和國,歐洲,2,2,0,2,2,0,0,0,0,0,0,0,0,0,0
107,公立,一般大學,0003,國立臺灣大學,碩士班(日間),荷蘭王國,歐洲,1,1,0,1,1,0,0,0,0,0,0,0,0,0,0
107,公立,一般大學,0003,國立臺灣大學,碩士班(日間),瑞典王國,歐洲,1,1,0,1,1,0,0,0,0,0,0,0,0,0,0
107,公立,一般大學,0003,國立臺灣大學,碩士班(日間),瑞士聯邦,歐洲,1,1,0,1,1,0,0,0,0,0,0,0,0,0,0
107,公立,一般大學,0003,國立臺灣大學,碩士班(日間),德意志聯邦共和國,歐洲,2,2,0,2,2,0,0,0,0,0,0,0,0,0,0
107,公立,一般大學,0003,國立臺灣大學,碩士班(日間),烏克蘭,其他亞洲地區,1,1,0,1,1,0,0,0,0,0,0,0,0,0,0
107,公立,一般大學,0003,國立臺灣大學,碩士班(日間),加拿大,北美洲,4,2,2,1,1,0,3,1,2,0,0,0,0,0,0
107,公立,一般大學,0003,國立臺灣大學,碩士班(日間),多明尼加共和國,中南美洲,1,0,1,0,0,0,1,0,1,0,0,0,0,0,0
107,公立,一般大學,0003,國立臺灣大學,碩士班(日間),瓜地馬拉共和國,中南美洲,2,1,1,2,1,1,0,0,0,0,0,0,0,0,0
107,公立,一般大學,0003,國立臺灣大學,碩士班(日間),尼加拉瓜,中南美洲,1,1,0,1,1,0,0,0,0,0,0,0,0,0,0
107,公立,一般大學,0003,國立臺灣大學,碩士班(日間),美國,北美洲,14,10,4,9,9,0,5,1,4,0,0,0,0,0,0
107,公立,一般大學,0003,國立臺灣大學,碩士班(日間),聖露西亞,中南美洲,1,1,0,1,1,0,0,0,0,0,0,0,0,0,0
107,公立,一般大學,0003,國立臺灣大學,碩士班(日間),巴西聯邦共和國,中南美洲,2,1,1,2,1,1,0,0,0,0,0,0,0,0,0
107,公立,一般大學,0003,國立臺灣大學,碩士班(日間),厄瓜多共和國,中南美洲,2,2,0,2,2,0,0,0,0,0,0,0,0,0,0
107,公立,一般大學,0003,國立臺灣大學,碩士班(日間),大陸地區,大陸地區,112,62,50,0,0,0,0,0,0,0,0,0,112,62,50
107,公立,一般大學,0003,國立臺灣大學,博士班,印度,南亞,3,2,1,3,2,1,0,0,0,0,0,0,0,0,0
107,公立,一般大學,0003,國立臺灣大學,博士班,印度尼西亞共和國,東協,3,2,1,2,2,0,1,0,1,0,0,0,0,0,0
107,公立,一般大學,0003,國立臺灣大學,博士班,伊朗伊斯蘭共和國,其他亞洲地區,1,1,0,1,1,0,0,0,0,0,0,0,0,0,0
107,公立,一般大學,0003,國立臺灣大學,博士班,大韓民國(南韓),其他亞洲地區,5,2,3,5,2,3,0,0,0,0,0,0,0,0,0
107,公立,一般大學,0003,國立臺灣大學,博士班,馬來西亞,東協,3,1,2,1,0,1,2,1,1,0,0,0,0,0,0
107,公立,一般大學,0003,國立臺灣大學,博士班,菲律賓共和國,東協,1,0,1,1,0,1,0,0,0,0,0,0,0,0,0
107,公立,一般大學,0003,國立臺灣大學,博士班,泰國,東協,1,1,0,1,1,0,0,0,0,0,0,0,0,0,0
107,公立,一般大學,0003,國立臺灣大學,博士班,土耳其共和國,其他亞洲地區,1,1,0,1,1,0,0,0,0,0,0,0,0,0,0
107,公立,一般大學,0003,國立臺灣大學,博士班,越南社會主義共和國,東協,4,4,0,4,4,0,0,0,0,0,0,0,0,0,0
107,公立,一般大學,0003,國立臺灣大學,博士班,俄羅斯聯邦,其他亞洲地區,1,0,1,1,0,1,0,0,0,0,0,0,0,0,0
107,公立,一般大學,0003,國立臺灣大學,博士班,紐西蘭,其他亞洲地區,1,1,0,0,0,0,1,1,0,0,0,0,0,0,0
107,公立,一般大學,0003,國立臺灣大學,博士班,衣索比亞聯邦民主共和國,非洲,1,1,0,1,1,0,0,0,0,0,0,0,0,0,0
107,公立,一般大學,0003,國立臺灣大學,博士班,法國,歐洲,1,1,0,1,1,0,0,0,0,0,0,0,0,0,0
107,公立,一般大學,0003,國立臺灣大學,博士班,荷蘭王國,歐洲,1,1,0,1,1,0,0,0,0,0,0,0,0,0,0
107,公立,一般大學,0003,國立臺灣大學,博士班,德意志聯邦共和國,歐洲,1,1,0,1,1,0,0,0,0,0,0,0,0,0,0
107,公立,一般大學,0003,國立臺灣大學,博士班,美國,北美洲,1,1,0,1,1,0,0,0,0,0,0,0,0,0,0
107,公立,一般大學,0003,國立臺灣大學,博士班,大陸地區,大陸地區,4,3,1,0,0,0,0,0,0,0,0,0,4,3,1
107,公立,一般大學,0004,國立臺灣師範大學,學士班(日間),緬甸,東協,4,0,4,0,0,0,4,0,4,0,0,0,0,0,0
107,公立,一般大學,0004,國立臺灣師範大學,學士班(日間),印度,南亞,1,1,0,1,1,0,0,0,0,0,0,0,0,0,0
107,公立,一般大學,0004,國立臺灣師範大學,學士班(日間),印度尼西亞共和國,東協,11,3,8,7,2,5,4,1,3,0,0,0,0,0,0
107,公立,一般大學,0004,國立臺灣師範大學,學士班(日間),日本,其他亞洲地區,23,4,19,20,3,17,3,1,2,0,0,0,0,0,0
107,公立,一般大學,0004,國立臺灣師範大學,學士班(日間),大韓民國(南韓),其他亞洲地區,20,5,15,19,5,14,1,0,1,0,0,0,0,0,0
107,公立,一般大學,0004,國立臺灣師範大學,學士班(日間),馬來西亞,東協,45,12,33,4,1,3,41,11,30,0,0,0,0,0,0
107,公立,一般大學,0004,國立臺灣師範大學,學士班(日間),新加坡共和國,東協,1,0,1,1,0,1,0,0,0,0,0,0,0,0,0
107,公立,一般大學,0004,國立臺灣師範大學,學士班(日間),泰國,東協,6,1,5,4,0,4,2,1,1,0,0,0,0,0,0
107,公立,一般大學,0004,國立臺灣師範大學,學士班(日間),土耳其共和國,其他亞洲地區,2,0,2,2,0,2,0,0,0,0,0,0,0,0,0
107,公立,一般大學,0004,國立臺灣師範大學,學士班(日間),越南社會主義共和國,東協,15,3,12,14,2,12,1,1,0,0,0,0,0,0,0
107,公立,一般大學,0004,國立臺灣師範大學,學士班(日間),香港,港澳,24,10,14,0,0,0,0,0,0,24,10,14,0,0,0
107,公立,一般大學,0004,國立臺灣師範大學,學士班(日間),澳門,港澳,25,11,14,0,0,0,0,0,0,25,11,14,0,0,0
107,公立,一般大學,0004,國立臺灣師範大學,學士班(日間),布吉納法索,非洲,1,1,0,1,1,0,0,0,0,0,0,0,0,0,0
107,公立,一般大學,0004,國立臺灣師範大學,學士班(日間),捷克共和國,歐洲,1,0,1,1,0,1,0,0,0,0,0,0,0,0,0
107,公立,一般大學,0004,國立臺灣師範大學,學士班(日間),義大利共和國,歐洲,2,1,1,2,1,1,0,0,0,0,0,0,0,0,0
107,公立,一般大學,0004,國立臺灣師範大學,學士班(日間),西班牙王國,歐洲,1,0,1,1,0,1,0,0,0,0,0,0,0,0,0
107,公立,一般大學,0004,國立臺灣師範大學,學士班(日間),英國,歐洲,1,1,0,1,1,0,0,0,0,0,0,0,0,0,0
107,公立,一般大學,0004,國立臺灣師範大學,學士班(日間),克羅埃西亞共和國,歐洲,1,1,0,1,1,0,0,0,0,0,0,0,0,0,0
107,公立,一般大學,0004,國立臺灣師範大學,學士班(日間),美國,北美洲,7,5,2,5,4,1,2,1,1,0,0,0,0,0,0
107,公立,一般大學,0004,國立臺灣師範大學,學士班(日間),秘魯共和國,中南美洲,1,1,0,1,1,0,0,0,0,0,0,0,0,0,0
107,公立,一般大學,0004,國立臺灣師範大學,學士班(日間),大陸地區,大陸地區,4,2,2,0,0,0,0,0,0,0,0,0,4,2,2
107,公立,一般大學,0004,國立臺灣師範大學,碩士班(日間),緬甸,東協,2,1,1,0,0,0,2,1,1,0,0,0,0,0,0
107,公立,一般大學,0004,國立臺灣師範大學,碩士班(日間),印度,南亞,1,0,1,1,0,1,0,0,0,0,0,0,0,0,0
107,公立,一般大學,0004,國立臺灣師範大學,碩士班(日間),印度尼西亞共和國,東協,6,3,3,5,3,2,1,0,1,0,0,0,0,0,0
107,公立,一般大學,0004,國立臺灣師範大學,碩士班(日間),日本,其他亞洲地區,6,2,4,6,2,4,0,0,0,0,0,0,0,0,0
107,公立,一般大學,0004,國立臺灣師範大學,碩士班(日間),大韓民國(南韓),其他亞洲地區,2,0,2,2,0,2,0,0,0,0,0,0,0,0,0
107,公立,一般大學,0004,國立臺灣師範大學,碩士班(日間),馬來西亞,東協,15,9,6,5,5,0,10,4,6,0,0,0,0,0,0
107,公立,一般大學,0004,國立臺灣師範大學,碩士班(日間),新加坡共和國,東協,2,1,1,2,1,1,0,0,0,0,0,0,0,0,0
107,公立,一般大學,0004,國立臺灣師範大學,碩士班(日間),泰國,東協,3,1,2,3,1,2,0,0,0,0,0,0,0,0,0
107,公立,一般大學,0004,國立臺灣師範大學,碩士班(日間),越南社會主義共和國,東協,5,1,4,5,1,4,0,0,0,0,0,0,0,0,0
107,公立,一般大學,0004,國立臺灣師範大學,碩士班(日間),香港,港澳,6,1,5,0,0,0,0,0,0,6,1,5,0,0,0
107,公立,一般大學,0004,國立臺灣師範大學,碩士班(日間),澳門,港澳,6,1,5,0,0,0,0,0,0,6,1,5,0,0,0
107,公立,一般大學,0004,國立臺灣師範大學,碩士班(日間),蒙古國,其他亞洲地區,1,1,0,1,1,0,0,0,0,0,0,0,0,0,0
107,公立,一般大學,0004,國立臺灣師範大學,碩士班(日間),俄羅斯聯邦,其他亞洲地區,1,0,1,1,0,1,0,0,0,0,0,0,0,0,0
107,公立,一般大學,0004,國立臺灣師範大學,碩士班(日間),索羅門群島,其他亞洲地區,1,0,1,1,0,1,0,0,0,0,0,0,0,0,0
107,公立,一般大學,0004,國立臺灣師範大學,碩士班(日間),吉里巴斯共和國,其他亞洲地區,1,0,1,1,0,1,0,0,0,0,0,0,0,0,0
107,公立,一般大學,0004,國立臺灣師範大學,碩士班(日間),南非共和國,非洲,2,1,1,1,0,1,1,1,0,0,0,0,0,0,0
107,公立,一般大學,0004,國立臺灣師範大學,碩士班(日間),法國,歐洲,1,0,1,1,0,1,0,0,0,0,0,0,0,0,0
107,公立,一般大學,0004,國立臺灣師範大學,碩士班(日間),挪威王國,歐洲,1,1,0,1,1,0,0,0,0,0,0,0,0,0,0
107,公立,一般大學,0004,國立臺灣師範大學,碩士班(日間),波蘭共和國,歐洲,1,0,1,1,0,1,0,0,0,0,0,0,0,0,0
107,公立,一般大學,0004,國立臺灣師範大學,碩士班(日間),英國,歐洲,2,1,1,2,1,1,0,0,0,0,0,0,0,0,0
107,公立,一般大學,0004,國立臺灣師範大學,碩士班(日間),德意志聯邦共和國,歐洲,2,2,0,2,2,0,0,0,0,0,0,0,0,0,0
107,公立,一般大學,0004,國立臺灣師範大學,碩士班(日間),拉脫維亞共和國,歐洲,1,0,1,1,0,1,0,0,0,0,0,0,0,0,0
107,公立,一般大學,0004,國立臺灣師範大學,碩士班(日間),薩爾瓦多,中南美洲,1,0,1,1,0,1,0,0,0,0,0,0,0,0,0
107,公立,一般大學,0004,國立臺灣師範大學,碩士班(日間),海地共和國,中南美洲,1,0,1,1,0,1,0,0,0,0,0,0,0,0,0
107,公立,一般大學,0004,國立臺灣師範大學,碩士班(日間),宏都拉斯共和國,中南美洲,3,2,1,3,2,1,0,0,0,0,0,0,0,0,0
107,公立,一般大學,0004,國立臺灣師範大學,碩士班(日間),尼加拉瓜,中南美洲,1,1,0,1,1,0,0,0,0,0,0,0,0,0,0
107,公立,一般大學,0004,國立臺灣師範大學,碩士班(日間),巴拿馬共和國,中南美洲,1,1,0,1,1,0,0,0,0,0,0,0,0,0,0
107,公立,一般大學,0004,國立臺灣師範大學,碩士班(日間),美國,北美洲,5,3,2,5,3,2,0,0,0,0,0,0,0,0,0
107,公立,一般大學,0004,國立臺灣師範大學,碩士班(日間),大陸地區,大陸地區,16,6,10,0,0,0,0,0,0,0,0,0,16,6,10
107,公立,一般大學,0004,國立臺灣師範大學,博士班,印度,南亞,2,1,1,2,1,1,0,0,0,0,0,0,0,0,0
107,公立,一般大學,0004,國立臺灣師範大學,博士班,印度尼西亞共和國,東協,2,2,0,2,2,0,0,0,0,0,0,0,0,0,0
107,公立,一般大學,0004,國立臺灣師範大學,博士班,大韓民國(南韓),其他亞洲地區,2,1,1,2,1,1,0,0,0,0,0,0,0,0,0
107,公立,一般大學,0004,國立臺灣師範大學,博士班,新加坡共和國,東協,1,0,1,1,0,1,0,0,0,0,0,0,0,0,0
107,公立,一般大學,0004,國立臺灣師範大學,博士班,泰國,東協,1,0,1,1,0,1,0,0,0,0,0,0,0,0,0
107,公立,一般大學,0004,國立臺灣師範大學,博士班,越南社會主義共和國,東協,3,2,1,3,2,1,0,0,0,0,0,0,0,0,0
107,公立,一般大學,0004,國立臺灣師範大學,博士班,澳門,港澳,1,0,1,0,0,0,0,0,0,1,0,1,0,0,0
107,公立,一般大學,0004,國立臺灣師範大學,博士班,英國,歐洲,1,1,0,1,1,0,0,0,0,0,0,0,0,0,0
107,公立,一般大學,0004,國立臺灣師範大學,博士班,海地共和國,中南美洲,1,0,1,1,0,1,0,0,0,0,0,0,0,0,0
107,公立,一般大學,0004,國立臺灣師範大學,博士班,哥倫比亞共和國,中南美洲,1,0,1,1,0,1,0,0,0,0,0,0,0,0,0
107,公立,一般大學,0004,國立臺灣師範大學,博士班,大陸地區,大陸地區,2,1,1,0,0,0,0,0,0,0,0,0,2,1,1
107,公立,一般大學,0005,國立成功大學,學士班(日間),緬甸,東協,1,1,0,0,0,0,1,1,0,0,0,0,0,0,0
107,公立,一般大學,0005,國立成功大學,學士班(日間),印度尼西亞共和國,東協,4,4,0,2,2,0,2,2,0,0,0,0,0,0,0
107,公立,一般大學,0005,國立成功大學,學士班(日間),日本,其他亞洲地區,3,0,3,3,0,3,0,0,0,0,0,0,0,0,0
107,公立,一般大學,0005,國立成功大學,學士班(日間),大韓民國(南韓),其他亞洲地區,2,2,0,1,1,0,1,1,0,0,0,0,0,0,0
107,公立,一般大學,0005,國立成功大學,學士班(日間),馬來西亞,東協,63,39,24,15,6,9,48,33,15,0,0,0,0,0,0
107,公立,一般大學,0005,國立成功大學,學士班(日間),新加坡共和國,東協,1,1,0,0,0,0,1,1,0,0,0,0,0,0,0
107,公立,一般大學,0005,國立成功大學,學士班(日間),泰國,東協,4,3,1,1,0,1,3,3,0,0,0,0,0,0,0
107,公立,一般大學,0005,國立成功大學,學士班(日間),越南社會主義共和國,東協,2,2,0,1,1,0,1,1,0,0,0,0,0,0,0
107,公立,一般大學,0005,國立成功大學,學士班(日間),香港,港澳,7,4,3,0,0,0,0,0,0,7,4,3,0,0,0
107,公立,一般大學,0005,國立成功大學,學士班(日間),澳門,港澳,31,17,14,0,0,0,0,0,0,31,17,14,0,0,0
107,公立,一般大學,0005,國立成功大學,學士班(日間),蒙古國,其他亞洲地區,1,1,0,1,1,0,0,0,0,0,0,0,0,0,0
107,公立,一般大學,0005,國立成功大學,學士班(日間),索羅門群島,其他亞洲地區,1,1,0,1,1,0,0,0,0,0,0,0,0,0,0
107,公立,一般大學,0005,國立成功大學,學士班(日間),布吉納法索,非洲,1,1,0,1,1,0,0,0,0,0,0,0,0,0,0
107,公立,一般大學,0005,國立成功大學,學士班(日間),史瓦帝尼王國,非洲,2,2,0,2,2,0,0,0,0,0,0,0,0,0,0
107,公立,一般大學,0005,國立成功大學,學士班(日間),哥斯大黎加共和國,中南美洲,1,1,0,0,0,0,1,1,0,0,0,0,0,0,0
107,公立,一般大學,0005,國立成功大學,學士班(日間),薩爾瓦多,中南美洲,1,1,0,1,1,0,0,0,0,0,0,0,0,0,0
107,公立,一般大學,0005,國立成功大學,學士班(日間),海地共和國,中南美洲,5,5,0,5,5,0,0,0,0,0,0,0,0,0,0
107,公立,一般大學,0005,國立成功大學,學士班(日間),宏都拉斯共和國,中南美洲,2,1,1,2,1,1,0,0,0,0,0,0,0,0,0
107,公立,一般大學,0005,國立成功大學,學士班(日間),墨西哥合眾國,中南美洲,2,2,0,2,2,0,0,0,0,0,0,0,0,0,0
107,公立,一般大學,0005,國立成功大學,學士班(日間),巴拿馬共和國,中南美洲,2,1,1,2,1,1,0,0,0,0,0,0,0,0,0
107,公立,一般大學,0005,國立成功大學,學士班(日間),貝里斯,中南美洲,3,3,0,2,2,0,1,1,0,0,0,0,0,0,0
107,公立,一般大學,0005,國立成功大學,學士班(日間),聖文森(及格瑞那丁),中南美洲,1,0,1,1,0,1,0,0,0,0,0,0,0,0,0
107,公立,一般大學,0005,國立成功大學,學士班(日間),美國,北美洲,2,1,1,2,1,1,0,0,0,0,0,0,0,0,0
107,公立,一般大學,0005,國立成功大學,學士班(日間),聖露西亞,中南美洲,1,0,1,1,0,1,0,0,0,0,0,0,0,0,0
107,公立,一般大學,0005,國立成功大學,學士班(日間),厄瓜多共和國,中南美洲,1,0,1,1,0,1,0,0,0,0,0,0,0,0,0
107,公立,一般大學,0005,國立成功大學,學士班(日間),烏拉圭共和國,中南美洲,1,1,0,1,1,0,0,0,0,0,0,0,0,0,0
107,公立,一般大學,0005,國立成功大學,學士班(日間),大陸地區,大陸地區,2,2,0,0,0,0,0,0,0,0,0,0,2,2,0
107,公立,一般大學,0005,國立成功大學,碩士班(日間),孟加拉人民共和國,南亞,1,1,0,1,1,0,0,0,0,0,0,0,0,0,0
107,公立,一般大學,0005,國立成功大學,碩士班(日間),緬甸,東協,2,2,0,0,0,0,2,2,0,0,0,0,0,0,0
107,公立,一般大學,0005,國立成功大學,碩士班(日間),印度,南亞,9,6,3,9,6,3,0,0,0,0,0,0,0,0,0
107,公立,一般大學,0005,國立成功大學,碩士班(日間),印度尼西亞共和國,東協,59,37,22,57,36,21,2,1,1,0,0,0,0,0,0
107,公立,一般大學,0005,國立成功大學,碩士班(日間),日本,其他亞洲地區,2,1,1,2,1,1,0,0,0,0,0,0,0,0,0
107,公立,一般大學,0005,國立成功大學,碩士班(日間),大韓民國(南韓),其他亞洲地區,3,2,1,3,2,1,0,0,0,0,0,0,0,0,0
107,公立,一般大學,0005,國立成功大學,碩士班(日間),馬來西亞,東協,19,12,7,7,3,4,12,9,3,0,0,0,0,0,0
107,公立,一般大學,0005,國立成功大學,碩士班(日間),巴基斯坦,南亞,2,2,0,2,2,0,0,0,0,0,0,0,0,0,0
107,公立,一般大學,0005,國立成功大學,碩士班(日間),菲律賓共和國,東協,5,2,3,4,1,3,1,1,0,0,0,0,0,0,0
107,公立,一般大學,0005,國立成功大學,碩士班(日間),新加坡共和國,東協,1,1,0,0,0,0,1,1,0,0,0,0,0,0,0
107,公立,一般大學,0005,國立成功大學,碩士班(日間),泰國,東協,11,3,8,10,2,8,1,1,0,0,0,0,0,0,0
107,公立,一般大學,0005,國立成功大學,碩士班(日間),越南社會主義共和國,東協,34,15,19,34,15,19,0,0,0,0,0,0,0,0,0
107,公立,一般大學,0005,國立成功大學,碩士班(日間),香港,港澳,11,7,4,0,0,0,0,0,0,11,7,4,0,0,0
107,公立,一般大學,0005,國立成功大學,碩士班(日間),澳門,港澳,8,8,0,0,0,0,0,0,0,8,8,0,0,0,0
107,公立,一般大學,0005,國立成功大學,碩士班(日間),蒙古國,其他亞洲地區,2,1,1,2,1,1,0,0,0,0,0,0,0,0,0
107,公立,一般大學,0005,國立成功大學,碩士班(日間),南非共和國,非洲,1,0,1,1,0,1,0,0,0,0,0,0,0,0,0
107,公立,一般大學,0005,國立成功大學,碩士班(日間),布吉納法索,非洲,1,1,0,1,1,0,0,0,0,0,0,0,0,0,0
107,公立,一般大學,0005,國立成功大學,碩士班(日間),史瓦帝尼王國,非洲,2,2,0,2,2,0,0,0,0,0,0,0,0,0,0
107,公立,一般大學,0005,國立成功大學,碩士班(日間),奧地利共和國,歐洲,1,1,0,1,1,0,0,0,0,0,0,0,0,0,0
107,公立,一般大學,0005,國立成功大學,碩士班(日間),法國,歐洲,5,5,0,5,5,0,0,0,0,0,0,0,0,0,0
107,公立,一般大學,0005,國立成功大學,碩士班(日間),荷蘭王國,歐洲,1,1,0,1,1,0,0,0,0,0,0,0,0,0,0
107,公立,一般大學,0005,國立成功大學,碩士班(日間),英國,歐洲,1,1,0,1,1,0,0,0,0,0,0,0,0,0,0
107,公立,一般大學,0005,國立成功大學,碩士班(日間),德意志聯邦共和國,歐洲,2,2,0,2,2,0,0,0,0,0,0,0,0,0,0
107,公立,一般大學,0005,國立成功大學,碩士班(日間),加拿大,北美洲,2,1,1,1,0,1,1,1,0,0,0,0,0,0,0
107,公立,一般大學,0005,國立成功大學,碩士班(日間),海地共和國,中南美洲,1,1,0,1,1,0,0,0,0,0,0,0,0,0,0
107,公立,一般大學,0005,國立成功大學,碩士班(日間),宏都拉斯共和國,中南美洲,2,2,0,2,2,0,0,0,0,0,0,0,0,0,0
107,公立,一般大學,0005,國立成功大學,碩士班(日間),尼加拉瓜,中南美洲,1,0,1,1,0,1,0,0,0,0,0,0,0,0,0
107,公立,一般大學,0005,國立成功大學,碩士班(日間),貝里斯,中南美洲,5,4,1,5,4,1,0,0,0,0,0,0,0,0,0
107,公立,一般大學,0005,國立成功大學,碩士班(日間),美國,北美洲,2,1,1,2,1,1,0,0,0,0,0,0,0,0,0
107,公立,一般大學,0005,國立成功大學,碩士班(日間),大陸地區,大陸地區,36,17,19,0,0,0,0,0,0,0,0,0,36,17,19
107,公立,一般大學,0005,國立成功大學,博士班,孟加拉人民共和國,南亞,1,1,0,1,1,0,0,0,0,0,0,0,0,0,0
107,公立,一般大學,0005,國立成功大學,博士班,印度尼西亞共和國,東協,1,1,0,1,1,0,0,0,0,0,0,0,0,0,0
107,公立,一般大學,0005,國立成功大學,博士班,伊朗伊斯蘭共和國,其他亞洲地區,2,0,2,2,0,2,0,0,0,0,0,0,0,0,0
107,公立,一般大學,0005,國立成功大學,博士班,馬來西亞,東協,2,1,1,0,0,0,2,1,1,0,0,0,0,0,0
107,公立,一般大學,0005,國立成功大學,博士班,尼泊爾聯邦民主共和國,南亞,1,1,0,1,1,0,0,0,0,0,0,0,0,0,0
107,公立,一般大學,0005,國立成功大學,博士班,菲律賓共和國,東協,1,1,0,1,1,0,0,0,0,0,0,0,0,0,0
107,公立,一般大學,0005,國立成功大學,博士班,泰國,東協,1,0,1,1,0,1,0,0,0,0,0,0,0,0,0
107,公立,一般大學,0005,國立成功大學,博士班,越南社會主義共和國,東協,8,3,5,8,3,5,0,0,0,0,0,0,0,0,0
107,公立,一般大學,0005,國立成功大學,博士班,澳大利亞,其他亞洲地區,1,0,1,1,0,1,0,0,0,0,0,0,0,0,0
107,公立,一般大學,0005,國立成功大學,博士班,奈及利亞聯邦共和國,非洲,1,1,0,1,1,0,0,0,0,0,0,0,0,0,0
107,公立,一般大學,0005,國立成功大學,博士班,法國,歐洲,1,1,0,1,1,0,0,0,0,0,0,0,0,0,0
107,公立,一般大學,0005,國立成功大學,博士班,德意志聯邦共和國,歐洲,1,1,0,1,1,0,0,0,0,0,0,0,0,0,0
107,公立,一般大學,0005,國立成功大學,博士班,斯洛伐克共和國,歐洲,1,0,1,1,0,1,0,0,0,0,0,0,0,0,0
107,公立,一般大學,0005,國立成功大學,博士班,大陸地區,大陸地區,2,1,1,0,0,0,0,0,0,0,0,0,2,1,1
107,公立,一般大學,0006,國立中興大學,學士班(日間),印度尼西亞共和國,東協,4,0,4,0,0,0,4,0,4,0,0,0,0,0,0
107,公立,一般大學,0006,國立中興大學,學士班(日間),日本,其他亞洲地區,3,2,1,2,1,1,1,1,0,0,0,0,0,0,0
107,公立,一般大學,0006,國立中興大學,學士班(日間),大韓民國(南韓),其他亞洲地區,3,2,1,3,2,1,0,0,0,0,0,0,0,0,0
107,公立,一般大學,0006,國立中興大學,學士班(日間),馬來西亞,東協,52,34,18,8,5,3,44,29,15,0,0,0,0,0,0
107,公立,一般大學,0006,國立中興大學,學士班(日間),新加坡共和國,東協,1,0,1,0,0,0,1,0,1,0,0,0,0,0,0
107,公立,一般大學,0006,國立中興大學,學士班(日間),越南社會主義共和國,東協,1,0,1,1,0,1,0,0,0,0,0,0,0,0,0
107,公立,一般大學,0006,國立中興大學,學士班(日間),香港,港澳,13,5,8,0,0,0,0,0,0,13,5,8,0,0,0
107,公立,一般大學,0006,國立中興大學,學士班(日間),澳門,港澳,14,8,6,0,0,0,0,0,0,14,8,6,0,0,0
107,公立,一般大學,0006,國立中興大學,學士班(日間),南非共和國,非洲,1,1,0,0,0,0,1,1,0,0,0,0,0,0,0
107,公立,一般大學,0006,國立中興大學,學士班(日間),史瓦帝尼王國,非洲,2,2,0,2,2,0,0,0,0,0,0,0,0,0,0
107,公立,一般大學,0006,國立中興大學,學士班(日間),薩爾瓦多,中南美洲,1,1,0,1,1,0,0,0,0,0,0,0,0,0,0
107,公立,一般大學,0006,國立中興大學,學士班(日間),貝里斯,中南美洲,1,0,1,1,0,1,0,0,0,0,0,0,0,0,0
107,公立,一般大學,0006,國立中興大學,學士班(日間),美國,北美洲,1,1,0,0,0,0,1,1,0,0,0,0,0,0,0
107,公立,一般大學,0006,國立中興大學,學士班(日間),巴拉圭,中南美洲,1,0,1,0,0,0,1,0,1,0,0,0,0,0,0
107,公立,一般大學,0006,國立中興大學,學士班(日間),大陸地區,大陸地區,4,1,3,0,0,0,0,0,0,0,0,0,4,1,3
107,公立,一般大學,0006,國立中興大學,碩士班(日間),柬埔寨王國,東協,1,0,1,1,0,1,0,0,0,0,0,0,0,0,0
107,公立,一般大學,0006,國立中興大學,碩士班(日間),印度尼西亞共和國,東協,16,5,11,13,5,8,3,0,3,0,0,0,0,0,0
107,公立,一般大學,0006,國立中興大學,碩士班(日間),伊拉克共和國,其他亞洲地區,1,1,0,1,1,0,0,0,0,0,0,0,0,0,0
107,公立,一般大學,0006,國立中興大學,碩士班(日間),日本,其他亞洲地區,1,0,1,1,0,1,0,0,0,0,0,0,0,0,0
107,公立,一般大學,0006,國立中興大學,碩士班(日間),約旦哈什米王國,其他亞洲地區,1,1,0,1,1,0,0,0,0,0,0,0,0,0,0
107,公立,一般大學,0006,國立中興大學,碩士班(日間),馬來西亞,東協,9,3,6,1,0,1,8,3,5,0,0,0,0,0,0
107,公立,一般大學,0006,國立中興大學,碩士班(日間),尼泊爾聯邦民主共和國,南亞,1,1,0,1,1,0,0,0,0,0,0,0,0,0,0
107,公立,一般大學,0006,國立中興大學,碩士班(日間),泰國,東協,8,0,8,8,0,8,0,0,0,0,0,0,0,0,0
107,公立,一般大學,0006,國立中興大學,碩士班(日間),越南社會主義共和國,東協,5,4,1,5,4,1,0,0,0,0,0,0,0,0,0
107,公立,一般大學,0006,國立中興大學,碩士班(日間),香港,港澳,3,3,0,0,0,0,0,0,0,3,3,0,0,0,0
107,公立,一般大學,0006,國立中興大學,碩士班(日間),澳門,港澳,3,0,3,0,0,0,0,0,0,3,0,3,0,0,0
107,公立,一般大學,0006,國立中興大學,碩士班(日間),甘比亞共和國,非洲,3,2,1,3,2,1,0,0,0,0,0,0,0,0,0
107,公立,一般大學,0006,國立中興大學,碩士班(日間),德意志聯邦共和國,歐洲,2,2,0,2,2,0,0,0,0,0,0,0,0,0,0
107,公立,一般大學,0006,國立中興大學,碩士班(日間),貝里斯,中南美洲,1,1,0,1,1,0,0,0,0,0,0,0,0,0,0
107,公立,一般大學,0006,國立中興大學,碩士班(日間),聖露西亞,中南美洲,2,1,1,2,1,1,0,0,0,0,0,0,0,0,0
107,公立,一般大學,0006,國立中興大學,碩士班(日間),大陸地區,大陸地區,9,2,7,0,0,0,0,0,0,0,0,0,9,2,7
107,公立,一般大學,0006,國立中興大學,博士班,馬來西亞,東協,2,1,1,1,0,1,1,1,0,0,0,0,0,0,0
107,公立,一般大學,0006,國立中興大學,博士班,泰國,東協,4,1,3,4,1,3,0,0,0,0,0,0,0,0,0
107,公立,一般大學,0006,國立中興大學,博士班,越南社會主義共和國,東協,3,2,1,3,2,1,0,0,0,0,0,0,0,0,0
107,公立,一般大學,0006,國立中興大學,博士班,香港,港澳,1,0,1,0,0,0,0,0,0,1,0,1,0,0,0
107,公立,一般大學,0006,國立中興大學,博士班,蒙古國,其他亞洲地區,1,0,1,1,0,1,0,0,0,0,0,0,0,0,0
107,公立,一般大學,0006,國立中興大學,博士班,吉里巴斯共和國,其他亞洲地區,1,1,0,1,1,0,0,0,0,0,0,0,0,0,0
107,公立,一般大學,0006,國立中興大學,博士班,加拿大,北美洲,2,2,0,2,2,0,0,0,0,0,0,0,0,0,0
107,公立,一般大學,0006,國立中興大學,博士班,多明尼加共和國,中南美洲,1,1,0,1,1,0,0,0,0,0,0,0,0,0,0
107,公立,一般大學,0007,國立陽明交通大學,學士班(日間),緬甸,東協,2,1,1,0,0,0,2,1,1,0,0,0,0,0,0
107,公立,一般大學,0007,國立陽明交通大學,學士班(日間),印度,南亞,1,1,0,1,1,0,0,0,0,0,0,0,0,0,0
107,公立,一般大學,0007,國立陽明交通大學,學士班(日間),印度尼西亞共和國,東協,7,6,1,1,0,1,6,6,0,0,0,0,0,0,0
107,公立,一般大學,0007,國立陽明交通大學,學士班(日間),馬來西亞,東協,29,16,13,3,1,2,26,15,11,0,0,0,0,0,0
107,公立,一般大學,0007,國立陽明交通大學,學士班(日間),泰國,東協,3,3,0,0,0,0,3,3,0,0,0,0,0,0,0
107,公立,一般大學,0007,國立陽明交通大學,學士班(日間),越南社會主義共和國,東協,1,0,1,0,0,0,1,0,1,0,0,0,0,0,0
107,公立,一般大學,0007,國立陽明交通大學,學士班(日間),香港,港澳,15,10,5,0,0,0,0,0,0,15,10,5,0,0,0
107,公立,一般大學,0007,國立陽明交通大學,學士班(日間),澳門,港澳,18,11,7,0,0,0,0,0,0,18,11,7,0,0,0
107,公立,一般大學,0007,國立陽明交通大學,學士班(日間),甘比亞共和國,非洲,1,1,0,1,1,0,0,0,0,0,0,0,0,0,0
107,公立,一般大學,0007,國立陽明交通大學,學士班(日間),南非共和國,非洲,1,0,1,0,0,0,1,0,1,0,0,0,0,0,0
107,公立,一般大學,0007,國立陽明交通大學,學士班(日間),烏克蘭,其他亞洲地區,1,0,1,1,0,1,0,0,0,0,0,0,0,0,0
107,公立,一般大學,0007,國立陽明交通大學,學士班(日間),加拿大,北美洲,1,0,1,0,0,0,1,0,1,0,0,0,0,0,0
107,公立,一般大學,0007,國立陽明交通大學,學士班(日間),宏都拉斯共和國,中南美洲,2,2,0,2,2,0,0,0,0,0,0,0,0,0,0
107,公立,一般大學,0007,國立陽明交通大學,學士班(日間),巴拿馬共和國,中南美洲,1,1,0,1,1,0,0,0,0,0,0,0,0,0,0
107,公立,一般大學,0007,國立陽明交通大學,學士班(日間),聖文森(及格瑞那丁),中南美洲,2,1,1,2,1,1,0,0,0,0,0,0,0,0,0
107,公立,一般大學,0007,國立陽明交通大學,學士班(日間),巴拉圭,中南美洲,1,1,0,1,1,0,0,0,0,0,0,0,0,0,0
107,公立,一般大學,0007,國立陽明交通大學,學士班(日間),大陸地區,大陸地區,3,2,1,0,0,0,0,0,0,0,0,0,3,2,1
107,公立,一般大學,0007,國立陽明交通大學,碩士班(日間),印度,南亞,17,10,7,17,10,7,0,0,0,0,0,0,0,0,0
107,公立,一般大學,0007,國立陽明交通大學,碩士班(日間),印度尼西亞共和國,東協,20,7,13,20,7,13,0,0,0,0,0,0,0,0,0
107,公立,一般大學,0007,國立陽明交通大學,碩士班(日間),伊朗伊斯蘭共和國,其他亞洲地區,1,1,0,1,1,0,0,0,0,0,0,0,0,0,0
107,公立,一般大學,0007,國立陽明交通大學,碩士班(日間),以色列,其他亞洲地區,1,1,0,1,1,0,0,0,0,0,0,0,0,0,0
107,公立,一般大學,0007,國立陽明交通大學,碩士班(日間),日本,其他亞洲地區,2,2,0,2,2,0,0,0,0,0,0,0,0,0,0
107,公立,一般大學,0007,國立陽明交通大學,碩士班(日間),馬來西亞,東協,11,9,2,1,1,0,10,8,2,0,0,0,0,0,0
107,公立,一般大學,0007,國立陽明交通大學,碩士班(日間),尼泊爾聯邦民主共和國,南亞,1,1,0,1,1,0,0,0,0,0,0,0,0,0,0
107,公立,一般大學,0007,國立陽明交通大學,碩士班(日間),巴基斯坦,南亞,1,1,0,1,1,0,0,0,0,0,0,0,0,0,0
107,公立,一般大學,0007,國立陽明交通大學,碩士班(日間),泰國,東協,3,2,1,2,1,1,1,1,0,0,0,0,0,0,0
107,公立,一般大學,0007,國立陽明交通大學,碩士班(日間),越南社會主義共和國,東協,19,10,9,18,9,9,1,1,0,0,0,0,0,0,0
107,公立,一般大學,0007,國立陽明交通大學,碩士班(日間),香港,港澳,4,3,1,0,0,0,0,0,0,4,3,1,0,0,0
107,公立,一般大學,0007,國立陽明交通大學,碩士班(日間),澳門,港澳,2,1,1,0,0,0,0,0,0,2,1,1,0,0,0
107,公立,一般大學,0007,國立陽明交通大學,碩士班(日間),埃及阿拉伯共和國,非洲,1,1,0,1,1,0,0,0,0,0,0,0,0,0,0
107,公立,一般大學,0007,國立陽明交通大學,碩士班(日間),甘比亞共和國,非洲,3,3,0,3,3,0,0,0,0,0,0,0,0,0,0
107,公立,一般大學,0007,國立陽明交通大學,碩士班(日間),南非共和國,非洲,1,1,0,0,0,0,1,1,0,0,0,0,0,0,0
107,公立,一般大學,0007,國立陽明交通大學,碩士班(日間),英國,歐洲,2,1,1,1,0,1,1,1,0,0,0,0,0,0,0
107,公立,一般大學,0007,國立陽明交通大學,碩士班(日間),烏克蘭,其他亞洲地區,2,2,0,2,2,0,0,0,0,0,0,0,0,0,0
107,公立,一般大學,0007,國立陽明交通大學,碩士班(日間),加拿大,北美洲,1,1,0,0,0,0,1,1,0,0,0,0,0,0,0
107,公立,一般大學,0007,國立陽明交通大學,碩士班(日間),多明尼加共和國,中南美洲,1,0,1,1,0,1,0,0,0,0,0,0,0,0,0
107,公立,一般大學,0007,國立陽明交通大學,碩士班(日間),薩爾瓦多,中南美洲,1,1,0,1,1,0,0,0,0,0,0,0,0,0,0
107,公立,一般大學,0007,國立陽明交通大學,碩士班(日間),海地共和國,中南美洲,1,1,0,1,1,0,0,0,0,0,0,0,0,0,0
107,公立,一般大學,0007,國立陽明交通大學,碩士班(日間),宏都拉斯共和國,中南美洲,1,0,1,1,0,1,0,0,0,0,0,0,0,0,0
107,公立,一般大學,0007,國立陽明交通大學,碩士班(日間),尼加拉瓜,中南美洲,2,2,0,2,2,0,0,0,0,0,0,0,0,0,0
107,公立,一般大學,0007,國立陽明交通大學,碩士班(日間),巴拿馬共和國,中南美洲,1,1,0,1,1,0,0,0,0,0,0,0,0,0,0
107,公立,一般大學,0007,國立陽明交通大學,碩士班(日間),大陸地區,大陸地區,43,24,19,0,0,0,0,0,0,0,0,0,43,24,19
107,公立,一般大學,0007,國立陽明交通大學,博士班,印度,南亞,10,8,2,10,8,2,0,0,0,0,0,0,0,0,0
107,公立,一般大學,0007,國立陽明交通大學,博士班,印度尼西亞共和國,東協,6,5,1,6,5,1,0,0,0,0,0,0,0,0,0
107,公立,一般大學,0007,國立陽明交通大學,博士班,約旦哈什米王國,其他亞洲地區,2,2,0,2,2,0,0,0,0,0,0,0,0,0,0
107,公立,一般大學,0007,國立陽明交通大學,博士班,馬來西亞,東協,2,1,1,2,1,1,0,0,0,0,0,0,0,0,0
107,公立,一般大學,0007,國立陽明交通大學,博士班,越南社會主義共和國,東協,7,4,3,7,4,3,0,0,0,0,0,0,0,0,0
107,公立,一般大學,0007,國立陽明交通大學,博士班,俄羅斯聯邦,其他亞洲地區,1,0,1,1,0,1,0,0,0,0,0,0,0,0,0
107,公立,一般大學,0007,國立陽明交通大學,博士班,烏茲別克共和國,其他亞洲地區,1,1,0,1,1,0,0,0,0,0,0,0,0,0,0
107,公立,一般大學,0007,國立陽明交通大學,博士班,衣索比亞聯邦民主共和國,非洲,2,2,0,2,2,0,0,0,0,0,0,0,0,0,0
107,公立,一般大學,0007,國立陽明交通大學,博士班,法國,歐洲,1,1,0,1,1,0,0,0,0,0,0,0,0,0,0
107,公立,一般大學,0007,國立陽明交通大學,博士班,德意志聯邦共和國,歐洲,1,1,0,1,1,0,0,0,0,0,0,0,0,0,0
107,公立,一般大學,0007,國立陽明交通大學,博士班,瓜地馬拉共和國,中南美洲,1,1,0,1,1,0,0,0,0,0,0,0,0,0,0
107,公立,一般大學,0007,國立陽明交通大學,博士班,美國,北美洲,1,1,0,1,1,0,0,0,0,0,0,0,0,0,0
107,公立,一般大學,0007,國立陽明交通大學,博士班,大陸地區,大陸地區,3,2,1,0,0,0,0,0,0,0,0,0,3,2,1
107,公立,一般大學,0008,國立中央大學,學士班(日間),緬甸,東協,3,2,1,0,0,0,3,2,1,0,0,0,0,0,0
107,公立,一般大學,0008,國立中央大學,學士班(日間),印度尼西亞共和國,東協,1,0,1,0,0,0,1,0,1,0,0,0,0,0,0
107,公立,一般大學,0008,國立中央大學,學士班(日間),馬來西亞,東協,18,10,8,1,0,1,17,10,7,0,0,0,0,0,0
107,公立,一般大學,0008,國立中央大學,學士班(日間),泰國,東協,1,1,0,1,1,0,0,0,0,0,0,0,0,0,0
107,公立,一般大學,0008,國立中央大學,學士班(日間),香港,港澳,7,6,1,0,0,0,0,0,0,7,6,1,0,0,0
107,公立,一般大學,0008,國立中央大學,學士班(日間),澳門,港澳,7,5,2,0,0,0,0,0,0,7,5,2,0,0,0
107,公立,一般大學,0008,國立中央大學,學士班(日間),大陸地區,大陸地區,5,2,3,0,0,0,0,0,0,0,0,0,5,2,3
107,公立,一般大學,0008,國立中央大學,碩士班(日間),印度,南亞,2,2,0,2,2,0,0,0,0,0,0,0,0,0,0
107,公立,一般大學,0008,國立中央大學,碩士班(日間),印度尼西亞共和國,東協,50,23,27,50,23,27,0,0,0,0,0,0,0,0,0
107,公立,一般大學,0008,國立中央大學,碩士班(日間),馬來西亞,東協,4,4,0,1,1,0,3,3,0,0,0,0,0,0,0
107,公立,一般大學,0008,國立中央大學,碩士班(日間),巴基斯坦,南亞,1,1,0,1,1,0,0,0,0,0,0,0,0,0,0
107,公立,一般大學,0008,國立中央大學,碩士班(日間),菲律賓共和國,東協,2,1,1,2,1,1,0,0,0,0,0,0,0,0,0
107,公立,一般大學,0008,國立中央大學,碩士班(日間),越南社會主義共和國,東協,28,10,18,28,10,18,0,0,0,0,0,0,0,0,0
107,公立,一般大學,0008,國立中央大學,碩士班(日間),香港,港澳,2,1,1,0,0,0,0,0,0,2,1,1,0,0,0
107,公立,一般大學,0008,國立中央大學,碩士班(日間),澳門,港澳,3,1,2,0,0,0,0,0,0,3,1,2,0,0,0
107,公立,一般大學,0008,國立中央大學,碩士班(日間),蒙古國,其他亞洲地區,7,2,5,7,2,5,0,0,0,0,0,0,0,0,0
107,公立,一般大學,0008,國立中央大學,碩士班(日間),埃及阿拉伯共和國,非洲,1,1,0,1,1,0,0,0,0,0,0,0,0,0,0
107,公立,一般大學,0008,國立中央大學,碩士班(日間),甘比亞共和國,非洲,1,1,0,1,1,0,0,0,0,0,0,0,0,0,0
107,公立,一般大學,0008,國立中央大學,碩士班(日間),摩洛哥王國,非洲,1,0,1,1,0,1,0,0,0,0,0,0,0,0,0
107,公立,一般大學,0008,國立中央大學,碩士班(日間),史瓦帝尼王國,非洲,1,0,1,1,0,1,0,0,0,0,0,0,0,0,0
107,公立,一般大學,0008,國立中央大學,碩士班(日間),比利時王國,歐洲,1,0,1,1,0,1,0,0,0,0,0,0,0,0,0
107,公立,一般大學,0008,國立中央大學,碩士班(日間),法國,歐洲,2,1,1,2,1,1,0,0,0,0,0,0,0,0,0
107,公立,一般大學,0008,國立中央大學,碩士班(日間),海地共和國,中南美洲,2,2,0,2,2,0,0,0,0,0,0,0,0,0,0
107,公立,一般大學,0008,國立中央大學,碩士班(日間),大陸地區,大陸地區,22,17,5,0,0,0,0,0,0,0,0,0,22,17,5
107,公立,一般大學,0008,國立中央大學,博士班,印度,南亞,3,3,0,3,3,0,0,0,0,0,0,0,0,0,0
107,公立,一般大學,0008,國立中央大學,博士班,印度尼西亞共和國,東協,5,2,3,5,2,3,0,0,0,0,0,0,0,0,0
107,公立,一般大學,0008,國立中央大學,博士班,馬來西亞,東協,2,2,0,1,1,0,1,1,0,0,0,0,0,0,0
107,公立,一般大學,0008,國立中央大學,博士班,尼泊爾聯邦民主共和國,南亞,1,1,0,1,1,0,0,0,0,0,0,0,0,0,0
107,公立,一般大學,0008,國立中央大學,博士班,菲律賓共和國,東協,1,1,0,1,1,0,0,0,0,0,0,0,0,0,0
107,公立,一般大學,0008,國立中央大學,博士班,新加坡共和國,東協,1,0,1,1,0,1,0,0,0,0,0,0,0,0,0
107,公立,一般大學,0008,國立中央大學,博士班,斯里蘭卡民主社會主義共和國,南亞,1,0,1,1,0,1,0,0,0,0,0,0,0,0,0
107,公立,一般大學,0008,國立中央大學,博士班,泰國,東協,1,1,0,1,1,0,0,0,0,0,0,0,0,0,0
107,公立,一般大學,0008,國立中央大學,博士班,越南社會主義共和國,東協,9,7,2,9,7,2,0,0,0,0,0,0,0,0,0
107,公立,一般大學,0008,國立中央大學,博士班,甘比亞共和國,非洲,1,1,0,1,1,0,0,0,0,0,0,0,0,0,0
107,公立,一般大學,0008,國立中央大學,博士班,大陸地區,大陸地區,5,4,1,0,0,0,0,0,0,0,0,0,5,4,1
107,公立,一般大學,0009,國立中山大學,學士班(日間),印度尼西亞共和國,東協,4,1,3,0,0,0,4,1,3,0,0,0,0,0,0
107,公立,一般大學,0009,國立中山大學,學士班(日間),伊朗伊斯蘭共和國,其他亞洲地區,1,0,1,1,0,1,0,0,0,0,0,0,0,0,0
107,公立,一般大學,0009,國立中山大學,學士班(日間),日本,其他亞洲地區,2,2,0,1,1,0,1,1,0,0,0,0,0,0,0
107,公立,一般大學,0009,國立中山大學,學士班(日間),大韓民國(南韓),其他亞洲地區,1,1,0,1,1,0,0,0,0,0,0,0,0,0,0
107,公立,一般大學,0009,國立中山大學,學士班(日間),馬來西亞,東協,12,6,6,1,1,0,11,5,6,0,0,0,0,0,0
107,公立,一般大學,0009,國立中山大學,學士班(日間),新加坡共和國,東協,1,1,0,0,0,0,1,1,0,0,0,0,0,0,0
107,公立,一般大學,0009,國立中山大學,學士班(日間),泰國,東協,1,1,0,0,0,0,1,1,0,0,0,0,0,0,0
107,公立,一般大學,0009,國立中山大學,學士班(日間),越南社會主義共和國,東協,1,0,1,1,0,1,0,0,0,0,0,0,0,0,0
107,公立,一般大學,0009,國立中山大學,學士班(日間),香港,港澳,7,4,3,0,0,0,0,0,0,7,4,3,0,0,0
107,公立,一般大學,0009,國立中山大學,學士班(日間),澳門,港澳,5,3,2,0,0,0,0,0,0,5,3,2,0,0,0
107,公立,一般大學,0009,國立中山大學,學士班(日間),俄羅斯聯邦,其他亞洲地區,1,1,0,1,1,0,0,0,0,0,0,0,0,0,0
107,公立,一般大學,0009,國立中山大學,學士班(日間),美國,北美洲,1,0,1,0,0,0,1,0,1,0,0,0,0,0,0
107,公立,一般大學,0009,國立中山大學,學士班(日間),大陸地區,大陸地區,4,3,1,0,0,0,0,0,0,0,0,0,4,3,1
107,公立,一般大學,0009,國立中山大學,碩士班(日間),印度尼西亞共和國,東協,6,5,1,6,5,1,0,0,0,0,0,0,0,0,0
107,公立,一般大學,0009,國立中山大學,碩士班(日間),約旦哈什米王國,其他亞洲地區,1,1,0,1,1,0,0,0,0,0,0,0,0,0,0
107,公立,一般大學,0009,國立中山大學,碩士班(日間),大韓民國(南韓),其他亞洲地區,1,0,1,1,0,1,0,0,0,0,0,0,0,0,0
107,公立,一般大學,0009,國立中山大學,碩士班(日間),馬來西亞,東協,2,0,2,2,0,2,0,0,0,0,0,0,0,0,0
107,公立,一般大學,0009,國立中山大學,碩士班(日間),菲律賓共和國,東協,2,2,0,2,2,0,0,0,0,0,0,0,0,0,0
107,公立,一般大學,0009,國立中山大學,碩士班(日間),泰國,東協,1,0,1,1,0,1,0,0,0,0,0,0,0,0,0
107,公立,一般大學,0009,國立中山大學,碩士班(日間),越南社會主義共和國,東協,5,0,5,5,0,5,0,0,0,0,0,0,0,0,0
107,公立,一般大學,0009,國立中山大學,碩士班(日間),香港,港澳,1,0,1,0,0,0,0,0,0,1,0,1,0,0,0
107,公立,一般大學,0009,國立中山大學,碩士班(日間),澳門,港澳,2,2,0,0,0,0,0,0,0,2,2,0,0,0,0
107,公立,一般大學,0009,國立中山大學,碩士班(日間),蒙古國,其他亞洲地區,1,0,1,1,0,1,0,0,0,0,0,0,0,0,0
107,公立,一般大學,0009,國立中山大學,碩士班(日間),俄羅斯聯邦,其他亞洲地區,4,1,3,4,1,3,0,0,0,0,0,0,0,0,0
107,公立,一般大學,0009,國立中山大學,碩士班(日間),土庫曼,其他亞洲地區,1,0,1,1,0,1,0,0,0,0,0,0,0,0,0
107,公立,一般大學,0009,國立中山大學,碩士班(日間),埃及阿拉伯共和國,非洲,1,1,0,1,1,0,0,0,0,0,0,0,0,0,0
107,公立,一般大學,0009,國立中山大學,碩士班(日間),奧地利共和國,歐洲,8,2,6,8,2,6,0,0,0,0,0,0,0,0,0
107,公立,一般大學,0009,國立中山大學,碩士班(日間),捷克共和國,歐洲,2,2,0,2,2,0,0,0,0,0,0,0,0,0,0
107,公立,一般大學,0009,國立中山大學,碩士班(日間),法國,歐洲,1,0,1,1,0,1,0,0,0,0,0,0,0,0,0
107,公立,一般大學,0009,國立中山大學,碩士班(日間),波蘭共和國,歐洲,1,0,1,1,0,1,0,0,0,0,0,0,0,0,0
107,公立,一般大學,0009,國立中山大學,碩士班(日間),德意志聯邦共和國,歐洲,2,2,0,2,2,0,0,0,0,0,0,0,0,0,0
107,公立,一般大學,0009,國立中山大學,碩士班(日間),加拿大,北美洲,1,1,0,1,1,0,0,0,0,0,0,0,0,0,0
107,公立,一般大學,0009,國立中山大學,碩士班(日間),美國,北美洲,4,1,3,3,1,2,1,0,1,0,0,0,0,0,0
107,公立,一般大學,0009,國立中山大學,碩士班(日間),哥倫比亞共和國,中南美洲,1,1,0,1,1,0,0,0,0,0,0,0,0,0,0
107,公立,一般大學,0009,國立中山大學,碩士班(日間),大陸地區,大陸地區,6,2,4,0,0,0,0,0,0,0,0,0,6,2,4
107,公立,一般大學,0009,國立中山大學,博士班,印度,南亞,2,2,0,2,2,0,0,0,0,0,0,0,0,0,0
107,公立,一般大學,0009,國立中山大學,博士班,斯里蘭卡民主社會主義共和國,南亞,1,1,0,1,1,0,0,0,0,0,0,0,0,0,0
107,公立,一般大學,0009,國立中山大學,博士班,香港,港澳,1,1,0,0,0,0,0,0,0,1,1,0,0,0,0
107,公立,一般大學,0009,國立中山大學,博士班,莫三比克共和國,非洲,1,1,0,1,1,0,0,0,0,0,0,0,0,0,0
107,公立,一般大學,0009,國立中山大學,博士班,南非共和國,非洲,1,1,0,1,1,0,0,0,0,0,0,0,0,0,0
107,公立,一般大學,0009,國立中山大學,博士班,多明尼加共和國,中南美洲,1,1,0,1,1,0,0,0,0,0,0,0,0,0,0
107,公立,一般大學,0009,國立中山大學,博士班,美國,北美洲,1,1,0,1,1,0,0,0,0,0,0,0,0,0,0
107,公立,一般大學,0012,國立臺灣海洋大學,學士班(日間),緬甸,東協,2,0,2,0,0,0,2,0,2,0,0,0,0,0,0
107,公立,一般大學,0012,國立臺灣海洋大學,學士班(日間),印度尼西亞共和國,東協,10,4,6,1,0,1,9,4,5,0,0,0,0,0,0
107,公立,一般大學,0012,國立臺灣海洋大學,學士班(日間),馬來西亞,東協,35,22,13,8,6,2,27,16,11,0,0,0,0,0,0
107,公立,一般大學,0012,國立臺灣海洋大學,學士班(日間),泰國,東協,1,1,0,0,0,0,1,1,0,0,0,0,0,0,0
107,公立,一般大學,0012,國立臺灣海洋大學,學士班(日間),土耳其共和國,其他亞洲地區,1,1,0,1,1,0,0,0,0,0,0,0,0,0,0
107,公立,一般大學,0012,國立臺灣海洋大學,學士班(日間),越南社會主義共和國,東協,1,1,0,0,0,0,1,1,0,0,0,0,0,0,0
107,公立,一般大學,0012,國立臺灣海洋大學,學士班(日間),香港,港澳,16,10,6,0,0,0,0,0,0,16,10,6,0,0,0
107,公立,一般大學,0012,國立臺灣海洋大學,學士班(日間),澳門,港澳,12,12,0,0,0,0,0,0,0,12,12,0,0,0,0
107,公立,一般大學,0012,國立臺灣海洋大學,學士班(日間),布吉納法索,非洲,2,2,0,2,2,0,0,0,0,0,0,0,0,0,0
107,公立,一般大學,0012,國立臺灣海洋大學,學士班(日間),多明尼加共和國,中南美洲,1,1,0,0,0,0,1,1,0,0,0,0,0,0,0
107,公立,一般大學,0012,國立臺灣海洋大學,學士班(日間),宏都拉斯共和國,中南美洲,1,1,0,1,1,0,0,0,0,0,0,0,0,0,0
107,公立,一般大學,0012,國立臺灣海洋大學,學士班(日間),大陸地區,大陸地區,4,3,1,0,0,0,0,0,0,0,0,0,4,3,1
107,公立,一般大學,0012,國立臺灣海洋大學,碩士班(日間),印度,南亞,1,0,1,1,0,1,0,0,0,0,0,0,0,0,0
107,公立,一般大學,0012,國立臺灣海洋大學,碩士班(日間),印度尼西亞共和國,東協,9,3,6,9,3,6,0,0,0,0,0,0,0,0,0
107,公立,一般大學,0012,國立臺灣海洋大學,碩士班(日間),馬來西亞,東協,6,3,3,2,2,0,4,1,3,0,0,0,0,0,0
107,公立,一般大學,0012,國立臺灣海洋大學,碩士班(日間),菲律賓共和國,東協,1,0,1,1,0,1,0,0,0,0,0,0,0,0,0
107,公立,一般大學,0012,國立臺灣海洋大學,碩士班(日間),泰國,東協,1,1,0,1,1,0,0,0,0,0,0,0,0,0,0
107,公立,一般大學,0012,國立臺灣海洋大學,碩士班(日間),越南社會主義共和國,東協,7,3,4,7,3,4,0,0,0,0,0,0,0,0,0
107,公立,一般大學,0012,國立臺灣海洋大學,碩士班(日間),香港,港澳,2,0,2,0,0,0,0,0,0,2,0,2,0,0,0
107,公立,一般大學,0012,國立臺灣海洋大學,碩士班(日間),尼加拉瓜,中南美洲,1,0,1,1,0,1,0,0,0,0,0,0,0,0,0
107,公立,一般大學,0012,國立臺灣海洋大學,碩士班(日間),貝里斯,中南美洲,2,1,1,2,1,1,0,0,0,0,0,0,0,0,0
107,公立,一般大學,0012,國立臺灣海洋大學,碩士班(日間),聖文森(及格瑞那丁),中南美洲,1,1,0,1,1,0,0,0,0,0,0,0,0,0,0
107,公立,一般大學,0012,國立臺灣海洋大學,博士班,印度,南亞,1,0,1,1,0,1,0,0,0,0,0,0,0,0,0
107,公立,一般大學,0012,國立臺灣海洋大學,博士班,奈及利亞聯邦共和國,非洲,1,0,1,1,0,1,0,0,0,0,0,0,0,0,0
107,公立,一般大學,0012,國立臺灣海洋大學,博士班,丹麥王國,歐洲,1,1,0,1,1,0,0,0,0,0,0,0,0,0,0
107,公立,一般大學,0012,國立臺灣海洋大學,博士班,美國,北美洲,1,1,0,1,1,0,0,0,0,0,0,0,0,0,0
107,公立,一般大學,0012,國立臺灣海洋大學,博士班,大陸地區,大陸地區,2,1,1,0,0,0,0,0,0,0,0,0,2,1,1
107,公立,一般大學,0013,國立中正大學,學士班(日間),印度尼西亞共和國,東協,6,4,2,0,0,0,6,4,2,0,0,0,0,0,0
107,公立,一般大學,0013,國立中正大學,學士班(日間),日本,其他亞洲地區,3,1,2,3,1,2,0,0,0,0,0,0,0,0,0
107,公立,一般大學,0013,國立中正大學,學士班(日間),馬來西亞,東協,37,14,23,4,0,4,33,14,19,0,0,0,0,0,0
107,公立,一般大學,0013,國立中正大學,學士班(日間),泰國,東協,3,2,1,0,0,0,3,2,1,0,0,0,0,0,0
107,公立,一般大學,0013,國立中正大學,學士班(日間),香港,港澳,17,8,9,0,0,0,0,0,0,17,8,9,0,0,0
107,公立,一般大學,0013,國立中正大學,學士班(日間),澳門,港澳,17,10,7,0,0,0,0,0,0,17,10,7,0,0,0
107,公立,一般大學,0013,國立中正大學,學士班(日間),哥斯大黎加共和國,中南美洲,1,0,1,0,0,0,1,0,1,0,0,0,0,0,0
107,公立,一般大學,0013,國立中正大學,學士班(日間),大陸地區,大陸地區,2,2,0,0,0,0,0,0,0,0,0,0,2,2,0
107,公立,一般大學,0013,國立中正大學,碩士班(日間),印度,南亞,3,2,1,3,2,1,0,0,0,0,0,0,0,0,0
107,公立,一般大學,0013,國立中正大學,碩士班(日間),印度尼西亞共和國,東協,8,3,5,8,3,5,0,0,0,0,0,0,0,0,0
107,公立,一般大學,0013,國立中正大學,碩士班(日間),寮人民民主共和國(寮國),東協,1,1,0,1,1,0,0,0,0,0,0,0,0,0,0
107,公立,一般大學,0013,國立中正大學,碩士班(日間),馬來西亞,東協,2,1,1,2,1,1,0,0,0,0,0,0,0,0,0
107,公立,一般大學,0013,國立中正大學,碩士班(日間),菲律賓共和國,東協,1,0,1,1,0,1,0,0,0,0,0,0,0,0,0
107,公立,一般大學,0013,國立中正大學,碩士班(日間),泰國,東協,3,2,1,2,1,1,1,1,0,0,0,0,0,0,0
107,公立,一般大學,0013,國立中正大學,碩士班(日間),越南社會主義共和國,東協,12,6,6,12,6,6,0,0,0,0,0,0,0,0,0
107,公立,一般大學,0013,國立中正大學,碩士班(日間),香港,港澳,2,2,0,0,0,0,0,0,0,2,2,0,0,0,0
107,公立,一般大學,0013,國立中正大學,碩士班(日間),澳門,港澳,3,1,2,0,0,0,0,0,0,3,1,2,0,0,0
107,公立,一般大學,0013,國立中正大學,碩士班(日間),蒙古國,其他亞洲地區,2,1,1,2,1,1,0,0,0,0,0,0,0,0,0
107,公立,一般大學,0013,國立中正大學,碩士班(日間),甘比亞共和國,非洲,2,2,0,2,2,0,0,0,0,0,0,0,0,0,0
107,公立,一般大學,0013,國立中正大學,碩士班(日間),布吉納法索,非洲,1,1,0,1,1,0,0,0,0,0,0,0,0,0,0
107,公立,一般大學,0013,國立中正大學,碩士班(日間),史瓦帝尼王國,非洲,1,0,1,1,0,1,0,0,0,0,0,0,0,0,0
107,公立,一般大學,0013,國立中正大學,碩士班(日間),宏都拉斯共和國,中南美洲,1,1,0,1,1,0,0,0,0,0,0,0,0,0,0
107,公立,一般大學,0013,國立中正大學,碩士班(日間),貝里斯,中南美洲,1,1,0,1,1,0,0,0,0,0,0,0,0,0,0
107,公立,一般大學,0013,國立中正大學,碩士班(日間),聖文森(及格瑞那丁),中南美洲,1,1,0,1,1,0,0,0,0,0,0,0,0,0,0
107,公立,一般大學,0013,國立中正大學,碩士班(日間),美國,北美洲,1,1,0,1,1,0,0,0,0,0,0,0,0,0,0
107,公立,一般大學,0013,國立中正大學,碩士班(日間),大陸地區,大陸地區,4,1,3,0,0,0,0,0,0,0,0,0,4,1,3
107,公立,一般大學,0013,國立中正大學,博士班,印度,南亞,1,1,0,1,1,0,0,0,0,0,0,0,0,0,0
107,公立,一般大學,0013,國立中正大學,博士班,馬來西亞,東協,1,0,1,1,0,1,0,0,0,0,0,0,0,0,0
107,公立,一般大學,0013,國立中正大學,博士班,越南社會主義共和國,東協,4,3,1,4,3,1,0,0,0,0,0,0,0,0,0
107,公立,一般大學,0013,國立中正大學,博士班,加拿大,北美洲,1,1,0,1,1,0,0,0,0,0,0,0,0,0,0
107,公立,一般大學,0013,國立中正大學,博士班,大陸地區,大陸地區,2,1,1,0,0,0,0,0,0,0,0,0,2,1,1
107,公立,一般大學,0014,國立高雄師範大學,學士班(日間),印度尼西亞共和國,東協,3,2,1,0,0,0,3,2,1,0,0,0,0,0,0
107,公立,一般大學,0014,國立高雄師範大學,學士班(日間),日本,其他亞洲地區,1,1,0,0,0,0,1,1,0,0,0,0,0,0,0
107,公立,一般大學,0014,國立高雄師範大學,學士班(日間),馬來西亞,東協,8,2,6,0,0,0,8,2,6,0,0,0,0,0,0
107,公立,一般大學,0014,國立高雄師範大學,學士班(日間),香港,港澳,5,3,2,0,0,0,0,0,0,5,3,2,0,0,0
107,公立,一般大學,0014,國立高雄師範大學,學士班(日間),澳門,港澳,13,8,5,0,0,0,0,0,0,13,8,5,0,0,0
107,公立,一般大學,0014,國立高雄師範大學,學士班(日間),大陸地區,大陸地區,5,2,3,0,0,0,0,0,0,0,0,0,5,2,3
107,公立,一般大學,0014,國立高雄師範大學,碩士班(日間),印度,南亞,1,1,0,1,1,0,0,0,0,0,0,0,0,0,0
107,公立,一般大學,0014,國立高雄師範大學,碩士班(日間),日本,其他亞洲地區,1,0,1,1,0,1,0,0,0,0,0,0,0,0,0
107,公立,一般大學,0014,國立高雄師範大學,碩士班(日間),大韓民國(南韓),其他亞洲地區,1,0,1,1,0,1,0,0,0,0,0,0,0,0,0
107,公立,一般大學,0014,國立高雄師範大學,碩士班(日間),馬來西亞,東協,4,3,1,0,0,0,4,3,1,0,0,0,0,0,0
107,公立,一般大學,0014,國立高雄師範大學,碩士班(日間),越南社會主義共和國,東協,1,0,1,1,0,1,0,0,0,0,0,0,0,0,0
107,公立,一般大學,0014,國立高雄師範大學,碩士班(日間),土庫曼,其他亞洲地區,1,1,0,1,1,0,0,0,0,0,0,0,0,0,0
107,公立,一般大學,0014,國立高雄師範大學,碩士班(日間),加拿大,北美洲,1,1,0,0,0,0,1,1,0,0,0,0,0,0,0
107,公立,一般大學,0014,國立高雄師範大學,碩士班(日間),大陸地區,大陸地區,2,0,2,0,0,0,0,0,0,0,0,0,2,0,2
107,公立,一般大學,0014,國立高雄師範大學,博士班,加拿大,北美洲,1,1,0,1,1,0,0,0,0,0,0,0,0,0,0
107,公立,一般大學,0015,國立彰化師範大學,學士班(日間),印度尼西亞共和國,東協,1,1,0,0,0,0,1,1,0,0,0,0,0,0,0
107,公立,一般大學,0015,國立彰化師範大學,學士班(日間),馬來西亞,東協,16,10,6,8,5,3,8,5,3,0,0,0,0,0,0
107,公立,一般大學,0015,國立彰化師範大學,學士班(日間),新加坡共和國,東協,1,1,0,0,0,0,1,1,0,0,0,0,0,0,0
107,公立,一般大學,0015,國立彰化師範大學,學士班(日間),香港,港澳,11,5,6,0,0,0,0,0,0,11,5,6,0,0,0
107,公立,一般大學,0015,國立彰化師範大學,學士班(日間),澳門,港澳,6,3,3,0,0,0,0,0,0,6,3,3,0,0,0
107,公立,一般大學,0015,國立彰化師範大學,學士班(日間),大陸地區,大陸地區,8,4,4,0,0,0,0,0,0,0,0,0,8,4,4
107,公立,一般大學,0015,國立彰化師範大學,碩士班(日間),印度尼西亞共和國,東協,1,0,1,0,0,0,1,0,1,0,0,0,0,0,0
107,公立,一般大學,0015,國立彰化師範大學,碩士班(日間),馬來西亞,東協,4,1,3,2,1,1,2,0,2,0,0,0,0,0,0
107,公立,一般大學,0015,國立彰化師範大學,碩士班(日間),香港,港澳,1,1,0,0,0,0,0,0,0,1,1,0,0,0,0
107,公立,一般大學,0015,國立彰化師範大學,博士班,馬來西亞,東協,1,1,0,0,0,0,1,1,0,0,0,0,0,0,0
107,公立,一般大學,0015,國立彰化師範大學,博士班,美國,北美洲,3,3,0,3,3,0,0,0,0,0,0,0,0,0,0
107,公立,一般大學,0015,國立彰化師範大學,博士班,大陸地區,大陸地區,2,0,2,0,0,0,0,0,0,0,0,0,2,0,2
107,公立,一般大學,0016,國立陽明大學,學士班(日間),印度尼西亞共和國,東協,2,1,1,0,0,0,2,1,1,0,0,0,0,0,0
107,公立,一般大學,0016,國立陽明大學,學士班(日間),大韓民國(南韓),其他亞洲地區,1,1,0,0,0,0,1,1,0,0,0,0,0,0,0
107,公立,一般大學,0016,國立陽明大學,學士班(日間),馬來西亞,東協,16,4,12,0,0,0,16,4,12,0,0,0,0,0,0
107,公立,一般大學,0016,國立陽明大學,學士班(日間),泰國,東協,1,0,1,0,0,0,1,0,1,0,0,0,0,0,0
107,公立,一般大學,0016,國立陽明大學,學士班(日間),史瓦帝尼王國,非洲,1,0,1,1,0,1,0,0,0,0,0,0,0,0,0
107,公立,一般大學,0016,國立陽明大學,學士班(日間),加拿大,北美洲,1,1,0,0,0,0,1,1,0,0,0,0,0,0,0
107,公立,一般大學,0016,國立陽明大學,學士班(日間),美國,北美洲,2,1,1,1,1,0,1,0,1,0,0,0,0,0,0
107,公立,一般大學,0016,國立陽明大學,學士班(日間),大陸地區,大陸地區,1,0,1,0,0,0,0,0,0,0,0,0,1,0,1
107,公立,一般大學,0016,國立陽明大學,碩士班(日間),印度尼西亞共和國,東協,1,0,1,1,0,1,0,0,0,0,0,0,0,0,0
107,公立,一般大學,0016,國立陽明大學,碩士班(日間),馬來西亞,東協,3,0,3,2,0,2,1,0,1,0,0,0,0,0,0
107,公立,一般大學,0016,國立陽明大學,碩士班(日間),巴基斯坦,南亞,1,0,1,1,0,1,0,0,0,0,0,0,0,0,0
107,公立,一般大學,0016,國立陽明大學,碩士班(日間),越南社會主義共和國,東協,1,0,1,1,0,1,0,0,0,0,0,0,0,0,0
107,公立,一般大學,0016,國立陽明大學,碩士班(日間),香港,港澳,3,0,3,0,0,0,0,0,0,3,0,3,0,0,0
107,公立,一般大學,0016,國立陽明大學,碩士班(日間),澳門,港澳,3,2,1,0,0,0,0,0,0,3,2,1,0,0,0
107,公立,一般大學,0016,國立陽明大學,碩士班(日間),史瓦帝尼王國,非洲,2,1,1,2,1,1,0,0,0,0,0,0,0,0,0
107,公立,一般大學,0016,國立陽明大學,碩士班(日間),貝里斯,中南美洲,2,0,2,2,0,2,0,0,0,0,0,0,0,0,0
107,公立,一般大學,0016,國立陽明大學,博士班,印度,南亞,2,2,0,2,2,0,0,0,0,0,0,0,0,0,0
107,公立,一般大學,0016,國立陽明大學,博士班,以色列,其他亞洲地區,1,1,0,1,1,0,0,0,0,0,0,0,0,0,0
107,公立,一般大學,0016,國立陽明大學,博士班,馬來西亞,東協,3,2,1,3,2,1,0,0,0,0,0,0,0,0,0
107,公立,一般大學,0016,國立陽明大學,博士班,埃及阿拉伯共和國,非洲,1,0,1,1,0,1,0,0,0,0,0,0,0,0,0
107,公立,一般大學,0016,國立陽明大學,博士班,宏都拉斯共和國,中南美洲,1,1,0,1,1,0,0,0,0,0,0,0,0,0,0
107,公立,一般大學,0016,國立陽明大學,博士班,大陸地區,大陸地區,1,0,1,0,0,0,0,0,0,0,0,0,1,0,1
107,公立,一般大學,0017,國立臺北大學,學士班(日間),緬甸,東協,6,1,5,0,0,0,6,1,5,0,0,0,0,0,0
107,公立,一般大學,0017,國立臺北大學,學士班(日間),印度尼西亞共和國,東協,4,0,4,0,0,0,4,0,4,0,0,0,0,0,0
107,公立,一般大學,0017,國立臺北大學,學士班(日間),馬來西亞,東協,12,8,4,0,0,0,12,8,4,0,0,0,0,0,0
107,公立,一般大學,0017,國立臺北大學,學士班(日間),泰國,東協,3,0,3,0,0,0,3,0,3,0,0,0,0,0,0
107,公立,一般大學,0017,國立臺北大學,學士班(日間),香港,港澳,17,8,9,0,0,0,0,0,0,17,8,9,0,0,0
107,公立,一般大學,0017,國立臺北大學,學士班(日間),澳門,港澳,15,9,6,0,0,0,0,0,0,15,9,6,0,0,0
107,公立,一般大學,0017,國立臺北大學,學士班(日間),美國,北美洲,1,1,0,0,0,0,1,1,0,0,0,0,0,0,0
107,公立,一般大學,0017,國立臺北大學,學士班(日間),巴拉圭,中南美洲,1,1,0,1,1,0,0,0,0,0,0,0,0,0,0
107,公立,一般大學,0017,國立臺北大學,學士班(日間),大陸地區,大陸地區,2,1,1,0,0,0,0,0,0,0,0,0,2,1,1
107,公立,一般大學,0017,國立臺北大學,碩士班(日間),印度尼西亞共和國,東協,1,1,0,1,1,0,0,0,0,0,0,0,0,0,0
107,公立,一般大學,0017,國立臺北大學,碩士班(日間),馬來西亞,東協,2,2,0,0,0,0,2,2,0,0,0,0,0,0,0
107,公立,一般大學,0017,國立臺北大學,碩士班(日間),菲律賓共和國,東協,1,1,0,1,1,0,0,0,0,0,0,0,0,0,0
107,公立,一般大學,0017,國立臺北大學,碩士班(日間),泰國,東協,1,0,1,1,0,1,0,0,0,0,0,0,0,0,0
107,公立,一般大學,0017,國立臺北大學,碩士班(日間),越南社會主義共和國,東協,3,0,3,3,0,3,0,0,0,0,0,0,0,0,0
107,公立,一般大學,0017,國立臺北大學,碩士班(日間),香港,港澳,3,0,3,0,0,0,0,0,0,3,0,3,0,0,0
107,公立,一般大學,0017,國立臺北大學,碩士班(日間),索羅門群島,其他亞洲地區,1,1,0,1,1,0,0,0,0,0,0,0,0,0,0
107,公立,一般大學,0017,國立臺北大學,碩士班(日間),加拿大,北美洲,1,1,0,0,0,0,1,1,0,0,0,0,0,0,0
107,公立,一般大學,0017,國立臺北大學,碩士班(日間),墨西哥合眾國,中南美洲,1,0,1,1,0,1,0,0,0,0,0,0,0,0,0
107,公立,一般大學,0017,國立臺北大學,碩士班(日間),大陸地區,大陸地區,7,2,5,0,0,0,0,0,0,0,0,0,7,2,5
107,公立,一般大學,0017,國立臺北大學,博士班,大陸地區,大陸地區,2,0,2,0,0,0,0,0,0,0,0,0,2,0,2
107,公立,一般大學,0018,國立嘉義大學,學士班(日間),印度尼西亞共和國,東協,5,4,1,0,0,0,5,4,1,0,0,0,0,0,0
107,公立,一般大學,0018,國立嘉義大學,學士班(日間),日本,其他亞洲地區,2,2,0,1,1,0,1,1,0,0,0,0,0,0,0
107,公立,一般大學,0018,國立嘉義大學,學士班(日間),馬來西亞,東協,39,21,18,5,2,3,34,19,15,0,0,0,0,0,0
107,公立,一般大學,0018,國立嘉義大學,學士班(日間),泰國,東協,1,1,0,0,0,0,1,1,0,0,0,0,0,0,0
107,公立,一般大學,0018,國立嘉義大學,學士班(日間),越南社會主義共和國,東協,1,1,0,0,0,0,1,1,0,0,0,0,0,0,0
107,公立,一般大學,0018,國立嘉義大學,學士班(日間),香港,港澳,16,5,11,0,0,0,0,0,0,16,5,11,0,0,0
107,公立,一般大學,0018,國立嘉義大學,學士班(日間),澳門,港澳,18,10,8,0,0,0,0,0,0,18,10,8,0,0,0
107,公立,一般大學,0018,國立嘉義大學,學士班(日間),匈牙利共和國,歐洲,1,0,1,1,0,1,0,0,0,0,0,0,0,0,0
107,公立,一般大學,0018,國立嘉義大學,學士班(日間),巴拉圭,中南美洲,1,0,1,1,0,1,0,0,0,0,0,0,0,0,0
107,公立,一般大學,0018,國立嘉義大學,學士班(日間),大陸地區,大陸地區,2,0,2,0,0,0,0,0,0,0,0,0,2,0,2
107,公立,一般大學,0018,國立嘉義大學,碩士班(日間),印度尼西亞共和國,東協,11,6,5,11,6,5,0,0,0,0,0,0,0,0,0
107,公立,一般大學,0018,國立嘉義大學,碩士班(日間),馬來西亞,東協,3,2,1,0,0,0,3,2,1,0,0,0,0,0,0
107,公立,一般大學,0018,國立嘉義大學,碩士班(日間),泰國,東協,2,0,2,2,0,2,0,0,0,0,0,0,0,0,0
107,公立,一般大學,0018,國立嘉義大學,碩士班(日間),越南社會主義共和國,東協,2,1,1,2,1,1,0,0,0,0,0,0,0,0,0
107,公立,一般大學,0018,國立嘉義大學,碩士班(日間),蒙古國,其他亞洲地區,2,0,2,2,0,2,0,0,0,0,0,0,0,0,0
107,公立,一般大學,0018,國立嘉義大學,碩士班(日間),斯洛伐克共和國,歐洲,1,1,0,1,1,0,0,0,0,0,0,0,0,0,0
107,公立,一般大學,0018,國立嘉義大學,碩士班(日間),哥倫比亞共和國,中南美洲,1,0,1,1,0,1,0,0,0,0,0,0,0,0,0
107,公立,一般大學,0018,國立嘉義大學,博士班,泰國,東協,2,0,2,2,0,2,0,0,0,0,0,0,0,0,0
107,公立,一般大學,0019,國立高雄大學,學士班(日間),印度尼西亞共和國,東協,4,2,2,0,0,0,4,2,2,0,0,0,0,0,0
107,公立,一般大學,0019,國立高雄大學,學士班(日間),馬來西亞,東協,17,11,6,1,0,1,16,11,5,0,0,0,0,0,0
107,公立,一般大學,0019,國立高雄大學,學士班(日間),香港,港澳,7,5,2,0,0,0,0,0,0,7,5,2,0,0,0
107,公立,一般大學,0019,國立高雄大學,學士班(日間),澳門,港澳,10,7,3,0,0,0,0,0,0,10,7,3,0,0,0
107,公立,一般大學,0019,國立高雄大學,學士班(日間),大陸地區,大陸地區,5,3,2,0,0,0,0,0,0,0,0,0,5,3,2
107,公立,一般大學,0019,國立高雄大學,碩士班(日間),馬來西亞,東協,2,2,0,0,0,0,2,2,0,0,0,0,0,0,0
107,公立,一般大學,0019,國立高雄大學,碩士班(日間),越南社會主義共和國,東協,3,1,2,3,1,2,0,0,0,0,0,0,0,0,0
107,公立,一般大學,0019,國立高雄大學,碩士班(日間),捷克共和國,歐洲,1,0,1,1,0,1,0,0,0,0,0,0,0,0,0
107,公立,一般大學,0019,國立高雄大學,碩士班(日間),大陸地區,大陸地區,1,0,1,0,0,0,0,0,0,0,0,0,1,0,1
107,公立,一般大學,0020,國立東華大學,學士班(日間),印度尼西亞共和國,東協,10,2,8,7,1,6,3,1,2,0,0,0,0,0,0
107,公立,一般大學,0020,國立東華大學,學士班(日間),馬來西亞,東協,32,10,22,1,0,1,31,10,21,0,0,0,0,0,0
107,公立,一般大學,0020,國立東華大學,學士班(日間),新加坡共和國,東協,1,1,0,0,0,0,1,1,0,0,0,0,0,0,0
107,公立,一般大學,0020,國立東華大學,學士班(日間),阿拉伯聯合大公國,其他亞洲地區,1,0,1,0,0,0,1,0,1,0,0,0,0,0,0
107,公立,一般大學,0020,國立東華大學,學士班(日間),越南社會主義共和國,東協,1,0,1,1,0,1,0,0,0,0,0,0,0,0,0
107,公立,一般大學,0020,國立東華大學,學士班(日間),香港,港澳,22,16,6,0,0,0,0,0,0,22,16,6,0,0,0
107,公立,一般大學,0020,國立東華大學,學士班(日間),澳門,港澳,17,11,6,0,0,0,0,0,0,17,11,6,0,0,0
107,公立,一般大學,0020,國立東華大學,學士班(日間),甘比亞共和國,非洲,1,0,1,1,0,1,0,0,0,0,0,0,0,0,0
107,公立,一般大學,0020,國立東華大學,學士班(日間),史瓦帝尼王國,非洲,3,1,2,3,1,2,0,0,0,0,0,0,0,0,0
107,公立,一般大學,0020,國立東華大學,學士班(日間),加拿大,北美洲,1,1,0,1,1,0,0,0,0,0,0,0,0,0,0
107,公立,一般大學,0020,國立東華大學,學士班(日間),薩爾瓦多,中南美洲,1,0,1,1,0,1,0,0,0,0,0,0,0,0,0
107,公立,一般大學,0020,國立東華大學,學士班(日間),瓜地馬拉共和國,中南美洲,1,1,0,1,1,0,0,0,0,0,0,0,0,0,0
107,公立,一般大學,0020,國立東華大學,學士班(日間),宏都拉斯共和國,中南美洲,1,0,1,1,0,1,0,0,0,0,0,0,0,0,0
107,公立,一般大學,0020,國立東華大學,學士班(日間),貝里斯,中南美洲,2,1,1,2,1,1,0,0,0,0,0,0,0,0,0
107,公立,一般大學,0020,國立東華大學,學士班(日間),聖克里斯多福及尼維斯,中南美洲,3,2,1,3,2,1,0,0,0,0,0,0,0,0,0
107,公立,一般大學,0020,國立東華大學,學士班(日間),大陸地區,大陸地區,4,0,4,0,0,0,0,0,0,0,0,0,4,0,4
107,公立,一般大學,0020,國立東華大學,碩士班(日間),印度,南亞,2,1,1,2,1,1,0,0,0,0,0,0,0,0,0
107,公立,一般大學,0020,國立東華大學,碩士班(日間),印度尼西亞共和國,東協,12,6,6,12,6,6,0,0,0,0,0,0,0,0,0
107,公立,一般大學,0020,國立東華大學,碩士班(日間),馬來西亞,東協,4,2,2,2,1,1,2,1,1,0,0,0,0,0,0
107,公立,一般大學,0020,國立東華大學,碩士班(日間),菲律賓共和國,東協,1,0,1,1,0,1,0,0,0,0,0,0,0,0,0
107,公立,一般大學,0020,國立東華大學,碩士班(日間),泰國,東協,4,1,3,4,1,3,0,0,0,0,0,0,0,0,0
107,公立,一般大學,0020,國立東華大學,碩士班(日間),越南社會主義共和國,東協,4,1,3,4,1,3,0,0,0,0,0,0,0,0,0
107,公立,一般大學,0020,國立東華大學,碩士班(日間),蒙古國,其他亞洲地區,4,0,4,4,0,4,0,0,0,0,0,0,0,0,0
107,公立,一般大學,0020,國立東華大學,碩士班(日間),馬拉威共和國,非洲,4,3,1,4,3,1,0,0,0,0,0,0,0,0,0
107,公立,一般大學,0020,國立東華大學,碩士班(日間),烏干達共和國,非洲,1,1,0,1,1,0,0,0,0,0,0,0,0,0,0
107,公立,一般大學,0020,國立東華大學,碩士班(日間),英國,歐洲,1,0,1,1,0,1,0,0,0,0,0,0,0,0,0
107,公立,一般大學,0020,國立東華大學,碩士班(日間),斯洛伐克共和國,歐洲,1,1,0,1,1,0,0,0,0,0,0,0,0,0,0
107,公立,一般大學,0020,國立東華大學,碩士班(日間),貝里斯,中南美洲,1,0,1,1,0,1,0,0,0,0,0,0,0,0,0
107,公立,一般大學,0020,國立東華大學,碩士班(日間),美國,北美洲,2,2,0,2,2,0,0,0,0,0,0,0,0,0,0
107,公立,一般大學,0020,國立東華大學,碩士班(日間),大陸地區,大陸地區,3,3,0,0,0,0,0,0,0,0,0,0,3,3,0
107,公立,一般大學,0020,國立東華大學,博士班,印度,南亞,2,2,0,2,2,0,0,0,0,0,0,0,0,0,0
107,公立,一般大學,0020,國立東華大學,博士班,泰國,東協,2,1,1,2,1,1,0,0,0,0,0,0,0,0,0
107,公立,一般大學,0020,國立東華大學,博士班,越南社會主義共和國,東協,1,0,1,1,0,1,0,0,0,0,0,0,0,0,0
107,公立,一般大學,0020,國立東華大學,博士班,俄羅斯聯邦,其他亞洲地區,1,1,0,1,1,0,0,0,0,0,0,0,0,0,0
107,公立,一般大學,0020,國立東華大學,博士班,大陸地區,大陸地區,2,0,2,0,0,0,0,0,0,0,0,0,2,0,2
107,公立,一般大學,0021,國立暨南國際大學,學士班(日間),緬甸,東協,2,0,2,0,0,0,2,0,2,0,0,0,0,0,0
107,公立,一般大學,0021,國立暨南國際大學,學士班(日間),印度尼西亞共和國,東協,4,3,1,0,0,0,4,3,1,0,0,0,0,0,0
107,公立,一般大學,0021,國立暨南國際大學,學士班(日間),馬來西亞,東協,33,18,15,0,0,0,33,18,15,0,0,0,0,0,0
107,公立,一般大學,0021,國立暨南國際大學,學士班(日間),越南社會主義共和國,東協,2,0,2,0,0,0,2,0,2,0,0,0,0,0,0
107,公立,一般大學,0021,國立暨南國際大學,學士班(日間),香港,港澳,51,25,26,0,0,0,0,0,0,51,25,26,0,0,0
107,公立,一般大學,0021,國立暨南國際大學,學士班(日間),澳門,港澳,29,15,14,0,0,0,0,0,0,29,15,14,0,0,0
107,公立,一般大學,0021,國立暨南國際大學,學士班(日間),匈牙利共和國,歐洲,1,1,0,0,0,0,1,1,0,0,0,0,0,0,0
107,公立,一般大學,0021,國立暨南國際大學,學士班(日間),加拿大,北美洲,1,1,0,1,1,0,0,0,0,0,0,0,0,0,0
107,公立,一般大學,0021,國立暨南國際大學,學士班(日間),美國,北美洲,1,1,0,0,0,0,1,1,0,0,0,0,0,0,0
107,公立,一般大學,0021,國立暨南國際大學,學士班(日間),大陸地區,大陸地區,5,3,2,0,0,0,0,0,0,0,0,0,5,3,2
107,公立,一般大學,0021,國立暨南國際大學,碩士班(日間),緬甸,東協,4,3,1,3,2,1,1,1,0,0,0,0,0,0,0
107,公立,一般大學,0021,國立暨南國際大學,碩士班(日間),馬來西亞,東協,4,2,2,0,0,0,4,2,2,0,0,0,0,0,0
107,公立,一般大學,0021,國立暨南國際大學,碩士班(日間),越南社會主義共和國,東協,1,1,0,1,1,0,0,0,0,0,0,0,0,0,0
107,公立,一般大學,0021,國立暨南國際大學,碩士班(日間),香港,港澳,2,2,0,0,0,0,0,0,0,2,2,0,0,0,0
107,公立,一般大學,0021,國立暨南國際大學,碩士班(日間),澳門,港澳,2,1,1,0,0,0,0,0,0,2,1,1,0,0,0
107,公立,一般大學,0021,國立暨南國際大學,碩士班(日間),蒙古國,其他亞洲地區,1,0,1,1,0,1,0,0,0,0,0,0,0,0,0
107,公立,一般大學,0021,國立暨南國際大學,碩士班(日間),俄羅斯聯邦,其他亞洲地區,1,0,1,1,0,1,0,0,0,0,0,0,0,0,0
107,公立,一般大學,0021,國立暨南國際大學,碩士班(日間),大陸地區,大陸地區,2,0,2,0,0,0,0,0,0,0,0,0,2,0,2
107,公立,一般大學,0021,國立暨南國際大學,博士班,越南社會主義共和國,東協,4,1,3,4,1,3,0,0,0,0,0,0,0,0,0
107,公立,技專校院,0022,國立臺灣科技大學,學士班(日間),緬甸,東協,2,0,2,0,0,0,2,0,2,0,0,0,0,0,0
107,公立,技專校院,0022,國立臺灣科技大學,學士班(日間),印度尼西亞共和國,東協,20,6,14,12,3,9,8,3,5,0,0,0,0,0,0
107,公立,技專校院,0022,國立臺灣科技大學,學士班(日間),日本,其他亞洲地區,3,1,2,0,0,0,3,1,2,0,0,0,0,0,0
107,公立,技專校院,0022,國立臺灣科技大學,學士班(日間),大韓民國(南韓),其他亞洲地區,2,2,0,1,1,0,1,1,0,0,0,0,0,0,0
107,公立,技專校院,0022,國立臺灣科技大學,學士班(日間),馬來西亞,東協,17,12,5,3,2,1,14,10,4,0,0,0,0,0,0
107,公立,技專校院,0022,國立臺灣科技大學,學士班(日間),菲律賓共和國,東協,1,1,0,0,0,0,1,1,0,0,0,0,0,0,0
107,公立,技專校院,0022,國立臺灣科技大學,學士班(日間),泰國,東協,3,1,2,1,1,0,2,0,2,0,0,0,0,0,0
107,公立,技專校院,0022,國立臺灣科技大學,學士班(日間),土耳其共和國,其他亞洲地區,1,1,0,1,1,0,0,0,0,0,0,0,0,0,0
107,公立,技專校院,0022,國立臺灣科技大學,學士班(日間),香港,港澳,16,10,6,0,0,0,0,0,0,16,10,6,0,0,0
107,公立,技專校院,0022,國立臺灣科技大學,學士班(日間),澳門,港澳,6,5,1,0,0,0,0,0,0,6,5,1,0,0,0
107,公立,技專校院,0022,國立臺灣科技大學,學士班(日間),加拿大,北美洲,1,0,1,0,0,0,1,0,1,0,0,0,0,0,0
107,公立,技專校院,0022,國立臺灣科技大學,學士班(日間),尼加拉瓜,中南美洲,1,0,1,1,0,1,0,0,0,0,0,0,0,0,0
107,公立,技專校院,0022,國立臺灣科技大學,學士班(日間),貝里斯,中南美洲,1,0,1,0,0,0,1,0,1,0,0,0,0,0,0
107,公立,技專校院,0022,國立臺灣科技大學,學士班(日間),大陸地區,大陸地區,42,24,18,0,0,0,0,0,0,0,0,0,42,24,18
107,公立,技專校院,0022,國立臺灣科技大學,碩士班(日間),印度,南亞,4,1,3,4,1,3,0,0,0,0,0,0,0,0,0
107,公立,技專校院,0022,國立臺灣科技大學,碩士班(日間),印度尼西亞共和國,東協,115,73,42,113,73,40,2,0,2,0,0,0,0,0,0
107,公立,技專校院,0022,國立臺灣科技大學,碩士班(日間),日本,其他亞洲地區,2,2,0,2,2,0,0,0,0,0,0,0,0,0,0
107,公立,技專校院,0022,國立臺灣科技大學,碩士班(日間),馬來西亞,東協,3,0,3,1,0,1,2,0,2,0,0,0,0,0,0
107,公立,技專校院,0022,國立臺灣科技大學,碩士班(日間),巴基斯坦,南亞,5,4,1,5,4,1,0,0,0,0,0,0,0,0,0
107,公立,技專校院,0022,國立臺灣科技大學,碩士班(日間),菲律賓共和國,東協,8,5,3,8,5,3,0,0,0,0,0,0,0,0,0
107,公立,技專校院,0022,國立臺灣科技大學,碩士班(日間),泰國,東協,5,1,4,5,1,4,0,0,0,0,0,0,0,0,0
107,公立,技專校院,0022,國立臺灣科技大學,碩士班(日間),越南社會主義共和國,東協,18,6,12,18,6,12,0,0,0,0,0,0,0,0,0
107,公立,技專校院,0022,國立臺灣科技大學,碩士班(日間),香港,港澳,2,1,1,0,0,0,0,0,0,2,1,1,0,0,0
107,公立,技專校院,0022,國立臺灣科技大學,碩士班(日間),澳門,港澳,3,2,1,0,0,0,0,0,0,3,2,1,0,0,0
107,公立,技專校院,0022,國立臺灣科技大學,碩士班(日間),俄羅斯聯邦,其他亞洲地區,3,1,2,3,1,2,0,0,0,0,0,0,0,0,0
107,公立,技專校院,0022,國立臺灣科技大學,碩士班(日間),衣索比亞聯邦民主共和國,非洲,6,5,1,6,5,1,0,0,0,0,0,0,0,0,0
107,公立,技專校院,0022,國立臺灣科技大學,碩士班(日間),甘比亞共和國,非洲,3,3,0,3,3,0,0,0,0,0,0,0,0,0,0
107,公立,技專校院,0022,國立臺灣科技大學,碩士班(日間),肯亞共和國,非洲,3,3,0,3,3,0,0,0,0,0,0,0,0,0,0
107,公立,技專校院,0022,國立臺灣科技大學,碩士班(日間),布吉納法索,非洲,1,0,1,1,0,1,0,0,0,0,0,0,0,0,0
107,公立,技專校院,0022,國立臺灣科技大學,碩士班(日間),史瓦帝尼王國,非洲,2,1,1,2,1,1,0,0,0,0,0,0,0,0,0
107,公立,技專校院,0022,國立臺灣科技大學,碩士班(日間),波蘭共和國,歐洲,1,0,1,1,0,1,0,0,0,0,0,0,0,0,0
107,公立,技專校院,0022,國立臺灣科技大學,碩士班(日間),西班牙王國,歐洲,1,1,0,1,1,0,0,0,0,0,0,0,0,0,0
107,公立,技專校院,0022,國立臺灣科技大學,碩士班(日間),瑞士聯邦,歐洲,1,1,0,1,1,0,0,0,0,0,0,0,0,0,0
107,公立,技專校院,0022,國立臺灣科技大學,碩士班(日間),德意志聯邦共和國,歐洲,1,1,0,1,1,0,0,0,0,0,0,0,0,0,0
107,公立,技專校院,0022,國立臺灣科技大學,碩士班(日間),多明尼加共和國,中南美洲,1,0,1,1,0,1,0,0,0,0,0,0,0,0,0
107,公立,技專校院,0022,國立臺灣科技大學,碩士班(日間),瓜地馬拉共和國,中南美洲,1,0,1,1,0,1,0,0,0,0,0,0,0,0,0
107,公立,技專校院,0022,國立臺灣科技大學,碩士班(日間),尼加拉瓜,中南美洲,1,0,1,1,0,1,0,0,0,0,0,0,0,0,0
107,公立,技專校院,0022,國立臺灣科技大學,碩士班(日間),美國,北美洲,3,2,1,2,2,0,1,0,1,0,0,0,0,0,0
107,公立,技專校院,0022,國立臺灣科技大學,碩士班(日間),哥倫比亞共和國,中南美洲,1,1,0,1,1,0,0,0,0,0,0,0,0,0,0
107,公立,技專校院,0022,國立臺灣科技大學,碩士班(日間),厄瓜多共和國,中南美洲,1,1,0,1,1,0,0,0,0,0,0,0,0,0,0
107,公立,技專校院,0022,國立臺灣科技大學,碩士班(日間),大陸地區,大陸地區,26,14,12,0,0,0,0,0,0,0,0,0,26,14,12
107,公立,技專校院,0022,國立臺灣科技大學,博士班,印度,南亞,3,2,1,3,2,1,0,0,0,0,0,0,0,0,0
107,公立,技專校院,0022,國立臺灣科技大學,博士班,印度尼西亞共和國,東協,11,8,3,11,8,3,0,0,0,0,0,0,0,0,0
107,公立,技專校院,0022,國立臺灣科技大學,博士班,伊朗伊斯蘭共和國,其他亞洲地區,1,1,0,1,1,0,0,0,0,0,0,0,0,0,0
107,公立,技專校院,0022,國立臺灣科技大學,博士班,越南社會主義共和國,東協,12,7,5,12,7,5,0,0,0,0,0,0,0,0,0
107,公立,技專校院,0022,國立臺灣科技大學,博士班,衣索比亞聯邦民主共和國,非洲,27,27,0,27,27,0,0,0,0,0,0,0,0,0,0
107,公立,技專校院,0022,國立臺灣科技大學,博士班,肯亞共和國,非洲,2,2,0,2,2,0,0,0,0,0,0,0,0,0,0
107,公立,技專校院,0022,國立臺灣科技大學,博士班,西班牙王國,歐洲,1,1,0,1,1,0,0,0,0,0,0,0,0,0,0
107,公立,技專校院,0022,國立臺灣科技大學,博士班,阿根廷,中南美洲,1,1,0,0,0,0,1,1,0,0,0,0,0,0,0
107,公立,技專校院,0022,國立臺灣科技大學,博士班,大陸地區,大陸地區,3,3,0,0,0,0,0,0,0,0,0,0,3,3,0
107,公立,技專校院,0023,國立雲林科技大學,學士班(日間),印度尼西亞共和國,東協,9,4,5,3,1,2,6,3,3,0,0,0,0,0,0
107,公立,技專校院,0023,國立雲林科技大學,學士班(日間),馬來西亞,東協,30,17,13,12,5,7,18,12,6,0,0,0,0,0,0
107,公立,技專校院,0023,國立雲林科技大學,學士班(日間),香港,港澳,21,9,12,0,0,0,0,0,0,21,9,12,0,0,0
107,公立,技專校院,0023,國立雲林科技大學,學士班(日間),澳門,港澳,6,4,2,0,0,0,0,0,0,6,4,2,0,0,0
107,公立,技專校院,0023,國立雲林科技大學,學士班(日間),紐西蘭,其他亞洲地區,1,1,0,0,0,0,1,1,0,0,0,0,0,0,0
107,公立,技專校院,0023,國立雲林科技大學,學士班(日間),義大利共和國,歐洲,1,1,0,1,1,0,0,0,0,0,0,0,0,0,0
107,公立,技專校院,0023,國立雲林科技大學,學士班(日間),厄瓜多共和國,中南美洲,1,0,1,0,0,0,1,0,1,0,0,0,0,0,0
107,公立,技專校院,0023,國立雲林科技大學,學士班(日間),大陸地區,大陸地區,33,18,15,0,0,0,0,0,0,0,0,0,33,18,15
107,公立,技專校院,0023,國立雲林科技大學,碩士班(日間),印度尼西亞共和國,東協,8,2,6,8,2,6,0,0,0,0,0,0,0,0,0
107,公立,技專校院,0023,國立雲林科技大學,碩士班(日間),越南社會主義共和國,東協,10,6,4,10,6,4,0,0,0,0,0,0,0,0,0
107,公立,技專校院,0023,國立雲林科技大學,碩士班(日間),香港,港澳,1,1,0,0,0,0,0,0,0,1,1,0,0,0,0
107,公立,技專校院,0023,國立雲林科技大學,碩士班(日間),澳門,港澳,1,1,0,0,0,0,0,0,0,1,1,0,0,0,0
107,公立,技專校院,0023,國立雲林科技大學,碩士班(日間),大陸地區,大陸地區,6,2,4,0,0,0,0,0,0,0,0,0,6,2,4
107,公立,技專校院,0023,國立雲林科技大學,博士班,越南社會主義共和國,東協,1,1,0,1,1,0,0,0,0,0,0,0,0,0,0
107,公立,技專校院,0023,國立雲林科技大學,博士班,大陸地區,大陸地區,5,3,2,0,0,0,0,0,0,0,0,0,5,3,2
107,公立,技專校院,0024,國立屏東科技大學,學士班(日間),印度尼西亞共和國,東協,3,2,1,1,1,0,2,1,1,0,0,0,0,0,0
107,公立,技專校院,0024,國立屏東科技大學,學士班(日間),馬來西亞,東協,45,32,13,16,14,2,29,18,11,0,0,0,0,0,0
107,公立,技專校院,0024,國立屏東科技大學,學士班(日間),新加坡共和國,東協,1,0,1,1,0,1,0,0,0,0,0,0,0,0,0
107,公立,技專校院,0024,國立屏東科技大學,學士班(日間),香港,港澳,23,12,11,0,0,0,0,0,0,23,12,11,0,0,0
107,公立,技專校院,0024,國立屏東科技大學,學士班(日間),澳門,港澳,12,2,10,0,0,0,0,0,0,12,2,10,0,0,0
107,公立,技專校院,0024,國立屏東科技大學,學士班(日間),索羅門群島,其他亞洲地區,1,0,1,1,0,1,0,0,0,0,0,0,0,0,0
107,公立,技專校院,0024,國立屏東科技大學,學士班(日間),加拿大,北美洲,1,0,1,0,0,0,1,0,1,0,0,0,0,0,0
107,公立,技專校院,0024,國立屏東科技大學,學士班(日間),薩爾瓦多,中南美洲,1,0,1,1,0,1,0,0,0,0,0,0,0,0,0
107,公立,技專校院,0024,國立屏東科技大學,學士班(日間),貝里斯,中南美洲,2,1,1,2,1,1,0,0,0,0,0,0,0,0,0
107,公立,技專校院,0024,國立屏東科技大學,學士班(日間),聖克里斯多福及尼維斯,中南美洲,1,0,1,1,0,1,0,0,0,0,0,0,0,0,0
107,公立,技專校院,0024,國立屏東科技大學,學士班(日間),大陸地區,大陸地區,4,1,3,0,0,0,0,0,0,0,0,0,4,1,3
107,公立,技專校院,0024,國立屏東科技大學,碩士班(日間),印度尼西亞共和國,東協,23,12,11,23,12,11,0,0,0,0,0,0,0,0,0
107,公立,技專校院,0024,國立屏東科技大學,碩士班(日間),馬來西亞,東協,5,2,3,1,1,0,4,1,3,0,0,0,0,0,0
107,公立,技專校院,0024,國立屏東科技大學,碩士班(日間),泰國,東協,3,0,3,3,0,3,0,0,0,0,0,0,0,0,0
107,公立,技專校院,0024,國立屏東科技大學,碩士班(日間),香港,港澳,1,0,1,0,0,0,0,0,0,1,0,1,0,0,0
107,公立,技專校院,0024,國立屏東科技大學,碩士班(日間),蒙古國,其他亞洲地區,2,0,2,2,0,2,0,0,0,0,0,0,0,0,0
107,公立,技專校院,0024,國立屏東科技大學,碩士班(日間),巴布亞紐幾內亞獨立國,其他亞洲地區,1,1,0,1,1,0,0,0,0,0,0,0,0,0,0
107,公立,技專校院,0024,國立屏東科技大學,碩士班(日間),索羅門群島,其他亞洲地區,1,0,1,1,0,1,0,0,0,0,0,0,0,0,0
107,公立,技專校院,0024,國立屏東科技大學,碩士班(日間),辛巴威共和國,非洲,1,1,0,1,1,0,0,0,0,0,0,0,0,0,0
107,公立,技專校院,0024,國立屏東科技大學,碩士班(日間),布吉納法索,非洲,1,1,0,1,1,0,0,0,0,0,0,0,0,0,0
107,公立,技專校院,0024,國立屏東科技大學,碩士班(日間),史瓦帝尼王國,非洲,2,2,0,2,2,0,0,0,0,0,0,0,0,0,0
107,公立,技專校院,0024,國立屏東科技大學,碩士班(日間),多明尼加共和國,中南美洲,1,1,0,1,1,0,0,0,0,0,0,0,0,0,0
107,公立,技專校院,0024,國立屏東科技大學,碩士班(日間),海地共和國,中南美洲,1,0,1,1,0,1,0,0,0,0,0,0,0,0,0
107,公立,技專校院,0024,國立屏東科技大學,碩士班(日間),貝里斯,中南美洲,1,1,0,1,1,0,0,0,0,0,0,0,0,0,0
107,公立,技專校院,0024,國立屏東科技大學,博士班,泰國,東協,6,2,4,6,2,4,0,0,0,0,0,0,0,0,0
107,公立,技專校院,0024,國立屏東科技大學,博士班,越南社會主義共和國,東協,4,3,1,4,3,1,0,0,0,0,0,0,0,0,0
107,公立,技專校院,0024,國立屏東科技大學,博士班,史瓦帝尼王國,非洲,1,1,0,1,1,0,0,0,0,0,0,0,0,0,0
107,公立,技專校院,0024,國立屏東科技大學,博士班,海地共和國,中南美洲,1,1,0,1,1,0,0,0,0,0,0,0,0,0,0
107,公立,技專校院,0025,國立臺北科技大學,學士班(日間),緬甸,東協,2,0,2,0,0,0,2,0,2,0,0,0,0,0,0
107,公立,技專校院,0025,國立臺北科技大學,學士班(日間),印度尼西亞共和國,東協,4,3,1,0,0,0,4,3,1,0,0,0,0,0,0
107,公立,技專校院,0025,國立臺北科技大學,學士班(日間),馬來西亞,東協,14,9,5,6,3,3,8,6,2,0,0,0,0,0,0
107,公立,技專校院,0025,國立臺北科技大學,學士班(日間),泰國,東協,1,1,0,0,0,0,1,1,0,0,0,0,0,0,0
107,公立,技專校院,0025,國立臺北科技大學,學士班(日間),越南社會主義共和國,東協,1,1,0,0,0,0,1,1,0,0,0,0,0,0,0
107,公立,技專校院,0025,國立臺北科技大學,學士班(日間),香港,港澳,16,9,7,0,0,0,0,0,0,16,9,7,0,0,0
107,公立,技專校院,0025,國立臺北科技大學,學士班(日間),澳門,港澳,6,4,2,0,0,0,0,0,0,6,4,2,0,0,0
107,公立,技專校院,0025,國立臺北科技大學,學士班(日間),蒙古國,其他亞洲地區,1,0,1,1,0,1,0,0,0,0,0,0,0,0,0
107,公立,技專校院,0025,國立臺北科技大學,學士班(日間),南非共和國,非洲,1,0,1,0,0,0,1,0,1,0,0,0,0,0,0
107,公立,技專校院,0025,國立臺北科技大學,學士班(日間),加拿大,北美洲,1,1,0,0,0,0,1,1,0,0,0,0,0,0,0
107,公立,技專校院,0025,國立臺北科技大學,學士班(日間),海地共和國,中南美洲,2,1,1,2,1,1,0,0,0,0,0,0,0,0,0
107,公立,技專校院,0025,國立臺北科技大學,學士班(日間),宏都拉斯共和國,中南美洲,1,0,1,1,0,1,0,0,0,0,0,0,0,0,0
107,公立,技專校院,0025,國立臺北科技大學,學士班(日間),巴拿馬共和國,中南美洲,4,2,2,4,2,2,0,0,0,0,0,0,0,0,0
107,公立,技專校院,0025,國立臺北科技大學,學士班(日間),巴拉圭,中南美洲,2,2,0,2,2,0,0,0,0,0,0,0,0,0,0
107,公立,技專校院,0025,國立臺北科技大學,學士班(日間),大陸地區,大陸地區,40,18,22,0,0,0,0,0,0,0,0,0,40,18,22
107,公立,技專校院,0025,國立臺北科技大學,碩士班(日間),印度,南亞,4,3,1,4,3,1,0,0,0,0,0,0,0,0,0
107,公立,技專校院,0025,國立臺北科技大學,碩士班(日間),印度尼西亞共和國,東協,6,4,2,6,4,2,0,0,0,0,0,0,0,0,0
107,公立,技專校院,0025,國立臺北科技大學,碩士班(日間),伊朗伊斯蘭共和國,其他亞洲地區,1,1,0,1,1,0,0,0,0,0,0,0,0,0,0
107,公立,技專校院,0025,國立臺北科技大學,碩士班(日間),馬來西亞,東協,7,5,2,3,2,1,4,3,1,0,0,0,0,0,0
107,公立,技專校院,0025,國立臺北科技大學,碩士班(日間),泰國,東協,6,3,3,6,3,3,0,0,0,0,0,0,0,0,0
107,公立,技專校院,0025,國立臺北科技大學,碩士班(日間),土耳其共和國,其他亞洲地區,2,2,0,2,2,0,0,0,0,0,0,0,0,0,0
107,公立,技專校院,0025,國立臺北科技大學,碩士班(日間),越南社會主義共和國,東協,12,6,6,12,6,6,0,0,0,0,0,0,0,0,0
107,公立,技專校院,0025,國立臺北科技大學,碩士班(日間),香港,港澳,2,1,1,0,0,0,0,0,0,2,1,1,0,0,0
107,公立,技專校院,0025,國立臺北科技大學,碩士班(日間),澳門,港澳,1,1,0,0,0,0,0,0,0,1,1,0,0,0,0
107,公立,技專校院,0025,國立臺北科技大學,碩士班(日間),蒙古國,其他亞洲地區,2,0,2,2,0,2,0,0,0,0,0,0,0,0,0
107,公立,技專校院,0025,國立臺北科技大學,碩士班(日間),衣索比亞聯邦民主共和國,非洲,3,3,0,3,3,0,0,0,0,0,0,0,0,0,0
107,公立,技專校院,0025,國立臺北科技大學,碩士班(日間),甘比亞共和國,非洲,1,1,0,1,1,0,0,0,0,0,0,0,0,0,0
107,公立,技專校院,0025,國立臺北科技大學,碩士班(日間),布吉納法索,非洲,1,1,0,1,1,0,0,0,0,0,0,0,0,0,0
107,公立,技專校院,0025,國立臺北科技大學,碩士班(日間),史瓦帝尼王國,非洲,10,8,2,10,8,2,0,0,0,0,0,0,0,0,0
107,公立,技專校院,0025,國立臺北科技大學,碩士班(日間),愛爾蘭共和國,歐洲,1,1,0,1,1,0,0,0,0,0,0,0,0,0,0
107,公立,技專校院,0025,國立臺北科技大學,碩士班(日間),義大利共和國,歐洲,1,1,0,1,1,0,0,0,0,0,0,0,0,0,0
107,公立,技專校院,0025,國立臺北科技大學,碩士班(日間),荷蘭王國,歐洲,2,1,1,2,1,1,0,0,0,0,0,0,0,0,0
107,公立,技專校院,0025,國立臺北科技大學,碩士班(日間),塞爾維亞共和國,歐洲,1,1,0,1,1,0,0,0,0,0,0,0,0,0,0
107,公立,技專校院,0025,國立臺北科技大學,碩士班(日間),多明尼加共和國,中南美洲,1,1,0,1,1,0,0,0,0,0,0,0,0,0,0
107,公立,技專校院,0025,國立臺北科技大學,碩士班(日間),瓜地馬拉共和國,中南美洲,3,2,1,3,2,1,0,0,0,0,0,0,0,0,0
107,公立,技專校院,0025,國立臺北科技大學,碩士班(日間),宏都拉斯共和國,中南美洲,2,2,0,2,2,0,0,0,0,0,0,0,0,0,0
107,公立,技專校院,0025,國立臺北科技大學,碩士班(日間),尼加拉瓜,中南美洲,1,1,0,1,1,0,0,0,0,0,0,0,0,0,0
107,公立,技專校院,0025,國立臺北科技大學,碩士班(日間),美國,北美洲,1,1,0,1,1,0,0,0,0,0,0,0,0,0,0
107,公立,技專校院,0025,國立臺北科技大學,碩士班(日間),厄瓜多共和國,中南美洲,4,3,1,4,3,1,0,0,0,0,0,0,0,0,0
107,公立,技專校院,0025,國立臺北科技大學,碩士班(日間),巴拉圭,中南美洲,3,2,1,3,2,1,0,0,0,0,0,0,0,0,0
107,公立,技專校院,0025,國立臺北科技大學,碩士班(日間),秘魯共和國,中南美洲,1,1,0,1,1,0,0,0,0,0,0,0,0,0,0
107,公立,技專校院,0025,國立臺北科技大學,碩士班(日間),大陸地區,大陸地區,5,5,0,0,0,0,0,0,0,0,0,0,5,5,0
107,公立,技專校院,0025,國立臺北科技大學,博士班,印度,南亞,12,9,3,12,9,3,0,0,0,0,0,0,0,0,0
107,公立,技專校院,0025,國立臺北科技大學,博士班,新加坡共和國,東協,1,0,1,1,0,1,0,0,0,0,0,0,0,0,0
107,公立,技專校院,0025,國立臺北科技大學,博士班,泰國,東協,1,0,1,1,0,1,0,0,0,0,0,0,0,0,0
107,公立,技專校院,0025,國立臺北科技大學,博士班,越南社會主義共和國,東協,2,1,1,2,1,1,0,0,0,0,0,0,0,0,0
107,公立,技專校院,0025,國立臺北科技大學,博士班,宏都拉斯共和國,中南美洲,1,1,0,1,1,0,0,0,0,0,0,0,0,0,0
107,公立,技專校院,0025,國立臺北科技大學,博士班,大陸地區,大陸地區,1,1,0,0,0,0,0,0,0,0,0,0,1,1,0
107,公立,一般大學,0028,國立臺北藝術大學,學士班(日間),日本,其他亞洲地區,1,0,1,0,0,0,1,0,1,0,0,0,0,0,0
107,公立,一般大學,0028,國立臺北藝術大學,學士班(日間),馬來西亞,東協,9,2,7,5,1,4,4,1,3,0,0,0,0,0,0
107,公立,一般大學,0028,國立臺北藝術大學,學士班(日間),新加坡共和國,東協,1,1,0,1,1,0,0,0,0,0,0,0,0,0,0
107,公立,一般大學,0028,國立臺北藝術大學,學士班(日間),香港,港澳,4,2,2,0,0,0,0,0,0,4,2,2,0,0,0
107,公立,一般大學,0028,國立臺北藝術大學,學士班(日間),澳門,港澳,2,1,1,0,0,0,0,0,0,2,1,1,0,0,0
107,公立,一般大學,0028,國立臺北藝術大學,學士班(日間),荷蘭王國,歐洲,1,0,1,1,0,1,0,0,0,0,0,0,0,0,0
107,公立,一般大學,0028,國立臺北藝術大學,學士班(日間),大陸地區,大陸地區,3,1,2,0,0,0,0,0,0,0,0,0,3,1,2
107,公立,一般大學,0028,國立臺北藝術大學,碩士班(日間),大韓民國(南韓),其他亞洲地區,1,0,1,1,0,1,0,0,0,0,0,0,0,0,0
107,公立,一般大學,0028,國立臺北藝術大學,碩士班(日間),馬來西亞,東協,8,4,4,1,0,1,7,4,3,0,0,0,0,0,0
107,公立,一般大學,0028,國立臺北藝術大學,碩士班(日間),新加坡共和國,東協,2,2,0,2,2,0,0,0,0,0,0,0,0,0,0
107,公立,一般大學,0028,國立臺北藝術大學,碩士班(日間),香港,港澳,5,2,3,0,0,0,0,0,0,5,2,3,0,0,0
107,公立,一般大學,0028,國立臺北藝術大學,碩士班(日間),澳門,港澳,1,0,1,0,0,0,0,0,0,1,0,1,0,0,0
107,公立,一般大學,0028,國立臺北藝術大學,碩士班(日間),西班牙王國,歐洲,1,0,1,1,0,1,0,0,0,0,0,0,0,0,0
107,公立,一般大學,0028,國立臺北藝術大學,碩士班(日間),加拿大,北美洲,1,1,0,1,1,0,0,0,0,0,0,0,0,0,0
107,公立,一般大學,0028,國立臺北藝術大學,碩士班(日間),薩爾瓦多,中南美洲,1,1,0,1,1,0,0,0,0,0,0,0,0,0,0
107,公立,一般大學,0028,國立臺北藝術大學,碩士班(日間),瓜地馬拉共和國,中南美洲,1,0,1,1,0,1,0,0,0,0,0,0,0,0,0
107,公立,一般大學,0028,國立臺北藝術大學,碩士班(日間),宏都拉斯共和國,中南美洲,2,1,1,2,1,1,0,0,0,0,0,0,0,0,0
107,公立,一般大學,0028,國立臺北藝術大學,碩士班(日間),墨西哥合眾國,中南美洲,1,1,0,1,1,0,0,0,0,0,0,0,0,0,0
107,公立,一般大學,0028,國立臺北藝術大學,碩士班(日間),美國,北美洲,1,1,0,1,1,0,0,0,0,0,0,0,0,0,0
107,公立,一般大學,0028,國立臺北藝術大學,碩士班(日間),大陸地區,大陸地區,6,0,6,0,0,0,0,0,0,0,0,0,6,0,6
107,公立,一般大學,0029,國立臺灣藝術大學,學士班(日間),印度尼西亞共和國,東協,2,1,1,1,0,1,1,1,0,0,0,0,0,0,0
107,公立,一般大學,0029,國立臺灣藝術大學,學士班(日間),日本,其他亞洲地區,1,0,1,1,0,1,0,0,0,0,0,0,0,0,0
107,公立,一般大學,0029,國立臺灣藝術大學,學士班(日間),馬來西亞,東協,15,7,8,9,5,4,6,2,4,0,0,0,0,0,0
107,公立,一般大學,0029,國立臺灣藝術大學,學士班(日間),新加坡共和國,東協,2,0,2,2,0,2,0,0,0,0,0,0,0,0,0
107,公立,一般大學,0029,國立臺灣藝術大學,學士班(日間),汶萊和平之國,東協,1,0,1,1,0,1,0,0,0,0,0,0,0,0,0
107,公立,一般大學,0029,國立臺灣藝術大學,學士班(日間),香港,港澳,8,3,5,0,0,0,0,0,0,8,3,5,0,0,0
107,公立,一般大學,0029,國立臺灣藝術大學,學士班(日間),澳門,港澳,6,2,4,0,0,0,0,0,0,6,2,4,0,0,0
107,公立,一般大學,0029,國立臺灣藝術大學,學士班(日間),英國,歐洲,1,0,1,1,0,1,0,0,0,0,0,0,0,0,0
107,公立,一般大學,0029,國立臺灣藝術大學,學士班(日間),大陸地區,大陸地區,3,0,3,0,0,0,0,0,0,0,0,0,3,0,3
107,公立,一般大學,0029,國立臺灣藝術大學,碩士班(日間),日本,其他亞洲地區,2,1,1,1,0,1,1,1,0,0,0,0,0,0,0
107,公立,一般大學,0029,國立臺灣藝術大學,碩士班(日間),馬來西亞,東協,1,1,0,0,0,0,1,1,0,0,0,0,0,0,0
107,公立,一般大學,0029,國立臺灣藝術大學,碩士班(日間),香港,港澳,4,2,2,0,0,0,0,0,0,4,2,2,0,0,0
107,公立,一般大學,0029,國立臺灣藝術大學,碩士班(日間),澳門,港澳,4,4,0,0,0,0,0,0,0,4,4,0,0,0,0
107,公立,一般大學,0029,國立臺灣藝術大學,碩士班(日間),大陸地區,大陸地區,4,1,3,0,0,0,0,0,0,0,0,0,4,1,3
107,公立,一般大學,0029,國立臺灣藝術大學,博士班,印度尼西亞共和國,東協,1,1,0,1,1,0,0,0,0,0,0,0,0,0,0
107,公立,一般大學,0029,國立臺灣藝術大學,博士班,大陸地區,大陸地區,4,3,1,0,0,0,0,0,0,0,0,0,4,3,1
107,公立,一般大學,0030,國立臺東大學,學士班(日間),大韓民國(南韓),其他亞洲地區,3,0,3,3,0,3,0,0,0,0,0,0,0,0,0
107,公立,一般大學,0030,國立臺東大學,學士班(日間),馬來西亞,東協,9,4,5,0,0,0,9,4,5,0,0,0,0,0,0
107,公立,一般大學,0030,國立臺東大學,學士班(日間),越南社會主義共和國,東協,1,0,1,1,0,1,0,0,0,0,0,0,0,0,0
107,公立,一般大學,0030,國立臺東大學,學士班(日間),香港,港澳,7,4,3,0,0,0,0,0,0,7,4,3,0,0,0
107,公立,一般大學,0030,國立臺東大學,學士班(日間),澳門,港澳,10,5,5,0,0,0,0,0,0,10,5,5,0,0,0
107,公立,一般大學,0030,國立臺東大學,學士班(日間),大陸地區,大陸地區,1,0,1,0,0,0,0,0,0,0,0,0,1,0,1
107,公立,一般大學,0030,國立臺東大學,碩士班(日間),越南社會主義共和國,東協,1,0,1,1,0,1,0,0,0,0,0,0,0,0,0
107,公立,一般大學,0031,國立宜蘭大學,學士班(日間),馬來西亞,東協,16,9,7,2,0,2,14,9,5,0,0,0,0,0,0
107,公立,一般大學,0031,國立宜蘭大學,學士班(日間),香港,港澳,13,9,4,0,0,0,0,0,0,13,9,4,0,0,0
107,公立,一般大學,0031,國立宜蘭大學,學士班(日間),澳門,港澳,4,2,2,0,0,0,0,0,0,4,2,2,0,0,0
107,公立,一般大學,0031,國立宜蘭大學,學士班(日間),聖露西亞,中南美洲,1,1,0,1,1,0,0,0,0,0,0,0,0,0,0
107,公立,一般大學,0031,國立宜蘭大學,學士班(日間),大陸地區,大陸地區,5,4,1,0,0,0,0,0,0,0,0,0,5,4,1
107,公立,一般大學,0031,國立宜蘭大學,碩士班(日間),馬來西亞,東協,4,4,0,0,0,0,4,4,0,0,0,0,0,0,0
107,公立,一般大學,0032,國立聯合大學,學士班(日間),印度尼西亞共和國,東協,2,2,0,0,0,0,2,2,0,0,0,0,0,0,0
107,公立,一般大學,0032,國立聯合大學,學士班(日間),馬來西亞,東協,4,4,0,0,0,0,4,4,0,0,0,0,0,0,0
107,公立,一般大學,0032,國立聯合大學,學士班(日間),香港,港澳,2,1,1,0,0,0,0,0,0,2,1,1,0,0,0
107,公立,一般大學,0032,國立聯合大學,學士班(日間),澳門,港澳,5,4,1,0,0,0,0,0,0,5,4,1,0,0,0
107,公立,一般大學,0032,國立聯合大學,學士班(日間),大陸地區,大陸地區,5,4,1,0,0,0,0,0,0,0,0,0,5,4,1
107,公立,技專校院,0033,國立虎尾科技大學,學士班(日間),馬來西亞,東協,2,2,0,0,0,0,2,2,0,0,0,0,0,0,0
107,公立,技專校院,0033,國立虎尾科技大學,學士班(日間),香港,港澳,1,1,0,0,0,0,0,0,0,1,1,0,0,0,0
107,公立,技專校院,0033,國立虎尾科技大學,學士班(日間),大陸地區,大陸地區,7,7,0,0,0,0,0,0,0,0,0,0,7,7,0
107,公立,技專校院,0033,國立虎尾科技大學,碩士班(日間),印度尼西亞共和國,東協,4,2,2,4,2,2,0,0,0,0,0,0,0,0,0
107,公立,技專校院,0033,國立虎尾科技大學,碩士班(日間),泰國,東協,13,3,10,13,3,10,0,0,0,0,0,0,0,0,0
107,公立,技專校院,0033,國立虎尾科技大學,碩士班(日間),越南社會主義共和國,東協,14,3,11,14,3,11,0,0,0,0,0,0,0,0,0
107,公立,技專校院,0033,國立虎尾科技大學,碩士班(日間),蒙古國,其他亞洲地區,7,0,7,7,0,7,0,0,0,0,0,0,0,0,0
107,公立,技專校院,0033,國立虎尾科技大學,碩士班(日間),大陸地區,大陸地區,1,1,0,0,0,0,0,0,0,0,0,0,1,1,0
107,公立,技專校院,0033,國立虎尾科技大學,博士班,越南社會主義共和國,東協,2,1,1,2,1,1,0,0,0,0,0,0,0,0,0
107,公立,一般大學,0035,國立臺南藝術大學,學士班(日間),馬來西亞,東協,2,2,0,1,1,0,1,1,0,0,0,0,0,0,0
107,公立,一般大學,0035,國立臺南藝術大學,學士班(日間),香港,港澳,1,1,0,0,0,0,0,0,0,1,1,0,0,0,0
107,公立,一般大學,0035,國立臺南藝術大學,碩士班(日間),日本,其他亞洲地區,1,0,1,1,0,1,0,0,0,0,0,0,0,0,0
107,公立,一般大學,0035,國立臺南藝術大學,碩士班(日間),大韓民國(南韓),其他亞洲地區,1,1,0,1,1,0,0,0,0,0,0,0,0,0,0
107,公立,一般大學,0035,國立臺南藝術大學,碩士班(日間),馬來西亞,東協,1,0,1,0,0,0,1,0,1,0,0,0,0,0,0
107,公立,一般大學,0035,國立臺南藝術大學,碩士班(日間),澳門,港澳,1,0,1,0,0,0,0,0,0,1,0,1,0,0,0
107,公立,一般大學,0035,國立臺南藝術大學,碩士班(日間),西班牙王國,歐洲,1,0,1,1,0,1,0,0,0,0,0,0,0,0,0
107,公立,一般大學,0035,國立臺南藝術大學,碩士班(日間),大陸地區,大陸地區,2,1,1,0,0,0,0,0,0,0,0,0,2,1,1
107,公立,一般大學,0036,國立臺南大學,學士班(日間),印度尼西亞共和國,東協,2,2,0,0,0,0,2,2,0,0,0,0,0,0,0
107,公立,一般大學,0036,國立臺南大學,學士班(日間),日本,其他亞洲地區,1,0,1,1,0,1,0,0,0,0,0,0,0,0,0
107,公立,一般大學,0036,國立臺南大學,學士班(日間),馬來西亞,東協,16,7,9,1,0,1,15,7,8,0,0,0,0,0,0
107,公立,一般大學,0036,國立臺南大學,學士班(日間),香港,港澳,7,4,3,0,0,0,0,0,0,7,4,3,0,0,0
107,公立,一般大學,0036,國立臺南大學,學士班(日間),澳門,港澳,3,2,1,0,0,0,0,0,0,3,2,1,0,0,0
107,公立,一般大學,0036,國立臺南大學,學士班(日間),美國,北美洲,1,1,0,0,0,0,1,1,0,0,0,0,0,0,0
107,公立,一般大學,0036,國立臺南大學,學士班(日間),大陸地區,大陸地區,4,1,3,0,0,0,0,0,0,0,0,0,4,1,3
107,公立,一般大學,0036,國立臺南大學,碩士班(日間),馬來西亞,東協,2,1,1,0,0,0,2,1,1,0,0,0,0,0,0
107,公立,一般大學,0036,國立臺南大學,碩士班(日間),泰國,東協,1,1,0,1,1,0,0,0,0,0,0,0,0,0,0
107,公立,一般大學,0036,國立臺南大學,碩士班(日間),越南社會主義共和國,東協,1,1,0,1,1,0,0,0,0,0,0,0,0,0,0
107,公立,一般大學,0036,國立臺南大學,碩士班(日間),美國,北美洲,1,1,0,1,1,0,0,0,0,0,0,0,0,0,0
107,公立,一般大學,0036,國立臺南大學,碩士班(日間),巴拉圭,中南美洲,1,0,1,0,0,0,1,0,1,0,0,0,0,0,0
107,公立,一般大學,0036,國立臺南大學,博士班,大陸地區,大陸地區,1,1,0,0,0,0,0,0,0,0,0,0,1,1,0
107,公立,一般大學,0037,國立臺北教育大學,學士班(日間),緬甸,東協,4,1,3,0,0,0,4,1,3,0,0,0,0,0,0
107,公立,一般大學,0037,國立臺北教育大學,學士班(日間),印度尼西亞共和國,東協,2,0,2,0,0,0,2,0,2,0,0,0,0,0,0
107,公立,一般大學,0037,國立臺北教育大學,學士班(日間),日本,其他亞洲地區,1,0,1,0,0,0,1,0,1,0,0,0,0,0,0
107,公立,一般大學,0037,國立臺北教育大學,學士班(日間),馬來西亞,東協,16,4,12,1,0,1,15,4,11,0,0,0,0,0,0
107,公立,一般大學,0037,國立臺北教育大學,學士班(日間),香港,港澳,11,3,8,0,0,0,0,0,0,11,3,8,0,0,0
107,公立,一般大學,0037,國立臺北教育大學,學士班(日間),澳門,港澳,7,5,2,0,0,0,0,0,0,7,5,2,0,0,0
107,公立,一般大學,0037,國立臺北教育大學,學士班(日間),大陸地區,大陸地區,4,0,4,0,0,0,0,0,0,0,0,0,4,0,4
107,公立,一般大學,0037,國立臺北教育大學,碩士班(日間),馬來西亞,東協,3,0,3,0,0,0,3,0,3,0,0,0,0,0,0
107,公立,一般大學,0037,國立臺北教育大學,碩士班(日間),菲律賓共和國,東協,1,0,1,1,0,1,0,0,0,0,0,0,0,0,0
107,公立,一般大學,0037,國立臺北教育大學,碩士班(日間),泰國,東協,1,0,1,1,0,1,0,0,0,0,0,0,0,0,0
107,公立,一般大學,0037,國立臺北教育大學,碩士班(日間),越南社會主義共和國,東協,5,0,5,5,0,5,0,0,0,0,0,0,0,0,0
107,公立,一般大學,0037,國立臺北教育大學,碩士班(日間),蒙古國,其他亞洲地區,1,0,1,1,0,1,0,0,0,0,0,0,0,0,0
107,公立,一般大學,0037,國立臺北教育大學,碩士班(日間),大陸地區,大陸地區,2,1,1,0,0,0,0,0,0,0,0,0,2,1,1
107,公立,一般大學,0037,國立臺北教育大學,博士班,大陸地區,大陸地區,1,0,1,0,0,0,0,0,0,0,0,0,1,0,1
107,公立,一般大學,0039,國立臺中教育大學,學士班(日間),印度尼西亞共和國,東協,7,4,3,0,0,0,7,4,3,0,0,0,0,0,0
107,公立,一般大學,0039,國立臺中教育大學,學士班(日間),日本,其他亞洲地區,2,0,2,2,0,2,0,0,0,0,0,0,0,0,0
107,公立,一般大學,0039,國立臺中教育大學,學士班(日間),大韓民國(南韓),其他亞洲地區,1,1,0,0,0,0,1,1,0,0,0,0,0,0,0
107,公立,一般大學,0039,國立臺中教育大學,學士班(日間),馬來西亞,東協,29,11,18,14,7,7,15,4,11,0,0,0,0,0,0
107,公立,一般大學,0039,國立臺中教育大學,學士班(日間),越南社會主義共和國,東協,2,0,2,1,0,1,1,0,1,0,0,0,0,0,0
107,公立,一般大學,0039,國立臺中教育大學,學士班(日間),香港,港澳,11,4,7,0,0,0,0,0,0,11,4,7,0,0,0
107,公立,一般大學,0039,國立臺中教育大學,學士班(日間),澳門,港澳,8,3,5,0,0,0,0,0,0,8,3,5,0,0,0
107,公立,一般大學,0039,國立臺中教育大學,學士班(日間),大陸地區,大陸地區,3,1,2,0,0,0,0,0,0,0,0,0,3,1,2
107,公立,一般大學,0039,國立臺中教育大學,碩士班(日間),印度尼西亞共和國,東協,1,0,1,1,0,1,0,0,0,0,0,0,0,0,0
107,公立,一般大學,0039,國立臺中教育大學,碩士班(日間),馬來西亞,東協,4,1,3,3,1,2,1,0,1,0,0,0,0,0,0
107,公立,一般大學,0039,國立臺中教育大學,碩士班(日間),越南社會主義共和國,東協,5,1,4,5,1,4,0,0,0,0,0,0,0,0,0
107,公立,一般大學,0039,國立臺中教育大學,碩士班(日間),澳門,港澳,1,0,1,0,0,0,0,0,0,1,0,1,0,0,0
107,公立,一般大學,0039,國立臺中教育大學,碩士班(日間),蒙古國,其他亞洲地區,5,3,2,5,3,2,0,0,0,0,0,0,0,0,0
107,公立,一般大學,0039,國立臺中教育大學,博士班,越南社會主義共和國,東協,1,1,0,1,1,0,0,0,0,0,0,0,0,0,0
107,公立,技專校院,0042,國立澎湖科技大學,學士班(日間),印度尼西亞共和國,東協,1,1,0,0,0,0,1,1,0,0,0,0,0,0,0
107,公立,技專校院,0042,國立澎湖科技大學,學士班(日間),馬來西亞,東協,8,7,1,3,3,0,5,4,1,0,0,0,0,0,0
107,公立,技專校院,0042,國立澎湖科技大學,學士班(日間),香港,港澳,1,0,1,0,0,0,0,0,0,1,0,1,0,0,0
107,公立,技專校院,0042,國立澎湖科技大學,學士班(日間),澳門,港澳,1,1,0,0,0,0,0,0,0,1,1,0,0,0,0
107,公立,技專校院,0042,國立澎湖科技大學,學士班(日間),大陸地區,大陸地區,5,4,1,0,0,0,0,0,0,0,0,0,5,4,1
107,公立,技專校院,0043,國立勤益科技大學,學士班(日間),印度尼西亞共和國,東協,1,0,1,0,0,0,1,0,1,0,0,0,0,0,0
107,公立,技專校院,0043,國立勤益科技大學,學士班(日間),馬來西亞,東協,4,4,0,1,1,0,3,3,0,0,0,0,0,0,0
107,公立,技專校院,0043,國立勤益科技大學,學士班(日間),香港,港澳,2,1,1,0,0,0,0,0,0,2,1,1,0,0,0
107,公立,技專校院,0043,國立勤益科技大學,學士班(日間),澳門,港澳,3,2,1,0,0,0,0,0,0,3,2,1,0,0,0
107,公立,技專校院,0043,國立勤益科技大學,學士班(日間),蒙古國,其他亞洲地區,1,1,0,1,1,0,0,0,0,0,0,0,0,0,0
107,公立,技專校院,0043,國立勤益科技大學,學士班(日間),大陸地區,大陸地區,7,6,1,0,0,0,0,0,0,0,0,0,7,6,1
107,公立,技專校院,0043,國立勤益科技大學,碩士班(日間),印度尼西亞共和國,東協,4,3,1,4,3,1,0,0,0,0,0,0,0,0,0
107,公立,技專校院,0043,國立勤益科技大學,碩士班(日間),馬來西亞,東協,3,3,0,3,3,0,0,0,0,0,0,0,0,0,0
107,公立,技專校院,0043,國立勤益科技大學,碩士班(日間),泰國,東協,3,1,2,3,1,2,0,0,0,0,0,0,0,0,0
107,公立,技專校院,0043,國立勤益科技大學,碩士班(日間),越南社會主義共和國,東協,1,0,1,1,0,1,0,0,0,0,0,0,0,0,0
107,公立,技專校院,0043,國立勤益科技大學,碩士班(日間),蒙古國,其他亞洲地區,11,4,7,11,4,7,0,0,0,0,0,0,0,0,0
107,公立,技專校院,0043,國立勤益科技大學,碩士班(日間),史瓦帝尼王國,非洲,2,2,0,2,2,0,0,0,0,0,0,0,0,0,0
107,公立,一般大學,0044,國立體育大學,學士班(日間),馬來西亞,東協,9,9,0,2,2,0,7,7,0,0,0,0,0,0,0
107,公立,一般大學,0044,國立體育大學,學士班(日間),香港,港澳,1,1,0,0,0,0,0,0,0,1,1,0,0,0,0
107,公立,一般大學,0044,國立體育大學,學士班(日間),澳門,港澳,3,3,0,0,0,0,0,0,0,3,3,0,0,0,0
107,公立,一般大學,0044,國立體育大學,學士班(日間),加拿大,北美洲,1,0,1,1,0,1,0,0,0,0,0,0,0,0,0
107,公立,一般大學,0044,國立體育大學,學士班(日間),大陸地區,大陸地區,3,1,2,0,0,0,0,0,0,0,0,0,3,1,2
107,公立,一般大學,0044,國立體育大學,碩士班(日間),大韓民國(南韓),其他亞洲地區,1,1,0,1,1,0,0,0,0,0,0,0,0,0,0
107,公立,一般大學,0044,國立體育大學,碩士班(日間),馬來西亞,東協,1,1,0,0,0,0,1,1,0,0,0,0,0,0,0
107,公立,一般大學,0044,國立體育大學,碩士班(日間),香港,港澳,2,2,0,0,0,0,0,0,0,2,2,0,0,0,0
107,公立,一般大學,0044,國立體育大學,碩士班(日間),澳門,港澳,1,1,0,0,0,0,0,0,0,1,1,0,0,0,0
107,公立,一般大學,0044,國立體育大學,碩士班(日間),大陸地區,大陸地區,1,0,1,0,0,0,0,0,0,0,0,0,1,0,1
107,公立,一般大學,0044,國立體育大學,博士班,吐瓦魯,其他亞洲地區,1,1,0,1,1,0,0,0,0,0,0,0,0,0,0
107,公立,技專校院,0046,國立臺北護理健康大學,學士班(日間),緬甸,東協,4,0,4,0,0,0,4,0,4,0,0,0,0,0,0
107,公立,技專校院,0046,國立臺北護理健康大學,學士班(日間),馬來西亞,東協,7,1,6,0,0,0,7,1,6,0,0,0,0,0,0
107,公立,技專校院,0046,國立臺北護理健康大學,學士班(日間),香港,港澳,5,3,2,0,0,0,0,0,0,5,3,2,0,0,0
107,公立,技專校院,0046,國立臺北護理健康大學,學士班(日間),澳門,港澳,7,3,4,0,0,0,0,0,0,7,3,4,0,0,0
107,公立,技專校院,0046,國立臺北護理健康大學,學士班(日間),大陸地區,大陸地區,1,0,1,0,0,0,0,0,0,0,0,0,1,0,1
107,公立,技專校院,0046,國立臺北護理健康大學,碩士班(日間),印度尼西亞共和國,東協,3,1,2,3,1,2,0,0,0,0,0,0,0,0,0
107,公立,技專校院,0046,國立臺北護理健康大學,碩士班(日間),日本,其他亞洲地區,1,0,1,1,0,1,0,0,0,0,0,0,0,0,0
107,公立,技專校院,0046,國立臺北護理健康大學,碩士班(日間),越南社會主義共和國,東協,1,0,1,1,0,1,0,0,0,0,0,0,0,0,0
107,公立,技專校院,0046,國立臺北護理健康大學,碩士班(日間),香港,港澳,5,0,5,0,0,0,0,0,0,5,0,5,0,0,0
107,公立,技專校院,0046,國立臺北護理健康大學,碩士班(日間),澳門,港澳,1,1,0,0,0,0,0,0,0,1,1,0,0,0,0
107,公立,技專校院,0046,國立臺北護理健康大學,碩士班(日間),巴布亞紐幾內亞獨立國,其他亞洲地區,2,0,2,2,0,2,0,0,0,0,0,0,0,0,0
107,公立,技專校院,0046,國立臺北護理健康大學,碩士班(日間),帛琉共和國,其他亞洲地區,1,0,1,1,0,1,0,0,0,0,0,0,0,0,0
107,公立,技專校院,0046,國立臺北護理健康大學,碩士班(日間),馬拉威共和國,非洲,2,0,2,2,0,2,0,0,0,0,0,0,0,0,0
107,公立,技專校院,0046,國立臺北護理健康大學,碩士班(日間),史瓦帝尼王國,非洲,1,0,1,1,0,1,0,0,0,0,0,0,0,0,0
107,公立,技專校院,0046,國立臺北護理健康大學,碩士班(日間),聖文森(及格瑞那丁),中南美洲,1,1,0,1,1,0,0,0,0,0,0,0,0,0,0
107,公立,技專校院,0046,國立臺北護理健康大學,碩士班(日間),聖克里斯多福及尼維斯,中南美洲,1,0,1,1,0,1,0,0,0,0,0,0,0,0,0
107,公立,技專校院,0047,國立高雄餐旅大學,學士班(日間),緬甸,東協,1,1,0,0,0,0,1,1,0,0,0,0,0,0,0
107,公立,技專校院,0047,國立高雄餐旅大學,學士班(日間),印度尼西亞共和國,東協,11,4,7,2,2,0,9,2,7,0,0,0,0,0,0
107,公立,技專校院,0047,國立高雄餐旅大學,學士班(日間),日本,其他亞洲地區,1,1,0,1,1,0,0,0,0,0,0,0,0,0,0
107,公立,技專校院,0047,國立高雄餐旅大學,學士班(日間),大韓民國(南韓),其他亞洲地區,2,1,1,2,1,1,0,0,0,0,0,0,0,0,0
107,公立,技專校院,0047,國立高雄餐旅大學,學士班(日間),馬來西亞,東協,29,16,13,11,6,5,18,10,8,0,0,0,0,0,0
107,公立,技專校院,0047,國立高雄餐旅大學,學士班(日間),菲律賓共和國,東協,1,1,0,1,1,0,0,0,0,0,0,0,0,0,0
107,公立,技專校院,0047,國立高雄餐旅大學,學士班(日間),新加坡共和國,東協,2,0,2,2,0,2,0,0,0,0,0,0,0,0,0
107,公立,技專校院,0047,國立高雄餐旅大學,學士班(日間),泰國,東協,1,0,1,0,0,0,1,0,1,0,0,0,0,0,0
107,公立,技專校院,0047,國立高雄餐旅大學,學士班(日間),越南社會主義共和國,東協,3,0,3,1,0,1,2,0,2,0,0,0,0,0,0
107,公立,技專校院,0047,國立高雄餐旅大學,學士班(日間),香港,港澳,4,0,4,0,0,0,0,0,0,4,0,4,0,0,0
107,公立,技專校院,0047,國立高雄餐旅大學,學士班(日間),澳門,港澳,9,3,6,0,0,0,0,0,0,9,3,6,0,0,0
107,公立,技專校院,0047,國立高雄餐旅大學,學士班(日間),貝里斯,中南美洲,1,1,0,1,1,0,0,0,0,0,0,0,0,0,0
107,公立,技專校院,0047,國立高雄餐旅大學,學士班(日間),巴西聯邦共和國,中南美洲,2,0,2,0,0,0,2,0,2,0,0,0,0,0,0
107,公立,技專校院,0047,國立高雄餐旅大學,學士班(日間),厄瓜多共和國,中南美洲,1,1,0,0,0,0,1,1,0,0,0,0,0,0,0
107,公立,技專校院,0047,國立高雄餐旅大學,學士班(日間),大陸地區,大陸地區,3,2,1,0,0,0,0,0,0,0,0,0,3,2,1
107,公立,技專校院,0047,國立高雄餐旅大學,博士班,大陸地區,大陸地區,2,1,1,0,0,0,0,0,0,0,0,0,2,1,1
107,公立,一般大學,0048,國立金門大學,學士班(日間),馬來西亞,東協,10,5,5,0,0,0,10,5,5,0,0,0,0,0,0
107,公立,一般大學,0048,國立金門大學,學士班(日間),香港,港澳,2,1,1,0,0,0,0,0,0,2,1,1,0,0,0
107,公立,一般大學,0048,國立金門大學,學士班(日間),澳門,港澳,2,1,1,0,0,0,0,0,0,2,1,1,0,0,0
107,公立,一般大學,0048,國立金門大學,學士班(日間),大陸地區,大陸地區,34,22,12,0,0,0,0,0,0,0,0,0,34,22,12
107,公立,一般大學,0048,國立金門大學,碩士班(日間),大陸地區,大陸地區,2,2,0,0,0,0,0,0,0,0,0,0,2,2,0
107,公立,一般大學,0049,國立臺灣體育運動大學,學士班(日間),日本,其他亞洲地區,3,3,0,1,1,0,2,2,0,0,0,0,0,0,0
107,公立,一般大學,0049,國立臺灣體育運動大學,學士班(日間),大韓民國(南韓),其他亞洲地區,1,1,0,1,1,0,0,0,0,0,0,0,0,0,0
107,公立,一般大學,0049,國立臺灣體育運動大學,學士班(日間),馬來西亞,東協,6,5,1,0,0,0,6,5,1,0,0,0,0,0,0
107,公立,一般大學,0049,國立臺灣體育運動大學,學士班(日間),泰國,東協,1,1,0,0,0,0,1,1,0,0,0,0,0,0,0
107,公立,一般大學,0049,國立臺灣體育運動大學,學士班(日間),香港,港澳,8,6,2,0,0,0,0,0,0,8,6,2,0,0,0
107,公立,一般大學,0049,國立臺灣體育運動大學,學士班(日間),澳門,港澳,6,6,0,0,0,0,0,0,0,6,6,0,0,0,0
107,公立,一般大學,0049,國立臺灣體育運動大學,學士班(日間),大陸地區,大陸地區,2,1,1,0,0,0,0,0,0,0,0,0,2,1,1
107,公立,一般大學,0049,國立臺灣體育運動大學,碩士班(日間),馬來西亞,東協,1,0,1,1,0,1,0,0,0,0,0,0,0,0,0
107,公立,一般大學,0049,國立臺灣體育運動大學,碩士班(日間),大陸地區,大陸地區,1,0,1,0,0,0,0,0,0,0,0,0,1,0,1
107,公立,技專校院,0050,國立臺中科技大學,五專,泰國,東協,1,0,1,0,0,0,1,0,1,0,0,0,0,0,0
107,公立,技專校院,0050,國立臺中科技大學,學士班(日間),印度尼西亞共和國,東協,4,1,3,1,0,1,3,1,2,0,0,0,0,0,0
107,公立,技專校院,0050,國立臺中科技大學,學士班(日間),日本,其他亞洲地區,1,1,0,1,1,0,0,0,0,0,0,0,0,0,0
107,公立,技專校院,0050,國立臺中科技大學,學士班(日間),馬來西亞,東協,11,5,6,0,0,0,11,5,6,0,0,0,0,0,0
107,公立,技專校院,0050,國立臺中科技大學,學士班(日間),泰國,東協,1,1,0,0,0,0,1,1,0,0,0,0,0,0,0
107,公立,技專校院,0050,國立臺中科技大學,學士班(日間),香港,港澳,7,3,4,0,0,0,0,0,0,7,3,4,0,0,0
107,公立,技專校院,0050,國立臺中科技大學,學士班(日間),澳門,港澳,4,3,1,0,0,0,0,0,0,4,3,1,0,0,0
107,公立,技專校院,0050,國立臺中科技大學,學士班(日間),美國,北美洲,1,1,0,1,1,0,0,0,0,0,0,0,0,0,0
107,公立,技專校院,0050,國立臺中科技大學,學士班(日間),多米尼克,中南美洲,1,1,0,0,0,0,1,1,0,0,0,0,0,0,0
107,公立,技專校院,0050,國立臺中科技大學,學士班(日間),大陸地區,大陸地區,5,3,2,0,0,0,0,0,0,0,0,0,5,3,2
107,公立,技專校院,0050,國立臺中科技大學,碩士班(日間),大陸地區,大陸地區,1,0,1,0,0,0,0,0,0,0,0,0,1,0,1
107,公立,技專校院,0051,國立臺北商業大學,五專,印度尼西亞共和國,東協,1,1,0,0,0,0,1,1,0,0,0,0,0,0,0
107,公立,技專校院,0051,國立臺北商業大學,五專,馬來西亞,東協,1,0,1,0,0,0,1,0,1,0,0,0,0,0,0
107,公立,技專校院,0051,國立臺北商業大學,五專,阿根廷,中南美洲,1,1,0,0,0,0,1,1,0,0,0,0,0,0,0
107,公立,技專校院,0051,國立臺北商業大學,學士班(日間),緬甸,東協,2,0,2,0,0,0,2,0,2,0,0,0,0,0,0
107,公立,技專校院,0051,國立臺北商業大學,學士班(日間),印度尼西亞共和國,東協,4,2,2,0,0,0,4,2,2,0,0,0,0,0,0
107,公立,技專校院,0051,國立臺北商業大學,學士班(日間),馬來西亞,東協,10,4,6,0,0,0,10,4,6,0,0,0,0,0,0
107,公立,技專校院,0051,國立臺北商業大學,學士班(日間),越南社會主義共和國,東協,5,3,2,1,1,0,4,2,2,0,0,0,0,0,0
107,公立,技專校院,0051,國立臺北商業大學,學士班(日間),香港,港澳,3,1,2,0,0,0,0,0,0,3,1,2,0,0,0
107,公立,技專校院,0051,國立臺北商業大學,學士班(日間),澳門,港澳,4,2,2,0,0,0,0,0,0,4,2,2,0,0,0
107,公立,技專校院,0051,國立臺北商業大學,學士班(日間),澳大利亞,其他亞洲地區,2,0,2,0,0,0,2,0,2,0,0,0,0,0,0
107,公立,技專校院,0051,國立臺北商業大學,學士班(日間),加拿大,北美洲,1,1,0,0,0,0,1,1,0,0,0,0,0,0,0
107,公立,技專校院,0051,國立臺北商業大學,學士班(日間),大陸地區,大陸地區,21,4,17,0,0,0,0,0,0,0,0,0,21,4,17
107,公立,技專校院,0051,國立臺北商業大學,碩士班(日間),土耳其共和國,其他亞洲地區,1,1,0,1,1,0,0,0,0,0,0,0,0,0,0
107,公立,技專校院,0051,國立臺北商業大學,碩士班(日間),越南社會主義共和國,東協,1,0,1,1,0,1,0,0,0,0,0,0,0,0,0
107,公立,技專校院,0051,國立臺北商業大學,碩士班(日間),大陸地區,大陸地區,1,0,1,0,0,0,0,0,0,0,0,0,1,0,1
107,公立,一般大學,0052,國立屏東大學,學士班(日間),馬來西亞,東協,23,8,15,1,0,1,22,8,14,0,0,0,0,0,0
107,公立,一般大學,0052,國立屏東大學,學士班(日間),新加坡共和國,東協,1,1,0,0,0,0,1,1,0,0,0,0,0,0,0
107,公立,一般大學,0052,國立屏東大學,學士班(日間),香港,港澳,8,3,5,0,0,0,0,0,0,8,3,5,0,0,0
107,公立,一般大學,0052,國立屏東大學,學士班(日間),澳門,港澳,12,8,4,0,0,0,0,0,0,12,8,4,0,0,0
107,公立,一般大學,0052,國立屏東大學,學士班(日間),大陸地區,大陸地區,1,1,0,0,0,0,0,0,0,0,0,0,1,1,0
107,公立,一般大學,0052,國立屏東大學,碩士班(日間),印度尼西亞共和國,東協,2,0,2,2,0,2,0,0,0,0,0,0,0,0,0
107,公立,一般大學,0052,國立屏東大學,碩士班(日間),泰國,東協,1,0,1,1,0,1,0,0,0,0,0,0,0,0,0
107,公立,一般大學,0052,國立屏東大學,碩士班(日間),大陸地區,大陸地區,2,0,2,0,0,0,0,0,0,0,0,0,2,0,2
107,公立,一般大學,0052,國立屏東大學,博士班,大陸地區,大陸地區,1,0,1,0,0,0,0,0,0,0,0,0,1,0,1
107,公立,技專校院,0053,國立高雄科技大學,學士班(日間),印度,南亞,1,1,0,1,1,0,0,0,0,0,0,0,0,0,0
107,公立,技專校院,0053,國立高雄科技大學,學士班(日間),印度尼西亞共和國,東協,5,1,4,0,0,0,5,1,4,0,0,0,0,0,0
107,公立,技專校院,0053,國立高雄科技大學,學士班(日間),日本,其他亞洲地區,9,5,4,6,3,3,3,2,1,0,0,0,0,0,0
107,公立,技專校院,0053,國立高雄科技大學,學士班(日間),馬來西亞,東協,19,12,7,0,0,0,19,12,7,0,0,0,0,0,0
107,公立,技專校院,0053,國立高雄科技大學,學士班(日間),越南社會主義共和國,東協,8,2,6,5,1,4,3,1,2,0,0,0,0,0,0
107,公立,技專校院,0053,國立高雄科技大學,學士班(日間),香港,港澳,5,4,1,0,0,0,0,0,0,5,4,1,0,0,0
107,公立,技專校院,0053,國立高雄科技大學,學士班(日間),澳門,港澳,10,6,4,0,0,0,0,0,0,10,6,4,0,0,0
107,公立,技專校院,0053,國立高雄科技大學,學士班(日間),蒙古國,其他亞洲地區,2,0,2,2,0,2,0,0,0,0,0,0,0,0,0
107,公立,技專校院,0053,國立高雄科技大學,學士班(日間),大陸地區,大陸地區,25,13,12,0,0,0,0,0,0,0,0,0,25,13,12
107,公立,技專校院,0053,國立高雄科技大學,碩士班(日間),印度尼西亞共和國,東協,9,4,5,9,4,5,0,0,0,0,0,0,0,0,0
107,公立,技專校院,0053,國立高雄科技大學,碩士班(日間),馬來西亞,東協,3,2,1,0,0,0,3,2,1,0,0,0,0,0,0
107,公立,技專校院,0053,國立高雄科技大學,碩士班(日間),泰國,東協,4,2,2,4,2,2,0,0,0,0,0,0,0,0,0
107,公立,技專校院,0053,國立高雄科技大學,碩士班(日間),越南社會主義共和國,東協,20,9,11,20,9,11,0,0,0,0,0,0,0,0,0
107,公立,技專校院,0053,國立高雄科技大學,碩士班(日間),澳門,港澳,1,1,0,0,0,0,0,0,0,1,1,0,0,0,0
107,公立,技專校院,0053,國立高雄科技大學,碩士班(日間),蒙古國,其他亞洲地區,1,0,1,1,0,1,0,0,0,0,0,0,0,0,0
107,公立,技專校院,0053,國立高雄科技大學,碩士班(日間),烏克蘭,其他亞洲地區,1,1,0,1,1,0,0,0,0,0,0,0,0,0,0
107,公立,技專校院,0053,國立高雄科技大學,碩士班(日間),秘魯共和國,中南美洲,1,0,1,1,0,1,0,0,0,0,0,0,0,0,0
107,公立,技專校院,0053,國立高雄科技大學,碩士班(日間),大陸地區,大陸地區,1,0,1,0,0,0,0,0,0,0,0,0,1,0,1
107,公立,技專校院,0053,國立高雄科技大學,博士班,印度尼西亞共和國,東協,4,4,0,4,4,0,0,0,0,0,0,0,0,0,0
107,公立,技專校院,0053,國立高雄科技大學,博士班,馬來西亞,東協,1,0,1,0,0,0,1,0,1,0,0,0,0,0,0
107,公立,技專校院,0053,國立高雄科技大學,博士班,泰國,東協,1,0,1,1,0,1,0,0,0,0,0,0,0,0,0
107,公立,技專校院,0053,國立高雄科技大學,博士班,越南社會主義共和國,東協,16,9,7,16,9,7,0,0,0,0,0,0,0,0,0
107,公立,技專校院,0144,國立臺灣戲曲學院,學士班(日間),香港,港澳,1,0,1,0,0,0,0,0,0,1,0,1,0,0,0
107,公立,技專校院,0144,國立臺灣戲曲學院,學士班(日間),澳門,港澳,1,1,0,0,0,0,0,0,0,1,1,0,0,0,0
107,公立,技專校院,0144,國立臺灣戲曲學院,學士班(日間),大陸地區,大陸地區,1,1,0,0,0,0,0,0,0,0,0,0,1,1,0
107,私立,一般大學,1001,東海大學,學士班(日間),印度尼西亞共和國,東協,10,4,6,8,2,6,2,2,0,0,0,0,0,0,0
107,私立,一般大學,1001,東海大學,學士班(日間),日本,其他亞洲地區,4,0,4,4,0,4,0,0,0,0,0,0,0,0,0
107,私立,一般大學,1001,東海大學,學士班(日間),馬來西亞,東協,48,24,24,27,14,13,21,10,11,0,0,0,0,0,0
107,私立,一般大學,1001,東海大學,學士班(日間),越南社會主義共和國,東協,1,1,0,1,1,0,0,0,0,0,0,0,0,0,0
107,私立,一般大學,1001,東海大學,學士班(日間),香港,港澳,49,26,23,0,0,0,0,0,0,49,26,23,0,0,0
107,私立,一般大學,1001,東海大學,學士班(日間),澳門,港澳,19,13,6,0,0,0,0,0,0,19,13,6,0,0,0
107,私立,一般大學,1001,東海大學,學士班(日間),紐西蘭,其他亞洲地區,1,1,0,0,0,0,1,1,0,0,0,0,0,0,0
107,私立,一般大學,1001,東海大學,學士班(日間),南非共和國,非洲,1,1,0,1,1,0,0,0,0,0,0,0,0,0,0
107,私立,一般大學,1001,東海大學,學士班(日間),美國,北美洲,1,1,0,1,1,0,0,0,0,0,0,0,0,0,0
107,私立,一般大學,1001,東海大學,學士班(日間),巴拉圭,中南美洲,1,0,1,1,0,1,0,0,0,0,0,0,0,0,0
107,私立,一般大學,1001,東海大學,學士班(日間),大陸地區,大陸地區,107,47,60,0,0,0,0,0,0,0,0,0,107,47,60
107,私立,一般大學,1001,東海大學,碩士班(日間),印度尼西亞共和國,東協,4,2,2,4,2,2,0,0,0,0,0,0,0,0,0
107,私立,一般大學,1001,東海大學,碩士班(日間),日本,其他亞洲地區,1,0,1,1,0,1,0,0,0,0,0,0,0,0,0
107,私立,一般大學,1001,東海大學,碩士班(日間),馬來西亞,東協,6,4,2,4,3,1,2,1,1,0,0,0,0,0,0
107,私立,一般大學,1001,東海大學,碩士班(日間),越南社會主義共和國,東協,1,0,1,1,0,1,0,0,0,0,0,0,0,0,0
107,私立,一般大學,1001,東海大學,碩士班(日間),香港,港澳,3,2,1,0,0,0,0,0,0,3,2,1,0,0,0
107,私立,一般大學,1001,東海大學,碩士班(日間),蒙古國,其他亞洲地區,3,1,2,3,1,2,0,0,0,0,0,0,0,0,0
107,私立,一般大學,1001,東海大學,碩士班(日間),聖文森(及格瑞那丁),中南美洲,1,1,0,1,1,0,0,0,0,0,0,0,0,0,0
107,私立,一般大學,1001,東海大學,碩士班(日間),美國,北美洲,1,0,1,1,0,1,0,0,0,0,0,0,0,0,0
107,私立,一般大學,1001,東海大學,碩士班(日間),大陸地區,大陸地區,9,6,3,0,0,0,0,0,0,0,0,0,9,6,3
107,私立,一般大學,1001,東海大學,博士班,美國,北美洲,1,1,0,1,1,0,0,0,0,0,0,0,0,0,0
107,私立,一般大學,1001,東海大學,博士班,大陸地區,大陸地區,1,1,0,0,0,0,0,0,0,0,0,0,1,1,0
107,私立,一般大學,1002,輔仁大學,學士班(日間),印度尼西亞共和國,東協,5,2,3,1,0,1,4,2,2,0,0,0,0,0,0
107,私立,一般大學,1002,輔仁大學,學士班(日間),日本,其他亞洲地區,4,1,3,3,0,3,1,1,0,0,0,0,0,0,0
107,私立,一般大學,1002,輔仁大學,學士班(日間),大韓民國(南韓),其他亞洲地區,1,0,1,0,0,0,1,0,1,0,0,0,0,0,0
107,私立,一般大學,1002,輔仁大學,學士班(日間),馬來西亞,東協,52,12,40,15,2,13,37,10,27,0,0,0,0,0,0
107,私立,一般大學,1002,輔仁大學,學士班(日間),菲律賓共和國,東協,1,0,1,0,0,0,1,0,1,0,0,0,0,0,0
107,私立,一般大學,1002,輔仁大學,學士班(日間),新加坡共和國,東協,1,1,0,0,0,0,1,1,0,0,0,0,0,0,0
107,私立,一般大學,1002,輔仁大學,學士班(日間),越南社會主義共和國,東協,2,1,1,2,1,1,0,0,0,0,0,0,0,0,0
107,私立,一般大學,1002,輔仁大學,學士班(日間),香港,港澳,42,20,22,0,0,0,0,0,0,42,20,22,0,0,0
107,私立,一般大學,1002,輔仁大學,學士班(日間),澳門,港澳,49,29,20,0,0,0,0,0,0,49,29,20,0,0,0
107,私立,一般大學,1002,輔仁大學,學士班(日間),澳大利亞,其他亞洲地區,1,0,1,1,0,1,0,0,0,0,0,0,0,0,0
107,私立,一般大學,1002,輔仁大學,學士班(日間),紐西蘭,其他亞洲地區,1,0,1,0,0,0,1,0,1,0,0,0,0,0,0
107,私立,一般大學,1002,輔仁大學,學士班(日間),布吉納法索,非洲,1,1,0,1,1,0,0,0,0,0,0,0,0,0,0
107,私立,一般大學,1002,輔仁大學,學士班(日間),法國,歐洲,1,1,0,1,1,0,0,0,0,0,0,0,0,0,0
107,私立,一般大學,1002,輔仁大學,學士班(日間),加拿大,北美洲,1,0,1,0,0,0,1,0,1,0,0,0,0,0,0
107,私立,一般大學,1002,輔仁大學,學士班(日間),海地共和國,中南美洲,1,1,0,1,1,0,0,0,0,0,0,0,0,0,0
107,私立,一般大學,1002,輔仁大學,學士班(日間),美國,北美洲,1,0,1,1,0,1,0,0,0,0,0,0,0,0,0
107,私立,一般大學,1002,輔仁大學,學士班(日間),大陸地區,大陸地區,114,32,82,0,0,0,0,0,0,0,0,0,114,32,82
107,私立,一般大學,1002,輔仁大學,碩士班(日間),印度,南亞,1,1,0,1,1,0,0,0,0,0,0,0,0,0,0
107,私立,一般大學,1002,輔仁大學,碩士班(日間),印度尼西亞共和國,東協,3,1,2,2,1,1,1,0,1,0,0,0,0,0,0
107,私立,一般大學,1002,輔仁大學,碩士班(日間),大韓民國(南韓),其他亞洲地區,2,0,2,2,0,2,0,0,0,0,0,0,0,0,0
107,私立,一般大學,1002,輔仁大學,碩士班(日間),馬來西亞,東協,6,4,2,0,0,0,6,4,2,0,0,0,0,0,0
107,私立,一般大學,1002,輔仁大學,碩士班(日間),越南社會主義共和國,東協,1,0,1,1,0,1,0,0,0,0,0,0,0,0,0
107,私立,一般大學,1002,輔仁大學,碩士班(日間),香港,港澳,4,1,3,0,0,0,0,0,0,4,1,3,0,0,0
107,私立,一般大學,1002,輔仁大學,碩士班(日間),澳門,港澳,1,0,1,0,0,0,0,0,0,1,0,1,0,0,0
107,私立,一般大學,1002,輔仁大學,碩士班(日間),比利時王國,歐洲,1,1,0,1,1,0,0,0,0,0,0,0,0,0,0
107,私立,一般大學,1002,輔仁大學,碩士班(日間),法國,歐洲,1,1,0,1,1,0,0,0,0,0,0,0,0,0,0
107,私立,一般大學,1002,輔仁大學,碩士班(日間),義大利共和國,歐洲,1,1,0,1,1,0,0,0,0,0,0,0,0,0,0
107,私立,一般大學,1002,輔仁大學,碩士班(日間),瑞典王國,歐洲,1,0,1,1,0,1,0,0,0,0,0,0,0,0,0
107,私立,一般大學,1002,輔仁大學,碩士班(日間),阿根廷,中南美洲,2,0,2,1,0,1,1,0,1,0,0,0,0,0,0
107,私立,一般大學,1002,輔仁大學,碩士班(日間),大陸地區,大陸地區,63,19,44,0,0,0,0,0,0,0,0,0,63,19,44
107,私立,一般大學,1002,輔仁大學,博士班,大陸地區,大陸地區,4,1,3,0,0,0,0,0,0,0,0,0,4,1,3
107,私立,一般大學,1003,東吳大學,學士班(日間),印度尼西亞共和國,東協,1,1,0,0,0,0,1,1,0,0,0,0,0,0,0
107,私立,一般大學,1003,東吳大學,學士班(日間),大韓民國(南韓),其他亞洲地區,2,0,2,1,0,1,1,0,1,0,0,0,0,0,0
107,私立,一般大學,1003,東吳大學,學士班(日間),馬來西亞,東協,18,6,12,3,2,1,15,4,11,0,0,0,0,0,0
107,私立,一般大學,1003,東吳大學,學士班(日間),越南社會主義共和國,東協,2,0,2,1,0,1,1,0,1,0,0,0,0,0,0
107,私立,一般大學,1003,東吳大學,學士班(日間),香港,港澳,57,27,30,0,0,0,0,0,0,57,27,30,0,0,0
107,私立,一般大學,1003,東吳大學,學士班(日間),澳門,港澳,29,15,14,0,0,0,0,0,0,29,15,14,0,0,0
107,私立,一般大學,1003,東吳大學,學士班(日間),加拿大,北美洲,1,1,0,1,1,0,0,0,0,0,0,0,0,0,0
107,私立,一般大學,1003,東吳大學,學士班(日間),大陸地區,大陸地區,50,12,38,0,0,0,0,0,0,0,0,0,50,12,38
107,私立,一般大學,1003,東吳大學,碩士班(日間),日本,其他亞洲地區,4,0,4,4,0,4,0,0,0,0,0,0,0,0,0
107,私立,一般大學,1003,東吳大學,碩士班(日間),馬來西亞,東協,2,1,1,1,1,0,1,0,1,0,0,0,0,0,0
107,私立,一般大學,1003,東吳大學,碩士班(日間),越南社會主義共和國,東協,1,0,1,1,0,1,0,0,0,0,0,0,0,0,0
107,私立,一般大學,1003,東吳大學,碩士班(日間),香港,港澳,1,1,0,0,0,0,0,0,0,1,1,0,0,0,0
107,私立,一般大學,1003,東吳大學,碩士班(日間),澳門,港澳,1,1,0,0,0,0,0,0,0,1,1,0,0,0,0
107,私立,一般大學,1003,東吳大學,碩士班(日間),莫三比克共和國,非洲,1,0,1,1,0,1,0,0,0,0,0,0,0,0,0
107,私立,一般大學,1003,東吳大學,碩士班(日間),荷蘭王國,歐洲,1,0,1,1,0,1,0,0,0,0,0,0,0,0,0
107,私立,一般大學,1003,東吳大學,碩士班(日間),波蘭共和國,歐洲,1,0,1,1,0,1,0,0,0,0,0,0,0,0,0
107,私立,一般大學,1003,東吳大學,碩士班(日間),大陸地區,大陸地區,8,6,2,0,0,0,0,0,0,0,0,0,8,6,2
107,私立,一般大學,1003,東吳大學,博士班,香港,港澳,1,0,1,0,0,0,0,0,0,1,0,1,0,0,0
107,私立,一般大學,1003,東吳大學,博士班,大陸地區,大陸地區,1,1,0,0,0,0,0,0,0,0,0,0,1,1,0
107,私立,一般大學,1004,中原大學,學士班(日間),柬埔寨王國,東協,1,1,0,1,1,0,0,0,0,0,0,0,0,0,0
107,私立,一般大學,1004,中原大學,學士班(日間),印度尼西亞共和國,東協,13,2,11,2,0,2,11,2,9,0,0,0,0,0,0
107,私立,一般大學,1004,中原大學,學士班(日間),日本,其他亞洲地區,2,1,1,2,1,1,0,0,0,0,0,0,0,0,0
107,私立,一般大學,1004,中原大學,學士班(日間),大韓民國(南韓),其他亞洲地區,1,0,1,1,0,1,0,0,0,0,0,0,0,0,0
107,私立,一般大學,1004,中原大學,學士班(日間),馬來西亞,東協,35,11,24,18,7,11,17,4,13,0,0,0,0,0,0
107,私立,一般大學,1004,中原大學,學士班(日間),沙烏地阿拉伯王國,其他亞洲地區,1,0,1,0,0,0,1,0,1,0,0,0,0,0,0
107,私立,一般大學,1004,中原大學,學士班(日間),越南社會主義共和國,東協,6,3,3,3,2,1,3,1,2,0,0,0,0,0,0
107,私立,一般大學,1004,中原大學,學士班(日間),香港,港澳,44,24,20,0,0,0,0,0,0,44,24,20,0,0,0
107,私立,一般大學,1004,中原大學,學士班(日間),澳門,港澳,29,13,16,0,0,0,0,0,0,29,13,16,0,0,0
107,私立,一般大學,1004,中原大學,學士班(日間),瑞典王國,歐洲,1,0,1,0,0,0,1,0,1,0,0,0,0,0,0
107,私立,一般大學,1004,中原大學,學士班(日間),美國,北美洲,1,0,1,0,0,0,1,0,1,0,0,0,0,0,0
107,私立,一般大學,1004,中原大學,學士班(日間),大陸地區,大陸地區,93,42,51,0,0,0,0,0,0,0,0,0,93,42,51
107,私立,一般大學,1004,中原大學,碩士班(日間),印度,南亞,2,2,0,2,2,0,0,0,0,0,0,0,0,0,0
107,私立,一般大學,1004,中原大學,碩士班(日間),印度尼西亞共和國,東協,14,6,8,13,6,7,1,0,1,0,0,0,0,0,0
107,私立,一般大學,1004,中原大學,碩士班(日間),日本,其他亞洲地區,1,1,0,1,1,0,0,0,0,0,0,0,0,0,0
107,私立,一般大學,1004,中原大學,碩士班(日間),馬來西亞,東協,5,3,2,3,1,2,2,2,0,0,0,0,0,0,0
107,私立,一般大學,1004,中原大學,碩士班(日間),巴基斯坦,南亞,1,0,1,1,0,1,0,0,0,0,0,0,0,0,0
107,私立,一般大學,1004,中原大學,碩士班(日間),菲律賓共和國,東協,7,4,3,7,4,3,0,0,0,0,0,0,0,0,0
107,私立,一般大學,1004,中原大學,碩士班(日間),越南社會主義共和國,東協,7,3,4,7,3,4,0,0,0,0,0,0,0,0,0
107,私立,一般大學,1004,中原大學,碩士班(日間),香港,港澳,1,0,1,0,0,0,0,0,0,1,0,1,0,0,0
107,私立,一般大學,1004,中原大學,碩士班(日間),南非共和國,非洲,1,1,0,1,1,0,0,0,0,0,0,0,0,0,0
107,私立,一般大學,1004,中原大學,碩士班(日間),史瓦帝尼王國,非洲,2,2,0,2,2,0,0,0,0,0,0,0,0,0,0
107,私立,一般大學,1004,中原大學,碩士班(日間),大陸地區,大陸地區,9,4,5,0,0,0,0,0,0,0,0,0,9,4,5
107,私立,一般大學,1004,中原大學,博士班,印度,南亞,3,2,1,3,2,1,0,0,0,0,0,0,0,0,0
107,私立,一般大學,1004,中原大學,博士班,印度尼西亞共和國,東協,2,1,1,2,1,1,0,0,0,0,0,0,0,0,0
107,私立,一般大學,1004,中原大學,博士班,大韓民國(南韓),其他亞洲地區,1,0,1,1,0,1,0,0,0,0,0,0,0,0,0
107,私立,一般大學,1004,中原大學,博士班,巴基斯坦,南亞,1,1,0,1,1,0,0,0,0,0,0,0,0,0,0
107,私立,一般大學,1004,中原大學,博士班,菲律賓共和國,東協,3,1,2,3,1,2,0,0,0,0,0,0,0,0,0
107,私立,一般大學,1004,中原大學,博士班,吉爾吉斯,其他亞洲地區,1,1,0,1,1,0,0,0,0,0,0,0,0,0,0
107,私立,一般大學,1005,淡江大學學校財團法人淡江大學,學士班(日間),緬甸,東協,1,1,0,0,0,0,1,1,0,0,0,0,0,0,0
107,私立,一般大學,1005,淡江大學學校財團法人淡江大學,學士班(日間),印度尼西亞共和國,東協,13,3,10,4,0,4,9,3,6,0,0,0,0,0,0
107,私立,一般大學,1005,淡江大學學校財團法人淡江大學,學士班(日間),日本,其他亞洲地區,5,4,1,4,3,1,1,1,0,0,0,0,0,0,0
107,私立,一般大學,1005,淡江大學學校財團法人淡江大學,學士班(日間),約旦哈什米王國,其他亞洲地區,1,0,1,1,0,1,0,0,0,0,0,0,0,0,0
107,私立,一般大學,1005,淡江大學學校財團法人淡江大學,學士班(日間),大韓民國(南韓),其他亞洲地區,5,3,2,2,1,1,3,2,1,0,0,0,0,0,0
107,私立,一般大學,1005,淡江大學學校財團法人淡江大學,學士班(日間),馬來西亞,東協,41,19,22,5,3,2,36,16,20,0,0,0,0,0,0
107,私立,一般大學,1005,淡江大學學校財團法人淡江大學,學士班(日間),新加坡共和國,東協,1,1,0,0,0,0,1,1,0,0,0,0,0,0,0
107,私立,一般大學,1005,淡江大學學校財團法人淡江大學,學士班(日間),泰國,東協,4,2,2,3,2,1,1,0,1,0,0,0,0,0,0
107,私立,一般大學,1005,淡江大學學校財團法人淡江大學,學士班(日間),越南社會主義共和國,東協,7,3,4,5,2,3,2,1,1,0,0,0,0,0,0
107,私立,一般大學,1005,淡江大學學校財團法人淡江大學,學士班(日間),香港,港澳,85,43,42,0,0,0,0,0,0,85,43,42,0,0,0
107,私立,一般大學,1005,淡江大學學校財團法人淡江大學,學士班(日間),澳門,港澳,58,37,21,0,0,0,0,0,0,58,37,21,0,0,0
107,私立,一般大學,1005,淡江大學學校財團法人淡江大學,學士班(日間),蒙古國,其他亞洲地區,4,2,2,4,2,2,0,0,0,0,0,0,0,0,0
107,私立,一般大學,1005,淡江大學學校財團法人淡江大學,學士班(日間),俄羅斯聯邦,其他亞洲地區,1,0,1,1,0,1,0,0,0,0,0,0,0,0,0
107,私立,一般大學,1005,淡江大學學校財團法人淡江大學,學士班(日間),索羅門群島,其他亞洲地區,2,1,1,2,1,1,0,0,0,0,0,0,0,0,0
107,私立,一般大學,1005,淡江大學學校財團法人淡江大學,學士班(日間),帛琉共和國,其他亞洲地區,1,0,1,1,0,1,0,0,0,0,0,0,0,0,0
107,私立,一般大學,1005,淡江大學學校財團法人淡江大學,學士班(日間),吉里巴斯共和國,其他亞洲地區,4,2,2,4,2,2,0,0,0,0,0,0,0,0,0
107,私立,一般大學,1005,淡江大學學校財團法人淡江大學,學士班(日間),象牙海岸共和國,非洲,1,1,0,0,0,0,1,1,0,0,0,0,0,0,0
107,私立,一般大學,1005,淡江大學學校財團法人淡江大學,學士班(日間),布吉納法索,非洲,2,2,0,2,2,0,0,0,0,0,0,0,0,0,0
107,私立,一般大學,1005,淡江大學學校財團法人淡江大學,學士班(日間),匈牙利共和國,歐洲,1,0,1,1,0,1,0,0,0,0,0,0,0,0,0
107,私立,一般大學,1005,淡江大學學校財團法人淡江大學,學士班(日間),波蘭共和國,歐洲,1,1,0,1,1,0,0,0,0,0,0,0,0,0,0
107,私立,一般大學,1005,淡江大學學校財團法人淡江大學,學士班(日間),葡萄牙共和國,歐洲,1,0,1,1,0,1,0,0,0,0,0,0,0,0,0
107,私立,一般大學,1005,淡江大學學校財團法人淡江大學,學士班(日間),瑞典王國,歐洲,1,1,0,1,1,0,0,0,0,0,0,0,0,0,0
107,私立,一般大學,1005,淡江大學學校財團法人淡江大學,學士班(日間),英國,歐洲,1,1,0,0,0,0,1,1,0,0,0,0,0,0,0
107,私立,一般大學,1005,淡江大學學校財團法人淡江大學,學士班(日間),加拿大,北美洲,1,0,1,0,0,0,1,0,1,0,0,0,0,0,0
107,私立,一般大學,1005,淡江大學學校財團法人淡江大學,學士班(日間),多明尼加共和國,中南美洲,2,1,1,2,1,1,0,0,0,0,0,0,0,0,0
107,私立,一般大學,1005,淡江大學學校財團法人淡江大學,學士班(日間),海地共和國,中南美洲,1,1,0,1,1,0,0,0,0,0,0,0,0,0,0
107,私立,一般大學,1005,淡江大學學校財團法人淡江大學,學士班(日間),宏都拉斯共和國,中南美洲,1,1,0,1,1,0,0,0,0,0,0,0,0,0,0
107,私立,一般大學,1005,淡江大學學校財團法人淡江大學,學士班(日間),墨西哥合眾國,中南美洲,1,0,1,1,0,1,0,0,0,0,0,0,0,0,0
107,私立,一般大學,1005,淡江大學學校財團法人淡江大學,學士班(日間),尼加拉瓜,中南美洲,1,0,1,1,0,1,0,0,0,0,0,0,0,0,0
107,私立,一般大學,1005,淡江大學學校財團法人淡江大學,學士班(日間),聖文森(及格瑞那丁),中南美洲,1,1,0,1,1,0,0,0,0,0,0,0,0,0,0
107,私立,一般大學,1005,淡江大學學校財團法人淡江大學,學士班(日間),美國,北美洲,5,5,0,2,2,0,3,3,0,0,0,0,0,0,0
107,私立,一般大學,1005,淡江大學學校財團法人淡江大學,學士班(日間),聖露西亞,中南美洲,1,0,1,1,0,1,0,0,0,0,0,0,0,0,0
107,私立,一般大學,1005,淡江大學學校財團法人淡江大學,學士班(日間),巴西聯邦共和國,中南美洲,2,0,2,1,0,1,1,0,1,0,0,0,0,0,0
107,私立,一般大學,1005,淡江大學學校財團法人淡江大學,學士班(日間),巴拉圭,中南美洲,1,0,1,1,0,1,0,0,0,0,0,0,0,0,0
107,私立,一般大學,1005,淡江大學學校財團法人淡江大學,學士班(日間),秘魯共和國,中南美洲,1,1,0,1,1,0,0,0,0,0,0,0,0,0,0
107,私立,一般大學,1005,淡江大學學校財團法人淡江大學,學士班(日間),委內瑞拉共和國,中南美洲,1,1,0,0,0,0,1,1,0,0,0,0,0,0,0
107,私立,一般大學,1005,淡江大學學校財團法人淡江大學,學士班(日間),聖克里斯多福及尼維斯,中南美洲,2,0,2,2,0,2,0,0,0,0,0,0,0,0,0
107,私立,一般大學,1005,淡江大學學校財團法人淡江大學,學士班(日間),大陸地區,大陸地區,131,61,70,0,0,0,0,0,0,0,0,0,131,61,70
107,私立,一般大學,1005,淡江大學學校財團法人淡江大學,碩士班(日間),印度,南亞,8,6,2,8,6,2,0,0,0,0,0,0,0,0,0
107,私立,一般大學,1005,淡江大學學校財團法人淡江大學,碩士班(日間),印度尼西亞共和國,東協,3,2,1,3,2,1,0,0,0,0,0,0,0,0,0
107,私立,一般大學,1005,淡江大學學校財團法人淡江大學,碩士班(日間),伊拉克共和國,其他亞洲地區,1,1,0,1,1,0,0,0,0,0,0,0,0,0,0
107,私立,一般大學,1005,淡江大學學校財團法人淡江大學,碩士班(日間),馬來西亞,東協,12,5,7,7,2,5,5,3,2,0,0,0,0,0,0
107,私立,一般大學,1005,淡江大學學校財團法人淡江大學,碩士班(日間),泰國,東協,3,0,3,3,0,3,0,0,0,0,0,0,0,0,0
107,私立,一般大學,1005,淡江大學學校財團法人淡江大學,碩士班(日間),土耳其共和國,其他亞洲地區,1,1,0,1,1,0,0,0,0,0,0,0,0,0,0
107,私立,一般大學,1005,淡江大學學校財團法人淡江大學,碩士班(日間),越南社會主義共和國,東協,6,1,5,6,1,5,0,0,0,0,0,0,0,0,0
107,私立,一般大學,1005,淡江大學學校財團法人淡江大學,碩士班(日間),香港,港澳,6,5,1,0,0,0,0,0,0,6,5,1,0,0,0
107,私立,一般大學,1005,淡江大學學校財團法人淡江大學,碩士班(日間),澳門,港澳,4,3,1,0,0,0,0,0,0,4,3,1,0,0,0
107,私立,一般大學,1005,淡江大學學校財團法人淡江大學,碩士班(日間),蒙古國,其他亞洲地區,1,0,1,1,0,1,0,0,0,0,0,0,0,0,0
107,私立,一般大學,1005,淡江大學學校財團法人淡江大學,碩士班(日間),俄羅斯聯邦,其他亞洲地區,2,0,2,2,0,2,0,0,0,0,0,0,0,0,0
107,私立,一般大學,1005,淡江大學學校財團法人淡江大學,碩士班(日間),帛琉共和國,其他亞洲地區,1,1,0,1,1,0,0,0,0,0,0,0,0,0,0
107,私立,一般大學,1005,淡江大學學校財團法人淡江大學,碩士班(日間),聖多美普林西比民主共和國,非洲,1,0,1,1,0,1,0,0,0,0,0,0,0,0,0
107,私立,一般大學,1005,淡江大學學校財團法人淡江大學,碩士班(日間),法國,歐洲,2,2,0,2,2,0,0,0,0,0,0,0,0,0,0
107,私立,一般大學,1005,淡江大學學校財團法人淡江大學,碩士班(日間),西班牙王國,歐洲,1,1,0,1,1,0,0,0,0,0,0,0,0,0,0
107,私立,一般大學,1005,淡江大學學校財團法人淡江大學,碩士班(日間),加拿大,北美洲,1,1,0,1,1,0,0,0,0,0,0,0,0,0,0
107,私立,一般大學,1005,淡江大學學校財團法人淡江大學,碩士班(日間),多明尼加共和國,中南美洲,1,1,0,1,1,0,0,0,0,0,0,0,0,0,0
107,私立,一般大學,1005,淡江大學學校財團法人淡江大學,碩士班(日間),美國,北美洲,2,2,0,2,2,0,0,0,0,0,0,0,0,0,0
107,私立,一般大學,1005,淡江大學學校財團法人淡江大學,碩士班(日間),聖露西亞,中南美洲,3,0,3,3,0,3,0,0,0,0,0,0,0,0,0
107,私立,一般大學,1005,淡江大學學校財團法人淡江大學,碩士班(日間),巴拉圭,中南美洲,1,1,0,1,1,0,0,0,0,0,0,0,0,0,0
107,私立,一般大學,1005,淡江大學學校財團法人淡江大學,碩士班(日間),大陸地區,大陸地區,25,16,9,0,0,0,0,0,0,0,0,0,25,16,9
107,私立,一般大學,1005,淡江大學學校財團法人淡江大學,博士班,馬來西亞,東協,1,0,1,0,0,0,1,0,1,0,0,0,0,0,0
107,私立,一般大學,1005,淡江大學學校財團法人淡江大學,博士班,新加坡共和國,東協,1,0,1,1,0,1,0,0,0,0,0,0,0,0,0
107,私立,一般大學,1005,淡江大學學校財團法人淡江大學,博士班,越南社會主義共和國,東協,1,1,0,1,1,0,0,0,0,0,0,0,0,0,0
107,私立,一般大學,1005,淡江大學學校財團法人淡江大學,博士班,德意志聯邦共和國,歐洲,1,1,0,1,1,0,0,0,0,0,0,0,0,0,0
107,私立,一般大學,1006,中國文化大學,學士班(日間),緬甸,東協,1,0,1,0,0,0,1,0,1,0,0,0,0,0,0
107,私立,一般大學,1006,中國文化大學,學士班(日間),印度尼西亞共和國,東協,5,4,1,4,3,1,1,1,0,0,0,0,0,0,0
107,私立,一般大學,1006,中國文化大學,學士班(日間),日本,其他亞洲地區,3,2,1,3,2,1,0,0,0,0,0,0,0,0,0
107,私立,一般大學,1006,中國文化大學,學士班(日間),大韓民國(南韓),其他亞洲地區,8,3,5,6,3,3,2,0,2,0,0,0,0,0,0
107,私立,一般大學,1006,中國文化大學,學士班(日間),馬來西亞,東協,53,14,39,26,5,21,27,9,18,0,0,0,0,0,0
107,私立,一般大學,1006,中國文化大學,學士班(日間),菲律賓共和國,東協,2,1,1,0,0,0,2,1,1,0,0,0,0,0,0
107,私立,一般大學,1006,中國文化大學,學士班(日間),越南社會主義共和國,東協,1,1,0,1,1,0,0,0,0,0,0,0,0,0,0
107,私立,一般大學,1006,中國文化大學,學士班(日間),香港,港澳,70,32,38,0,0,0,0,0,0,70,32,38,0,0,0
107,私立,一般大學,1006,中國文化大學,學士班(日間),澳門,港澳,28,14,14,0,0,0,0,0,0,28,14,14,0,0,0
107,私立,一般大學,1006,中國文化大學,學士班(日間),南非共和國,非洲,1,1,0,1,1,0,0,0,0,0,0,0,0,0,0
107,私立,一般大學,1006,中國文化大學,學士班(日間),大陸地區,大陸地區,114,37,77,0,0,0,0,0,0,0,0,0,114,37,77
107,私立,一般大學,1006,中國文化大學,碩士班(日間),印度尼西亞共和國,東協,3,0,3,3,0,3,0,0,0,0,0,0,0,0,0
107,私立,一般大學,1006,中國文化大學,碩士班(日間),日本,其他亞洲地區,1,1,0,1,1,0,0,0,0,0,0,0,0,0,0
107,私立,一般大學,1006,中國文化大學,碩士班(日間),大韓民國(南韓),其他亞洲地區,2,0,2,2,0,2,0,0,0,0,0,0,0,0,0
107,私立,一般大學,1006,中國文化大學,碩士班(日間),馬來西亞,東協,1,0,1,1,0,1,0,0,0,0,0,0,0,0,0
107,私立,一般大學,1006,中國文化大學,碩士班(日間),泰國,東協,2,1,1,2,1,1,0,0,0,0,0,0,0,0,0
107,私立,一般大學,1006,中國文化大學,碩士班(日間),越南社會主義共和國,東協,4,0,4,4,0,4,0,0,0,0,0,0,0,0,0
107,私立,一般大學,1006,中國文化大學,碩士班(日間),蒙古國,其他亞洲地區,2,0,2,2,0,2,0,0,0,0,0,0,0,0,0
107,私立,一般大學,1006,中國文化大學,碩士班(日間),俄羅斯聯邦,其他亞洲地區,1,0,1,1,0,1,0,0,0,0,0,0,0,0,0
107,私立,一般大學,1006,中國文化大學,碩士班(日間),美國,北美洲,2,2,0,2,2,0,0,0,0,0,0,0,0,0,0
107,私立,一般大學,1006,中國文化大學,碩士班(日間),大陸地區,大陸地區,20,11,9,0,0,0,0,0,0,0,0,0,20,11,9
107,私立,一般大學,1006,中國文化大學,博士班,印度尼西亞共和國,東協,2,0,2,2,0,2,0,0,0,0,0,0,0,0,0
107,私立,一般大學,1006,中國文化大學,博士班,大韓民國(南韓),其他亞洲地區,1,1,0,1,1,0,0,0,0,0,0,0,0,0,0
107,私立,一般大學,1006,中國文化大學,博士班,大陸地區,大陸地區,2,1,1,0,0,0,0,0,0,0,0,0,2,1,1
107,私立,一般大學,1007,逢甲大學,學士班(日間),印度尼西亞共和國,東協,7,4,3,2,1,1,5,3,2,0,0,0,0,0,0
107,私立,一般大學,1007,逢甲大學,學士班(日間),日本,其他亞洲地區,5,3,2,5,3,2,0,0,0,0,0,0,0,0,0
107,私立,一般大學,1007,逢甲大學,學士班(日間),大韓民國(南韓),其他亞洲地區,1,0,1,1,0,1,0,0,0,0,0,0,0,0,0
107,私立,一般大學,1007,逢甲大學,學士班(日間),馬來西亞,東協,69,53,16,44,34,10,25,19,6,0,0,0,0,0,0
107,私立,一般大學,1007,逢甲大學,學士班(日間),泰國,東協,1,0,1,1,0,1,0,0,0,0,0,0,0,0,0
107,私立,一般大學,1007,逢甲大學,學士班(日間),越南社會主義共和國,東協,5,2,3,5,2,3,0,0,0,0,0,0,0,0,0
107,私立,一般大學,1007,逢甲大學,學士班(日間),香港,港澳,72,55,17,0,0,0,0,0,0,72,55,17,0,0,0
107,私立,一般大學,1007,逢甲大學,學士班(日間),澳門,港澳,27,19,8,0,0,0,0,0,0,27,19,8,0,0,0
107,私立,一般大學,1007,逢甲大學,學士班(日間),蒙古國,其他亞洲地區,2,1,1,2,1,1,0,0,0,0,0,0,0,0,0
107,私立,一般大學,1007,逢甲大學,學士班(日間),俄羅斯聯邦,其他亞洲地區,1,1,0,1,1,0,0,0,0,0,0,0,0,0,0
107,私立,一般大學,1007,逢甲大學,學士班(日間),史瓦帝尼王國,非洲,1,0,1,1,0,1,0,0,0,0,0,0,0,0,0
107,私立,一般大學,1007,逢甲大學,學士班(日間),瑞士聯邦,歐洲,1,0,1,0,0,0,1,0,1,0,0,0,0,0,0
107,私立,一般大學,1007,逢甲大學,學士班(日間),英國,歐洲,1,1,0,1,1,0,0,0,0,0,0,0,0,0,0
107,私立,一般大學,1007,逢甲大學,學士班(日間),加拿大,北美洲,1,1,0,0,0,0,1,1,0,0,0,0,0,0,0
107,私立,一般大學,1007,逢甲大學,學士班(日間),美國,北美洲,2,1,1,2,1,1,0,0,0,0,0,0,0,0,0
107,私立,一般大學,1007,逢甲大學,學士班(日間),巴拉圭,中南美洲,1,1,0,1,1,0,0,0,0,0,0,0,0,0,0
107,私立,一般大學,1007,逢甲大學,學士班(日間),聖克里斯多福及尼維斯,中南美洲,1,0,1,1,0,1,0,0,0,0,0,0,0,0,0
107,私立,一般大學,1007,逢甲大學,學士班(日間),大陸地區,大陸地區,110,57,53,0,0,0,0,0,0,0,0,0,110,57,53
107,私立,一般大學,1007,逢甲大學,碩士班(日間),緬甸,東協,1,1,0,0,0,0,1,1,0,0,0,0,0,0,0
107,私立,一般大學,1007,逢甲大學,碩士班(日間),印度尼西亞共和國,東協,8,4,4,7,4,3,1,0,1,0,0,0,0,0,0
107,私立,一般大學,1007,逢甲大學,碩士班(日間),大韓民國(南韓),其他亞洲地區,1,1,0,1,1,0,0,0,0,0,0,0,0,0,0
107,私立,一般大學,1007,逢甲大學,碩士班(日間),馬來西亞,東協,9,7,2,6,5,1,3,2,1,0,0,0,0,0,0
107,私立,一般大學,1007,逢甲大學,碩士班(日間),泰國,東協,9,2,7,9,2,7,0,0,0,0,0,0,0,0,0
107,私立,一般大學,1007,逢甲大學,碩士班(日間),土耳其共和國,其他亞洲地區,1,0,1,1,0,1,0,0,0,0,0,0,0,0,0
107,私立,一般大學,1007,逢甲大學,碩士班(日間),越南社會主義共和國,東協,7,3,4,7,3,4,0,0,0,0,0,0,0,0,0
107,私立,一般大學,1007,逢甲大學,碩士班(日間),香港,港澳,4,3,1,0,0,0,0,0,0,4,3,1,0,0,0
107,私立,一般大學,1007,逢甲大學,碩士班(日間),澳門,港澳,1,1,0,0,0,0,0,0,0,1,1,0,0,0,0
107,私立,一般大學,1007,逢甲大學,碩士班(日間),俄羅斯聯邦,其他亞洲地區,1,0,1,1,0,1,0,0,0,0,0,0,0,0,0
107,私立,一般大學,1007,逢甲大學,碩士班(日間),布吉納法索,非洲,1,1,0,1,1,0,0,0,0,0,0,0,0,0,0
107,私立,一般大學,1007,逢甲大學,碩士班(日間),德意志聯邦共和國,歐洲,1,1,0,1,1,0,0,0,0,0,0,0,0,0,0
107,私立,一般大學,1007,逢甲大學,碩士班(日間),大陸地區,大陸地區,11,4,7,0,0,0,0,0,0,0,0,0,11,4,7
107,私立,一般大學,1007,逢甲大學,博士班,印度,南亞,1,1,0,1,1,0,0,0,0,0,0,0,0,0,0
107,私立,一般大學,1007,逢甲大學,博士班,泰國,東協,1,0,1,1,0,1,0,0,0,0,0,0,0,0,0
107,私立,一般大學,1007,逢甲大學,博士班,土耳其共和國,其他亞洲地區,1,1,0,1,1,0,0,0,0,0,0,0,0,0,0
107,私立,一般大學,1007,逢甲大學,博士班,越南社會主義共和國,東協,10,7,3,10,7,3,0,0,0,0,0,0,0,0,0
107,私立,一般大學,1007,逢甲大學,博士班,大陸地區,大陸地區,1,1,0,0,0,0,0,0,0,0,0,0,1,1,0
107,私立,一般大學,1008,靜宜大學,學士班(日間),印度尼西亞共和國,東協,1,1,0,0,0,0,1,1,0,0,0,0,0,0,0
107,私立,一般大學,1008,靜宜大學,學士班(日間),日本,其他亞洲地區,6,0,6,6,0,6,0,0,0,0,0,0,0,0,0
107,私立,一般大學,1008,靜宜大學,學士班(日間),大韓民國(南韓),其他亞洲地區,1,1,0,1,1,0,0,0,0,0,0,0,0,0,0
107,私立,一般大學,1008,靜宜大學,學士班(日間),馬來西亞,東協,32,18,14,19,12,7,13,6,7,0,0,0,0,0,0
107,私立,一般大學,1008,靜宜大學,學士班(日間),越南社會主義共和國,東協,2,1,1,2,1,1,0,0,0,0,0,0,0,0,0
107,私立,一般大學,1008,靜宜大學,學士班(日間),香港,港澳,32,15,17,0,0,0,0,0,0,32,15,17,0,0,0
107,私立,一般大學,1008,靜宜大學,學士班(日間),澳門,港澳,14,7,7,0,0,0,0,0,0,14,7,7,0,0,0
107,私立,一般大學,1008,靜宜大學,學士班(日間),蒙古國,其他亞洲地區,1,0,1,1,0,1,0,0,0,0,0,0,0,0,0
107,私立,一般大學,1008,靜宜大學,學士班(日間),布吉納法索,非洲,1,0,1,1,0,1,0,0,0,0,0,0,0,0,0
107,私立,一般大學,1008,靜宜大學,學士班(日間),加拿大,北美洲,1,0,1,1,0,1,0,0,0,0,0,0,0,0,0
107,私立,一般大學,1008,靜宜大學,學士班(日間),大陸地區,大陸地區,69,25,44,0,0,0,0,0,0,0,0,0,69,25,44
107,私立,一般大學,1008,靜宜大學,碩士班(日間),印度尼西亞共和國,東協,1,0,1,1,0,1,0,0,0,0,0,0,0,0,0
107,私立,一般大學,1008,靜宜大學,碩士班(日間),馬來西亞,東協,3,0,3,1,0,1,2,0,2,0,0,0,0,0,0
107,私立,一般大學,1008,靜宜大學,碩士班(日間),菲律賓共和國,東協,2,0,2,2,0,2,0,0,0,0,0,0,0,0,0
107,私立,一般大學,1008,靜宜大學,碩士班(日間),越南社會主義共和國,東協,2,1,1,2,1,1,0,0,0,0,0,0,0,0,0
107,私立,一般大學,1008,靜宜大學,碩士班(日間),香港,港澳,1,1,0,0,0,0,0,0,0,1,1,0,0,0,0
107,私立,一般大學,1008,靜宜大學,碩士班(日間),蒙古國,其他亞洲地區,1,0,1,1,0,1,0,0,0,0,0,0,0,0,0
107,私立,一般大學,1008,靜宜大學,碩士班(日間),奧地利共和國,歐洲,1,1,0,1,1,0,0,0,0,0,0,0,0,0,0
107,私立,一般大學,1008,靜宜大學,碩士班(日間),法國,歐洲,2,0,2,2,0,2,0,0,0,0,0,0,0,0,0
107,私立,一般大學,1008,靜宜大學,碩士班(日間),宏都拉斯共和國,中南美洲,1,1,0,1,1,0,0,0,0,0,0,0,0,0,0
107,私立,一般大學,1008,靜宜大學,碩士班(日間),墨西哥合眾國,中南美洲,1,0,1,1,0,1,0,0,0,0,0,0,0,0,0
107,私立,一般大學,1008,靜宜大學,碩士班(日間),尼加拉瓜,中南美洲,1,0,1,1,0,1,0,0,0,0,0,0,0,0,0
107,私立,一般大學,1008,靜宜大學,碩士班(日間),美國,北美洲,1,1,0,1,1,0,0,0,0,0,0,0,0,0,0
107,私立,一般大學,1008,靜宜大學,碩士班(日間),大陸地區,大陸地區,6,5,1,0,0,0,0,0,0,0,0,0,6,5,1
107,私立,一般大學,1009,長庚大學,學士班(日間),緬甸,東協,1,0,1,0,0,0,1,0,1,0,0,0,0,0,0
107,私立,一般大學,1009,長庚大學,學士班(日間),日本,其他亞洲地區,1,1,0,0,0,0,1,1,0,0,0,0,0,0,0
107,私立,一般大學,1009,長庚大學,學士班(日間),大韓民國(南韓),其他亞洲地區,2,1,1,0,0,0,2,1,1,0,0,0,0,0,0
107,私立,一般大學,1009,長庚大學,學士班(日間),馬來西亞,東協,11,2,9,0,0,0,11,2,9,0,0,0,0,0,0
107,私立,一般大學,1009,長庚大學,學士班(日間),新加坡共和國,東協,4,2,2,0,0,0,4,2,2,0,0,0,0,0,0
107,私立,一般大學,1009,長庚大學,學士班(日間),泰國,東協,1,1,0,0,0,0,1,1,0,0,0,0,0,0,0
107,私立,一般大學,1009,長庚大學,學士班(日間),香港,港澳,7,3,4,0,0,0,0,0,0,7,3,4,0,0,0
107,私立,一般大學,1009,長庚大學,學士班(日間),澳門,港澳,7,2,5,0,0,0,0,0,0,7,2,5,0,0,0
107,私立,一般大學,1009,長庚大學,學士班(日間),美國,北美洲,3,1,2,0,0,0,3,1,2,0,0,0,0,0,0
107,私立,一般大學,1009,長庚大學,學士班(日間),大陸地區,大陸地區,19,10,9,0,0,0,0,0,0,0,0,0,19,10,9
107,私立,一般大學,1009,長庚大學,碩士班(日間),印度,南亞,5,3,2,5,3,2,0,0,0,0,0,0,0,0,0
107,私立,一般大學,1009,長庚大學,碩士班(日間),印度尼西亞共和國,東協,2,1,1,2,1,1,0,0,0,0,0,0,0,0,0
107,私立,一般大學,1009,長庚大學,碩士班(日間),以色列,其他亞洲地區,1,1,0,1,1,0,0,0,0,0,0,0,0,0,0
107,私立,一般大學,1009,長庚大學,碩士班(日間),日本,其他亞洲地區,1,0,1,1,0,1,0,0,0,0,0,0,0,0,0
107,私立,一般大學,1009,長庚大學,碩士班(日間),大韓民國(南韓),其他亞洲地區,1,0,1,1,0,1,0,0,0,0,0,0,0,0,0
107,私立,一般大學,1009,長庚大學,碩士班(日間),敘利亞阿拉伯共和國,其他亞洲地區,1,1,0,1,1,0,0,0,0,0,0,0,0,0,0
107,私立,一般大學,1009,長庚大學,碩士班(日間),泰國,東協,10,4,6,10,4,6,0,0,0,0,0,0,0,0,0
107,私立,一般大學,1009,長庚大學,碩士班(日間),越南社會主義共和國,東協,6,3,3,6,3,3,0,0,0,0,0,0,0,0,0
107,私立,一般大學,1009,長庚大學,碩士班(日間),甘比亞共和國,非洲,3,3,0,3,3,0,0,0,0,0,0,0,0,0,0
107,私立,一般大學,1009,長庚大學,碩士班(日間),奧地利共和國,歐洲,1,0,1,1,0,1,0,0,0,0,0,0,0,0,0
107,私立,一般大學,1009,長庚大學,碩士班(日間),英國,歐洲,1,1,0,1,1,0,0,0,0,0,0,0,0,0,0
107,私立,一般大學,1009,長庚大學,碩士班(日間),美國,北美洲,1,1,0,1,1,0,0,0,0,0,0,0,0,0,0
107,私立,一般大學,1009,長庚大學,碩士班(日間),智利,中南美洲,1,1,0,1,1,0,0,0,0,0,0,0,0,0,0
107,私立,一般大學,1009,長庚大學,碩士班(日間),哥倫比亞共和國,中南美洲,1,1,0,1,1,0,0,0,0,0,0,0,0,0,0
107,私立,一般大學,1009,長庚大學,碩士班(日間),大陸地區,大陸地區,1,1,0,0,0,0,0,0,0,0,0,0,1,1,0
107,私立,一般大學,1009,長庚大學,博士班,印度,南亞,11,9,2,11,9,2,0,0,0,0,0,0,0,0,0
107,私立,一般大學,1009,長庚大學,博士班,印度尼西亞共和國,東協,2,1,1,2,1,1,0,0,0,0,0,0,0,0,0
107,私立,一般大學,1009,長庚大學,博士班,大陸地區,大陸地區,2,2,0,0,0,0,0,0,0,0,0,0,2,2,0
107,私立,一般大學,1010,元智大學,學士班(日間),印度尼西亞共和國,東協,2,1,1,1,0,1,1,1,0,0,0,0,0,0,0
107,私立,一般大學,1010,元智大學,學士班(日間),日本,其他亞洲地區,1,0,1,1,0,1,0,0,0,0,0,0,0,0,0
107,私立,一般大學,1010,元智大學,學士班(日間),馬來西亞,東協,17,9,8,9,3,6,8,6,2,0,0,0,0,0,0
107,私立,一般大學,1010,元智大學,學士班(日間),越南社會主義共和國,東協,3,1,2,3,1,2,0,0,0,0,0,0,0,0,0
107,私立,一般大學,1010,元智大學,學士班(日間),香港,港澳,60,40,20,0,0,0,0,0,0,60,40,20,0,0,0
107,私立,一般大學,1010,元智大學,學士班(日間),澳門,港澳,3,3,0,0,0,0,0,0,0,3,3,0,0,0,0
107,私立,一般大學,1010,元智大學,學士班(日間),塔吉克共和國,其他亞洲地區,1,1,0,1,1,0,0,0,0,0,0,0,0,0,0
107,私立,一般大學,1010,元智大學,學士班(日間),墨西哥合眾國,中南美洲,1,1,0,1,1,0,0,0,0,0,0,0,0,0,0
107,私立,一般大學,1010,元智大學,學士班(日間),聖露西亞,中南美洲,2,2,0,2,2,0,0,0,0,0,0,0,0,0,0
107,私立,一般大學,1010,元智大學,學士班(日間),聖克里斯多福及尼維斯,中南美洲,1,0,1,1,0,1,0,0,0,0,0,0,0,0,0
107,私立,一般大學,1010,元智大學,學士班(日間),大陸地區,大陸地區,45,24,21,0,0,0,0,0,0,0,0,0,45,24,21
107,私立,一般大學,1010,元智大學,碩士班(日間),印度,南亞,2,2,0,2,2,0,0,0,0,0,0,0,0,0,0
107,私立,一般大學,1010,元智大學,碩士班(日間),印度尼西亞共和國,東協,16,8,8,16,8,8,0,0,0,0,0,0,0,0,0
107,私立,一般大學,1010,元智大學,碩士班(日間),馬來西亞,東協,2,1,1,1,0,1,1,1,0,0,0,0,0,0,0
107,私立,一般大學,1010,元智大學,碩士班(日間),尼泊爾聯邦民主共和國,南亞,1,1,0,1,1,0,0,0,0,0,0,0,0,0,0
107,私立,一般大學,1010,元智大學,碩士班(日間),菲律賓共和國,東協,2,1,1,2,1,1,0,0,0,0,0,0,0,0,0
107,私立,一般大學,1010,元智大學,碩士班(日間),越南社會主義共和國,東協,13,3,10,13,3,10,0,0,0,0,0,0,0,0,0
107,私立,一般大學,1010,元智大學,碩士班(日間),香港,港澳,3,2,1,0,0,0,0,0,0,3,2,1,0,0,0
107,私立,一般大學,1010,元智大學,碩士班(日間),澳門,港澳,1,0,1,0,0,0,0,0,0,1,0,1,0,0,0
107,私立,一般大學,1010,元智大學,碩士班(日間),蒙古國,其他亞洲地區,2,1,1,2,1,1,0,0,0,0,0,0,0,0,0
107,私立,一般大學,1010,元智大學,碩士班(日間),俄羅斯聯邦,其他亞洲地區,1,1,0,1,1,0,0,0,0,0,0,0,0,0,0
107,私立,一般大學,1010,元智大學,碩士班(日間),索羅門群島,其他亞洲地區,3,3,0,3,3,0,0,0,0,0,0,0,0,0,0
107,私立,一般大學,1010,元智大學,碩士班(日間),甘比亞共和國,非洲,1,1,0,1,1,0,0,0,0,0,0,0,0,0,0
107,私立,一般大學,1010,元智大學,碩士班(日間),史瓦帝尼王國,非洲,1,0,1,1,0,1,0,0,0,0,0,0,0,0,0
107,私立,一般大學,1010,元智大學,碩士班(日間),波蘭共和國,歐洲,1,1,0,1,1,0,0,0,0,0,0,0,0,0,0
107,私立,一般大學,1010,元智大學,碩士班(日間),德意志聯邦共和國,歐洲,1,0,1,1,0,1,0,0,0,0,0,0,0,0,0
107,私立,一般大學,1010,元智大學,碩士班(日間),加拿大,北美洲,1,1,0,1,1,0,0,0,0,0,0,0,0,0,0
107,私立,一般大學,1010,元智大學,碩士班(日間),多明尼加共和國,中南美洲,2,1,1,2,1,1,0,0,0,0,0,0,0,0,0
107,私立,一般大學,1010,元智大學,碩士班(日間),宏都拉斯共和國,中南美洲,1,0,1,1,0,1,0,0,0,0,0,0,0,0,0
107,私立,一般大學,1010,元智大學,碩士班(日間),尼加拉瓜,中南美洲,2,1,1,2,1,1,0,0,0,0,0,0,0,0,0
107,私立,一般大學,1010,元智大學,碩士班(日間),美國,北美洲,2,1,1,2,1,1,0,0,0,0,0,0,0,0,0
107,私立,一般大學,1010,元智大學,碩士班(日間),大陸地區,大陸地區,3,1,2,0,0,0,0,0,0,0,0,0,3,1,2
107,私立,一般大學,1010,元智大學,博士班,印度,南亞,1,1,0,1,1,0,0,0,0,0,0,0,0,0,0
107,私立,一般大學,1010,元智大學,博士班,馬來西亞,東協,2,1,1,2,1,1,0,0,0,0,0,0,0,0,0
107,私立,一般大學,1010,元智大學,博士班,越南社會主義共和國,東協,3,3,0,3,3,0,0,0,0,0,0,0,0,0,0
107,私立,一般大學,1010,元智大學,博士班,甘比亞共和國,非洲,1,1,0,1,1,0,0,0,0,0,0,0,0,0,0
107,私立,一般大學,1010,元智大學,博士班,宏都拉斯共和國,中南美洲,1,1,0,1,1,0,0,0,0,0,0,0,0,0,0
107,私立,一般大學,1010,元智大學,博士班,大陸地區,大陸地區,1,0,1,0,0,0,0,0,0,0,0,0,1,0,1
107,私立,一般大學,1011,中華大學學校財團法人中華大學,學士班(日間),日本,其他亞洲地區,3,1,2,3,1,2,0,0,0,0,0,0,0,0,0
107,私立,一般大學,1011,中華大學學校財團法人中華大學,學士班(日間),馬來西亞,東協,29,15,14,27,13,14,2,2,0,0,0,0,0,0,0
107,私立,一般大學,1011,中華大學學校財團法人中華大學,學士班(日間),越南社會主義共和國,東協,2,0,2,2,0,2,0,0,0,0,0,0,0,0,0
107,私立,一般大學,1011,中華大學學校財團法人中華大學,學士班(日間),香港,港澳,3,0,3,0,0,0,0,0,0,3,0,3,0,0,0
107,私立,一般大學,1011,中華大學學校財團法人中華大學,學士班(日間),澳門,港澳,2,2,0,0,0,0,0,0,0,2,2,0,0,0,0
107,私立,一般大學,1011,中華大學學校財團法人中華大學,學士班(日間),蒙古國,其他亞洲地區,3,1,2,3,1,2,0,0,0,0,0,0,0,0,0
107,私立,一般大學,1011,中華大學學校財團法人中華大學,學士班(日間),俄羅斯聯邦,其他亞洲地區,1,1,0,1,1,0,0,0,0,0,0,0,0,0,0
107,私立,一般大學,1011,中華大學學校財團法人中華大學,學士班(日間),海地共和國,中南美洲,1,1,0,1,1,0,0,0,0,0,0,0,0,0,0
107,私立,一般大學,1011,中華大學學校財團法人中華大學,學士班(日間),貝里斯,中南美洲,1,0,1,1,0,1,0,0,0,0,0,0,0,0,0
107,私立,一般大學,1011,中華大學學校財團法人中華大學,學士班(日間),聖克里斯多福及尼維斯,中南美洲,1,0,1,1,0,1,0,0,0,0,0,0,0,0,0
107,私立,一般大學,1011,中華大學學校財團法人中華大學,學士班(日間),大陸地區,大陸地區,7,4,3,0,0,0,0,0,0,0,0,0,7,4,3
107,私立,一般大學,1011,中華大學學校財團法人中華大學,碩士班(日間),印度尼西亞共和國,東協,2,0,2,2,0,2,0,0,0,0,0,0,0,0,0
107,私立,一般大學,1011,中華大學學校財團法人中華大學,碩士班(日間),巴基斯坦,南亞,1,1,0,1,1,0,0,0,0,0,0,0,0,0,0
107,私立,一般大學,1011,中華大學學校財團法人中華大學,碩士班(日間),泰國,東協,5,3,2,5,3,2,0,0,0,0,0,0,0,0,0
107,私立,一般大學,1011,中華大學學校財團法人中華大學,碩士班(日間),越南社會主義共和國,東協,5,2,3,5,2,3,0,0,0,0,0,0,0,0,0
107,私立,一般大學,1011,中華大學學校財團法人中華大學,碩士班(日間),蒙古國,其他亞洲地區,6,1,5,6,1,5,0,0,0,0,0,0,0,0,0
107,私立,一般大學,1011,中華大學學校財團法人中華大學,碩士班(日間),史瓦帝尼王國,非洲,1,0,1,1,0,1,0,0,0,0,0,0,0,0,0
107,私立,一般大學,1012,大葉大學,學士班(日間),日本,其他亞洲地區,1,0,1,1,0,1,0,0,0,0,0,0,0,0,0
107,私立,一般大學,1012,大葉大學,學士班(日間),大韓民國(南韓),其他亞洲地區,1,1,0,1,1,0,0,0,0,0,0,0,0,0,0
107,私立,一般大學,1012,大葉大學,學士班(日間),馬來西亞,東協,41,16,25,40,16,24,1,0,1,0,0,0,0,0,0
107,私立,一般大學,1012,大葉大學,學士班(日間),越南社會主義共和國,東協,2,0,2,2,0,2,0,0,0,0,0,0,0,0,0
107,私立,一般大學,1012,大葉大學,學士班(日間),香港,港澳,64,38,26,0,0,0,0,0,0,64,38,26,0,0,0
107,私立,一般大學,1012,大葉大學,學士班(日間),澳門,港澳,4,1,3,0,0,0,0,0,0,4,1,3,0,0,0
107,私立,一般大學,1012,大葉大學,學士班(日間),聖克里斯多福及尼維斯,中南美洲,1,0,1,1,0,1,0,0,0,0,0,0,0,0,0
107,私立,一般大學,1012,大葉大學,學士班(日間),大陸地區,大陸地區,13,7,6,0,0,0,0,0,0,0,0,0,13,7,6
107,私立,一般大學,1012,大葉大學,碩士班(日間),印度尼西亞共和國,東協,1,1,0,1,1,0,0,0,0,0,0,0,0,0,0
107,私立,一般大學,1012,大葉大學,碩士班(日間),馬來西亞,東協,1,0,1,1,0,1,0,0,0,0,0,0,0,0,0
107,私立,一般大學,1012,大葉大學,碩士班(日間),越南社會主義共和國,東協,5,2,3,5,2,3,0,0,0,0,0,0,0,0,0
107,私立,一般大學,1012,大葉大學,碩士班(日間),蒙古國,其他亞洲地區,37,13,24,37,13,24,0,0,0,0,0,0,0,0,0
107,私立,一般大學,1012,大葉大學,碩士班(日間),加拿大,北美洲,1,1,0,1,1,0,0,0,0,0,0,0,0,0,0
107,私立,一般大學,1012,大葉大學,碩士班(日間),玻利維亞共和國,中南美洲,1,0,1,1,0,1,0,0,0,0,0,0,0,0,0
107,私立,一般大學,1013,華梵大學,學士班(日間),香港,港澳,2,0,2,0,0,0,0,0,0,2,0,2,0,0,0
107,私立,一般大學,1013,華梵大學,學士班(日間),澳門,港澳,1,0,1,0,0,0,0,0,0,1,0,1,0,0,0
107,私立,一般大學,1013,華梵大學,學士班(日間),法國,歐洲,1,0,1,1,0,1,0,0,0,0,0,0,0,0,0
107,私立,一般大學,1013,華梵大學,學士班(日間),大陸地區,大陸地區,3,2,1,0,0,0,0,0,0,0,0,0,3,2,1
107,私立,一般大學,1013,華梵大學,碩士班(日間),越南社會主義共和國,東協,1,0,1,1,0,1,0,0,0,0,0,0,0,0,0
107,私立,一般大學,1014,義守大學,學士班(日間),不丹王國,南亞,1,1,0,1,1,0,0,0,0,0,0,0,0,0,0
107,私立,一般大學,1014,義守大學,學士班(日間),印度尼西亞共和國,東協,10,4,6,4,1,3,6,3,3,0,0,0,0,0,0
107,私立,一般大學,1014,義守大學,學士班(日間),日本,其他亞洲地區,11,2,9,11,2,9,0,0,0,0,0,0,0,0,0
107,私立,一般大學,1014,義守大學,學士班(日間),馬來西亞,東協,98,47,51,76,39,37,22,8,14,0,0,0,0,0,0
107,私立,一般大學,1014,義守大學,學士班(日間),泰國,東協,2,1,1,2,1,1,0,0,0,0,0,0,0,0,0
107,私立,一般大學,1014,義守大學,學士班(日間),越南社會主義共和國,東協,9,3,6,9,3,6,0,0,0,0,0,0,0,0,0
107,私立,一般大學,1014,義守大學,學士班(日間),香港,港澳,82,38,44,0,0,0,0,0,0,82,38,44,0,0,0
107,私立,一般大學,1014,義守大學,學士班(日間),澳門,港澳,29,18,11,0,0,0,0,0,0,29,18,11,0,0,0
107,私立,一般大學,1014,義守大學,學士班(日間),蒙古國,其他亞洲地區,1,0,1,1,0,1,0,0,0,0,0,0,0,0,0
107,私立,一般大學,1014,義守大學,學士班(日間),俄羅斯聯邦,其他亞洲地區,1,0,1,1,0,1,0,0,0,0,0,0,0,0,0
107,私立,一般大學,1014,義守大學,學士班(日間),索羅門群島,其他亞洲地區,4,2,2,4,2,2,0,0,0,0,0,0,0,0,0
107,私立,一般大學,1014,義守大學,學士班(日間),馬紹爾群島共和國,其他亞洲地區,5,3,2,5,3,2,0,0,0,0,0,0,0,0,0
107,私立,一般大學,1014,義守大學,學士班(日間),吐瓦魯,其他亞洲地區,1,1,0,1,1,0,0,0,0,0,0,0,0,0,0
107,私立,一般大學,1014,義守大學,學士班(日間),吉里巴斯共和國,其他亞洲地區,3,0,3,3,0,3,0,0,0,0,0,0,0,0,0
107,私立,一般大學,1014,義守大學,學士班(日間),莫三比克共和國,非洲,1,0,1,1,0,1,0,0,0,0,0,0,0,0,0
107,私立,一般大學,1014,義守大學,學士班(日間),南非共和國,非洲,3,3,0,1,1,0,2,2,0,0,0,0,0,0,0
107,私立,一般大學,1014,義守大學,學士班(日間),史瓦帝尼王國,非洲,17,11,6,17,11,6,0,0,0,0,0,0,0,0,0
107,私立,一般大學,1014,義守大學,學士班(日間),英國,歐洲,1,1,0,1,1,0,0,0,0,0,0,0,0,0,0
107,私立,一般大學,1014,義守大學,學士班(日間),尼加拉瓜,中南美洲,1,1,0,1,1,0,0,0,0,0,0,0,0,0,0
107,私立,一般大學,1014,義守大學,學士班(日間),聖文森(及格瑞那丁),中南美洲,3,3,0,3,3,0,0,0,0,0,0,0,0,0,0
107,私立,一般大學,1014,義守大學,學士班(日間),聖露西亞,中南美洲,5,2,3,5,2,3,0,0,0,0,0,0,0,0,0
107,私立,一般大學,1014,義守大學,學士班(日間),巴拉圭,中南美洲,1,0,1,1,0,1,0,0,0,0,0,0,0,0,0
107,私立,一般大學,1014,義守大學,學士班(日間),大陸地區,大陸地區,54,28,26,0,0,0,0,0,0,0,0,0,54,28,26
107,私立,一般大學,1014,義守大學,碩士班(日間),馬來西亞,東協,2,2,0,2,2,0,0,0,0,0,0,0,0,0,0
107,私立,一般大學,1014,義守大學,碩士班(日間),越南社會主義共和國,東協,15,9,6,15,9,6,0,0,0,0,0,0,0,0,0
107,私立,一般大學,1014,義守大學,碩士班(日間),香港,港澳,2,1,1,0,0,0,0,0,0,2,1,1,0,0,0
107,私立,一般大學,1014,義守大學,碩士班(日間),蒙古國,其他亞洲地區,1,0,1,1,0,1,0,0,0,0,0,0,0,0,0
107,私立,一般大學,1014,義守大學,碩士班(日間),宏都拉斯共和國,中南美洲,1,1,0,1,1,0,0,0,0,0,0,0,0,0,0
107,私立,一般大學,1014,義守大學,碩士班(日間),貝里斯,中南美洲,1,0,1,1,0,1,0,0,0,0,0,0,0,0,0
107,私立,一般大學,1014,義守大學,碩士班(日間),大陸地區,大陸地區,1,0,1,0,0,0,0,0,0,0,0,0,1,0,1
107,私立,一般大學,1015,世新大學,學士班(日間),印度尼西亞共和國,東協,4,1,3,0,0,0,4,1,3,0,0,0,0,0,0
107,私立,一般大學,1015,世新大學,學士班(日間),日本,其他亞洲地區,2,0,2,2,0,2,0,0,0,0,0,0,0,0,0
107,私立,一般大學,1015,世新大學,學士班(日間),大韓民國(南韓),其他亞洲地區,1,0,1,1,0,1,0,0,0,0,0,0,0,0,0
107,私立,一般大學,1015,世新大學,學士班(日間),馬來西亞,東協,77,22,55,40,11,29,37,11,26,0,0,0,0,0,0
107,私立,一般大學,1015,世新大學,學士班(日間),泰國,東協,1,0,1,0,0,0,1,0,1,0,0,0,0,0,0
107,私立,一般大學,1015,世新大學,學士班(日間),越南社會主義共和國,東協,2,1,1,1,1,0,1,0,1,0,0,0,0,0,0
107,私立,一般大學,1015,世新大學,學士班(日間),香港,港澳,21,9,12,0,0,0,0,0,0,21,9,12,0,0,0
107,私立,一般大學,1015,世新大學,學士班(日間),澳門,港澳,32,17,15,0,0,0,0,0,0,32,17,15,0,0,0
107,私立,一般大學,1015,世新大學,學士班(日間),大陸地區,大陸地區,66,18,48,0,0,0,0,0,0,0,0,0,66,18,48
107,私立,一般大學,1015,世新大學,碩士班(日間),大韓民國(南韓),其他亞洲地區,2,1,1,2,1,1,0,0,0,0,0,0,0,0,0
107,私立,一般大學,1015,世新大學,碩士班(日間),馬來西亞,東協,6,3,3,6,3,3,0,0,0,0,0,0,0,0,0
107,私立,一般大學,1015,世新大學,碩士班(日間),土耳其共和國,其他亞洲地區,1,1,0,1,1,0,0,0,0,0,0,0,0,0,0
107,私立,一般大學,1015,世新大學,碩士班(日間),香港,港澳,2,1,1,0,0,0,0,0,0,2,1,1,0,0,0
107,私立,一般大學,1015,世新大學,碩士班(日間),澳門,港澳,1,1,0,0,0,0,0,0,0,1,1,0,0,0,0
107,私立,一般大學,1015,世新大學,碩士班(日間),大陸地區,大陸地區,19,9,10,0,0,0,0,0,0,0,0,0,19,9,10
107,私立,一般大學,1015,世新大學,博士班,大陸地區,大陸地區,4,4,0,0,0,0,0,0,0,0,0,0,4,4,0
107,私立,一般大學,1016,銘傳大學,學士班(日間),緬甸,東協,1,0,1,0,0,0,1,0,1,0,0,0,0,0,0
107,私立,一般大學,1016,銘傳大學,學士班(日間),印度尼西亞共和國,東協,31,15,16,24,11,13,7,4,3,0,0,0,0,0,0
107,私立,一般大學,1016,銘傳大學,學士班(日間),日本,其他亞洲地區,4,2,2,3,1,2,1,1,0,0,0,0,0,0,0
107,私立,一般大學,1016,銘傳大學,學士班(日間),大韓民國(南韓),其他亞洲地區,6,5,1,5,4,1,1,1,0,0,0,0,0,0,0
107,私立,一般大學,1016,銘傳大學,學士班(日間),馬來西亞,東協,140,71,69,91,44,47,49,27,22,0,0,0,0,0,0
107,私立,一般大學,1016,銘傳大學,學士班(日間),菲律賓共和國,東協,1,1,0,0,0,0,1,1,0,0,0,0,0,0,0
107,私立,一般大學,1016,銘傳大學,學士班(日間),泰國,東協,3,1,2,1,1,0,2,0,2,0,0,0,0,0,0
107,私立,一般大學,1016,銘傳大學,學士班(日間),越南社會主義共和國,東協,35,7,28,35,7,28,0,0,0,0,0,0,0,0,0
107,私立,一般大學,1016,銘傳大學,學士班(日間),香港,港澳,69,39,30,0,0,0,0,0,0,69,39,30,0,0,0
107,私立,一般大學,1016,銘傳大學,學士班(日間),澳門,港澳,41,22,19,0,0,0,0,0,0,41,22,19,0,0,0
107,私立,一般大學,1016,銘傳大學,學士班(日間),蒙古國,其他亞洲地區,7,2,5,7,2,5,0,0,0,0,0,0,0,0,0
107,私立,一般大學,1016,銘傳大學,學士班(日間),哈薩克共和國,其他亞洲地區,1,0,1,1,0,1,0,0,0,0,0,0,0,0,0
107,私立,一般大學,1016,銘傳大學,學士班(日間),諾魯共和國,其他亞洲地區,1,1,0,1,1,0,0,0,0,0,0,0,0,0,0
107,私立,一般大學,1016,銘傳大學,學士班(日間),帛琉共和國,其他亞洲地區,2,0,2,2,0,2,0,0,0,0,0,0,0,0,0
107,私立,一般大學,1016,銘傳大學,學士班(日間),甘比亞共和國,非洲,1,1,0,1,1,0,0,0,0,0,0,0,0,0,0
107,私立,一般大學,1016,銘傳大學,學士班(日間),南非共和國,非洲,2,0,2,1,0,1,1,0,1,0,0,0,0,0,0
107,私立,一般大學,1016,銘傳大學,學士班(日間),史瓦帝尼王國,非洲,3,1,2,3,1,2,0,0,0,0,0,0,0,0,0
107,私立,一般大學,1016,銘傳大學,學士班(日間),匈牙利共和國,歐洲,1,0,1,1,0,1,0,0,0,0,0,0,0,0,0
107,私立,一般大學,1016,銘傳大學,學士班(日間),英國,歐洲,1,1,0,1,1,0,0,0,0,0,0,0,0,0,0
107,私立,一般大學,1016,銘傳大學,學士班(日間),加拿大,北美洲,2,2,0,1,1,0,1,1,0,0,0,0,0,0,0
107,私立,一般大學,1016,銘傳大學,學士班(日間),多明尼加共和國,中南美洲,2,1,1,2,1,1,0,0,0,0,0,0,0,0,0
107,私立,一般大學,1016,銘傳大學,學士班(日間),薩爾瓦多,中南美洲,3,1,2,3,1,2,0,0,0,0,0,0,0,0,0
107,私立,一般大學,1016,銘傳大學,學士班(日間),海地共和國,中南美洲,1,0,1,1,0,1,0,0,0,0,0,0,0,0,0
107,私立,一般大學,1016,銘傳大學,學士班(日間),宏都拉斯共和國,中南美洲,1,0,1,1,0,1,0,0,0,0,0,0,0,0,0
107,私立,一般大學,1016,銘傳大學,學士班(日間),巴拿馬共和國,中南美洲,3,1,2,3,1,2,0,0,0,0,0,0,0,0,0
107,私立,一般大學,1016,銘傳大學,學士班(日間),貝里斯,中南美洲,3,2,1,2,1,1,1,1,0,0,0,0,0,0,0
107,私立,一般大學,1016,銘傳大學,學士班(日間),美國,北美洲,1,1,0,1,1,0,0,0,0,0,0,0,0,0,0
107,私立,一般大學,1016,銘傳大學,學士班(日間),巴西聯邦共和國,中南美洲,1,0,1,0,0,0,1,0,1,0,0,0,0,0,0
107,私立,一般大學,1016,銘傳大學,學士班(日間),大陸地區,大陸地區,150,63,87,0,0,0,0,0,0,0,0,0,150,63,87
107,私立,一般大學,1016,銘傳大學,碩士班(日間),印度尼西亞共和國,東協,1,1,0,1,1,0,0,0,0,0,0,0,0,0,0
107,私立,一般大學,1016,銘傳大學,碩士班(日間),馬來西亞,東協,2,1,1,0,0,0,2,1,1,0,0,0,0,0,0
107,私立,一般大學,1016,銘傳大學,碩士班(日間),越南社會主義共和國,東協,5,2,3,5,2,3,0,0,0,0,0,0,0,0,0
107,私立,一般大學,1016,銘傳大學,碩士班(日間),香港,港澳,1,1,0,0,0,0,0,0,0,1,1,0,0,0,0
107,私立,一般大學,1016,銘傳大學,碩士班(日間),澳門,港澳,1,0,1,0,0,0,0,0,0,1,0,1,0,0,0
107,私立,一般大學,1016,銘傳大學,碩士班(日間),蒙古國,其他亞洲地區,1,1,0,1,1,0,0,0,0,0,0,0,0,0,0
107,私立,一般大學,1016,銘傳大學,碩士班(日間),索羅門群島,其他亞洲地區,1,0,1,1,0,1,0,0,0,0,0,0,0,0,0
107,私立,一般大學,1016,銘傳大學,碩士班(日間),帛琉共和國,其他亞洲地區,3,2,1,3,2,1,0,0,0,0,0,0,0,0,0
107,私立,一般大學,1016,銘傳大學,碩士班(日間),吐瓦魯,其他亞洲地區,1,0,1,1,0,1,0,0,0,0,0,0,0,0,0
107,私立,一般大學,1016,銘傳大學,碩士班(日間),史瓦帝尼王國,非洲,2,2,0,2,2,0,0,0,0,0,0,0,0,0,0
107,私立,一般大學,1016,銘傳大學,碩士班(日間),西班牙王國,歐洲,1,1,0,1,1,0,0,0,0,0,0,0,0,0,0
107,私立,一般大學,1016,銘傳大學,碩士班(日間),瓜地馬拉共和國,中南美洲,1,0,1,1,0,1,0,0,0,0,0,0,0,0,0
107,私立,一般大學,1016,銘傳大學,碩士班(日間),海地共和國,中南美洲,1,0,1,1,0,1,0,0,0,0,0,0,0,0,0
107,私立,一般大學,1016,銘傳大學,碩士班(日間),宏都拉斯共和國,中南美洲,3,3,0,3,3,0,0,0,0,0,0,0,0,0,0
107,私立,一般大學,1016,銘傳大學,碩士班(日間),墨西哥合眾國,中南美洲,1,0,1,1,0,1,0,0,0,0,0,0,0,0,0
107,私立,一般大學,1016,銘傳大學,碩士班(日間),尼加拉瓜,中南美洲,2,0,2,2,0,2,0,0,0,0,0,0,0,0,0
107,私立,一般大學,1016,銘傳大學,碩士班(日間),貝里斯,中南美洲,5,1,4,5,1,4,0,0,0,0,0,0,0,0,0
107,私立,一般大學,1016,銘傳大學,碩士班(日間),美國,北美洲,1,1,0,1,1,0,0,0,0,0,0,0,0,0,0
107,私立,一般大學,1016,銘傳大學,碩士班(日間),聖克里斯多福及尼維斯,中南美洲,1,0,1,1,0,1,0,0,0,0,0,0,0,0,0
107,私立,一般大學,1016,銘傳大學,碩士班(日間),大陸地區,大陸地區,13,5,8,0,0,0,0,0,0,0,0,0,13,5,8
107,私立,一般大學,1016,銘傳大學,博士班,大陸地區,大陸地區,2,0,2,0,0,0,0,0,0,0,0,0,2,0,2
107,私立,一般大學,1017,實踐大學,學士班(日間),印度,南亞,1,1,0,1,1,0,0,0,0,0,0,0,0,0,0
107,私立,一般大學,1017,實踐大學,學士班(日間),印度尼西亞共和國,東協,12,4,8,5,0,5,7,4,3,0,0,0,0,0,0
107,私立,一般大學,1017,實踐大學,學士班(日間),日本,其他亞洲地區,6,4,2,6,4,2,0,0,0,0,0,0,0,0,0
107,私立,一般大學,1017,實踐大學,學士班(日間),大韓民國(南韓),其他亞洲地區,4,3,1,4,3,1,0,0,0,0,0,0,0,0,0
107,私立,一般大學,1017,實踐大學,學士班(日間),馬來西亞,東協,29,7,22,10,3,7,19,4,15,0,0,0,0,0,0
107,私立,一般大學,1017,實踐大學,學士班(日間),尼泊爾聯邦民主共和國,南亞,1,0,1,1,0,1,0,0,0,0,0,0,0,0,0
107,私立,一般大學,1017,實踐大學,學士班(日間),新加坡共和國,東協,1,0,1,1,0,1,0,0,0,0,0,0,0,0,0
107,私立,一般大學,1017,實踐大學,學士班(日間),越南社會主義共和國,東協,2,1,1,1,1,0,1,0,1,0,0,0,0,0,0
107,私立,一般大學,1017,實踐大學,學士班(日間),香港,港澳,40,25,15,0,0,0,0,0,0,40,25,15,0,0,0
107,私立,一般大學,1017,實踐大學,學士班(日間),澳門,港澳,33,12,21,0,0,0,0,0,0,33,12,21,0,0,0
107,私立,一般大學,1017,實踐大學,學士班(日間),南非共和國,非洲,2,1,1,0,0,0,2,1,1,0,0,0,0,0,0
107,私立,一般大學,1017,實踐大學,學士班(日間),法國,歐洲,2,1,1,2,1,1,0,0,0,0,0,0,0,0,0
107,私立,一般大學,1017,實踐大學,學士班(日間),匈牙利共和國,歐洲,3,1,2,3,1,2,0,0,0,0,0,0,0,0,0
107,私立,一般大學,1017,實踐大學,學士班(日間),英國,歐洲,1,1,0,1,1,0,0,0,0,0,0,0,0,0,0
107,私立,一般大學,1017,實踐大學,學士班(日間),德意志聯邦共和國,歐洲,1,1,0,1,1,0,0,0,0,0,0,0,0,0,0
107,私立,一般大學,1017,實踐大學,學士班(日間),秘魯共和國,中南美洲,1,0,1,1,0,1,0,0,0,0,0,0,0,0,0
107,私立,一般大學,1017,實踐大學,學士班(日間),大陸地區,大陸地區,48,21,27,0,0,0,0,0,0,0,0,0,48,21,27
107,私立,一般大學,1017,實踐大學,碩士班(日間),日本,其他亞洲地區,1,1,0,1,1,0,0,0,0,0,0,0,0,0,0
107,私立,一般大學,1017,實踐大學,碩士班(日間),馬來西亞,東協,1,0,1,1,0,1,0,0,0,0,0,0,0,0,0
107,私立,一般大學,1017,實踐大學,碩士班(日間),澳門,港澳,2,1,1,0,0,0,0,0,0,2,1,1,0,0,0
107,私立,一般大學,1017,實踐大學,碩士班(日間),法國,歐洲,2,1,1,2,1,1,0,0,0,0,0,0,0,0,0
107,私立,一般大學,1017,實踐大學,博士班,馬來西亞,東協,1,0,1,0,0,0,1,0,1,0,0,0,0,0,0
107,私立,技專校院,1018,朝陽科技大學,學士班(日間),大韓民國(南韓),其他亞洲地區,2,2,0,2,2,0,0,0,0,0,0,0,0,0,0
107,私立,技專校院,1018,朝陽科技大學,學士班(日間),馬來西亞,東協,37,9,28,29,6,23,8,3,5,0,0,0,0,0,0
107,私立,技專校院,1018,朝陽科技大學,學士班(日間),越南社會主義共和國,東協,8,1,7,8,1,7,0,0,0,0,0,0,0,0,0
107,私立,技專校院,1018,朝陽科技大學,學士班(日間),香港,港澳,42,22,20,0,0,0,0,0,0,42,22,20,0,0,0
107,私立,技專校院,1018,朝陽科技大學,學士班(日間),澳門,港澳,4,1,3,0,0,0,0,0,0,4,1,3,0,0,0
107,私立,技專校院,1018,朝陽科技大學,學士班(日間),荷蘭王國,歐洲,1,0,1,0,0,0,1,0,1,0,0,0,0,0,0
107,私立,技專校院,1018,朝陽科技大學,學士班(日間),大陸地區,大陸地區,59,20,39,0,0,0,0,0,0,0,0,0,59,20,39
107,私立,技專校院,1018,朝陽科技大學,碩士班(日間),馬來西亞,東協,2,0,2,1,0,1,1,0,1,0,0,0,0,0,0
107,私立,技專校院,1018,朝陽科技大學,碩士班(日間),越南社會主義共和國,東協,5,3,2,5,3,2,0,0,0,0,0,0,0,0,0
107,私立,技專校院,1018,朝陽科技大學,碩士班(日間),香港,港澳,2,1,1,0,0,0,0,0,0,2,1,1,0,0,0
107,私立,技專校院,1018,朝陽科技大學,碩士班(日間),大陸地區,大陸地區,4,4,0,0,0,0,0,0,0,0,0,0,4,4,0
107,私立,技專校院,1018,朝陽科技大學,博士班,馬來西亞,東協,1,1,0,1,1,0,0,0,0,0,0,0,0,0,0
107,私立,技專校院,1018,朝陽科技大學,博士班,大陸地區,大陸地區,3,2,1,0,0,0,0,0,0,0,0,0,3,2,1
107,私立,一般大學,1019,高雄醫學大學,學士班(日間),印度尼西亞共和國,東協,1,1,0,1,1,0,0,0,0,0,0,0,0,0,0
107,私立,一般大學,1019,高雄醫學大學,學士班(日間),大韓民國(南韓),其他亞洲地區,6,3,3,0,0,0,6,3,3,0,0,0,0,0,0
107,私立,一般大學,1019,高雄醫學大學,學士班(日間),馬來西亞,東協,40,13,27,4,2,2,36,11,25,0,0,0,0,0,0
107,私立,一般大學,1019,高雄醫學大學,學士班(日間),菲律賓共和國,東協,1,0,1,1,0,1,0,0,0,0,0,0,0,0,0
107,私立,一般大學,1019,高雄醫學大學,學士班(日間),新加坡共和國,東協,1,1,0,0,0,0,1,1,0,0,0,0,0,0,0
107,私立,一般大學,1019,高雄醫學大學,學士班(日間),香港,港澳,10,3,7,0,0,0,0,0,0,10,3,7,0,0,0
107,私立,一般大學,1019,高雄醫學大學,學士班(日間),澳門,港澳,14,5,9,0,0,0,0,0,0,14,5,9,0,0,0
107,私立,一般大學,1019,高雄醫學大學,學士班(日間),澳大利亞,其他亞洲地區,1,1,0,0,0,0,1,1,0,0,0,0,0,0,0
107,私立,一般大學,1019,高雄醫學大學,學士班(日間),紐西蘭,其他亞洲地區,1,1,0,1,1,0,0,0,0,0,0,0,0,0,0
107,私立,一般大學,1019,高雄醫學大學,學士班(日間),索羅門群島,其他亞洲地區,5,3,2,5,3,2,0,0,0,0,0,0,0,0,0
107,私立,一般大學,1019,高雄醫學大學,學士班(日間),吉里巴斯共和國,其他亞洲地區,2,0,2,2,0,2,0,0,0,0,0,0,0,0,0
107,私立,一般大學,1019,高雄醫學大學,學士班(日間),史瓦帝尼王國,非洲,1,0,1,1,0,1,0,0,0,0,0,0,0,0,0
107,私立,一般大學,1019,高雄醫學大學,學士班(日間),加拿大,北美洲,3,3,0,2,2,0,1,1,0,0,0,0,0,0,0
107,私立,一般大學,1019,高雄醫學大學,學士班(日間),薩爾瓦多,中南美洲,1,0,1,1,0,1,0,0,0,0,0,0,0,0,0
107,私立,一般大學,1019,高雄醫學大學,學士班(日間),宏都拉斯共和國,中南美洲,1,0,1,1,0,1,0,0,0,0,0,0,0,0,0
107,私立,一般大學,1019,高雄醫學大學,學士班(日間),貝里斯,中南美洲,2,0,2,2,0,2,0,0,0,0,0,0,0,0,0
107,私立,一般大學,1019,高雄醫學大學,學士班(日間),聖文森(及格瑞那丁),中南美洲,1,0,1,1,0,1,0,0,0,0,0,0,0,0,0
107,私立,一般大學,1019,高雄醫學大學,學士班(日間),美國,北美洲,8,6,2,4,3,1,4,3,1,0,0,0,0,0,0
107,私立,一般大學,1019,高雄醫學大學,學士班(日間),大陸地區,大陸地區,3,1,2,0,0,0,0,0,0,0,0,0,3,1,2
107,私立,一般大學,1019,高雄醫學大學,碩士班(日間),緬甸,東協,2,1,1,1,1,0,1,0,1,0,0,0,0,0,0
107,私立,一般大學,1019,高雄醫學大學,碩士班(日間),印度,南亞,2,2,0,2,2,0,0,0,0,0,0,0,0,0,0
107,私立,一般大學,1019,高雄醫學大學,碩士班(日間),印度尼西亞共和國,東協,2,1,1,2,1,1,0,0,0,0,0,0,0,0,0
107,私立,一般大學,1019,高雄醫學大學,碩士班(日間),馬來西亞,東協,2,0,2,0,0,0,2,0,2,0,0,0,0,0,0
107,私立,一般大學,1019,高雄醫學大學,碩士班(日間),香港,港澳,1,0,1,0,0,0,0,0,0,1,0,1,0,0,0
107,私立,一般大學,1019,高雄醫學大學,碩士班(日間),澳門,港澳,2,1,1,0,0,0,0,0,0,2,1,1,0,0,0
107,私立,一般大學,1019,高雄醫學大學,碩士班(日間),蒙古國,其他亞洲地區,2,0,2,2,0,2,0,0,0,0,0,0,0,0,0
107,私立,一般大學,1019,高雄醫學大學,碩士班(日間),馬拉威共和國,非洲,1,1,0,1,1,0,0,0,0,0,0,0,0,0,0
107,私立,一般大學,1019,高雄醫學大學,碩士班(日間),盧安達共和國,非洲,1,1,0,1,1,0,0,0,0,0,0,0,0,0,0
107,私立,一般大學,1019,高雄醫學大學,碩士班(日間),坦尚尼亞聯合共和國,非洲,1,1,0,1,1,0,0,0,0,0,0,0,0,0,0
107,私立,一般大學,1019,高雄醫學大學,碩士班(日間),史瓦帝尼王國,非洲,1,0,1,1,0,1,0,0,0,0,0,0,0,0,0
107,私立,一般大學,1019,高雄醫學大學,碩士班(日間),瓜地馬拉共和國,中南美洲,1,1,0,1,1,0,0,0,0,0,0,0,0,0,0
107,私立,一般大學,1019,高雄醫學大學,碩士班(日間),海地共和國,中南美洲,1,1,0,1,1,0,0,0,0,0,0,0,0,0,0
107,私立,一般大學,1019,高雄醫學大學,碩士班(日間),貝里斯,中南美洲,1,1,0,1,1,0,0,0,0,0,0,0,0,0,0
107,私立,一般大學,1019,高雄醫學大學,碩士班(日間),巴西聯邦共和國,中南美洲,1,0,1,1,0,1,0,0,0,0,0,0,0,0,0
107,私立,一般大學,1019,高雄醫學大學,博士班,印度,南亞,4,4,0,4,4,0,0,0,0,0,0,0,0,0,0
107,私立,一般大學,1019,高雄醫學大學,博士班,印度尼西亞共和國,東協,1,0,1,1,0,1,0,0,0,0,0,0,0,0,0
107,私立,一般大學,1019,高雄醫學大學,博士班,馬來西亞,東協,1,1,0,0,0,0,1,1,0,0,0,0,0,0,0
107,私立,一般大學,1020,南華大學,學士班(日間),印度尼西亞共和國,東協,10,4,6,10,4,6,0,0,0,0,0,0,0,0,0
107,私立,一般大學,1020,南華大學,學士班(日間),日本,其他亞洲地區,5,3,2,5,3,2,0,0,0,0,0,0,0,0,0
107,私立,一般大學,1020,南華大學,學士班(日間),馬來西亞,東協,20,10,10,10,5,5,10,5,5,0,0,0,0,0,0
107,私立,一般大學,1020,南華大學,學士班(日間),越南社會主義共和國,東協,6,4,2,6,4,2,0,0,0,0,0,0,0,0,0
107,私立,一般大學,1020,南華大學,學士班(日間),香港,港澳,2,0,2,0,0,0,0,0,0,2,0,2,0,0,0
107,私立,一般大學,1020,南華大學,學士班(日間),澳門,港澳,2,0,2,0,0,0,0,0,0,2,0,2,0,0,0
107,私立,一般大學,1020,南華大學,學士班(日間),蒙古國,其他亞洲地區,8,1,7,8,1,7,0,0,0,0,0,0,0,0,0
107,私立,一般大學,1020,南華大學,學士班(日間),大陸地區,大陸地區,3,2,1,0,0,0,0,0,0,0,0,0,3,2,1
107,私立,一般大學,1020,南華大學,碩士班(日間),柬埔寨王國,東協,4,2,2,4,2,2,0,0,0,0,0,0,0,0,0
107,私立,一般大學,1020,南華大學,碩士班(日間),印度,南亞,5,5,0,5,5,0,0,0,0,0,0,0,0,0,0
107,私立,一般大學,1020,南華大學,碩士班(日間),印度尼西亞共和國,東協,1,0,1,1,0,1,0,0,0,0,0,0,0,0,0
107,私立,一般大學,1020,南華大學,碩士班(日間),馬來西亞,東協,2,0,2,2,0,2,0,0,0,0,0,0,0,0,0
107,私立,一般大學,1020,南華大學,碩士班(日間),越南社會主義共和國,東協,11,4,7,11,4,7,0,0,0,0,0,0,0,0,0
107,私立,一般大學,1020,南華大學,碩士班(日間),蒙古國,其他亞洲地區,5,1,4,5,1,4,0,0,0,0,0,0,0,0,0
107,私立,一般大學,1020,南華大學,碩士班(日間),大陸地區,大陸地區,1,1,0,0,0,0,0,0,0,0,0,0,1,1,0
107,私立,一般大學,1020,南華大學,博士班,越南社會主義共和國,東協,1,1,0,1,1,0,0,0,0,0,0,0,0,0,0
107,私立,一般大學,1021,真理大學,學士班(日間),印度尼西亞共和國,東協,1,1,0,0,0,0,1,1,0,0,0,0,0,0,0
107,私立,一般大學,1021,真理大學,學士班(日間),日本,其他亞洲地區,2,1,1,2,1,1,0,0,0,0,0,0,0,0,0
107,私立,一般大學,1021,真理大學,學士班(日間),大韓民國(南韓),其他亞洲地區,1,1,0,1,1,0,0,0,0,0,0,0,0,0,0
107,私立,一般大學,1021,真理大學,學士班(日間),馬來西亞,東協,2,1,1,0,0,0,2,1,1,0,0,0,0,0,0
107,私立,一般大學,1021,真理大學,學士班(日間),香港,港澳,7,3,4,0,0,0,0,0,0,7,3,4,0,0,0
107,私立,一般大學,1021,真理大學,學士班(日間),澳門,港澳,2,2,0,0,0,0,0,0,0,2,2,0,0,0,0
107,私立,一般大學,1021,真理大學,學士班(日間),美國,北美洲,1,0,1,1,0,1,0,0,0,0,0,0,0,0,0
107,私立,一般大學,1021,真理大學,學士班(日間),大陸地區,大陸地區,1,0,1,0,0,0,0,0,0,0,0,0,1,0,1
107,私立,一般大學,1021,真理大學,碩士班(日間),菲律賓共和國,東協,1,0,1,1,0,1,0,0,0,0,0,0,0,0,0
107,私立,一般大學,1021,真理大學,碩士班(日間),越南社會主義共和國,東協,1,1,0,1,1,0,0,0,0,0,0,0,0,0,0
107,私立,一般大學,1021,真理大學,碩士班(日間),大陸地區,大陸地區,1,1,0,0,0,0,0,0,0,0,0,0,1,1,0
107,私立,一般大學,1022,大同大學,學士班(日間),馬來西亞,東協,1,0,1,0,0,0,1,0,1,0,0,0,0,0,0
107,私立,一般大學,1022,大同大學,學士班(日間),香港,港澳,3,2,1,0,0,0,0,0,0,3,2,1,0,0,0
107,私立,一般大學,1022,大同大學,學士班(日間),澳門,港澳,1,0,1,0,0,0,0,0,0,1,0,1,0,0,0
107,私立,一般大學,1022,大同大學,學士班(日間),大陸地區,大陸地區,15,8,7,0,0,0,0,0,0,0,0,0,15,8,7
107,私立,一般大學,1022,大同大學,碩士班(日間),德意志聯邦共和國,歐洲,3,0,3,3,0,3,0,0,0,0,0,0,0,0,0
107,私立,一般大學,1022,大同大學,碩士班(日間),大陸地區,大陸地區,4,3,1,0,0,0,0,0,0,0,0,0,4,3,1
107,私立,一般大學,1022,大同大學,博士班,大陸地區,大陸地區,3,3,0,0,0,0,0,0,0,0,0,0,3,3,0
107,私立,技專校院,1023,南臺學校財團法人南臺科技大學,學士班(日間),印度尼西亞共和國,東協,3,0,3,1,0,1,2,0,2,0,0,0,0,0,0
107,私立,技專校院,1023,南臺學校財團法人南臺科技大學,學士班(日間),大韓民國(南韓),其他亞洲地區,1,0,1,1,0,1,0,0,0,0,0,0,0,0,0
107,私立,技專校院,1023,南臺學校財團法人南臺科技大學,學士班(日間),馬來西亞,東協,32,22,10,26,21,5,6,1,5,0,0,0,0,0,0
107,私立,技專校院,1023,南臺學校財團法人南臺科技大學,學士班(日間),越南社會主義共和國,東協,1,0,1,1,0,1,0,0,0,0,0,0,0,0,0
107,私立,技專校院,1023,南臺學校財團法人南臺科技大學,學士班(日間),香港,港澳,8,5,3,0,0,0,0,0,0,8,5,3,0,0,0
107,私立,技專校院,1023,南臺學校財團法人南臺科技大學,學士班(日間),澳門,港澳,5,4,1,0,0,0,0,0,0,5,4,1,0,0,0
107,私立,技專校院,1023,南臺學校財團法人南臺科技大學,學士班(日間),蒙古國,其他亞洲地區,1,1,0,1,1,0,0,0,0,0,0,0,0,0,0
107,私立,技專校院,1023,南臺學校財團法人南臺科技大學,學士班(日間),甘比亞共和國,非洲,1,1,0,1,1,0,0,0,0,0,0,0,0,0,0
107,私立,技專校院,1023,南臺學校財團法人南臺科技大學,學士班(日間),馬拉威共和國,非洲,1,0,1,1,0,1,0,0,0,0,0,0,0,0,0
107,私立,技專校院,1023,南臺學校財團法人南臺科技大學,學士班(日間),摩洛哥王國,非洲,1,1,0,1,1,0,0,0,0,0,0,0,0,0,0
107,私立,技專校院,1023,南臺學校財團法人南臺科技大學,學士班(日間),史瓦帝尼王國,非洲,1,1,0,1,1,0,0,0,0,0,0,0,0,0,0
107,私立,技專校院,1023,南臺學校財團法人南臺科技大學,學士班(日間),西班牙王國,歐洲,1,0,1,1,0,1,0,0,0,0,0,0,0,0,0
107,私立,技專校院,1023,南臺學校財團法人南臺科技大學,學士班(日間),加拿大,北美洲,1,1,0,1,1,0,0,0,0,0,0,0,0,0,0
107,私立,技專校院,1023,南臺學校財團法人南臺科技大學,學士班(日間),瓜地馬拉共和國,中南美洲,2,0,2,2,0,2,0,0,0,0,0,0,0,0,0
107,私立,技專校院,1023,南臺學校財團法人南臺科技大學,學士班(日間),巴拿馬共和國,中南美洲,1,1,0,1,1,0,0,0,0,0,0,0,0,0,0
107,私立,技專校院,1023,南臺學校財團法人南臺科技大學,學士班(日間),大陸地區,大陸地區,48,29,19,0,0,0,0,0,0,0,0,0,48,29,19
107,私立,技專校院,1023,南臺學校財團法人南臺科技大學,碩士班(日間),印度,南亞,5,4,1,5,4,1,0,0,0,0,0,0,0,0,0
107,私立,技專校院,1023,南臺學校財團法人南臺科技大學,碩士班(日間),印度尼西亞共和國,東協,1,0,1,1,0,1,0,0,0,0,0,0,0,0,0
107,私立,技專校院,1023,南臺學校財團法人南臺科技大學,碩士班(日間),馬來西亞,東協,7,3,4,6,3,3,1,0,1,0,0,0,0,0,0
107,私立,技專校院,1023,南臺學校財團法人南臺科技大學,碩士班(日間),越南社會主義共和國,東協,9,3,6,9,3,6,0,0,0,0,0,0,0,0,0
107,私立,技專校院,1023,南臺學校財團法人南臺科技大學,碩士班(日間),香港,港澳,2,1,1,0,0,0,0,0,0,2,1,1,0,0,0
107,私立,技專校院,1023,南臺學校財團法人南臺科技大學,碩士班(日間),蒙古國,其他亞洲地區,2,0,2,2,0,2,0,0,0,0,0,0,0,0,0
107,私立,技專校院,1023,南臺學校財團法人南臺科技大學,碩士班(日間),俄羅斯聯邦,其他亞洲地區,1,0,1,1,0,1,0,0,0,0,0,0,0,0,0
107,私立,技專校院,1023,南臺學校財團法人南臺科技大學,碩士班(日間),摩洛哥王國,非洲,1,0,1,1,0,1,0,0,0,0,0,0,0,0,0
107,私立,技專校院,1023,南臺學校財團法人南臺科技大學,碩士班(日間),奧地利共和國,歐洲,4,3,1,4,3,1,0,0,0,0,0,0,0,0,0
107,私立,技專校院,1023,南臺學校財團法人南臺科技大學,碩士班(日間),法國,歐洲,2,1,1,2,1,1,0,0,0,0,0,0,0,0,0
107,私立,技專校院,1023,南臺學校財團法人南臺科技大學,碩士班(日間),薩爾瓦多,中南美洲,1,1,0,1,1,0,0,0,0,0,0,0,0,0,0
107,私立,技專校院,1023,南臺學校財團法人南臺科技大學,碩士班(日間),哥倫比亞共和國,中南美洲,1,0,1,1,0,1,0,0,0,0,0,0,0,0,0
107,私立,技專校院,1023,南臺學校財團法人南臺科技大學,碩士班(日間),大陸地區,大陸地區,2,2,0,0,0,0,0,0,0,0,0,0,2,2,0
107,私立,技專校院,1023,南臺學校財團法人南臺科技大學,博士班,印度尼西亞共和國,東協,1,1,0,1,1,0,0,0,0,0,0,0,0,0,0
107,私立,技專校院,1023,南臺學校財團法人南臺科技大學,博士班,約旦哈什米王國,其他亞洲地區,1,1,0,1,1,0,0,0,0,0,0,0,0,0,0
107,私立,技專校院,1023,南臺學校財團法人南臺科技大學,博士班,泰國,東協,1,1,0,1,1,0,0,0,0,0,0,0,0,0,0
107,私立,技專校院,1023,南臺學校財團法人南臺科技大學,博士班,越南社會主義共和國,東協,1,1,0,1,1,0,0,0,0,0,0,0,0,0,0
107,私立,技專校院,1024,崑山科技大學,學士班(日間),大韓民國(南韓),其他亞洲地區,1,1,0,1,1,0,0,0,0,0,0,0,0,0,0
107,私立,技專校院,1024,崑山科技大學,學士班(日間),馬來西亞,東協,9,5,4,8,4,4,1,1,0,0,0,0,0,0,0
107,私立,技專校院,1024,崑山科技大學,學士班(日間),香港,港澳,9,2,7,0,0,0,0,0,0,9,2,7,0,0,0
107,私立,技專校院,1024,崑山科技大學,學士班(日間),澳門,港澳,1,1,0,0,0,0,0,0,0,1,1,0,0,0,0
107,私立,技專校院,1024,崑山科技大學,學士班(日間),諾魯共和國,其他亞洲地區,2,2,0,2,2,0,0,0,0,0,0,0,0,0,0
107,私立,技專校院,1024,崑山科技大學,學士班(日間),宏都拉斯共和國,中南美洲,2,1,1,2,1,1,0,0,0,0,0,0,0,0,0
107,私立,技專校院,1024,崑山科技大學,學士班(日間),巴拿馬共和國,中南美洲,1,0,1,1,0,1,0,0,0,0,0,0,0,0,0
107,私立,技專校院,1024,崑山科技大學,學士班(日間),貝里斯,中南美洲,1,1,0,1,1,0,0,0,0,0,0,0,0,0,0
107,私立,技專校院,1024,崑山科技大學,學士班(日間),聖文森(及格瑞那丁),中南美洲,2,1,1,2,1,1,0,0,0,0,0,0,0,0,0
107,私立,技專校院,1024,崑山科技大學,學士班(日間),聖露西亞,中南美洲,1,1,0,1,1,0,0,0,0,0,0,0,0,0,0
107,私立,技專校院,1024,崑山科技大學,學士班(日間),大陸地區,大陸地區,17,10,7,0,0,0,0,0,0,0,0,0,17,10,7
107,私立,技專校院,1024,崑山科技大學,碩士班(日間),寮人民民主共和國(寮國),東協,1,1,0,1,1,0,0,0,0,0,0,0,0,0,0
107,私立,技專校院,1024,崑山科技大學,碩士班(日間),泰國,東協,1,0,1,1,0,1,0,0,0,0,0,0,0,0,0
107,私立,技專校院,1024,崑山科技大學,碩士班(日間),越南社會主義共和國,東協,2,2,0,2,2,0,0,0,0,0,0,0,0,0,0
107,私立,技專校院,1024,崑山科技大學,碩士班(日間),香港,港澳,1,0,1,0,0,0,0,0,0,1,0,1,0,0,0
107,私立,技專校院,1024,崑山科技大學,碩士班(日間),蒙古國,其他亞洲地區,1,0,1,1,0,1,0,0,0,0,0,0,0,0,0
107,私立,技專校院,1024,崑山科技大學,碩士班(日間),南蘇丹共和國,非洲,1,1,0,1,1,0,0,0,0,0,0,0,0,0,0
107,私立,技專校院,1024,崑山科技大學,碩士班(日間),薩爾瓦多,中南美洲,1,0,1,1,0,1,0,0,0,0,0,0,0,0,0
107,私立,技專校院,1024,崑山科技大學,碩士班(日間),貝里斯,中南美洲,1,0,1,1,0,1,0,0,0,0,0,0,0,0,0
107,私立,技專校院,1024,崑山科技大學,碩士班(日間),哥倫比亞共和國,中南美洲,1,1,0,1,1,0,0,0,0,0,0,0,0,0,0
107,私立,技專校院,1024,崑山科技大學,碩士班(日間),大陸地區,大陸地區,1,1,0,0,0,0,0,0,0,0,0,0,1,1,0
107,私立,技專校院,1025,嘉藥學校財團法人嘉南藥理大學,學士班(日間),緬甸,東協,1,0,1,0,0,0,1,0,1,0,0,0,0,0,0
107,私立,技專校院,1025,嘉藥學校財團法人嘉南藥理大學,學士班(日間),馬來西亞,東協,2,0,2,0,0,0,2,0,2,0,0,0,0,0,0
107,私立,技專校院,1025,嘉藥學校財團法人嘉南藥理大學,學士班(日間),香港,港澳,9,2,7,0,0,0,0,0,0,9,2,7,0,0,0
107,私立,技專校院,1025,嘉藥學校財團法人嘉南藥理大學,學士班(日間),澳門,港澳,1,0,1,0,0,0,0,0,0,1,0,1,0,0,0
107,私立,技專校院,1025,嘉藥學校財團法人嘉南藥理大學,學士班(日間),大陸地區,大陸地區,5,3,2,0,0,0,0,0,0,0,0,0,5,3,2
107,私立,技專校院,1025,嘉藥學校財團法人嘉南藥理大學,碩士班(日間),泰國,東協,2,1,1,2,1,1,0,0,0,0,0,0,0,0,0
107,私立,技專校院,1026,樹德科技大學,學士班(日間),印度尼西亞共和國,東協,1,0,1,0,0,0,1,0,1,0,0,0,0,0,0
107,私立,技專校院,1026,樹德科技大學,學士班(日間),日本,其他亞洲地區,2,1,1,2,1,1,0,0,0,0,0,0,0,0,0
107,私立,技專校院,1026,樹德科技大學,學士班(日間),大韓民國(南韓),其他亞洲地區,2,1,1,2,1,1,0,0,0,0,0,0,0,0,0
107,私立,技專校院,1026,樹德科技大學,學士班(日間),馬來西亞,東協,55,18,37,41,13,28,14,5,9,0,0,0,0,0,0
107,私立,技專校院,1026,樹德科技大學,學士班(日間),越南社會主義共和國,東協,3,2,1,3,2,1,0,0,0,0,0,0,0,0,0
107,私立,技專校院,1026,樹德科技大學,學士班(日間),香港,港澳,31,11,20,0,0,0,0,0,0,31,11,20,0,0,0
107,私立,技專校院,1026,樹德科技大學,學士班(日間),澳門,港澳,6,2,4,0,0,0,0,0,0,6,2,4,0,0,0
107,私立,技專校院,1026,樹德科技大學,學士班(日間),義大利共和國,歐洲,1,1,0,0,0,0,1,1,0,0,0,0,0,0,0
107,私立,技專校院,1026,樹德科技大學,學士班(日間),大陸地區,大陸地區,46,23,23,0,0,0,0,0,0,0,0,0,46,23,23
107,私立,技專校院,1026,樹德科技大學,碩士班(日間),馬來西亞,東協,1,1,0,1,1,0,0,0,0,0,0,0,0,0,0
107,私立,技專校院,1026,樹德科技大學,碩士班(日間),越南社會主義共和國,東協,1,1,0,1,1,0,0,0,0,0,0,0,0,0,0
107,私立,技專校院,1026,樹德科技大學,碩士班(日間),香港,港澳,1,1,0,0,0,0,0,0,0,1,1,0,0,0,0
107,私立,技專校院,1026,樹德科技大學,碩士班(日間),大陸地區,大陸地區,5,2,3,0,0,0,0,0,0,0,0,0,5,2,3
107,私立,一般大學,1027,慈濟學校財團法人慈濟大學,學士班(日間),印度尼西亞共和國,東協,14,7,7,13,6,7,1,1,0,0,0,0,0,0,0
107,私立,一般大學,1027,慈濟學校財團法人慈濟大學,學士班(日間),大韓民國(南韓),其他亞洲地區,5,2,3,4,1,3,1,1,0,0,0,0,0,0,0
107,私立,一般大學,1027,慈濟學校財團法人慈濟大學,學士班(日間),馬來西亞,東協,41,16,25,27,9,18,14,7,7,0,0,0,0,0,0
107,私立,一般大學,1027,慈濟學校財團法人慈濟大學,學士班(日間),新加坡共和國,東協,1,1,0,0,0,0,1,1,0,0,0,0,0,0,0
107,私立,一般大學,1027,慈濟學校財團法人慈濟大學,學士班(日間),泰國,東協,5,0,5,4,0,4,1,0,1,0,0,0,0,0,0
107,私立,一般大學,1027,慈濟學校財團法人慈濟大學,學士班(日間),越南社會主義共和國,東協,2,0,2,2,0,2,0,0,0,0,0,0,0,0,0
107,私立,一般大學,1027,慈濟學校財團法人慈濟大學,學士班(日間),香港,港澳,4,3,1,0,0,0,0,0,0,4,3,1,0,0,0
107,私立,一般大學,1027,慈濟學校財團法人慈濟大學,學士班(日間),澳門,港澳,7,5,2,0,0,0,0,0,0,7,5,2,0,0,0
107,私立,一般大學,1027,慈濟學校財團法人慈濟大學,學士班(日間),南非共和國,非洲,2,0,2,2,0,2,0,0,0,0,0,0,0,0,0
107,私立,一般大學,1027,慈濟學校財團法人慈濟大學,學士班(日間),大陸地區,大陸地區,4,3,1,0,0,0,0,0,0,0,0,0,4,3,1
107,私立,一般大學,1027,慈濟學校財團法人慈濟大學,碩士班(日間),孟加拉人民共和國,南亞,1,1,0,1,1,0,0,0,0,0,0,0,0,0,0
107,私立,一般大學,1027,慈濟學校財團法人慈濟大學,碩士班(日間),印度,南亞,5,1,4,5,1,4,0,0,0,0,0,0,0,0,0
107,私立,一般大學,1027,慈濟學校財團法人慈濟大學,碩士班(日間),印度尼西亞共和國,東協,3,1,2,3,1,2,0,0,0,0,0,0,0,0,0
107,私立,一般大學,1027,慈濟學校財團法人慈濟大學,碩士班(日間),馬來西亞,東協,4,2,2,2,0,2,2,2,0,0,0,0,0,0,0
107,私立,一般大學,1027,慈濟學校財團法人慈濟大學,碩士班(日間),香港,港澳,1,1,0,0,0,0,0,0,0,1,1,0,0,0,0
107,私立,一般大學,1027,慈濟學校財團法人慈濟大學,碩士班(日間),蒙古國,其他亞洲地區,4,1,3,4,1,3,0,0,0,0,0,0,0,0,0
107,私立,一般大學,1027,慈濟學校財團法人慈濟大學,碩士班(日間),大陸地區,大陸地區,1,0,1,0,0,0,0,0,0,0,0,0,1,0,1
107,私立,一般大學,1027,慈濟學校財團法人慈濟大學,博士班,印度尼西亞共和國,東協,1,1,0,1,1,0,0,0,0,0,0,0,0,0,0
107,私立,一般大學,1028,臺北醫學大學,學士班(日間),緬甸,東協,2,0,2,0,0,0,2,0,2,0,0,0,0,0,0
107,私立,一般大學,1028,臺北醫學大學,學士班(日間),日本,其他亞洲地區,1,0,1,1,0,1,0,0,0,0,0,0,0,0,0
107,私立,一般大學,1028,臺北醫學大學,學士班(日間),大韓民國(南韓),其他亞洲地區,3,2,1,2,2,0,1,0,1,0,0,0,0,0,0
107,私立,一般大學,1028,臺北醫學大學,學士班(日間),馬來西亞,東協,38,7,31,6,1,5,32,6,26,0,0,0,0,0,0
107,私立,一般大學,1028,臺北醫學大學,學士班(日間),新加坡共和國,東協,2,0,2,0,0,0,2,0,2,0,0,0,0,0,0
107,私立,一般大學,1028,臺北醫學大學,學士班(日間),越南社會主義共和國,東協,1,0,1,0,0,0,1,0,1,0,0,0,0,0,0
107,私立,一般大學,1028,臺北醫學大學,學士班(日間),香港,港澳,14,7,7,0,0,0,0,0,0,14,7,7,0,0,0
107,私立,一般大學,1028,臺北醫學大學,學士班(日間),澳門,港澳,9,3,6,0,0,0,0,0,0,9,3,6,0,0,0
107,私立,一般大學,1028,臺北醫學大學,學士班(日間),加拿大,北美洲,1,1,0,0,0,0,1,1,0,0,0,0,0,0,0
107,私立,一般大學,1028,臺北醫學大學,學士班(日間),美國,北美洲,8,2,6,7,2,5,1,0,1,0,0,0,0,0,0
107,私立,一般大學,1028,臺北醫學大學,學士班(日間),大陸地區,大陸地區,21,10,11,0,0,0,0,0,0,0,0,0,21,10,11
107,私立,一般大學,1028,臺北醫學大學,碩士班(日間),孟加拉人民共和國,南亞,1,0,1,1,0,1,0,0,0,0,0,0,0,0,0
107,私立,一般大學,1028,臺北醫學大學,碩士班(日間),印度,南亞,1,1,0,1,1,0,0,0,0,0,0,0,0,0,0
107,私立,一般大學,1028,臺北醫學大學,碩士班(日間),印度尼西亞共和國,東協,18,5,13,18,5,13,0,0,0,0,0,0,0,0,0
107,私立,一般大學,1028,臺北醫學大學,碩士班(日間),馬來西亞,東協,2,1,1,1,0,1,1,1,0,0,0,0,0,0,0
107,私立,一般大學,1028,臺北醫學大學,碩士班(日間),新加坡共和國,東協,1,0,1,1,0,1,0,0,0,0,0,0,0,0,0
107,私立,一般大學,1028,臺北醫學大學,碩士班(日間),泰國,東協,1,0,1,1,0,1,0,0,0,0,0,0,0,0,0
107,私立,一般大學,1028,臺北醫學大學,碩士班(日間),越南社會主義共和國,東協,9,4,5,9,4,5,0,0,0,0,0,0,0,0,0
107,私立,一般大學,1028,臺北醫學大學,碩士班(日間),香港,港澳,2,1,1,0,0,0,0,0,0,2,1,1,0,0,0
107,私立,一般大學,1028,臺北醫學大學,碩士班(日間),澳門,港澳,1,1,0,0,0,0,0,0,0,1,1,0,0,0,0
107,私立,一般大學,1028,臺北醫學大學,碩士班(日間),巴布亞紐幾內亞獨立國,其他亞洲地區,1,1,0,1,1,0,0,0,0,0,0,0,0,0,0
107,私立,一般大學,1028,臺北醫學大學,碩士班(日間),甘比亞共和國,非洲,1,1,0,1,1,0,0,0,0,0,0,0,0,0,0
107,私立,一般大學,1028,臺北醫學大學,碩士班(日間),索馬利蘭共和國,非洲,1,1,0,1,1,0,0,0,0,0,0,0,0,0,0
107,私立,一般大學,1028,臺北醫學大學,碩士班(日間),瑞士聯邦,歐洲,1,1,0,1,1,0,0,0,0,0,0,0,0,0,0
107,私立,一般大學,1028,臺北醫學大學,碩士班(日間),海地共和國,中南美洲,1,0,1,1,0,1,0,0,0,0,0,0,0,0,0
107,私立,一般大學,1028,臺北醫學大學,碩士班(日間),尼加拉瓜,中南美洲,1,1,0,1,1,0,0,0,0,0,0,0,0,0,0
107,私立,一般大學,1028,臺北醫學大學,碩士班(日間),貝里斯,中南美洲,1,0,1,1,0,1,0,0,0,0,0,0,0,0,0
107,私立,一般大學,1028,臺北醫學大學,碩士班(日間),美國,北美洲,3,2,1,3,2,1,0,0,0,0,0,0,0,0,0
107,私立,一般大學,1028,臺北醫學大學,博士班,印度,南亞,2,2,0,2,2,0,0,0,0,0,0,0,0,0,0
107,私立,一般大學,1028,臺北醫學大學,博士班,印度尼西亞共和國,東協,6,1,5,6,1,5,0,0,0,0,0,0,0,0,0
107,私立,一般大學,1028,臺北醫學大學,博士班,伊朗伊斯蘭共和國,其他亞洲地區,1,1,0,1,1,0,0,0,0,0,0,0,0,0,0
107,私立,一般大學,1028,臺北醫學大學,博士班,約旦哈什米王國,其他亞洲地區,1,1,0,1,1,0,0,0,0,0,0,0,0,0,0
107,私立,一般大學,1028,臺北醫學大學,博士班,馬來西亞,東協,2,2,0,0,0,0,2,2,0,0,0,0,0,0,0
107,私立,一般大學,1028,臺北醫學大學,博士班,香港,港澳,1,0,1,0,0,0,0,0,0,1,0,1,0,0,0
107,私立,一般大學,1028,臺北醫學大學,博士班,蒙古國,其他亞洲地區,1,0,1,1,0,1,0,0,0,0,0,0,0,0,0
107,私立,一般大學,1028,臺北醫學大學,博士班,甘比亞共和國,非洲,3,3,0,3,3,0,0,0,0,0,0,0,0,0,0
107,私立,一般大學,1028,臺北醫學大學,博士班,馬拉威共和國,非洲,1,1,0,1,1,0,0,0,0,0,0,0,0,0,0
107,私立,一般大學,1028,臺北醫學大學,博士班,尼加拉瓜,中南美洲,1,1,0,1,1,0,0,0,0,0,0,0,0,0,0
107,私立,一般大學,1029,中山醫學大學,學士班(日間),印度尼西亞共和國,東協,2,1,1,0,0,0,2,1,1,0,0,0,0,0,0
107,私立,一般大學,1029,中山醫學大學,學士班(日間),大韓民國(南韓),其他亞洲地區,3,0,3,0,0,0,3,0,3,0,0,0,0,0,0
107,私立,一般大學,1029,中山醫學大學,學士班(日間),馬來西亞,東協,35,9,26,3,1,2,32,8,24,0,0,0,0,0,0
107,私立,一般大學,1029,中山醫學大學,學士班(日間),新加坡共和國,東協,1,1,0,0,0,0,1,1,0,0,0,0,0,0,0
107,私立,一般大學,1029,中山醫學大學,學士班(日間),泰國,東協,2,2,0,0,0,0,2,2,0,0,0,0,0,0,0
107,私立,一般大學,1029,中山醫學大學,學士班(日間),汶萊和平之國,東協,1,0,1,0,0,0,1,0,1,0,0,0,0,0,0
107,私立,一般大學,1029,中山醫學大學,學士班(日間),香港,港澳,18,10,8,0,0,0,0,0,0,18,10,8,0,0,0
107,私立,一般大學,1029,中山醫學大學,學士班(日間),澳門,港澳,24,11,13,0,0,0,0,0,0,24,11,13,0,0,0
107,私立,一般大學,1029,中山醫學大學,學士班(日間),葡萄牙共和國,歐洲,1,0,1,1,0,1,0,0,0,0,0,0,0,0,0
107,私立,一般大學,1029,中山醫學大學,學士班(日間),美國,北美洲,1,1,0,0,0,0,1,1,0,0,0,0,0,0,0
107,私立,一般大學,1029,中山醫學大學,學士班(日間),大陸地區,大陸地區,6,3,3,0,0,0,0,0,0,0,0,0,6,3,3
107,私立,一般大學,1029,中山醫學大學,碩士班(日間),馬來西亞,東協,4,0,4,1,0,1,3,0,3,0,0,0,0,0,0
107,私立,一般大學,1029,中山醫學大學,碩士班(日間),澳門,港澳,1,0,1,0,0,0,0,0,0,1,0,1,0,0,0
107,私立,一般大學,1029,中山醫學大學,碩士班(日間),大陸地區,大陸地區,1,0,1,0,0,0,0,0,0,0,0,0,1,0,1
107,私立,一般大學,1029,中山醫學大學,博士班,喀麥隆共和國,非洲,1,0,1,1,0,1,0,0,0,0,0,0,0,0,0
107,私立,一般大學,1029,中山醫學大學,博士班,埃及阿拉伯共和國,非洲,1,1,0,1,1,0,0,0,0,0,0,0,0,0,0
107,私立,技專校院,1030,龍華科技大學,學士班(日間),印度尼西亞共和國,東協,2,1,1,1,1,0,1,0,1,0,0,0,0,0,0
107,私立,技專校院,1030,龍華科技大學,學士班(日間),日本,其他亞洲地區,1,1,0,1,1,0,0,0,0,0,0,0,0,0,0
107,私立,技專校院,1030,龍華科技大學,學士班(日間),大韓民國(南韓),其他亞洲地區,1,0,1,1,0,1,0,0,0,0,0,0,0,0,0
107,私立,技專校院,1030,龍華科技大學,學士班(日間),馬來西亞,東協,28,27,1,26,26,0,2,1,1,0,0,0,0,0,0
107,私立,技專校院,1030,龍華科技大學,學士班(日間),越南社會主義共和國,東協,44,13,31,44,13,31,0,0,0,0,0,0,0,0,0
107,私立,技專校院,1030,龍華科技大學,學士班(日間),香港,港澳,7,4,3,0,0,0,0,0,0,7,4,3,0,0,0
107,私立,技專校院,1030,龍華科技大學,學士班(日間),加拿大,北美洲,1,1,0,0,0,0,1,1,0,0,0,0,0,0,0
107,私立,技專校院,1030,龍華科技大學,學士班(日間),大陸地區,大陸地區,22,12,10,0,0,0,0,0,0,0,0,0,22,12,10
107,私立,技專校院,1030,龍華科技大學,碩士班(日間),越南社會主義共和國,東協,21,11,10,20,10,10,1,1,0,0,0,0,0,0,0
107,私立,技專校院,1030,龍華科技大學,碩士班(日間),香港,港澳,5,2,3,0,0,0,0,0,0,5,2,3,0,0,0
107,私立,技專校院,1031,輔英科技大學,學士班(日間),日本,其他亞洲地區,1,1,0,1,1,0,0,0,0,0,0,0,0,0,0
107,私立,技專校院,1031,輔英科技大學,學士班(日間),馬來西亞,東協,1,0,1,1,0,1,0,0,0,0,0,0,0,0,0
107,私立,技專校院,1031,輔英科技大學,學士班(日間),新加坡共和國,東協,1,0,1,1,0,1,0,0,0,0,0,0,0,0,0
107,私立,技專校院,1031,輔英科技大學,學士班(日間),香港,港澳,11,3,8,0,0,0,0,0,0,11,3,8,0,0,0
107,私立,技專校院,1031,輔英科技大學,學士班(日間),澳門,港澳,7,5,2,0,0,0,0,0,0,7,5,2,0,0,0
107,私立,技專校院,1031,輔英科技大學,碩士班(日間),馬來西亞,東協,1,0,1,0,0,0,1,0,1,0,0,0,0,0,0
107,私立,技專校院,1032,明新學校財團法人明新科技大學,學士班(日間),印度尼西亞共和國,東協,2,0,2,0,0,0,2,0,2,0,0,0,0,0,0
107,私立,技專校院,1032,明新學校財團法人明新科技大學,學士班(日間),日本,其他亞洲地區,1,0,1,1,0,1,0,0,0,0,0,0,0,0,0
107,私立,技專校院,1032,明新學校財團法人明新科技大學,學士班(日間),大韓民國(南韓),其他亞洲地區,2,1,1,2,1,1,0,0,0,0,0,0,0,0,0
107,私立,技專校院,1032,明新學校財團法人明新科技大學,學士班(日間),馬來西亞,東協,1,1,0,0,0,0,1,1,0,0,0,0,0,0,0
107,私立,技專校院,1032,明新學校財團法人明新科技大學,學士班(日間),菲律賓共和國,東協,16,13,3,16,13,3,0,0,0,0,0,0,0,0,0
107,私立,技專校院,1032,明新學校財團法人明新科技大學,學士班(日間),越南社會主義共和國,東協,2,1,1,2,1,1,0,0,0,0,0,0,0,0,0
107,私立,技專校院,1032,明新學校財團法人明新科技大學,學士班(日間),香港,港澳,6,3,3,0,0,0,0,0,0,6,3,3,0,0,0
107,私立,技專校院,1032,明新學校財團法人明新科技大學,學士班(日間),澳門,港澳,1,0,1,0,0,0,0,0,0,1,0,1,0,0,0
107,私立,技專校院,1032,明新學校財團法人明新科技大學,碩士班(日間),菲律賓共和國,東協,1,1,0,1,1,0,0,0,0,0,0,0,0,0,0
107,私立,技專校院,1032,明新學校財團法人明新科技大學,碩士班(日間),越南社會主義共和國,東協,8,2,6,8,2,6,0,0,0,0,0,0,0,0,0
107,私立,技專校院,1032,明新學校財團法人明新科技大學,碩士班(日間),英國,歐洲,1,1,0,1,1,0,0,0,0,0,0,0,0,0,0
107,私立,一般大學,1033,長榮大學,學士班(日間),印度尼西亞共和國,東協,1,0,1,1,0,1,0,0,0,0,0,0,0,0,0
107,私立,一般大學,1033,長榮大學,學士班(日間),日本,其他亞洲地區,4,1,3,4,1,3,0,0,0,0,0,0,0,0,0
107,私立,一般大學,1033,長榮大學,學士班(日間),大韓民國(南韓),其他亞洲地區,1,1,0,1,1,0,0,0,0,0,0,0,0,0,0
107,私立,一般大學,1033,長榮大學,學士班(日間),馬來西亞,東協,22,11,11,0,0,0,22,11,11,0,0,0,0,0,0
107,私立,一般大學,1033,長榮大學,學士班(日間),泰國,東協,1,1,0,0,0,0,1,1,0,0,0,0,0,0,0
107,私立,一般大學,1033,長榮大學,學士班(日間),香港,港澳,30,10,20,0,0,0,0,0,0,30,10,20,0,0,0
107,私立,一般大學,1033,長榮大學,學士班(日間),澳門,港澳,17,7,10,0,0,0,0,0,0,17,7,10,0,0,0
107,私立,一般大學,1033,長榮大學,學士班(日間),加拿大,北美洲,1,1,0,1,1,0,0,0,0,0,0,0,0,0,0
107,私立,一般大學,1033,長榮大學,學士班(日間),大陸地區,大陸地區,2,1,1,0,0,0,0,0,0,0,0,0,2,1,1
107,私立,一般大學,1033,長榮大學,碩士班(日間),印度,南亞,1,1,0,1,1,0,0,0,0,0,0,0,0,0,0
107,私立,一般大學,1033,長榮大學,碩士班(日間),印度尼西亞共和國,東協,1,1,0,1,1,0,0,0,0,0,0,0,0,0,0
107,私立,一般大學,1033,長榮大學,碩士班(日間),巴基斯坦,南亞,1,1,0,1,1,0,0,0,0,0,0,0,0,0,0
107,私立,一般大學,1033,長榮大學,碩士班(日間),越南社會主義共和國,東協,2,0,2,2,0,2,0,0,0,0,0,0,0,0,0
107,私立,一般大學,1033,長榮大學,碩士班(日間),澳門,港澳,1,1,0,0,0,0,0,0,0,1,1,0,0,0,0
107,私立,一般大學,1033,長榮大學,碩士班(日間),蒙古國,其他亞洲地區,2,2,0,2,2,0,0,0,0,0,0,0,0,0,0
107,私立,一般大學,1033,長榮大學,碩士班(日間),奧地利共和國,歐洲,1,0,1,1,0,1,0,0,0,0,0,0,0,0,0
107,私立,一般大學,1033,長榮大學,博士班,大陸地區,大陸地區,1,1,0,0,0,0,0,0,0,0,0,0,1,1,0
107,私立,技專校院,1034,弘光科技大學,學士班(日間),馬來西亞,東協,54,26,28,44,23,21,10,3,7,0,0,0,0,0,0
107,私立,技專校院,1034,弘光科技大學,學士班(日間),香港,港澳,38,19,19,0,0,0,0,0,0,38,19,19,0,0,0
107,私立,技專校院,1034,弘光科技大學,學士班(日間),澳門,港澳,5,1,4,0,0,0,0,0,0,5,1,4,0,0,0
107,私立,技專校院,1034,弘光科技大學,學士班(日間),大陸地區,大陸地區,5,2,3,0,0,0,0,0,0,0,0,0,5,2,3
107,私立,技專校院,1034,弘光科技大學,碩士班(日間),香港,港澳,1,0,1,0,0,0,0,0,0,1,0,1,0,0,0
107,私立,技專校院,1034,弘光科技大學,碩士班(日間),大陸地區,大陸地區,1,1,0,0,0,0,0,0,0,0,0,0,1,1,0
107,私立,一般大學,1035,中國醫藥大學,學士班(日間),緬甸,東協,3,0,3,0,0,0,3,0,3,0,0,0,0,0,0
107,私立,一般大學,1035,中國醫藥大學,學士班(日間),印度尼西亞共和國,東協,3,1,2,0,0,0,3,1,2,0,0,0,0,0,0
107,私立,一般大學,1035,中國醫藥大學,學士班(日間),伊拉克共和國,其他亞洲地區,1,1,0,1,1,0,0,0,0,0,0,0,0,0,0
107,私立,一般大學,1035,中國醫藥大學,學士班(日間),日本,其他亞洲地區,4,3,1,4,3,1,0,0,0,0,0,0,0,0,0
107,私立,一般大學,1035,中國醫藥大學,學士班(日間),大韓民國(南韓),其他亞洲地區,4,2,2,1,1,0,3,1,2,0,0,0,0,0,0
107,私立,一般大學,1035,中國醫藥大學,學士班(日間),馬來西亞,東協,24,8,16,7,2,5,17,6,11,0,0,0,0,0,0
107,私立,一般大學,1035,中國醫藥大學,學士班(日間),新加坡共和國,東協,1,1,0,0,0,0,1,1,0,0,0,0,0,0,0
107,私立,一般大學,1035,中國醫藥大學,學士班(日間),泰國,東協,1,0,1,1,0,1,0,0,0,0,0,0,0,0,0
107,私立,一般大學,1035,中國醫藥大學,學士班(日間),香港,港澳,11,5,6,0,0,0,0,0,0,11,5,6,0,0,0
107,私立,一般大學,1035,中國醫藥大學,學士班(日間),澳門,港澳,12,4,8,0,0,0,0,0,0,12,4,8,0,0,0
107,私立,一般大學,1035,中國醫藥大學,學士班(日間),南非共和國,非洲,1,1,0,0,0,0,1,1,0,0,0,0,0,0,0
107,私立,一般大學,1035,中國醫藥大學,學士班(日間),奧地利共和國,歐洲,1,0,1,1,0,1,0,0,0,0,0,0,0,0,0
107,私立,一般大學,1035,中國醫藥大學,學士班(日間),英國,歐洲,2,2,0,2,2,0,0,0,0,0,0,0,0,0,0
107,私立,一般大學,1035,中國醫藥大學,學士班(日間),加拿大,北美洲,2,1,1,0,0,0,2,1,1,0,0,0,0,0,0
107,私立,一般大學,1035,中國醫藥大學,學士班(日間),貝里斯,中南美洲,4,2,2,3,2,1,1,0,1,0,0,0,0,0,0
107,私立,一般大學,1035,中國醫藥大學,學士班(日間),美國,北美洲,3,3,0,0,0,0,3,3,0,0,0,0,0,0,0
107,私立,一般大學,1035,中國醫藥大學,學士班(日間),大陸地區,大陸地區,7,1,6,0,0,0,0,0,0,0,0,0,7,1,6
107,私立,一般大學,1035,中國醫藥大學,碩士班(日間),印度尼西亞共和國,東協,1,1,0,1,1,0,0,0,0,0,0,0,0,0,0
107,私立,一般大學,1035,中國醫藥大學,碩士班(日間),馬來西亞,東協,1,1,0,1,1,0,0,0,0,0,0,0,0,0,0
107,私立,一般大學,1035,中國醫藥大學,碩士班(日間),菲律賓共和國,東協,1,0,1,1,0,1,0,0,0,0,0,0,0,0,0
107,私立,一般大學,1035,中國醫藥大學,碩士班(日間),新加坡共和國,東協,1,0,1,1,0,1,0,0,0,0,0,0,0,0,0
107,私立,一般大學,1035,中國醫藥大學,碩士班(日間),泰國,東協,1,0,1,1,0,1,0,0,0,0,0,0,0,0,0
107,私立,一般大學,1035,中國醫藥大學,碩士班(日間),越南社會主義共和國,東協,18,8,10,18,8,10,0,0,0,0,0,0,0,0,0
107,私立,一般大學,1035,中國醫藥大學,碩士班(日間),澳門,港澳,3,1,2,0,0,0,0,0,0,3,1,2,0,0,0
107,私立,一般大學,1035,中國醫藥大學,碩士班(日間),蒙古國,其他亞洲地區,1,0,1,1,0,1,0,0,0,0,0,0,0,0,0
107,私立,一般大學,1035,中國醫藥大學,碩士班(日間),澳大利亞,其他亞洲地區,1,0,1,1,0,1,0,0,0,0,0,0,0,0,0
107,私立,一般大學,1035,中國醫藥大學,碩士班(日間),馬拉威共和國,非洲,1,1,0,1,1,0,0,0,0,0,0,0,0,0,0
107,私立,一般大學,1035,中國醫藥大學,碩士班(日間),美國,北美洲,2,2,0,2,2,0,0,0,0,0,0,0,0,0,0
107,私立,一般大學,1035,中國醫藥大學,碩士班(日間),大陸地區,大陸地區,2,0,2,0,0,0,0,0,0,0,0,0,2,0,2
107,私立,一般大學,1035,中國醫藥大學,博士班,瑞士聯邦,歐洲,1,0,1,1,0,1,0,0,0,0,0,0,0,0,0
107,私立,技專校院,1036,健行學校財團法人健行科技大學,學士班(日間),印度尼西亞共和國,東協,3,1,2,0,0,0,3,1,2,0,0,0,0,0,0
107,私立,技專校院,1036,健行學校財團法人健行科技大學,學士班(日間),泰國,東協,1,1,0,0,0,0,1,1,0,0,0,0,0,0,0
107,私立,技專校院,1036,健行學校財團法人健行科技大學,學士班(日間),史瓦帝尼王國,非洲,1,1,0,1,1,0,0,0,0,0,0,0,0,0,0
107,私立,技專校院,1036,健行學校財團法人健行科技大學,碩士班(日間),越南社會主義共和國,東協,1,0,1,1,0,1,0,0,0,0,0,0,0,0,0
107,私立,技專校院,1037,正修學校財團法人正修科技大學,學士班(日間),日本,其他亞洲地區,1,0,1,1,0,1,0,0,0,0,0,0,0,0,0
107,私立,技專校院,1037,正修學校財團法人正修科技大學,學士班(日間),馬來西亞,東協,6,4,2,3,3,0,3,1,2,0,0,0,0,0,0
107,私立,技專校院,1037,正修學校財團法人正修科技大學,學士班(日間),新加坡共和國,東協,1,0,1,1,0,1,0,0,0,0,0,0,0,0,0
107,私立,技專校院,1037,正修學校財團法人正修科技大學,學士班(日間),泰國,東協,2,1,1,2,1,1,0,0,0,0,0,0,0,0,0
107,私立,技專校院,1037,正修學校財團法人正修科技大學,學士班(日間),越南社會主義共和國,東協,2,0,2,2,0,2,0,0,0,0,0,0,0,0,0
107,私立,技專校院,1037,正修學校財團法人正修科技大學,學士班(日間),香港,港澳,2,1,1,0,0,0,0,0,0,2,1,1,0,0,0
107,私立,技專校院,1037,正修學校財團法人正修科技大學,學士班(日間),多明尼加共和國,中南美洲,1,1,0,1,1,0,0,0,0,0,0,0,0,0,0
107,私立,技專校院,1037,正修學校財團法人正修科技大學,學士班(日間),大陸地區,大陸地區,9,7,2,0,0,0,0,0,0,0,0,0,9,7,2
107,私立,技專校院,1037,正修學校財團法人正修科技大學,碩士班(日間),印度尼西亞共和國,東協,3,3,0,3,3,0,0,0,0,0,0,0,0,0,0
107,私立,技專校院,1037,正修學校財團法人正修科技大學,碩士班(日間),泰國,東協,1,0,1,1,0,1,0,0,0,0,0,0,0,0,0
107,私立,技專校院,1038,萬能學校財團法人萬能科技大學,學士班(日間),印度尼西亞共和國,東協,2,2,0,1,1,0,1,1,0,0,0,0,0,0,0
107,私立,技專校院,1038,萬能學校財團法人萬能科技大學,學士班(日間),馬來西亞,東協,54,28,26,52,27,25,2,1,1,0,0,0,0,0,0
107,私立,技專校院,1038,萬能學校財團法人萬能科技大學,學士班(日間),泰國,東協,11,4,7,11,4,7,0,0,0,0,0,0,0,0,0
107,私立,技專校院,1038,萬能學校財團法人萬能科技大學,學士班(日間),越南社會主義共和國,東協,1,0,1,1,0,1,0,0,0,0,0,0,0,0,0
107,私立,技專校院,1038,萬能學校財團法人萬能科技大學,學士班(日間),香港,港澳,7,3,4,0,0,0,0,0,0,7,3,4,0,0,0
107,私立,技專校院,1038,萬能學校財團法人萬能科技大學,學士班(日間),大陸地區,大陸地區,1,0,1,0,0,0,0,0,0,0,0,0,1,0,1
107,私立,技專校院,1038,萬能學校財團法人萬能科技大學,碩士班(日間),越南社會主義共和國,東協,4,1,3,4,1,3,0,0,0,0,0,0,0,0,0
107,私立,一般大學,1039,玄奘大學,學士班(日間),馬來西亞,東協,68,20,48,49,15,34,19,5,14,0,0,0,0,0,0
107,私立,一般大學,1039,玄奘大學,學士班(日間),香港,港澳,16,11,5,0,0,0,0,0,0,16,11,5,0,0,0
107,私立,一般大學,1039,玄奘大學,學士班(日間),澳門,港澳,4,1,3,0,0,0,0,0,0,4,1,3,0,0,0
107,私立,一般大學,1039,玄奘大學,學士班(日間),大陸地區,大陸地區,2,1,1,0,0,0,0,0,0,0,0,0,2,1,1
107,私立,一般大學,1039,玄奘大學,碩士班(日間),馬來西亞,東協,1,0,1,1,0,1,0,0,0,0,0,0,0,0,0
107,私立,一般大學,1039,玄奘大學,碩士班(日間),越南社會主義共和國,東協,1,0,1,1,0,1,0,0,0,0,0,0,0,0,0
107,私立,一般大學,1039,玄奘大學,碩士班(日間),香港,港澳,1,1,0,0,0,0,0,0,0,1,1,0,0,0,0
107,私立,技專校院,1040,建國科技大學,學士班(日間),日本,其他亞洲地區,2,1,1,2,1,1,0,0,0,0,0,0,0,0,0
107,私立,技專校院,1040,建國科技大學,學士班(日間),大韓民國(南韓),其他亞洲地區,6,4,2,6,4,2,0,0,0,0,0,0,0,0,0
107,私立,技專校院,1040,建國科技大學,學士班(日間),馬來西亞,東協,39,30,9,38,30,8,1,0,1,0,0,0,0,0,0
107,私立,技專校院,1040,建國科技大學,學士班(日間),越南社會主義共和國,東協,1,0,1,1,0,1,0,0,0,0,0,0,0,0,0
107,私立,技專校院,1040,建國科技大學,學士班(日間),香港,港澳,4,4,0,0,0,0,0,0,0,4,4,0,0,0,0
107,私立,技專校院,1040,建國科技大學,碩士班(日間),越南社會主義共和國,東協,1,1,0,1,1,0,0,0,0,0,0,0,0,0,0
107,私立,技專校院,1041,明志科技大學,學士班(日間),香港,港澳,1,1,0,0,0,0,0,0,0,1,1,0,0,0,0
107,私立,技專校院,1041,明志科技大學,學士班(日間),澳門,港澳,1,1,0,0,0,0,0,0,0,1,1,0,0,0,0
107,私立,技專校院,1041,明志科技大學,學士班(日間),大陸地區,大陸地區,9,7,2,0,0,0,0,0,0,0,0,0,9,7,2
107,私立,技專校院,1041,明志科技大學,碩士班(日間),印度,南亞,7,4,3,7,4,3,0,0,0,0,0,0,0,0,0
107,私立,技專校院,1041,明志科技大學,碩士班(日間),印度尼西亞共和國,東協,1,1,0,1,1,0,0,0,0,0,0,0,0,0,0
107,私立,技專校院,1041,明志科技大學,碩士班(日間),越南社會主義共和國,東協,9,2,7,9,2,7,0,0,0,0,0,0,0,0,0
107,私立,技專校院,1041,明志科技大學,碩士班(日間),蒙古國,其他亞洲地區,1,0,1,1,0,1,0,0,0,0,0,0,0,0,0
107,私立,技專校院,1041,明志科技大學,碩士班(日間),大陸地區,大陸地區,1,0,1,0,0,0,0,0,0,0,0,0,1,0,1
107,私立,技專校院,1042,高苑科技大學,學士班(日間),印度尼西亞共和國,東協,2,0,2,0,0,0,2,0,2,0,0,0,0,0,0
107,私立,技專校院,1042,高苑科技大學,學士班(日間),日本,其他亞洲地區,1,0,1,1,0,1,0,0,0,0,0,0,0,0,0
107,私立,技專校院,1042,高苑科技大學,學士班(日間),馬來西亞,東協,4,4,0,2,2,0,2,2,0,0,0,0,0,0,0
107,私立,技專校院,1042,高苑科技大學,學士班(日間),越南社會主義共和國,東協,2,1,1,0,0,0,2,1,1,0,0,0,0,0,0
107,私立,技專校院,1042,高苑科技大學,學士班(日間),香港,港澳,1,0,1,0,0,0,0,0,0,1,0,1,0,0,0
107,私立,技專校院,1043,大仁科技大學,學士班(日間),馬來西亞,東協,9,4,5,6,2,4,3,2,1,0,0,0,0,0,0
107,私立,技專校院,1043,大仁科技大學,學士班(日間),越南社會主義共和國,東協,2,2,0,2,2,0,0,0,0,0,0,0,0,0,0
107,私立,技專校院,1043,大仁科技大學,學士班(日間),香港,港澳,6,4,2,0,0,0,0,0,0,6,4,2,0,0,0
107,私立,技專校院,1043,大仁科技大學,學士班(日間),澳門,港澳,1,0,1,0,0,0,0,0,0,1,0,1,0,0,0
107,私立,技專校院,1044,聖約翰科技大學,學士班(日間),馬來西亞,東協,39,21,18,38,20,18,1,1,0,0,0,0,0,0,0
107,私立,技專校院,1044,聖約翰科技大學,學士班(日間),泰國,東協,2,0,2,2,0,2,0,0,0,0,0,0,0,0,0
107,私立,技專校院,1044,聖約翰科技大學,學士班(日間),香港,港澳,7,4,3,0,0,0,0,0,0,7,4,3,0,0,0
107,私立,技專校院,1044,聖約翰科技大學,學士班(日間),大陸地區,大陸地區,6,5,1,0,0,0,0,0,0,0,0,0,6,5,1
107,私立,技專校院,1044,聖約翰科技大學,碩士班(日間),越南社會主義共和國,東協,1,0,1,1,0,1,0,0,0,0,0,0,0,0,0
107,私立,技專校院,1044,聖約翰科技大學,碩士班(日間),大陸地區,大陸地區,1,0,1,0,0,0,0,0,0,0,0,0,1,0,1
107,私立,技專校院,1045,嶺東科技大學,學士班(日間),大韓民國(南韓),其他亞洲地區,1,1,0,1,1,0,0,0,0,0,0,0,0,0,0
107,私立,技專校院,1045,嶺東科技大學,學士班(日間),馬來西亞,東協,9,3,6,7,3,4,2,0,2,0,0,0,0,0,0
107,私立,技專校院,1045,嶺東科技大學,學士班(日間),香港,港澳,10,6,4,0,0,0,0,0,0,10,6,4,0,0,0
107,私立,技專校院,1045,嶺東科技大學,學士班(日間),澳門,港澳,1,1,0,0,0,0,0,0,0,1,1,0,0,0,0
107,私立,技專校院,1045,嶺東科技大學,學士班(日間),大陸地區,大陸地區,24,13,11,0,0,0,0,0,0,0,0,0,24,13,11
107,私立,技專校院,1045,嶺東科技大學,碩士班(日間),馬來西亞,東協,2,1,1,0,0,0,2,1,1,0,0,0,0,0,0
107,私立,技專校院,1045,嶺東科技大學,碩士班(日間),大陸地區,大陸地區,3,3,0,0,0,0,0,0,0,0,0,0,3,3,0
107,私立,技專校院,1046,中國科技大學,學士班(日間),緬甸,東協,1,0,1,0,0,0,1,0,1,0,0,0,0,0,0
107,私立,技專校院,1046,中國科技大學,學士班(日間),馬來西亞,東協,2,1,1,1,1,0,1,0,1,0,0,0,0,0,0
107,私立,技專校院,1046,中國科技大學,學士班(日間),新加坡共和國,東協,1,1,0,0,0,0,1,1,0,0,0,0,0,0,0
107,私立,技專校院,1046,中國科技大學,學士班(日間),泰國,東協,1,1,0,1,1,0,0,0,0,0,0,0,0,0,0
107,私立,技專校院,1046,中國科技大學,學士班(日間),越南社會主義共和國,東協,1,0,1,1,0,1,0,0,0,0,0,0,0,0,0
107,私立,技專校院,1046,中國科技大學,學士班(日間),香港,港澳,3,3,0,0,0,0,0,0,0,3,3,0,0,0,0
107,私立,技專校院,1046,中國科技大學,學士班(日間),大陸地區,大陸地區,20,10,10,0,0,0,0,0,0,0,0,0,20,10,10
107,私立,技專校院,1047,中臺科技大學,學士班(日間),緬甸,東協,1,0,1,0,0,0,1,0,1,0,0,0,0,0,0
107,私立,技專校院,1047,中臺科技大學,學士班(日間),馬來西亞,東協,20,10,10,18,9,9,2,1,1,0,0,0,0,0,0
107,私立,技專校院,1047,中臺科技大學,學士班(日間),香港,港澳,6,1,5,0,0,0,0,0,0,6,1,5,0,0,0
107,私立,技專校院,1047,中臺科技大學,學士班(日間),澳門,港澳,1,1,0,0,0,0,0,0,0,1,1,0,0,0,0
107,私立,技專校院,1047,中臺科技大學,學士班(日間),大陸地區,大陸地區,4,1,3,0,0,0,0,0,0,0,0,0,4,1,3
107,私立,技專校院,1047,中臺科技大學,碩士班(日間),馬來西亞,東協,1,0,1,1,0,1,0,0,0,0,0,0,0,0,0
107,私立,技專校院,1047,中臺科技大學,碩士班(日間),大陸地區,大陸地區,1,1,0,0,0,0,0,0,0,0,0,0,1,1,0
107,私立,一般大學,1048,亞洲大學,學士班(日間),印度尼西亞共和國,東協,1,0,1,0,0,0,1,0,1,0,0,0,0,0,0
107,私立,一般大學,1048,亞洲大學,學士班(日間),日本,其他亞洲地區,6,0,6,6,0,6,0,0,0,0,0,0,0,0,0
107,私立,一般大學,1048,亞洲大學,學士班(日間),大韓民國(南韓),其他亞洲地區,4,2,2,3,1,2,1,1,0,0,0,0,0,0,0
107,私立,一般大學,1048,亞洲大學,學士班(日間),馬來西亞,東協,24,12,12,5,2,3,19,10,9,0,0,0,0,0,0
107,私立,一般大學,1048,亞洲大學,學士班(日間),菲律賓共和國,東協,1,0,1,1,0,1,0,0,0,0,0,0,0,0,0
107,私立,一般大學,1048,亞洲大學,學士班(日間),香港,港澳,21,7,14,0,0,0,0,0,0,21,7,14,0,0,0
107,私立,一般大學,1048,亞洲大學,學士班(日間),澳門,港澳,15,8,7,0,0,0,0,0,0,15,8,7,0,0,0
107,私立,一般大學,1048,亞洲大學,學士班(日間),蒙古國,其他亞洲地區,32,9,23,32,9,23,0,0,0,0,0,0,0,0,0
107,私立,一般大學,1048,亞洲大學,學士班(日間),英國,歐洲,1,1,0,1,1,0,0,0,0,0,0,0,0,0,0
107,私立,一般大學,1048,亞洲大學,學士班(日間),美國,北美洲,1,1,0,0,0,0,1,1,0,0,0,0,0,0,0
107,私立,一般大學,1048,亞洲大學,學士班(日間),大陸地區,大陸地區,21,6,15,0,0,0,0,0,0,0,0,0,21,6,15
107,私立,一般大學,1048,亞洲大學,碩士班(日間),印度,南亞,2,0,2,2,0,2,0,0,0,0,0,0,0,0,0
107,私立,一般大學,1048,亞洲大學,碩士班(日間),印度尼西亞共和國,東協,9,4,5,9,4,5,0,0,0,0,0,0,0,0,0
107,私立,一般大學,1048,亞洲大學,碩士班(日間),泰國,東協,1,0,1,1,0,1,0,0,0,0,0,0,0,0,0
107,私立,一般大學,1048,亞洲大學,碩士班(日間),澳門,港澳,1,1,0,0,0,0,0,0,0,1,1,0,0,0,0
107,私立,一般大學,1048,亞洲大學,碩士班(日間),蒙古國,其他亞洲地區,2,2,0,2,2,0,0,0,0,0,0,0,0,0,0
107,私立,一般大學,1048,亞洲大學,碩士班(日間),甘比亞共和國,非洲,1,1,0,1,1,0,0,0,0,0,0,0,0,0,0
107,私立,一般大學,1048,亞洲大學,碩士班(日間),賴比瑞亞共和國,非洲,1,1,0,1,1,0,0,0,0,0,0,0,0,0,0
107,私立,一般大學,1048,亞洲大學,碩士班(日間),索馬利亞民主共和國,非洲,1,1,0,1,1,0,0,0,0,0,0,0,0,0,0
107,私立,一般大學,1048,亞洲大學,碩士班(日間),英國,歐洲,1,1,0,1,1,0,0,0,0,0,0,0,0,0,0
107,私立,一般大學,1048,亞洲大學,碩士班(日間),德意志聯邦共和國,歐洲,1,1,0,1,1,0,0,0,0,0,0,0,0,0,0
107,私立,一般大學,1048,亞洲大學,碩士班(日間),智利,中南美洲,1,1,0,1,1,0,0,0,0,0,0,0,0,0,0
107,私立,一般大學,1048,亞洲大學,碩士班(日間),大陸地區,大陸地區,3,1,2,0,0,0,0,0,0,0,0,0,3,1,2
107,私立,一般大學,1048,亞洲大學,博士班,大陸地區,大陸地區,2,0,2,0,0,0,0,0,0,0,0,0,2,0,2
107,私立,一般大學,1049,開南大學,學士班(日間),印度尼西亞共和國,東協,3,1,2,2,1,1,1,0,1,0,0,0,0,0,0
107,私立,一般大學,1049,開南大學,學士班(日間),日本,其他亞洲地區,10,4,6,10,4,6,0,0,0,0,0,0,0,0,0
107,私立,一般大學,1049,開南大學,學士班(日間),馬來西亞,東協,3,1,2,0,0,0,3,1,2,0,0,0,0,0,0
107,私立,一般大學,1049,開南大學,學士班(日間),菲律賓共和國,東協,1,0,1,1,0,1,0,0,0,0,0,0,0,0,0
107,私立,一般大學,1049,開南大學,學士班(日間),泰國,東協,1,0,1,1,0,1,0,0,0,0,0,0,0,0,0
107,私立,一般大學,1049,開南大學,學士班(日間),越南社會主義共和國,東協,26,5,21,25,5,20,1,0,1,0,0,0,0,0,0
107,私立,一般大學,1049,開南大學,學士班(日間),香港,港澳,3,1,2,0,0,0,0,0,0,3,1,2,0,0,0
107,私立,一般大學,1049,開南大學,學士班(日間),澳門,港澳,1,1,0,0,0,0,0,0,0,1,1,0,0,0,0
107,私立,一般大學,1049,開南大學,學士班(日間),蒙古國,其他亞洲地區,5,2,3,5,2,3,0,0,0,0,0,0,0,0,0
107,私立,一般大學,1049,開南大學,學士班(日間),俄羅斯聯邦,其他亞洲地區,1,0,1,1,0,1,0,0,0,0,0,0,0,0,0
107,私立,一般大學,1049,開南大學,學士班(日間),海地共和國,中南美洲,4,3,1,4,3,1,0,0,0,0,0,0,0,0,0
107,私立,一般大學,1049,開南大學,學士班(日間),美國,北美洲,1,1,0,1,1,0,0,0,0,0,0,0,0,0,0
107,私立,一般大學,1049,開南大學,學士班(日間),大陸地區,大陸地區,2,1,1,0,0,0,0,0,0,0,0,0,2,1,1
107,私立,一般大學,1049,開南大學,碩士班(日間),越南社會主義共和國,東協,1,0,1,1,0,1,0,0,0,0,0,0,0,0,0
107,私立,一般大學,1049,開南大學,碩士班(日間),澳門,港澳,1,0,1,0,0,0,0,0,0,1,0,1,0,0,0
107,私立,一般大學,1049,開南大學,碩士班(日間),美國,北美洲,1,1,0,0,0,0,1,1,0,0,0,0,0,0,0
107,私立,一般大學,1050,佛光大學,學士班(日間),緬甸,東協,1,0,1,1,0,1,0,0,0,0,0,0,0,0,0
107,私立,一般大學,1050,佛光大學,學士班(日間),印度尼西亞共和國,東協,1,0,1,1,0,1,0,0,0,0,0,0,0,0,0
107,私立,一般大學,1050,佛光大學,學士班(日間),馬來西亞,東協,14,3,11,8,1,7,6,2,4,0,0,0,0,0,0
107,私立,一般大學,1050,佛光大學,學士班(日間),泰國,東協,1,1,0,1,1,0,0,0,0,0,0,0,0,0,0
107,私立,一般大學,1050,佛光大學,學士班(日間),越南社會主義共和國,東協,6,2,4,6,2,4,0,0,0,0,0,0,0,0,0
107,私立,一般大學,1050,佛光大學,學士班(日間),香港,港澳,10,5,5,0,0,0,0,0,0,10,5,5,0,0,0
107,私立,一般大學,1050,佛光大學,學士班(日間),澳門,港澳,1,1,0,0,0,0,0,0,0,1,1,0,0,0,0
107,私立,一般大學,1050,佛光大學,學士班(日間),大陸地區,大陸地區,9,4,5,0,0,0,0,0,0,0,0,0,9,4,5
107,私立,一般大學,1050,佛光大學,碩士班(日間),新加坡共和國,東協,1,0,1,1,0,1,0,0,0,0,0,0,0,0,0
107,私立,一般大學,1050,佛光大學,碩士班(日間),越南社會主義共和國,東協,1,0,1,1,0,1,0,0,0,0,0,0,0,0,0
107,私立,一般大學,1050,佛光大學,碩士班(日間),南非共和國,非洲,1,1,0,1,1,0,0,0,0,0,0,0,0,0,0
107,私立,一般大學,1050,佛光大學,碩士班(日間),烏克蘭,其他亞洲地區,1,0,1,1,0,1,0,0,0,0,0,0,0,0,0
107,私立,技專校院,1051,台南家專學校財團法人台南應用科技大學,學士班(日間),日本,其他亞洲地區,1,1,0,1,1,0,0,0,0,0,0,0,0,0,0
107,私立,技專校院,1051,台南家專學校財團法人台南應用科技大學,學士班(日間),馬來西亞,東協,9,3,6,1,0,1,8,3,5,0,0,0,0,0,0
107,私立,技專校院,1051,台南家專學校財團法人台南應用科技大學,學士班(日間),香港,港澳,3,1,2,0,0,0,0,0,0,3,1,2,0,0,0
107,私立,技專校院,1051,台南家專學校財團法人台南應用科技大學,學士班(日間),澳門,港澳,4,0,4,0,0,0,0,0,0,4,0,4,0,0,0
107,私立,技專校院,1051,台南家專學校財團法人台南應用科技大學,學士班(日間),大陸地區,大陸地區,8,3,5,0,0,0,0,0,0,0,0,0,8,3,5
107,私立,技專校院,1051,台南家專學校財團法人台南應用科技大學,碩士班(日間),大陸地區,大陸地區,1,1,0,0,0,0,0,0,0,0,0,0,1,1,0
107,私立,技專校院,1052,遠東科技大學,學士班(日間),印度尼西亞共和國,東協,1,1,0,1,1,0,0,0,0,0,0,0,0,0,0
107,私立,技專校院,1052,遠東科技大學,學士班(日間),大韓民國(南韓),其他亞洲地區,5,1,4,5,1,4,0,0,0,0,0,0,0,0,0
107,私立,技專校院,1052,遠東科技大學,學士班(日間),馬來西亞,東協,1,1,0,0,0,0,1,1,0,0,0,0,0,0,0
107,私立,技專校院,1052,遠東科技大學,學士班(日間),澳門,港澳,1,0,1,0,0,0,0,0,0,1,0,1,0,0,0
107,私立,技專校院,1052,遠東科技大學,學士班(日間),大陸地區,大陸地區,1,0,1,0,0,0,0,0,0,0,0,0,1,0,1
107,私立,技專校院,1053,光宇學校財團法人元培醫事科技大學,學士班(日間),緬甸,東協,1,0,1,0,0,0,1,0,1,0,0,0,0,0,0
107,私立,技專校院,1053,光宇學校財團法人元培醫事科技大學,學士班(日間),印度尼西亞共和國,東協,1,0,1,1,0,1,0,0,0,0,0,0,0,0,0
107,私立,技專校院,1053,光宇學校財團法人元培醫事科技大學,學士班(日間),馬來西亞,東協,24,8,16,22,8,14,2,0,2,0,0,0,0,0,0
107,私立,技專校院,1053,光宇學校財團法人元培醫事科技大學,學士班(日間),越南社會主義共和國,東協,3,0,3,1,0,1,2,0,2,0,0,0,0,0,0
107,私立,技專校院,1053,光宇學校財團法人元培醫事科技大學,學士班(日間),香港,港澳,3,1,2,0,0,0,0,0,0,3,1,2,0,0,0
107,私立,技專校院,1053,光宇學校財團法人元培醫事科技大學,學士班(日間),澳門,港澳,1,1,0,0,0,0,0,0,0,1,1,0,0,0,0
107,私立,技專校院,1053,光宇學校財團法人元培醫事科技大學,學士班(日間),大陸地區,大陸地區,5,2,3,0,0,0,0,0,0,0,0,0,5,2,3
107,私立,技專校院,1053,光宇學校財團法人元培醫事科技大學,碩士班(日間),越南社會主義共和國,東協,2,2,0,2,2,0,0,0,0,0,0,0,0,0,0
107,私立,技專校院,1053,光宇學校財團法人元培醫事科技大學,碩士班(日間),大陸地區,大陸地區,1,1,0,0,0,0,0,0,0,0,0,0,1,1,0
107,私立,技專校院,1054,景文科技大學,學士班(日間),印度尼西亞共和國,東協,2,0,2,0,0,0,2,0,2,0,0,0,0,0,0
107,私立,技專校院,1054,景文科技大學,學士班(日間),日本,其他亞洲地區,3,2,1,3,2,1,0,0,0,0,0,0,0,0,0
107,私立,技專校院,1054,景文科技大學,學士班(日間),大韓民國(南韓),其他亞洲地區,1,0,1,1,0,1,0,0,0,0,0,0,0,0,0
107,私立,技專校院,1054,景文科技大學,學士班(日間),馬來西亞,東協,12,6,6,9,5,4,3,1,2,0,0,0,0,0,0
107,私立,技專校院,1054,景文科技大學,學士班(日間),越南社會主義共和國,東協,2,0,2,1,0,1,1,0,1,0,0,0,0,0,0
107,私立,技專校院,1054,景文科技大學,學士班(日間),香港,港澳,17,6,11,0,0,0,0,0,0,17,6,11,0,0,0
107,私立,技專校院,1054,景文科技大學,學士班(日間),澳門,港澳,7,2,5,0,0,0,0,0,0,7,2,5,0,0,0
107,私立,技專校院,1054,景文科技大學,學士班(日間),蒙古國,其他亞洲地區,4,3,1,4,3,1,0,0,0,0,0,0,0,0,0
107,私立,技專校院,1054,景文科技大學,學士班(日間),大陸地區,大陸地區,12,3,9,0,0,0,0,0,0,0,0,0,12,3,9
107,私立,技專校院,1054,景文科技大學,碩士班(日間),香港,港澳,1,0,1,0,0,0,0,0,0,1,0,1,0,0,0
107,私立,技專校院,1055,中華醫事科技大學,學士班(日間),馬來西亞,東協,2,1,1,2,1,1,0,0,0,0,0,0,0,0,0
107,私立,技專校院,1055,中華醫事科技大學,學士班(日間),新加坡共和國,東協,1,0,1,1,0,1,0,0,0,0,0,0,0,0,0
107,私立,技專校院,1055,中華醫事科技大學,學士班(日間),香港,港澳,3,2,1,0,0,0,0,0,0,3,2,1,0,0,0
107,私立,技專校院,1055,中華醫事科技大學,學士班(日間),澳門,港澳,1,1,0,0,0,0,0,0,0,1,1,0,0,0,0
107,私立,技專校院,1056,東南科技大學,學士班(日間),馬來西亞,東協,9,7,2,8,7,1,1,0,1,0,0,0,0,0,0
107,私立,技專校院,1056,東南科技大學,學士班(日間),越南社會主義共和國,東協,1,0,1,0,0,0,1,0,1,0,0,0,0,0,0
107,私立,技專校院,1056,東南科技大學,學士班(日間),香港,港澳,4,3,1,0,0,0,0,0,0,4,3,1,0,0,0
107,私立,技專校院,1056,東南科技大學,學士班(日間),澳門,港澳,4,3,1,0,0,0,0,0,0,4,3,1,0,0,0
107,私立,技專校院,1056,東南科技大學,學士班(日間),大陸地區,大陸地區,2,2,0,0,0,0,0,0,0,0,0,0,2,2,0
107,私立,技專校院,1057,德明財經科技大學,學士班(日間),日本,其他亞洲地區,3,1,2,3,1,2,0,0,0,0,0,0,0,0,0
107,私立,技專校院,1057,德明財經科技大學,學士班(日間),越南社會主義共和國,東協,34,8,26,34,8,26,0,0,0,0,0,0,0,0,0
107,私立,技專校院,1057,德明財經科技大學,碩士班(日間),越南社會主義共和國,東協,5,0,5,5,0,5,0,0,0,0,0,0,0,0,0
107,私立,一般大學,1058,明道學校財團法人明道大學,學士班(日間),印度尼西亞共和國,東協,1,0,1,1,0,1,0,0,0,0,0,0,0,0,0
107,私立,一般大學,1058,明道學校財團法人明道大學,學士班(日間),日本,其他亞洲地區,5,0,5,5,0,5,0,0,0,0,0,0,0,0,0
107,私立,一般大學,1058,明道學校財團法人明道大學,學士班(日間),大韓民國(南韓),其他亞洲地區,2,0,2,2,0,2,0,0,0,0,0,0,0,0,0
107,私立,一般大學,1058,明道學校財團法人明道大學,學士班(日間),馬來西亞,東協,17,7,10,14,5,9,3,2,1,0,0,0,0,0,0
107,私立,一般大學,1058,明道學校財團法人明道大學,學士班(日間),香港,港澳,14,3,11,0,0,0,0,0,0,14,3,11,0,0,0
107,私立,一般大學,1058,明道學校財團法人明道大學,學士班(日間),澳門,港澳,2,2,0,0,0,0,0,0,0,2,2,0,0,0,0
107,私立,一般大學,1058,明道學校財團法人明道大學,學士班(日間),澳大利亞,其他亞洲地區,1,0,1,1,0,1,0,0,0,0,0,0,0,0,0
107,私立,一般大學,1058,明道學校財團法人明道大學,學士班(日間),大陸地區,大陸地區,2,2,0,0,0,0,0,0,0,0,0,0,2,2,0
107,私立,一般大學,1058,明道學校財團法人明道大學,碩士班(日間),馬來西亞,東協,2,1,1,1,1,0,1,0,1,0,0,0,0,0,0
107,私立,一般大學,1058,明道學校財團法人明道大學,碩士班(日間),蒙古國,其他亞洲地區,3,1,2,3,1,2,0,0,0,0,0,0,0,0,0
107,私立,一般大學,1058,明道學校財團法人明道大學,博士班,大陸地區,大陸地區,1,0,1,0,0,0,0,0,0,0,0,0,1,0,1
107,私立,技專校院,1060,南開科技大學,學士班(日間),馬來西亞,東協,9,9,0,3,3,0,6,6,0,0,0,0,0,0,0
107,私立,技專校院,1060,南開科技大學,學士班(日間),越南社會主義共和國,東協,1,0,1,1,0,1,0,0,0,0,0,0,0,0,0
107,私立,技專校院,1060,南開科技大學,學士班(日間),香港,港澳,4,3,1,0,0,0,0,0,0,4,3,1,0,0,0
107,私立,技專校院,1060,南開科技大學,學士班(日間),澳門,港澳,5,5,0,0,0,0,0,0,0,5,5,0,0,0,0
107,私立,技專校院,1061,中華學校財團法人中華科技大學,學士班(日間),印度尼西亞共和國,東協,1,0,1,0,0,0,1,0,1,0,0,0,0,0,0
107,私立,技專校院,1061,中華學校財團法人中華科技大學,學士班(日間),馬來西亞,東協,6,3,3,4,2,2,2,1,1,0,0,0,0,0,0
107,私立,技專校院,1061,中華學校財團法人中華科技大學,學士班(日間),越南社會主義共和國,東協,2,0,2,2,0,2,0,0,0,0,0,0,0,0,0
107,私立,技專校院,1061,中華學校財團法人中華科技大學,學士班(日間),大陸地區,大陸地區,4,2,2,0,0,0,0,0,0,0,0,0,4,2,2
107,私立,技專校院,1062,僑光科技大學,學士班(日間),馬來西亞,東協,2,1,1,2,1,1,0,0,0,0,0,0,0,0,0
107,私立,技專校院,1062,僑光科技大學,學士班(日間),香港,港澳,1,1,0,0,0,0,0,0,0,1,1,0,0,0,0
107,私立,技專校院,1062,僑光科技大學,學士班(日間),澳門,港澳,1,1,0,0,0,0,0,0,0,1,1,0,0,0,0
107,私立,技專校院,1062,僑光科技大學,學士班(日間),大陸地區,大陸地區,1,1,0,0,0,0,0,0,0,0,0,0,1,1,0
107,私立,技專校院,1062,僑光科技大學,碩士班(日間),澳門,港澳,1,1,0,0,0,0,0,0,0,1,1,0,0,0,0
107,私立,技專校院,1063,廣亞學校財團法人育達科技大學,學士班(日間),馬來西亞,東協,2,2,0,2,2,0,0,0,0,0,0,0,0,0,0
107,私立,技專校院,1063,廣亞學校財團法人育達科技大學,學士班(日間),香港,港澳,3,1,2,0,0,0,0,0,0,3,1,2,0,0,0
107,私立,技專校院,1064,美和學校財團法人美和科技大學,學士班(日間),馬來西亞,東協,2,1,1,2,1,1,0,0,0,0,0,0,0,0,0
107,私立,技專校院,1064,美和學校財團法人美和科技大學,學士班(日間),香港,港澳,1,0,1,0,0,0,0,0,0,1,0,1,0,0,0
107,私立,技專校院,1065,吳鳳科技大學,學士班(日間),印度,南亞,21,21,0,21,21,0,0,0,0,0,0,0,0,0,0
107,私立,技專校院,1065,吳鳳科技大學,學士班(日間),印度尼西亞共和國,東協,1,1,0,1,1,0,0,0,0,0,0,0,0,0,0
107,私立,技專校院,1065,吳鳳科技大學,學士班(日間),馬來西亞,東協,1,1,0,0,0,0,1,1,0,0,0,0,0,0,0
107,私立,技專校院,1066,環球學校財團法人環球科技大學,學士班(日間),印度尼西亞共和國,東協,1,1,0,1,1,0,0,0,0,0,0,0,0,0,0
107,私立,技專校院,1066,環球學校財團法人環球科技大學,學士班(日間),日本,其他亞洲地區,1,1,0,1,1,0,0,0,0,0,0,0,0,0,0
107,私立,技專校院,1066,環球學校財團法人環球科技大學,學士班(日間),馬來西亞,東協,93,39,54,83,36,47,10,3,7,0,0,0,0,0,0
107,私立,技專校院,1066,環球學校財團法人環球科技大學,學士班(日間),聖克里斯多福及尼維斯,中南美洲,1,1,0,1,1,0,0,0,0,0,0,0,0,0,0
107,私立,技專校院,1066,環球學校財團法人環球科技大學,學士班(日間),大陸地區,大陸地區,4,2,2,0,0,0,0,0,0,0,0,0,4,2,2
107,私立,技專校院,1066,環球學校財團法人環球科技大學,碩士班(日間),馬來西亞,東協,1,0,1,1,0,1,0,0,0,0,0,0,0,0,0
107,私立,技專校院,1066,環球學校財團法人環球科技大學,碩士班(日間),越南社會主義共和國,東協,1,0,1,1,0,1,0,0,0,0,0,0,0,0,0
107,私立,一般大學,1067,台灣首府學校財團法人台灣首府大學,學士班(日間),印度尼西亞共和國,東協,22,6,16,13,1,12,9,5,4,0,0,0,0,0,0
107,私立,一般大學,1067,台灣首府學校財團法人台灣首府大學,學士班(日間),馬來西亞,東協,9,6,3,1,0,1,8,6,2,0,0,0,0,0,0
107,私立,一般大學,1067,台灣首府學校財團法人台灣首府大學,學士班(日間),香港,港澳,18,6,12,0,0,0,0,0,0,18,6,12,0,0,0
107,私立,一般大學,1067,台灣首府學校財團法人台灣首府大學,學士班(日間),澳門,港澳,12,3,9,0,0,0,0,0,0,12,3,9,0,0,0
107,私立,一般大學,1067,台灣首府學校財團法人台灣首府大學,學士班(日間),美國,北美洲,1,1,0,1,1,0,0,0,0,0,0,0,0,0,0
107,私立,一般大學,1067,台灣首府學校財團法人台灣首府大學,學士班(日間),大陸地區,大陸地區,1,0,1,0,0,0,0,0,0,0,0,0,1,0,1
107,私立,一般大學,1067,台灣首府學校財團法人台灣首府大學,碩士班(日間),印度尼西亞共和國,東協,1,1,0,1,1,0,0,0,0,0,0,0,0,0,0
107,私立,一般大學,1067,台灣首府學校財團法人台灣首府大學,碩士班(日間),馬來西亞,東協,1,0,1,1,0,1,0,0,0,0,0,0,0,0,0
107,私立,技專校院,1068,中州學校財團法人中州科技大學,學士班(日間),印度尼西亞共和國,東協,2,0,2,2,0,2,0,0,0,0,0,0,0,0,0
107,私立,技專校院,1068,中州學校財團法人中州科技大學,學士班(日間),馬來西亞,東協,20,4,16,19,3,16,1,1,0,0,0,0,0,0,0
107,私立,技專校院,1068,中州學校財團法人中州科技大學,學士班(日間),蒙古國,其他亞洲地區,3,1,2,3,1,2,0,0,0,0,0,0,0,0,0
107,私立,技專校院,1069,修平學校財團法人修平科技大學,學士班(日間),馬來西亞,東協,9,8,1,8,7,1,1,1,0,0,0,0,0,0,0
107,私立,技專校院,1070,長庚學校財團法人長庚科技大學,五專,美國,北美洲,1,1,0,1,1,0,0,0,0,0,0,0,0,0,0
107,私立,技專校院,1070,長庚學校財團法人長庚科技大學,學士班(日間),緬甸,東協,1,0,1,0,0,0,1,0,1,0,0,0,0,0,0
107,私立,技專校院,1070,長庚學校財團法人長庚科技大學,學士班(日間),馬來西亞,東協,1,1,0,0,0,0,1,1,0,0,0,0,0,0,0
107,私立,技專校院,1070,長庚學校財團法人長庚科技大學,學士班(日間),香港,港澳,11,1,10,0,0,0,0,0,0,11,1,10,0,0,0
107,私立,技專校院,1070,長庚學校財團法人長庚科技大學,學士班(日間),澳門,港澳,3,3,0,0,0,0,0,0,0,3,3,0,0,0,0
107,私立,技專校院,1070,長庚學校財團法人長庚科技大學,學士班(日間),大陸地區,大陸地區,3,0,3,0,0,0,0,0,0,0,0,0,3,0,3
107,私立,技專校院,1071,城市學校財團法人臺北城市科技大學,學士班(日間),緬甸,東協,1,0,1,0,0,0,1,0,1,0,0,0,0,0,0
107,私立,技專校院,1071,城市學校財團法人臺北城市科技大學,學士班(日間),印度尼西亞共和國,東協,1,0,1,0,0,0,1,0,1,0,0,0,0,0,0
107,私立,技專校院,1071,城市學校財團法人臺北城市科技大學,學士班(日間),日本,其他亞洲地區,1,1,0,1,1,0,0,0,0,0,0,0,0,0,0
107,私立,技專校院,1071,城市學校財團法人臺北城市科技大學,學士班(日間),馬來西亞,東協,2,0,2,1,0,1,1,0,1,0,0,0,0,0,0
107,私立,技專校院,1071,城市學校財團法人臺北城市科技大學,學士班(日間),越南社會主義共和國,東協,1,0,1,1,0,1,0,0,0,0,0,0,0,0,0
107,私立,技專校院,1071,城市學校財團法人臺北城市科技大學,學士班(日間),香港,港澳,1,1,0,0,0,0,0,0,0,1,1,0,0,0,0
107,私立,技專校院,1071,城市學校財團法人臺北城市科技大學,學士班(日間),澳門,港澳,3,2,1,0,0,0,0,0,0,3,2,1,0,0,0
107,私立,技專校院,1072,大華學校財團法人敏實科技大學,學士班(日間),馬來西亞,東協,15,8,7,14,8,6,1,0,1,0,0,0,0,0,0
107,私立,技專校院,1072,大華學校財團法人敏實科技大學,學士班(日間),澳門,港澳,1,0,1,0,0,0,0,0,0,1,0,1,0,0,0
107,私立,技專校院,1073,醒吾學校財團法人醒吾科技大學,學士班(日間),大韓民國(南韓),其他亞洲地區,1,0,1,0,0,0,1,0,1,0,0,0,0,0,0
107,私立,技專校院,1073,醒吾學校財團法人醒吾科技大學,學士班(日間),馬來西亞,東協,6,4,2,3,1,2,3,3,0,0,0,0,0,0,0
107,私立,技專校院,1073,醒吾學校財團法人醒吾科技大學,學士班(日間),泰國,東協,1,0,1,0,0,0,1,0,1,0,0,0,0,0,0
107,私立,技專校院,1073,醒吾學校財團法人醒吾科技大學,學士班(日間),香港,港澳,1,0,1,0,0,0,0,0,0,1,0,1,0,0,0
107,私立,技專校院,1073,醒吾學校財團法人醒吾科技大學,學士班(日間),澳門,港澳,1,0,1,0,0,0,0,0,0,1,0,1,0,0,0
107,私立,技專校院,1073,醒吾學校財團法人醒吾科技大學,學士班(日間),大陸地區,大陸地區,2,1,1,0,0,0,0,0,0,0,0,0,2,1,1
107,私立,技專校院,1073,醒吾學校財團法人醒吾科技大學,碩士班(日間),馬來西亞,東協,1,1,0,0,0,0,1,1,0,0,0,0,0,0,0
107,私立,技專校院,1073,醒吾學校財團法人醒吾科技大學,碩士班(日間),越南社會主義共和國,東協,1,1,0,1,1,0,0,0,0,0,0,0,0,0,0
107,私立,技專校院,1075,文藻學校財團法人文藻外語大學,學士班(日間),印度尼西亞共和國,東協,14,1,13,14,1,13,0,0,0,0,0,0,0,0,0
107,私立,技專校院,1075,文藻學校財團法人文藻外語大學,學士班(日間),日本,其他亞洲地區,7,0,7,6,0,6,1,0,1,0,0,0,0,0,0
107,私立,技專校院,1075,文藻學校財團法人文藻外語大學,學士班(日間),馬來西亞,東協,5,2,3,1,0,1,4,2,2,0,0,0,0,0,0
107,私立,技專校院,1075,文藻學校財團法人文藻外語大學,學士班(日間),新加坡共和國,東協,2,0,2,1,0,1,1,0,1,0,0,0,0,0,0
107,私立,技專校院,1075,文藻學校財團法人文藻外語大學,學士班(日間),越南社會主義共和國,東協,4,1,3,4,1,3,0,0,0,0,0,0,0,0,0
107,私立,技專校院,1075,文藻學校財團法人文藻外語大學,學士班(日間),香港,港澳,3,0,3,0,0,0,0,0,0,3,0,3,0,0,0
107,私立,技專校院,1075,文藻學校財團法人文藻外語大學,學士班(日間),澳門,港澳,2,1,1,0,0,0,0,0,0,2,1,1,0,0,0
107,私立,技專校院,1075,文藻學校財團法人文藻外語大學,學士班(日間),大陸地區,大陸地區,23,2,21,0,0,0,0,0,0,0,0,0,23,2,21
107,私立,技專校院,1075,文藻學校財團法人文藻外語大學,碩士班(日間),印度尼西亞共和國,東協,1,0,1,0,0,0,1,0,1,0,0,0,0,0,0
107,私立,技專校院,1075,文藻學校財團法人文藻外語大學,碩士班(日間),泰國,東協,1,0,1,1,0,1,0,0,0,0,0,0,0,0,0
107,私立,技專校院,1075,文藻學校財團法人文藻外語大學,碩士班(日間),越南社會主義共和國,東協,1,0,1,1,0,1,0,0,0,0,0,0,0,0,0
107,私立,技專校院,1075,文藻學校財團法人文藻外語大學,碩士班(日間),蒙古國,其他亞洲地區,1,1,0,1,1,0,0,0,0,0,0,0,0,0,0
107,私立,技專校院,1075,文藻學校財團法人文藻外語大學,碩士班(日間),布吉納法索,非洲,1,1,0,1,1,0,0,0,0,0,0,0,0,0,0
107,私立,技專校院,1075,文藻學校財團法人文藻外語大學,碩士班(日間),波蘭共和國,歐洲,1,0,1,1,0,1,0,0,0,0,0,0,0,0,0
107,私立,技專校院,1075,文藻學校財團法人文藻外語大學,碩士班(日間),加拿大,北美洲,1,1,0,1,1,0,0,0,0,0,0,0,0,0,0
107,私立,技專校院,1075,文藻學校財團法人文藻外語大學,碩士班(日間),美國,北美洲,1,1,0,1,1,0,0,0,0,0,0,0,0,0,0
107,私立,技專校院,1076,華夏學校財團法人華夏科技大學,學士班(日間),澳門,港澳,2,0,2,0,0,0,0,0,0,2,0,2,0,0,0
107,私立,技專校院,1076,華夏學校財團法人華夏科技大學,學士班(日間),大陸地區,大陸地區,1,1,0,0,0,0,0,0,0,0,0,0,1,1,0
107,私立,技專校院,1077,慈濟學校財團法人慈濟科技大學,五專,馬來西亞,東協,1,0,1,1,0,1,0,0,0,0,0,0,0,0,0
107,私立,技專校院,1077,慈濟學校財團法人慈濟科技大學,學士班(日間),大韓民國(南韓),其他亞洲地區,1,1,0,1,1,0,0,0,0,0,0,0,0,0,0
107,私立,技專校院,1077,慈濟學校財團法人慈濟科技大學,學士班(日間),馬來西亞,東協,9,6,3,9,6,3,0,0,0,0,0,0,0,0,0
107,私立,技專校院,1077,慈濟學校財團法人慈濟科技大學,學士班(日間),大陸地區,大陸地區,2,2,0,0,0,0,0,0,0,0,0,0,2,2,0
107,私立,技專校院,1078,致理學校財團法人致理科技大學,學士班(日間),越南社會主義共和國,東協,33,4,29,33,4,29,0,0,0,0,0,0,0,0,0
107,私立,技專校院,1078,致理學校財團法人致理科技大學,學士班(日間),大陸地區,大陸地區,16,7,9,0,0,0,0,0,0,0,0,0,16,7,9
107,私立,一般大學,1079,康寧學校財團法人康寧大學,學士班(日間),馬來西亞,東協,2,2,0,2,2,0,0,0,0,0,0,0,0,0,0
107,私立,一般大學,1079,康寧學校財團法人康寧大學,學士班(日間),越南社會主義共和國,東協,1,0,1,1,0,1,0,0,0,0,0,0,0,0,0
107,私立,一般大學,1079,康寧學校財團法人康寧大學,學士班(日間),香港,港澳,2,2,0,0,0,0,0,0,0,2,2,0,0,0,0
107,私立,一般大學,1079,康寧學校財團法人康寧大學,學士班(日間),義大利共和國,歐洲,1,1,0,1,1,0,0,0,0,0,0,0,0,0,0
107,私立,一般大學,1079,康寧學校財團法人康寧大學,碩士班(日間),越南社會主義共和國,東協,2,1,1,2,1,1,0,0,0,0,0,0,0,0,0
107,私立,技專校院,1080,宏國學校財團法人宏國德霖科技大學,學士班(日間),美國,北美洲,1,0,1,0,0,0,1,0,1,0,0,0,0,0,0
107,私立,技專校院,1081,東方學校財團法人東方設計大學,學士班(日間),澳門,港澳,1,0,1,0,0,0,0,0,0,1,0,1,0,0,0
107,私立,技專校院,1081,東方學校財團法人東方設計大學,博士班,大陸地區,大陸地區,1,0,1,0,0,0,0,0,0,0,0,0,1,0,1
107,私立,技專校院,1082,崇右學校財團法人崇右影藝科技大學,學士班(日間),日本,其他亞洲地區,1,1,0,1,1,0,0,0,0,0,0,0,0,0,0
107,私立,技專校院,1082,崇右學校財團法人崇右影藝科技大學,學士班(日間),馬來西亞,東協,7,5,2,7,5,2,0,0,0,0,0,0,0,0,0
107,私立,技專校院,1082,崇右學校財團法人崇右影藝科技大學,學士班(日間),泰國,東協,1,0,1,1,0,1,0,0,0,0,0,0,0,0,0
107,私立,技專校院,1082,崇右學校財團法人崇右影藝科技大學,學士班(日間),香港,港澳,1,0,1,0,0,0,0,0,0,1,0,1,0,0,0
107,私立,技專校院,1082,崇右學校財團法人崇右影藝科技大學,學士班(日間),澳門,港澳,2,1,1,0,0,0,0,0,0,2,1,1,0,0,0
107,私立,技專校院,1082,崇右學校財團法人崇右影藝科技大學,學士班(日間),大陸地區,大陸地區,2,2,0,0,0,0,0,0,0,0,0,0,2,2,0
107,私立,技專校院,1083,台北海洋學校財團法人台北海洋科技大學,學士班(日間),馬來西亞,東協,1,0,1,0,0,0,1,0,1,0,0,0,0,0,0
107,私立,技專校院,1083,台北海洋學校財團法人台北海洋科技大學,學士班(日間),越南社會主義共和國,東協,1,1,0,1,1,0,0,0,0,0,0,0,0,0,0
107,私立,技專校院,1083,台北海洋學校財團法人台北海洋科技大學,學士班(日間),香港,港澳,1,0,1,0,0,0,0,0,0,1,0,1,0,0,0
107,私立,技專校院,1083,台北海洋學校財團法人台北海洋科技大學,學士班(日間),大陸地區,大陸地區,2,1,1,0,0,0,0,0,0,0,0,0,2,1,1
107,私立,技專校院,1148,大漢技術學院,學士班(日間),大陸地區,大陸地區,1,1,0,0,0,0,0,0,0,0,0,0,1,1,0
107,私立,技專校院,1159,和春技術學院,學士班(日間),香港,港澳,1,0,1,0,0,0,0,0,0,1,0,1,0,0,0
107,私立,技專校院,1168,南亞科技學校財團法人南亞技術學院,學士班(日間),泰國,東協,1,0,1,1,0,1,0,0,0,0,0,0,0,0,0
107,私立,技專校院,1168,南亞科技學校財團法人南亞技術學院,學士班(日間),越南社會主義共和國,東協,2,1,1,2,1,1,0,0,0,0,0,0,0,0,0
107,私立,技專校院,1183,黎明技術學院,學士班(日間),印度尼西亞共和國,東協,1,1,0,1,1,0,0,0,0,0,0,0,0,0,0
107,私立,技專校院,1183,黎明技術學院,學士班(日間),大韓民國(南韓),其他亞洲地區,1,0,1,1,0,1,0,0,0,0,0,0,0,0,0
107,私立,技專校院,1185,經國管理暨健康學院,學士班(日間),馬來西亞,東協,1,0,1,1,0,1,0,0,0,0,0,0,0,0,0
107,私立,技專校院,1185,經國管理暨健康學院,學士班(日間),越南社會主義共和國,東協,1,0,1,1,0,1,0,0,0,0,0,0,0,0,0
107,私立,技專校院,1185,經國管理暨健康學院,學士班(日間),香港,港澳,1,0,1,0,0,0,0,0,0,1,0,1,0,0,0
107,私立,技專校院,1192,臺灣觀光學院,學士班(日間),澳門,港澳,3,2,1,0,0,0,0,0,0,3,2,1,0,0,0
107,私立,一般大學,1195,馬偕學校財團法人馬偕醫學院,學士班(日間),馬來西亞,東協,1,0,1,0,0,0,1,0,1,0,0,0,0,0,0
107,私立,一般大學,1195,馬偕學校財團法人馬偕醫學院,學士班(日間),澳門,港澳,2,0,2,0,0,0,0,0,0,2,0,2,0,0,0
107,私立,一般大學,1196,法鼓學校財團法人法鼓文理學院,學士班(日間),大韓民國(南韓),其他亞洲地區,1,1,0,1,1,0,0,0,0,0,0,0,0,0,0
107,私立,一般大學,1196,法鼓學校財團法人法鼓文理學院,學士班(日間),馬來西亞,東協,1,0,1,1,0,1,0,0,0,0,0,0,0,0,0
107,私立,一般大學,1196,法鼓學校財團法人法鼓文理學院,學士班(日間),越南社會主義共和國,東協,1,1,0,1,1,0,0,0,0,0,0,0,0,0,0
107,私立,一般大學,1196,法鼓學校財團法人法鼓文理學院,學士班(日間),德意志聯邦共和國,歐洲,1,1,0,1,1,0,0,0,0,0,0,0,0,0,0
107,私立,一般大學,1196,法鼓學校財團法人法鼓文理學院,碩士班(日間),馬來西亞,東協,2,1,1,2,1,1,0,0,0,0,0,0,0,0,0
107,私立,技專校院,1282,馬偕學校財團法人馬偕醫護管理專科學校,五專,澳門,港澳,1,0,1,0,0,0,0,0,0,1,0,1,0,0,0
107,私立,宗教研修學院,1R03,臺北基督學院,學士班(日間),馬來西亞,東協,1,1,0,1,1,0,0,0,0,0,0,0,0,0,0
107,私立,宗教研修學院,1R03,臺北基督學院,學士班(日間),吉爾吉斯,其他亞洲地區,1,0,1,1,0,1,0,0,0,0,0,0,0,0,0
107,公立,一般大學,3002,臺北市立大學,學士班(日間),印度尼西亞共和國,東協,1,0,1,1,0,1,0,0,0,0,0,0,0,0,0
107,公立,一般大學,3002,臺北市立大學,學士班(日間),大韓民國(南韓),其他亞洲地區,1,0,1,1,0,1,0,0,0,0,0,0,0,0,0
107,公立,一般大學,3002,臺北市立大學,學士班(日間),馬來西亞,東協,7,1,6,0,0,0,7,1,6,0,0,0,0,0,0
107,公立,一般大學,3002,臺北市立大學,學士班(日間),泰國,東協,1,0,1,0,0,0,1,0,1,0,0,0,0,0,0
107,公立,一般大學,3002,臺北市立大學,學士班(日間),越南社會主義共和國,東協,2,2,0,0,0,0,2,2,0,0,0,0,0,0,0
107,公立,一般大學,3002,臺北市立大學,學士班(日間),香港,港澳,9,3,6,0,0,0,0,0,0,9,3,6,0,0,0
107,公立,一般大學,3002,臺北市立大學,學士班(日間),澳門,港澳,13,5,8,0,0,0,0,0,0,13,5,8,0,0,0
107,公立,一般大學,3002,臺北市立大學,學士班(日間),貝里斯,中南美洲,1,1,0,1,1,0,0,0,0,0,0,0,0,0,0
107,公立,一般大學,3002,臺北市立大學,學士班(日間),大陸地區,大陸地區,6,3,3,0,0,0,0,0,0,0,0,0,6,3,3
107,公立,一般大學,3002,臺北市立大學,碩士班(日間),馬來西亞,東協,2,2,0,0,0,0,2,2,0,0,0,0,0,0,0
107,公立,一般大學,3002,臺北市立大學,碩士班(日間),香港,港澳,2,0,2,0,0,0,0,0,0,2,0,2,0,0,0
107,公立,一般大學,3002,臺北市立大學,碩士班(日間),澳門,港澳,3,3,0,0,0,0,0,0,0,3,3,0,0,0,0
107,公立,一般大學,3002,臺北市立大學,碩士班(日間),貝里斯,中南美洲,1,1,0,0,0,0,1,1,0,0,0,0,0,0,0
107,公立,一般大學,3002,臺北市立大學,博士班,泰國,東協,2,0,2,2,0,2,0,0,0,0,0,0,0,0,0
107,公立,一般大學,3002,臺北市立大學,博士班,大陸地區,大陸地區,1,1,0,0,0,0,0,0,0,0,0,0,1,1,0
108,公立,一般大學,0001,國立政治大學,學士班(日間),緬甸,東協,2,0,2,0,0,0,2,0,2,0,0,0,0,0,0
108,公立,一般大學,0001,國立政治大學,學士班(日間),印度尼西亞共和國,東協,6,2,4,2,0,2,4,2,2,0,0,0,0,0,0
108,公立,一般大學,0001,國立政治大學,學士班(日間),日本,其他亞洲地區,9,2,7,8,2,6,1,0,1,0,0,0,0,0,0
108,公立,一般大學,0001,國立政治大學,學士班(日間),大韓民國(南韓),其他亞洲地區,7,3,4,6,3,3,1,0,1,0,0,0,0,0,0
108,公立,一般大學,0001,國立政治大學,學士班(日間),馬來西亞,東協,45,12,33,3,1,2,42,11,31,0,0,0,0,0,0
108,公立,一般大學,0001,國立政治大學,學士班(日間),新加坡共和國,東協,3,0,3,2,0,2,1,0,1,0,0,0,0,0,0
108,公立,一般大學,0001,國立政治大學,學士班(日間),土耳其共和國,其他亞洲地區,1,0,1,1,0,1,0,0,0,0,0,0,0,0,0
108,公立,一般大學,0001,國立政治大學,學士班(日間),越南社會主義共和國,東協,5,3,2,1,1,0,4,2,2,0,0,0,0,0,0
108,公立,一般大學,0001,國立政治大學,學士班(日間),香港,港澳,14,7,7,0,0,0,0,0,0,14,7,7,0,0,0
108,公立,一般大學,0001,國立政治大學,學士班(日間),澳門,港澳,25,14,11,0,0,0,0,0,0,25,14,11,0,0,0
108,公立,一般大學,0001,國立政治大學,學士班(日間),俄羅斯聯邦,其他亞洲地區,1,1,0,1,1,0,0,0,0,0,0,0,0,0,0
108,公立,一般大學,0001,國立政治大學,學士班(日間),諾魯共和國,其他亞洲地區,1,0,1,0,0,0,1,0,1,0,0,0,0,0,0
108,公立,一般大學,0001,國立政治大學,學士班(日間),加拿大,北美洲,1,0,1,0,0,0,1,0,1,0,0,0,0,0,0
108,公立,一般大學,0001,國立政治大學,學士班(日間),多明尼加共和國,中南美洲,1,0,1,1,0,1,0,0,0,0,0,0,0,0,0
108,公立,一般大學,0001,國立政治大學,學士班(日間),薩爾瓦多,中南美洲,2,1,1,2,1,1,0,0,0,0,0,0,0,0,0
108,公立,一般大學,0001,國立政治大學,學士班(日間),宏都拉斯共和國,中南美洲,1,1,0,1,1,0,0,0,0,0,0,0,0,0,0
108,公立,一般大學,0001,國立政治大學,學士班(日間),墨西哥合眾國,中南美洲,1,1,0,0,0,0,1,1,0,0,0,0,0,0,0
108,公立,一般大學,0001,國立政治大學,學士班(日間),巴拿馬共和國,中南美洲,4,1,3,4,1,3,0,0,0,0,0,0,0,0,0
108,公立,一般大學,0001,國立政治大學,學士班(日間),貝里斯,中南美洲,1,0,1,1,0,1,0,0,0,0,0,0,0,0,0
108,公立,一般大學,0001,國立政治大學,學士班(日間),美國,北美洲,2,2,0,1,1,0,1,1,0,0,0,0,0,0,0
108,公立,一般大學,0001,國立政治大學,學士班(日間),巴拉圭,中南美洲,1,1,0,1,1,0,0,0,0,0,0,0,0,0,0
108,公立,一般大學,0001,國立政治大學,學士班(日間),大陸地區,大陸地區,5,0,5,0,0,0,0,0,0,0,0,0,5,0,5
108,公立,一般大學,0001,國立政治大學,碩士班(日間),印度尼西亞共和國,東協,5,0,5,5,0,5,0,0,0,0,0,0,0,0,0
108,公立,一般大學,0001,國立政治大學,碩士班(日間),日本,其他亞洲地區,4,2,2,1,1,0,3,1,2,0,0,0,0,0,0
108,公立,一般大學,0001,國立政治大學,碩士班(日間),大韓民國(南韓),其他亞洲地區,6,4,2,6,4,2,0,0,0,0,0,0,0,0,0
108,公立,一般大學,0001,國立政治大學,碩士班(日間),寮人民民主共和國(寮國),東協,1,1,0,1,1,0,0,0,0,0,0,0,0,0,0
108,公立,一般大學,0001,國立政治大學,碩士班(日間),馬來西亞,東協,5,3,2,1,0,1,4,3,1,0,0,0,0,0,0
108,公立,一般大學,0001,國立政治大學,碩士班(日間),菲律賓共和國,東協,1,1,0,1,1,0,0,0,0,0,0,0,0,0,0
108,公立,一般大學,0001,國立政治大學,碩士班(日間),泰國,東協,7,3,4,6,3,3,1,0,1,0,0,0,0,0,0
108,公立,一般大學,0001,國立政治大學,碩士班(日間),土耳其共和國,其他亞洲地區,2,1,1,2,1,1,0,0,0,0,0,0,0,0,0
108,公立,一般大學,0001,國立政治大學,碩士班(日間),越南社會主義共和國,東協,5,1,4,5,1,4,0,0,0,0,0,0,0,0,0
108,公立,一般大學,0001,國立政治大學,碩士班(日間),香港,港澳,11,9,2,0,0,0,0,0,0,11,9,2,0,0,0
108,公立,一般大學,0001,國立政治大學,碩士班(日間),澳門,港澳,5,4,1,0,0,0,0,0,0,5,4,1,0,0,0
108,公立,一般大學,0001,國立政治大學,碩士班(日間),蒙古國,其他亞洲地區,1,0,1,1,0,1,0,0,0,0,0,0,0,0,0
108,公立,一般大學,0001,國立政治大學,碩士班(日間),俄羅斯聯邦,其他亞洲地區,6,1,5,6,1,5,0,0,0,0,0,0,0,0,0
108,公立,一般大學,0001,國立政治大學,碩士班(日間),比利時王國,歐洲,1,1,0,1,1,0,0,0,0,0,0,0,0,0,0
108,公立,一般大學,0001,國立政治大學,碩士班(日間),捷克共和國,歐洲,2,1,1,2,1,1,0,0,0,0,0,0,0,0,0
108,公立,一般大學,0001,國立政治大學,碩士班(日間),法國,歐洲,7,2,5,7,2,5,0,0,0,0,0,0,0,0,0
108,公立,一般大學,0001,國立政治大學,碩士班(日間),匈牙利共和國,歐洲,1,0,1,1,0,1,0,0,0,0,0,0,0,0,0
108,公立,一般大學,0001,國立政治大學,碩士班(日間),愛爾蘭共和國,歐洲,2,1,1,2,1,1,0,0,0,0,0,0,0,0,0
108,公立,一般大學,0001,國立政治大學,碩士班(日間),羅馬尼亞,歐洲,1,0,1,1,0,1,0,0,0,0,0,0,0,0,0
108,公立,一般大學,0001,國立政治大學,碩士班(日間),瑞士聯邦,歐洲,1,1,0,1,1,0,0,0,0,0,0,0,0,0,0
108,公立,一般大學,0001,國立政治大學,碩士班(日間),英國,歐洲,1,1,0,1,1,0,0,0,0,0,0,0,0,0,0
108,公立,一般大學,0001,國立政治大學,碩士班(日間),德意志聯邦共和國,歐洲,6,5,1,6,5,1,0,0,0,0,0,0,0,0,0
108,公立,一般大學,0001,國立政治大學,碩士班(日間),白俄羅斯共和國,其他亞洲地區,1,0,1,1,0,1,0,0,0,0,0,0,0,0,0
108,公立,一般大學,0001,國立政治大學,碩士班(日間),斯洛伐克共和國,歐洲,1,0,1,1,0,1,0,0,0,0,0,0,0,0,0
108,公立,一般大學,0001,國立政治大學,碩士班(日間),斯洛維尼亞共和國,歐洲,1,1,0,1,1,0,0,0,0,0,0,0,0,0,0
108,公立,一般大學,0001,國立政治大學,碩士班(日間),科索沃共和國,歐洲,1,1,0,1,1,0,0,0,0,0,0,0,0,0,0
108,公立,一般大學,0001,國立政治大學,碩士班(日間),加拿大,北美洲,2,1,1,1,1,0,1,0,1,0,0,0,0,0,0
108,公立,一般大學,0001,國立政治大學,碩士班(日間),哥斯大黎加共和國,中南美洲,1,0,1,1,0,1,0,0,0,0,0,0,0,0,0
108,公立,一般大學,0001,國立政治大學,碩士班(日間),薩爾瓦多,中南美洲,1,0,1,1,0,1,0,0,0,0,0,0,0,0,0
108,公立,一般大學,0001,國立政治大學,碩士班(日間),瓜地馬拉共和國,中南美洲,2,2,0,2,2,0,0,0,0,0,0,0,0,0,0
108,公立,一般大學,0001,國立政治大學,碩士班(日間),海地共和國,中南美洲,1,1,0,1,1,0,0,0,0,0,0,0,0,0,0
108,公立,一般大學,0001,國立政治大學,碩士班(日間),宏都拉斯共和國,中南美洲,2,0,2,2,0,2,0,0,0,0,0,0,0,0,0
108,公立,一般大學,0001,國立政治大學,碩士班(日間),墨西哥合眾國,中南美洲,2,1,1,2,1,1,0,0,0,0,0,0,0,0,0
108,公立,一般大學,0001,國立政治大學,碩士班(日間),尼加拉瓜,中南美洲,6,2,4,5,1,4,1,1,0,0,0,0,0,0,0
108,公立,一般大學,0001,國立政治大學,碩士班(日間),美國,北美洲,8,6,2,7,6,1,1,0,1,0,0,0,0,0,0
108,公立,一般大學,0001,國立政治大學,碩士班(日間),智利,中南美洲,1,1,0,1,1,0,0,0,0,0,0,0,0,0,0
108,公立,一般大學,0001,國立政治大學,碩士班(日間),哥倫比亞共和國,中南美洲,1,0,1,1,0,1,0,0,0,0,0,0,0,0,0
108,公立,一般大學,0001,國立政治大學,碩士班(日間),大陸地區,大陸地區,57,15,42,0,0,0,0,0,0,0,0,0,57,15,42
108,公立,一般大學,0001,國立政治大學,博士班,馬來西亞,東協,3,2,1,1,0,1,2,2,0,0,0,0,0,0,0
108,公立,一般大學,0001,國立政治大學,博士班,巴基斯坦,南亞,1,1,0,1,1,0,0,0,0,0,0,0,0,0,0
108,公立,一般大學,0001,國立政治大學,博士班,越南社會主義共和國,東協,3,0,3,3,0,3,0,0,0,0,0,0,0,0,0
108,公立,一般大學,0001,國立政治大學,博士班,美國,北美洲,1,1,0,1,1,0,0,0,0,0,0,0,0,0,0
108,公立,一般大學,0001,國立政治大學,博士班,大陸地區,大陸地區,9,4,5,0,0,0,0,0,0,0,0,0,9,4,5
108,公立,一般大學,0002,國立清華大學,學士班(日間),緬甸,東協,4,1,3,0,0,0,4,1,3,0,0,0,0,0,0
108,公立,一般大學,0002,國立清華大學,學士班(日間),印度尼西亞共和國,東協,12,7,5,6,4,2,6,3,3,0,0,0,0,0,0
108,公立,一般大學,0002,國立清華大學,學士班(日間),大韓民國(南韓),其他亞洲地區,1,0,1,1,0,1,0,0,0,0,0,0,0,0,0
108,公立,一般大學,0002,國立清華大學,學士班(日間),馬來西亞,東協,32,19,13,1,1,0,31,18,13,0,0,0,0,0,0
108,公立,一般大學,0002,國立清華大學,學士班(日間),泰國,東協,4,0,4,1,0,1,3,0,3,0,0,0,0,0,0
108,公立,一般大學,0002,國立清華大學,學士班(日間),香港,港澳,15,7,8,0,0,0,0,0,0,15,7,8,0,0,0
108,公立,一般大學,0002,國立清華大學,學士班(日間),澳門,港澳,30,10,20,0,0,0,0,0,0,30,10,20,0,0,0
108,公立,一般大學,0002,國立清華大學,學士班(日間),蒙古國,其他亞洲地區,1,1,0,1,1,0,0,0,0,0,0,0,0,0,0
108,公立,一般大學,0002,國立清華大學,學士班(日間),南非共和國,非洲,1,1,0,0,0,0,1,1,0,0,0,0,0,0,0
108,公立,一般大學,0002,國立清華大學,學士班(日間),葡萄牙共和國,歐洲,1,1,0,1,1,0,0,0,0,0,0,0,0,0,0
108,公立,一般大學,0002,國立清華大學,學士班(日間),海地共和國,中南美洲,2,1,1,2,1,1,0,0,0,0,0,0,0,0,0
108,公立,一般大學,0002,國立清華大學,學士班(日間),聖文森(及格瑞那丁),中南美洲,1,1,0,1,1,0,0,0,0,0,0,0,0,0,0
108,公立,一般大學,0002,國立清華大學,學士班(日間),大陸地區,大陸地區,8,5,3,0,0,0,0,0,0,0,0,0,8,5,3
108,公立,一般大學,0002,國立清華大學,碩士班(日間),緬甸,東協,1,0,1,1,0,1,0,0,0,0,0,0,0,0,0
108,公立,一般大學,0002,國立清華大學,碩士班(日間),印度,南亞,10,9,1,10,9,1,0,0,0,0,0,0,0,0,0
108,公立,一般大學,0002,國立清華大學,碩士班(日間),印度尼西亞共和國,東協,5,2,3,4,2,2,1,0,1,0,0,0,0,0,0
108,公立,一般大學,0002,國立清華大學,碩士班(日間),伊朗伊斯蘭共和國,其他亞洲地區,1,1,0,1,1,0,0,0,0,0,0,0,0,0,0
108,公立,一般大學,0002,國立清華大學,碩士班(日間),日本,其他亞洲地區,1,1,0,1,1,0,0,0,0,0,0,0,0,0,0
108,公立,一般大學,0002,國立清華大學,碩士班(日間),大韓民國(南韓),其他亞洲地區,1,0,1,1,0,1,0,0,0,0,0,0,0,0,0
108,公立,一般大學,0002,國立清華大學,碩士班(日間),馬來西亞,東協,15,5,10,5,1,4,10,4,6,0,0,0,0,0,0
108,公立,一般大學,0002,國立清華大學,碩士班(日間),菲律賓共和國,東協,2,1,1,2,1,1,0,0,0,0,0,0,0,0,0
108,公立,一般大學,0002,國立清華大學,碩士班(日間),泰國,東協,4,0,4,4,0,4,0,0,0,0,0,0,0,0,0
108,公立,一般大學,0002,國立清華大學,碩士班(日間),土耳其共和國,其他亞洲地區,1,0,1,1,0,1,0,0,0,0,0,0,0,0,0
108,公立,一般大學,0002,國立清華大學,碩士班(日間),越南社會主義共和國,東協,12,5,7,11,5,6,1,0,1,0,0,0,0,0,0
108,公立,一般大學,0002,國立清華大學,碩士班(日間),香港,港澳,4,3,1,0,0,0,0,0,0,4,3,1,0,0,0
108,公立,一般大學,0002,國立清華大學,碩士班(日間),澳門,港澳,6,5,1,0,0,0,0,0,0,6,5,1,0,0,0
108,公立,一般大學,0002,國立清華大學,碩士班(日間),蒙古國,其他亞洲地區,1,1,0,1,1,0,0,0,0,0,0,0,0,0,0
108,公立,一般大學,0002,國立清華大學,碩士班(日間),吉里巴斯共和國,其他亞洲地區,1,1,0,1,1,0,0,0,0,0,0,0,0,0,0
108,公立,一般大學,0002,國立清華大學,碩士班(日間),埃及阿拉伯共和國,非洲,1,1,0,1,1,0,0,0,0,0,0,0,0,0,0
108,公立,一般大學,0002,國立清華大學,碩士班(日間),南非共和國,非洲,1,0,1,0,0,0,1,0,1,0,0,0,0,0,0
108,公立,一般大學,0002,國立清華大學,碩士班(日間),法國,歐洲,1,1,0,1,1,0,0,0,0,0,0,0,0,0,0
108,公立,一般大學,0002,國立清華大學,碩士班(日間),西班牙王國,歐洲,3,3,0,2,2,0,1,1,0,0,0,0,0,0,0
108,公立,一般大學,0002,國立清華大學,碩士班(日間),烏克蘭,其他亞洲地區,1,1,0,1,1,0,0,0,0,0,0,0,0,0,0
108,公立,一般大學,0002,國立清華大學,碩士班(日間),加拿大,北美洲,1,1,0,0,0,0,1,1,0,0,0,0,0,0,0
108,公立,一般大學,0002,國立清華大學,碩士班(日間),多明尼加共和國,中南美洲,1,0,1,0,0,0,1,0,1,0,0,0,0,0,0
108,公立,一般大學,0002,國立清華大學,碩士班(日間),瓜地馬拉共和國,中南美洲,2,1,1,2,1,1,0,0,0,0,0,0,0,0,0
108,公立,一般大學,0002,國立清華大學,碩士班(日間),宏都拉斯共和國,中南美洲,5,3,2,5,3,2,0,0,0,0,0,0,0,0,0
108,公立,一般大學,0002,國立清華大學,碩士班(日間),貝里斯,中南美洲,2,0,2,2,0,2,0,0,0,0,0,0,0,0,0
108,公立,一般大學,0002,國立清華大學,碩士班(日間),聖文森(及格瑞那丁),中南美洲,1,0,1,1,0,1,0,0,0,0,0,0,0,0,0
108,公立,一般大學,0002,國立清華大學,碩士班(日間),美國,北美洲,2,1,1,1,0,1,1,1,0,0,0,0,0,0,0
108,公立,一般大學,0002,國立清華大學,碩士班(日間),巴拉圭,中南美洲,1,1,0,1,1,0,0,0,0,0,0,0,0,0,0
108,公立,一般大學,0002,國立清華大學,碩士班(日間),大陸地區,大陸地區,43,20,23,0,0,0,0,0,0,0,0,0,43,20,23
108,公立,一般大學,0002,國立清華大學,博士班,印度,南亞,24,21,3,24,21,3,0,0,0,0,0,0,0,0,0
108,公立,一般大學,0002,國立清華大學,博士班,伊朗伊斯蘭共和國,其他亞洲地區,3,2,1,3,2,1,0,0,0,0,0,0,0,0,0
108,公立,一般大學,0002,國立清華大學,博士班,巴基斯坦,南亞,1,1,0,1,1,0,0,0,0,0,0,0,0,0,0
108,公立,一般大學,0002,國立清華大學,博士班,泰國,東協,1,1,0,1,1,0,0,0,0,0,0,0,0,0,0
108,公立,一般大學,0002,國立清華大學,博士班,越南社會主義共和國,東協,1,1,0,1,1,0,0,0,0,0,0,0,0,0,0
108,公立,一般大學,0002,國立清華大學,博士班,香港,港澳,1,1,0,0,0,0,0,0,0,1,1,0,0,0,0
108,公立,一般大學,0002,國立清華大學,博士班,俄羅斯聯邦,其他亞洲地區,1,1,0,1,1,0,0,0,0,0,0,0,0,0,0
108,公立,一般大學,0002,國立清華大學,博士班,衣索比亞聯邦民主共和國,非洲,1,1,0,1,1,0,0,0,0,0,0,0,0,0,0
108,公立,一般大學,0002,國立清華大學,博士班,南非共和國,非洲,1,1,0,1,1,0,0,0,0,0,0,0,0,0,0
108,公立,一般大學,0002,國立清華大學,博士班,瑞士聯邦,歐洲,1,1,0,1,1,0,0,0,0,0,0,0,0,0,0
108,公立,一般大學,0002,國立清華大學,博士班,德意志聯邦共和國,歐洲,1,0,1,1,0,1,0,0,0,0,0,0,0,0,0
108,公立,一般大學,0002,國立清華大學,博士班,瓜地馬拉共和國,中南美洲,1,0,1,1,0,1,0,0,0,0,0,0,0,0,0
108,公立,一般大學,0002,國立清華大學,博士班,美國,北美洲,2,1,1,1,0,1,1,1,0,0,0,0,0,0,0
108,公立,一般大學,0002,國立清華大學,博士班,大陸地區,大陸地區,7,2,5,0,0,0,0,0,0,0,0,0,7,2,5
108,公立,一般大學,0003,國立臺灣大學,學士班(日間),緬甸,東協,2,0,2,0,0,0,2,0,2,0,0,0,0,0,0
108,公立,一般大學,0003,國立臺灣大學,學士班(日間),印度尼西亞共和國,東協,39,19,20,15,7,8,24,12,12,0,0,0,0,0,0
108,公立,一般大學,0003,國立臺灣大學,學士班(日間),日本,其他亞洲地區,11,5,6,9,4,5,2,1,1,0,0,0,0,0,0
108,公立,一般大學,0003,國立臺灣大學,學士班(日間),大韓民國(南韓),其他亞洲地區,21,9,12,18,7,11,3,2,1,0,0,0,0,0,0
108,公立,一般大學,0003,國立臺灣大學,學士班(日間),寮人民民主共和國(寮國),東協,1,1,0,0,0,0,1,1,0,0,0,0,0,0,0
108,公立,一般大學,0003,國立臺灣大學,學士班(日間),馬來西亞,東協,99,37,62,14,3,11,85,34,51,0,0,0,0,0,0
108,公立,一般大學,0003,國立臺灣大學,學士班(日間),新加坡共和國,東協,3,0,3,3,0,3,0,0,0,0,0,0,0,0,0
108,公立,一般大學,0003,國立臺灣大學,學士班(日間),泰國,東協,8,2,6,2,1,1,6,1,5,0,0,0,0,0,0
108,公立,一般大學,0003,國立臺灣大學,學士班(日間),土耳其共和國,其他亞洲地區,2,2,0,2,2,0,0,0,0,0,0,0,0,0,0
108,公立,一般大學,0003,國立臺灣大學,學士班(日間),越南社會主義共和國,東協,5,3,2,1,1,0,4,2,2,0,0,0,0,0,0
108,公立,一般大學,0003,國立臺灣大學,學士班(日間),香港,港澳,11,9,2,0,0,0,0,0,0,11,9,2,0,0,0
108,公立,一般大學,0003,國立臺灣大學,學士班(日間),澳門,港澳,33,23,10,0,0,0,0,0,0,33,23,10,0,0,0
108,公立,一般大學,0003,國立臺灣大學,學士班(日間),俄羅斯聯邦,其他亞洲地區,1,1,0,1,1,0,0,0,0,0,0,0,0,0,0
108,公立,一般大學,0003,國立臺灣大學,學士班(日間),塔吉克共和國,其他亞洲地區,1,1,0,1,1,0,0,0,0,0,0,0,0,0,0
108,公立,一般大學,0003,國立臺灣大學,學士班(日間),布吉納法索,非洲,1,1,0,1,1,0,0,0,0,0,0,0,0,0,0
108,公立,一般大學,0003,國立臺灣大學,學士班(日間),英國,歐洲,1,1,0,1,1,0,0,0,0,0,0,0,0,0,0
108,公立,一般大學,0003,國立臺灣大學,學士班(日間),德意志聯邦共和國,歐洲,1,1,0,1,1,0,0,0,0,0,0,0,0,0,0
108,公立,一般大學,0003,國立臺灣大學,學士班(日間),加拿大,北美洲,5,3,2,0,0,0,5,3,2,0,0,0,0,0,0
108,公立,一般大學,0003,國立臺灣大學,學士班(日間),多明尼加共和國,中南美洲,1,1,0,0,0,0,1,1,0,0,0,0,0,0,0
108,公立,一般大學,0003,國立臺灣大學,學士班(日間),薩爾瓦多,中南美洲,1,1,0,1,1,0,0,0,0,0,0,0,0,0,0
108,公立,一般大學,0003,國立臺灣大學,學士班(日間),海地共和國,中南美洲,1,1,0,1,1,0,0,0,0,0,0,0,0,0,0
108,公立,一般大學,0003,國立臺灣大學,學士班(日間),巴拿馬共和國,中南美洲,2,1,1,2,1,1,0,0,0,0,0,0,0,0,0
108,公立,一般大學,0003,國立臺灣大學,學士班(日間),美國,北美洲,4,2,2,3,1,2,1,1,0,0,0,0,0,0,0
108,公立,一般大學,0003,國立臺灣大學,學士班(日間),巴西聯邦共和國,中南美洲,1,0,1,0,0,0,1,0,1,0,0,0,0,0,0
108,公立,一般大學,0003,國立臺灣大學,學士班(日間),巴拉圭,中南美洲,5,3,2,1,1,0,4,2,2,0,0,0,0,0,0
108,公立,一般大學,0003,國立臺灣大學,學士班(日間),大陸地區,大陸地區,5,1,4,0,0,0,0,0,0,0,0,0,5,1,4
108,公立,一般大學,0003,國立臺灣大學,碩士班(日間),印度,南亞,5,3,2,5,3,2,0,0,0,0,0,0,0,0,0
108,公立,一般大學,0003,國立臺灣大學,碩士班(日間),印度尼西亞共和國,東協,10,8,2,8,7,1,2,1,1,0,0,0,0,0,0
108,公立,一般大學,0003,國立臺灣大學,碩士班(日間),日本,其他亞洲地區,6,3,3,6,3,3,0,0,0,0,0,0,0,0,0
108,公立,一般大學,0003,國立臺灣大學,碩士班(日間),大韓民國(南韓),其他亞洲地區,4,1,3,4,1,3,0,0,0,0,0,0,0,0,0
108,公立,一般大學,0003,國立臺灣大學,碩士班(日間),馬來西亞,東協,49,25,24,6,2,4,43,23,20,0,0,0,0,0,0
108,公立,一般大學,0003,國立臺灣大學,碩士班(日間),尼泊爾聯邦民主共和國,南亞,2,2,0,2,2,0,0,0,0,0,0,0,0,0,0
108,公立,一般大學,0003,國立臺灣大學,碩士班(日間),菲律賓共和國,東協,4,3,1,3,2,1,1,1,0,0,0,0,0,0,0
108,公立,一般大學,0003,國立臺灣大學,碩士班(日間),新加坡共和國,東協,3,1,2,3,1,2,0,0,0,0,0,0,0,0,0
108,公立,一般大學,0003,國立臺灣大學,碩士班(日間),泰國,東協,12,4,8,10,4,6,2,0,2,0,0,0,0,0,0
108,公立,一般大學,0003,國立臺灣大學,碩士班(日間),越南社會主義共和國,東協,7,3,4,6,3,3,1,0,1,0,0,0,0,0,0
108,公立,一般大學,0003,國立臺灣大學,碩士班(日間),香港,港澳,13,8,5,0,0,0,0,0,0,13,8,5,0,0,0
108,公立,一般大學,0003,國立臺灣大學,碩士班(日間),澳門,港澳,15,13,2,0,0,0,0,0,0,15,13,2,0,0,0
108,公立,一般大學,0003,國立臺灣大學,碩士班(日間),蒙古國,其他亞洲地區,1,0,1,1,0,1,0,0,0,0,0,0,0,0,0
108,公立,一般大學,0003,國立臺灣大學,碩士班(日間),澳大利亞,其他亞洲地區,2,1,1,1,1,0,1,0,1,0,0,0,0,0,0
108,公立,一般大學,0003,國立臺灣大學,碩士班(日間),莫三比克共和國,非洲,2,1,1,2,1,1,0,0,0,0,0,0,0,0,0
108,公立,一般大學,0003,國立臺灣大學,碩士班(日間),史瓦帝尼王國,非洲,1,0,1,1,0,1,0,0,0,0,0,0,0,0,0
108,公立,一般大學,0003,國立臺灣大學,碩士班(日間),奧地利共和國,歐洲,3,2,1,3,2,1,0,0,0,0,0,0,0,0,0
108,公立,一般大學,0003,國立臺灣大學,碩士班(日間),法國,歐洲,2,2,0,2,2,0,0,0,0,0,0,0,0,0,0
108,公立,一般大學,0003,國立臺灣大學,碩士班(日間),義大利共和國,歐洲,2,2,0,2,2,0,0,0,0,0,0,0,0,0,0
108,公立,一般大學,0003,國立臺灣大學,碩士班(日間),荷蘭王國,歐洲,1,1,0,1,1,0,0,0,0,0,0,0,0,0,0
108,公立,一般大學,0003,國立臺灣大學,碩士班(日間),葡萄牙共和國,歐洲,1,1,0,1,1,0,0,0,0,0,0,0,0,0,0
108,公立,一般大學,0003,國立臺灣大學,碩士班(日間),瑞士聯邦,歐洲,2,1,1,2,1,1,0,0,0,0,0,0,0,0,0
108,公立,一般大學,0003,國立臺灣大學,碩士班(日間),德意志聯邦共和國,歐洲,1,0,1,1,0,1,0,0,0,0,0,0,0,0,0
108,公立,一般大學,0003,國立臺灣大學,碩士班(日間),加拿大,北美洲,2,2,0,0,0,0,2,2,0,0,0,0,0,0,0
108,公立,一般大學,0003,國立臺灣大學,碩士班(日間),瓜地馬拉共和國,中南美洲,1,0,1,1,0,1,0,0,0,0,0,0,0,0,0
108,公立,一般大學,0003,國立臺灣大學,碩士班(日間),海地共和國,中南美洲,1,0,1,1,0,1,0,0,0,0,0,0,0,0,0
108,公立,一般大學,0003,國立臺灣大學,碩士班(日間),宏都拉斯共和國,中南美洲,2,2,0,2,2,0,0,0,0,0,0,0,0,0,0
108,公立,一般大學,0003,國立臺灣大學,碩士班(日間),尼加拉瓜,中南美洲,3,1,2,2,1,1,1,0,1,0,0,0,0,0,0
108,公立,一般大學,0003,國立臺灣大學,碩士班(日間),貝里斯,中南美洲,1,1,0,1,1,0,0,0,0,0,0,0,0,0,0
108,公立,一般大學,0003,國立臺灣大學,碩士班(日間),美國,北美洲,17,12,5,14,10,4,3,2,1,0,0,0,0,0,0
108,公立,一般大學,0003,國立臺灣大學,碩士班(日間),哥倫比亞共和國,中南美洲,2,2,0,2,2,0,0,0,0,0,0,0,0,0,0
108,公立,一般大學,0003,國立臺灣大學,碩士班(日間),厄瓜多共和國,中南美洲,1,1,0,1,1,0,0,0,0,0,0,0,0,0,0
108,公立,一般大學,0003,國立臺灣大學,碩士班(日間),巴拉圭,中南美洲,1,1,0,1,1,0,0,0,0,0,0,0,0,0,0
108,公立,一般大學,0003,國立臺灣大學,碩士班(日間),大陸地區,大陸地區,80,39,41,0,0,0,0,0,0,0,0,0,80,39,41
108,公立,一般大學,0003,國立臺灣大學,博士班,印度,南亞,3,2,1,3,2,1,0,0,0,0,0,0,0,0,0
108,公立,一般大學,0003,國立臺灣大學,博士班,日本,其他亞洲地區,1,1,0,1,1,0,0,0,0,0,0,0,0,0,0
108,公立,一般大學,0003,國立臺灣大學,博士班,大韓民國(南韓),其他亞洲地區,1,0,1,1,0,1,0,0,0,0,0,0,0,0,0
108,公立,一般大學,0003,國立臺灣大學,博士班,馬來西亞,東協,6,4,2,3,1,2,3,3,0,0,0,0,0,0,0
108,公立,一般大學,0003,國立臺灣大學,博士班,巴基斯坦,南亞,1,1,0,1,1,0,0,0,0,0,0,0,0,0,0
108,公立,一般大學,0003,國立臺灣大學,博士班,泰國,東協,1,1,0,1,1,0,0,0,0,0,0,0,0,0,0
108,公立,一般大學,0003,國立臺灣大學,博士班,越南社會主義共和國,東協,2,2,0,2,2,0,0,0,0,0,0,0,0,0,0
108,公立,一般大學,0003,國立臺灣大學,博士班,澳門,港澳,1,1,0,0,0,0,0,0,0,1,1,0,0,0,0
108,公立,一般大學,0003,國立臺灣大學,博士班,蒙古國,其他亞洲地區,1,1,0,1,1,0,0,0,0,0,0,0,0,0,0
108,公立,一般大學,0003,國立臺灣大學,博士班,埃及阿拉伯共和國,非洲,1,1,0,1,1,0,0,0,0,0,0,0,0,0,0
108,公立,一般大學,0003,國立臺灣大學,博士班,比利時王國,歐洲,1,1,0,1,1,0,0,0,0,0,0,0,0,0,0
108,公立,一般大學,0003,國立臺灣大學,博士班,德意志聯邦共和國,歐洲,1,1,0,1,1,0,0,0,0,0,0,0,0,0,0
108,公立,一般大學,0003,國立臺灣大學,博士班,克羅埃西亞共和國,歐洲,1,1,0,1,1,0,0,0,0,0,0,0,0,0,0
108,公立,一般大學,0003,國立臺灣大學,博士班,北馬其頓共和國,歐洲,1,0,1,1,0,1,0,0,0,0,0,0,0,0,0
108,公立,一般大學,0003,國立臺灣大學,博士班,加拿大,北美洲,1,1,0,0,0,0,1,1,0,0,0,0,0,0,0
108,公立,一般大學,0003,國立臺灣大學,博士班,美國,北美洲,2,1,1,2,1,1,0,0,0,0,0,0,0,0,0
108,公立,一般大學,0003,國立臺灣大學,博士班,大陸地區,大陸地區,9,7,2,0,0,0,0,0,0,0,0,0,9,7,2
108,公立,一般大學,0004,國立臺灣師範大學,學士班(日間),緬甸,東協,6,0,6,0,0,0,6,0,6,0,0,0,0,0,0
108,公立,一般大學,0004,國立臺灣師範大學,學士班(日間),印度尼西亞共和國,東協,6,2,4,1,0,1,5,2,3,0,0,0,0,0,0
108,公立,一般大學,0004,國立臺灣師範大學,學士班(日間),日本,其他亞洲地區,17,3,14,15,2,13,2,1,1,0,0,0,0,0,0
108,公立,一般大學,0004,國立臺灣師範大學,學士班(日間),大韓民國(南韓),其他亞洲地區,11,6,5,6,3,3,5,3,2,0,0,0,0,0,0
108,公立,一般大學,0004,國立臺灣師範大學,學士班(日間),馬來西亞,東協,33,15,18,2,1,1,31,14,17,0,0,0,0,0,0
108,公立,一般大學,0004,國立臺灣師範大學,學士班(日間),菲律賓共和國,東協,1,0,1,1,0,1,0,0,0,0,0,0,0,0,0
108,公立,一般大學,0004,國立臺灣師範大學,學士班(日間),泰國,東協,6,2,4,2,1,1,4,1,3,0,0,0,0,0,0
108,公立,一般大學,0004,國立臺灣師範大學,學士班(日間),土耳其共和國,其他亞洲地區,2,1,1,2,1,1,0,0,0,0,0,0,0,0,0
108,公立,一般大學,0004,國立臺灣師範大學,學士班(日間),越南社會主義共和國,東協,10,0,10,7,0,7,3,0,3,0,0,0,0,0,0
108,公立,一般大學,0004,國立臺灣師範大學,學士班(日間),香港,港澳,22,11,11,0,0,0,0,0,0,22,11,11,0,0,0
108,公立,一般大學,0004,國立臺灣師範大學,學士班(日間),澳門,港澳,34,18,16,0,0,0,0,0,0,34,18,16,0,0,0
108,公立,一般大學,0004,國立臺灣師範大學,學士班(日間),俄羅斯聯邦,其他亞洲地區,1,0,1,1,0,1,0,0,0,0,0,0,0,0,0
108,公立,一般大學,0004,國立臺灣師範大學,學士班(日間),澳大利亞,其他亞洲地區,1,1,0,1,1,0,0,0,0,0,0,0,0,0,0
108,公立,一般大學,0004,國立臺灣師範大學,學士班(日間),南非共和國,非洲,1,1,0,1,1,0,0,0,0,0,0,0,0,0,0
108,公立,一般大學,0004,國立臺灣師範大學,學士班(日間),比利時王國,歐洲,1,1,0,1,1,0,0,0,0,0,0,0,0,0,0
108,公立,一般大學,0004,國立臺灣師範大學,學士班(日間),法國,歐洲,1,0,1,1,0,1,0,0,0,0,0,0,0,0,0
108,公立,一般大學,0004,國立臺灣師範大學,學士班(日間),波蘭共和國,歐洲,1,0,1,1,0,1,0,0,0,0,0,0,0,0,0
108,公立,一般大學,0004,國立臺灣師範大學,學士班(日間),葡萄牙共和國,歐洲,1,0,1,1,0,1,0,0,0,0,0,0,0,0,0
108,公立,一般大學,0004,國立臺灣師範大學,學士班(日間),西班牙王國,歐洲,1,0,1,1,0,1,0,0,0,0,0,0,0,0,0
108,公立,一般大學,0004,國立臺灣師範大學,學士班(日間),瑞典王國,歐洲,1,1,0,1,1,0,0,0,0,0,0,0,0,0,0
108,公立,一般大學,0004,國立臺灣師範大學,學士班(日間),美國,北美洲,3,0,3,3,0,3,0,0,0,0,0,0,0,0,0
108,公立,一般大學,0004,國立臺灣師範大學,學士班(日間),秘魯共和國,中南美洲,1,1,0,1,1,0,0,0,0,0,0,0,0,0,0
108,公立,一般大學,0004,國立臺灣師範大學,學士班(日間),大陸地區,大陸地區,5,2,3,0,0,0,0,0,0,0,0,0,5,2,3
108,公立,一般大學,0004,國立臺灣師範大學,碩士班(日間),印度,南亞,1,0,1,1,0,1,0,0,0,0,0,0,0,0,0
108,公立,一般大學,0004,國立臺灣師範大學,碩士班(日間),印度尼西亞共和國,東協,4,2,2,3,2,1,1,0,1,0,0,0,0,0,0
108,公立,一般大學,0004,國立臺灣師範大學,碩士班(日間),日本,其他亞洲地區,4,3,1,4,3,1,0,0,0,0,0,0,0,0,0
108,公立,一般大學,0004,國立臺灣師範大學,碩士班(日間),大韓民國(南韓),其他亞洲地區,5,0,5,5,0,5,0,0,0,0,0,0,0,0,0
108,公立,一般大學,0004,國立臺灣師範大學,碩士班(日間),馬來西亞,東協,12,3,9,5,1,4,7,2,5,0,0,0,0,0,0
108,公立,一般大學,0004,國立臺灣師範大學,碩士班(日間),菲律賓共和國,東協,3,3,0,3,3,0,0,0,0,0,0,0,0,0,0
108,公立,一般大學,0004,國立臺灣師範大學,碩士班(日間),泰國,東協,6,4,2,5,3,2,1,1,0,0,0,0,0,0,0
108,公立,一般大學,0004,國立臺灣師範大學,碩士班(日間),土耳其共和國,其他亞洲地區,1,1,0,1,1,0,0,0,0,0,0,0,0,0,0
108,公立,一般大學,0004,國立臺灣師範大學,碩士班(日間),越南社會主義共和國,東協,12,1,11,11,1,10,1,0,1,0,0,0,0,0,0
108,公立,一般大學,0004,國立臺灣師範大學,碩士班(日間),香港,港澳,11,6,5,0,0,0,0,0,0,11,6,5,0,0,0
108,公立,一般大學,0004,國立臺灣師範大學,碩士班(日間),澳門,港澳,3,3,0,0,0,0,0,0,0,3,3,0,0,0,0
108,公立,一般大學,0004,國立臺灣師範大學,碩士班(日間),俄羅斯聯邦,其他亞洲地區,3,0,3,3,0,3,0,0,0,0,0,0,0,0,0
108,公立,一般大學,0004,國立臺灣師範大學,碩士班(日間),南非共和國,非洲,1,1,0,0,0,0,1,1,0,0,0,0,0,0,0
108,公立,一般大學,0004,國立臺灣師範大學,碩士班(日間),史瓦帝尼王國,非洲,1,0,1,1,0,1,0,0,0,0,0,0,0,0,0
108,公立,一般大學,0004,國立臺灣師範大學,碩士班(日間),阿爾巴尼亞共和國,歐洲,1,0,1,1,0,1,0,0,0,0,0,0,0,0,0
108,公立,一般大學,0004,國立臺灣師範大學,碩士班(日間),法國,歐洲,1,1,0,1,1,0,0,0,0,0,0,0,0,0,0
108,公立,一般大學,0004,國立臺灣師範大學,碩士班(日間),義大利共和國,歐洲,1,0,1,1,0,1,0,0,0,0,0,0,0,0,0
108,公立,一般大學,0004,國立臺灣師範大學,碩士班(日間),荷蘭王國,歐洲,1,1,0,1,1,0,0,0,0,0,0,0,0,0,0
108,公立,一般大學,0004,國立臺灣師範大學,碩士班(日間),波蘭共和國,歐洲,1,0,1,1,0,1,0,0,0,0,0,0,0,0,0
108,公立,一般大學,0004,國立臺灣師範大學,碩士班(日間),西班牙王國,歐洲,1,1,0,1,1,0,0,0,0,0,0,0,0,0,0
108,公立,一般大學,0004,國立臺灣師範大學,碩士班(日間),瑞典王國,歐洲,1,1,0,1,1,0,0,0,0,0,0,0,0,0,0
108,公立,一般大學,0004,國立臺灣師範大學,碩士班(日間),英國,歐洲,1,1,0,1,1,0,0,0,0,0,0,0,0,0,0
108,公立,一般大學,0004,國立臺灣師範大學,碩士班(日間),德意志聯邦共和國,歐洲,3,2,1,3,2,1,0,0,0,0,0,0,0,0,0
108,公立,一般大學,0004,國立臺灣師範大學,碩士班(日間),瓜地馬拉共和國,中南美洲,1,0,1,1,0,1,0,0,0,0,0,0,0,0,0
108,公立,一般大學,0004,國立臺灣師範大學,碩士班(日間),貝里斯,中南美洲,1,0,1,1,0,1,0,0,0,0,0,0,0,0,0
108,公立,一般大學,0004,國立臺灣師範大學,碩士班(日間),聖文森(及格瑞那丁),中南美洲,1,0,1,1,0,1,0,0,0,0,0,0,0,0,0
108,公立,一般大學,0004,國立臺灣師範大學,碩士班(日間),美國,北美洲,6,4,2,4,4,0,2,0,2,0,0,0,0,0,0
108,公立,一般大學,0004,國立臺灣師範大學,碩士班(日間),厄瓜多共和國,中南美洲,1,0,1,1,0,1,0,0,0,0,0,0,0,0,0
108,公立,一般大學,0004,國立臺灣師範大學,碩士班(日間),大陸地區,大陸地區,31,8,23,0,0,0,0,0,0,0,0,0,31,8,23
108,公立,一般大學,0004,國立臺灣師範大學,博士班,印度,南亞,1,1,0,1,1,0,0,0,0,0,0,0,0,0,0
108,公立,一般大學,0004,國立臺灣師範大學,博士班,印度尼西亞共和國,東協,1,1,0,1,1,0,0,0,0,0,0,0,0,0,0
108,公立,一般大學,0004,國立臺灣師範大學,博士班,日本,其他亞洲地區,2,1,1,2,1,1,0,0,0,0,0,0,0,0,0
108,公立,一般大學,0004,國立臺灣師範大學,博士班,大韓民國(南韓),其他亞洲地區,1,0,1,1,0,1,0,0,0,0,0,0,0,0,0
108,公立,一般大學,0004,國立臺灣師範大學,博士班,馬來西亞,東協,2,1,1,2,1,1,0,0,0,0,0,0,0,0,0
108,公立,一般大學,0004,國立臺灣師範大學,博士班,菲律賓共和國,東協,1,1,0,1,1,0,0,0,0,0,0,0,0,0,0
108,公立,一般大學,0004,國立臺灣師範大學,博士班,越南社會主義共和國,東協,2,1,1,2,1,1,0,0,0,0,0,0,0,0,0
108,公立,一般大學,0004,國立臺灣師範大學,博士班,甘比亞共和國,非洲,1,1,0,1,1,0,0,0,0,0,0,0,0,0,0
108,公立,一般大學,0004,國立臺灣師範大學,博士班,肯亞共和國,非洲,1,0,1,1,0,1,0,0,0,0,0,0,0,0,0
108,公立,一般大學,0004,國立臺灣師範大學,博士班,比利時王國,歐洲,1,1,0,1,1,0,0,0,0,0,0,0,0,0,0
108,公立,一般大學,0004,國立臺灣師範大學,博士班,法國,歐洲,2,1,1,2,1,1,0,0,0,0,0,0,0,0,0
108,公立,一般大學,0004,國立臺灣師範大學,博士班,義大利共和國,歐洲,1,0,1,1,0,1,0,0,0,0,0,0,0,0,0
108,公立,一般大學,0004,國立臺灣師範大學,博士班,薩爾瓦多,中南美洲,1,1,0,1,1,0,0,0,0,0,0,0,0,0,0
108,公立,一般大學,0004,國立臺灣師範大學,博士班,美國,北美洲,1,1,0,1,1,0,0,0,0,0,0,0,0,0,0
108,公立,一般大學,0004,國立臺灣師範大學,博士班,大陸地區,大陸地區,6,1,5,0,0,0,0,0,0,0,0,0,6,1,5
108,公立,一般大學,0005,國立成功大學,學士班(日間),緬甸,東協,2,0,2,0,0,0,2,0,2,0,0,0,0,0,0
108,公立,一般大學,0005,國立成功大學,學士班(日間),印度尼西亞共和國,東協,8,5,3,2,1,1,6,4,2,0,0,0,0,0,0
108,公立,一般大學,0005,國立成功大學,學士班(日間),日本,其他亞洲地區,2,1,1,1,0,1,1,1,0,0,0,0,0,0,0
108,公立,一般大學,0005,國立成功大學,學士班(日間),大韓民國(南韓),其他亞洲地區,1,1,0,0,0,0,1,1,0,0,0,0,0,0,0
108,公立,一般大學,0005,國立成功大學,學士班(日間),馬來西亞,東協,67,39,28,22,15,7,45,24,21,0,0,0,0,0,0
108,公立,一般大學,0005,國立成功大學,學士班(日間),新加坡共和國,東協,2,1,1,1,1,0,1,0,1,0,0,0,0,0,0
108,公立,一般大學,0005,國立成功大學,學士班(日間),泰國,東協,3,1,2,2,1,1,1,0,1,0,0,0,0,0,0
108,公立,一般大學,0005,國立成功大學,學士班(日間),越南社會主義共和國,東協,3,1,2,0,0,0,3,1,2,0,0,0,0,0,0
108,公立,一般大學,0005,國立成功大學,學士班(日間),香港,港澳,13,8,5,0,0,0,0,0,0,13,8,5,0,0,0
108,公立,一般大學,0005,國立成功大學,學士班(日間),澳門,港澳,31,23,8,0,0,0,0,0,0,31,23,8,0,0,0
108,公立,一般大學,0005,國立成功大學,學士班(日間),蒙古國,其他亞洲地區,1,1,0,1,1,0,0,0,0,0,0,0,0,0,0
108,公立,一般大學,0005,國立成功大學,學士班(日間),南非共和國,非洲,2,2,0,0,0,0,2,2,0,0,0,0,0,0,0
108,公立,一般大學,0005,國立成功大學,學士班(日間),布吉納法索,非洲,1,1,0,1,1,0,0,0,0,0,0,0,0,0,0
108,公立,一般大學,0005,國立成功大學,學士班(日間),南蘇丹共和國,非洲,1,1,0,1,1,0,0,0,0,0,0,0,0,0,0
108,公立,一般大學,0005,國立成功大學,學士班(日間),英國,歐洲,1,0,1,1,0,1,0,0,0,0,0,0,0,0,0
108,公立,一般大學,0005,國立成功大學,學士班(日間),塞爾維亞共和國,歐洲,2,1,1,2,1,1,0,0,0,0,0,0,0,0,0
108,公立,一般大學,0005,國立成功大學,學士班(日間),加拿大,北美洲,1,1,0,0,0,0,1,1,0,0,0,0,0,0,0
108,公立,一般大學,0005,國立成功大學,學士班(日間),薩爾瓦多,中南美洲,1,1,0,1,1,0,0,0,0,0,0,0,0,0,0
108,公立,一般大學,0005,國立成功大學,學士班(日間),海地共和國,中南美洲,1,1,0,1,1,0,0,0,0,0,0,0,0,0,0
108,公立,一般大學,0005,國立成功大學,學士班(日間),宏都拉斯共和國,中南美洲,2,2,0,2,2,0,0,0,0,0,0,0,0,0,0
108,公立,一般大學,0005,國立成功大學,學士班(日間),尼加拉瓜,中南美洲,1,0,1,1,0,1,0,0,0,0,0,0,0,0,0
108,公立,一般大學,0005,國立成功大學,學士班(日間),巴拿馬共和國,中南美洲,1,1,0,1,1,0,0,0,0,0,0,0,0,0,0
108,公立,一般大學,0005,國立成功大學,學士班(日間),貝里斯,中南美洲,2,2,0,2,2,0,0,0,0,0,0,0,0,0,0
108,公立,一般大學,0005,國立成功大學,學士班(日間),美國,北美洲,2,0,2,2,0,2,0,0,0,0,0,0,0,0,0
108,公立,一般大學,0005,國立成功大學,學士班(日間),玻利維亞共和國,中南美洲,1,0,1,0,0,0,1,0,1,0,0,0,0,0,0
108,公立,一般大學,0005,國立成功大學,學士班(日間),厄瓜多共和國,中南美洲,2,1,1,0,0,0,2,1,1,0,0,0,0,0,0
108,公立,一般大學,0005,國立成功大學,學士班(日間),巴拉圭,中南美洲,1,1,0,0,0,0,1,1,0,0,0,0,0,0,0
108,公立,一般大學,0005,國立成功大學,學士班(日間),聖克里斯多福及尼維斯,中南美洲,2,2,0,2,2,0,0,0,0,0,0,0,0,0,0
108,公立,一般大學,0005,國立成功大學,學士班(日間),大陸地區,大陸地區,2,2,0,0,0,0,0,0,0,0,0,0,2,2,0
108,公立,一般大學,0005,國立成功大學,碩士班(日間),孟加拉人民共和國,南亞,2,1,1,2,1,1,0,0,0,0,0,0,0,0,0
108,公立,一般大學,0005,國立成功大學,碩士班(日間),緬甸,東協,2,1,1,1,1,0,1,0,1,0,0,0,0,0,0
108,公立,一般大學,0005,國立成功大學,碩士班(日間),印度,南亞,7,6,1,7,6,1,0,0,0,0,0,0,0,0,0
108,公立,一般大學,0005,國立成功大學,碩士班(日間),印度尼西亞共和國,東協,69,31,38,68,30,38,1,1,0,0,0,0,0,0,0
108,公立,一般大學,0005,國立成功大學,碩士班(日間),日本,其他亞洲地區,2,1,1,1,1,0,1,0,1,0,0,0,0,0,0
108,公立,一般大學,0005,國立成功大學,碩士班(日間),大韓民國(南韓),其他亞洲地區,4,3,1,4,3,1,0,0,0,0,0,0,0,0,0
108,公立,一般大學,0005,國立成功大學,碩士班(日間),馬來西亞,東協,23,17,6,14,9,5,9,8,1,0,0,0,0,0,0
108,公立,一般大學,0005,國立成功大學,碩士班(日間),巴基斯坦,南亞,2,0,2,2,0,2,0,0,0,0,0,0,0,0,0
108,公立,一般大學,0005,國立成功大學,碩士班(日間),菲律賓共和國,東協,5,3,2,5,3,2,0,0,0,0,0,0,0,0,0
108,公立,一般大學,0005,國立成功大學,碩士班(日間),泰國,東協,10,1,9,10,1,9,0,0,0,0,0,0,0,0,0
108,公立,一般大學,0005,國立成功大學,碩士班(日間),土耳其共和國,其他亞洲地區,1,1,0,1,1,0,0,0,0,0,0,0,0,0,0
108,公立,一般大學,0005,國立成功大學,碩士班(日間),越南社會主義共和國,東協,37,9,28,37,9,28,0,0,0,0,0,0,0,0,0
108,公立,一般大學,0005,國立成功大學,碩士班(日間),香港,港澳,12,9,3,0,0,0,0,0,0,12,9,3,0,0,0
108,公立,一般大學,0005,國立成功大學,碩士班(日間),澳門,港澳,7,4,3,0,0,0,0,0,0,7,4,3,0,0,0
108,公立,一般大學,0005,國立成功大學,碩士班(日間),蒙古國,其他亞洲地區,2,0,2,2,0,2,0,0,0,0,0,0,0,0,0
108,公立,一般大學,0005,國立成功大學,碩士班(日間),俄羅斯聯邦,其他亞洲地區,1,1,0,1,1,0,0,0,0,0,0,0,0,0,0
108,公立,一般大學,0005,國立成功大學,碩士班(日間),馬拉威共和國,非洲,1,0,1,0,0,0,1,0,1,0,0,0,0,0,0
108,公立,一般大學,0005,國立成功大學,碩士班(日間),布吉納法索,非洲,1,1,0,1,1,0,0,0,0,0,0,0,0,0,0
108,公立,一般大學,0005,國立成功大學,碩士班(日間),史瓦帝尼王國,非洲,1,0,1,1,0,1,0,0,0,0,0,0,0,0,0
108,公立,一般大學,0005,國立成功大學,碩士班(日間),捷克共和國,歐洲,1,1,0,1,1,0,0,0,0,0,0,0,0,0,0
108,公立,一般大學,0005,國立成功大學,碩士班(日間),荷蘭王國,歐洲,1,1,0,1,1,0,0,0,0,0,0,0,0,0,0
108,公立,一般大學,0005,國立成功大學,碩士班(日間),加拿大,北美洲,3,3,0,2,2,0,1,1,0,0,0,0,0,0,0
108,公立,一般大學,0005,國立成功大學,碩士班(日間),尼加拉瓜,中南美洲,3,2,1,3,2,1,0,0,0,0,0,0,0,0,0
108,公立,一般大學,0005,國立成功大學,碩士班(日間),貝里斯,中南美洲,1,1,0,1,1,0,0,0,0,0,0,0,0,0,0
108,公立,一般大學,0005,國立成功大學,碩士班(日間),聖文森(及格瑞那丁),中南美洲,1,0,1,1,0,1,0,0,0,0,0,0,0,0,0
108,公立,一般大學,0005,國立成功大學,碩士班(日間),美國,北美洲,3,3,0,3,3,0,0,0,0,0,0,0,0,0,0
108,公立,一般大學,0005,國立成功大學,碩士班(日間),厄瓜多共和國,中南美洲,1,0,1,1,0,1,0,0,0,0,0,0,0,0,0
108,公立,一般大學,0005,國立成功大學,碩士班(日間),大陸地區,大陸地區,28,11,17,0,0,0,0,0,0,0,0,0,28,11,17
108,公立,一般大學,0005,國立成功大學,博士班,印度,南亞,6,5,1,6,5,1,0,0,0,0,0,0,0,0,0
108,公立,一般大學,0005,國立成功大學,博士班,印度尼西亞共和國,東協,3,2,1,3,2,1,0,0,0,0,0,0,0,0,0
108,公立,一般大學,0005,國立成功大學,博士班,巴基斯坦,南亞,1,1,0,1,1,0,0,0,0,0,0,0,0,0,0
108,公立,一般大學,0005,國立成功大學,博士班,越南社會主義共和國,東協,13,10,3,13,10,3,0,0,0,0,0,0,0,0,0
108,公立,一般大學,0005,國立成功大學,博士班,澳門,港澳,2,2,0,0,0,0,0,0,0,2,2,0,0,0,0
108,公立,一般大學,0005,國立成功大學,博士班,甘比亞共和國,非洲,1,1,0,1,1,0,0,0,0,0,0,0,0,0,0
108,公立,一般大學,0005,國立成功大學,博士班,肯亞共和國,非洲,1,1,0,1,1,0,0,0,0,0,0,0,0,0,0
108,公立,一般大學,0005,國立成功大學,博士班,德意志聯邦共和國,歐洲,1,1,0,1,1,0,0,0,0,0,0,0,0,0,0
108,公立,一般大學,0005,國立成功大學,博士班,加拿大,北美洲,1,1,0,1,1,0,0,0,0,0,0,0,0,0,0
108,公立,一般大學,0005,國立成功大學,博士班,美國,北美洲,1,0,1,1,0,1,0,0,0,0,0,0,0,0,0
108,公立,一般大學,0005,國立成功大學,博士班,大陸地區,大陸地區,8,5,3,0,0,0,0,0,0,0,0,0,8,5,3
108,公立,一般大學,0006,國立中興大學,學士班(日間),印度尼西亞共和國,東協,7,2,5,1,0,1,6,2,4,0,0,0,0,0,0
108,公立,一般大學,0006,國立中興大學,學士班(日間),馬來西亞,東協,39,22,17,5,3,2,34,19,15,0,0,0,0,0,0
108,公立,一般大學,0006,國立中興大學,學士班(日間),菲律賓共和國,東協,1,0,1,1,0,1,0,0,0,0,0,0,0,0,0
108,公立,一般大學,0006,國立中興大學,學士班(日間),斯里蘭卡民主社會主義共和國,南亞,1,0,1,1,0,1,0,0,0,0,0,0,0,0,0
108,公立,一般大學,0006,國立中興大學,學士班(日間),泰國,東協,4,2,2,1,0,1,3,2,1,0,0,0,0,0,0
108,公立,一般大學,0006,國立中興大學,學士班(日間),越南社會主義共和國,東協,2,1,1,1,0,1,1,1,0,0,0,0,0,0,0
108,公立,一般大學,0006,國立中興大學,學士班(日間),香港,港澳,17,13,4,0,0,0,0,0,0,17,13,4,0,0,0
108,公立,一般大學,0006,國立中興大學,學士班(日間),澳門,港澳,12,9,3,0,0,0,0,0,0,12,9,3,0,0,0
108,公立,一般大學,0006,國立中興大學,學士班(日間),帛琉共和國,其他亞洲地區,1,0,1,1,0,1,0,0,0,0,0,0,0,0,0
108,公立,一般大學,0006,國立中興大學,學士班(日間),德意志聯邦共和國,歐洲,1,1,0,1,1,0,0,0,0,0,0,0,0,0,0
108,公立,一般大學,0006,國立中興大學,學士班(日間),薩爾瓦多,中南美洲,1,0,1,1,0,1,0,0,0,0,0,0,0,0,0
108,公立,一般大學,0006,國立中興大學,學士班(日間),瓜地馬拉共和國,中南美洲,1,0,1,1,0,1,0,0,0,0,0,0,0,0,0
108,公立,一般大學,0006,國立中興大學,學士班(日間),美國,北美洲,1,0,1,0,0,0,1,0,1,0,0,0,0,0,0
108,公立,一般大學,0006,國立中興大學,學士班(日間),大陸地區,大陸地區,4,2,2,0,0,0,0,0,0,0,0,0,4,2,2
108,公立,一般大學,0006,國立中興大學,碩士班(日間),孟加拉人民共和國,南亞,1,1,0,1,1,0,0,0,0,0,0,0,0,0,0
108,公立,一般大學,0006,國立中興大學,碩士班(日間),印度尼西亞共和國,東協,5,3,2,3,2,1,2,1,1,0,0,0,0,0,0
108,公立,一般大學,0006,國立中興大學,碩士班(日間),日本,其他亞洲地區,1,1,0,1,1,0,0,0,0,0,0,0,0,0,0
108,公立,一般大學,0006,國立中興大學,碩士班(日間),大韓民國(南韓),其他亞洲地區,2,2,0,2,2,0,0,0,0,0,0,0,0,0,0
108,公立,一般大學,0006,國立中興大學,碩士班(日間),馬來西亞,東協,9,6,3,1,0,1,8,6,2,0,0,0,0,0,0
108,公立,一般大學,0006,國立中興大學,碩士班(日間),尼泊爾聯邦民主共和國,南亞,2,2,0,2,2,0,0,0,0,0,0,0,0,0,0
108,公立,一般大學,0006,國立中興大學,碩士班(日間),菲律賓共和國,東協,1,0,1,1,0,1,0,0,0,0,0,0,0,0,0
108,公立,一般大學,0006,國立中興大學,碩士班(日間),斯里蘭卡民主社會主義共和國,南亞,1,1,0,1,1,0,0,0,0,0,0,0,0,0,0
108,公立,一般大學,0006,國立中興大學,碩士班(日間),泰國,東協,7,3,4,7,3,4,0,0,0,0,0,0,0,0,0
108,公立,一般大學,0006,國立中興大學,碩士班(日間),土耳其共和國,其他亞洲地區,1,1,0,1,1,0,0,0,0,0,0,0,0,0,0
108,公立,一般大學,0006,國立中興大學,碩士班(日間),越南社會主義共和國,東協,3,0,3,3,0,3,0,0,0,0,0,0,0,0,0
108,公立,一般大學,0006,國立中興大學,碩士班(日間),香港,港澳,5,4,1,0,0,0,0,0,0,5,4,1,0,0,0
108,公立,一般大學,0006,國立中興大學,碩士班(日間),澳門,港澳,2,1,1,0,0,0,0,0,0,2,1,1,0,0,0
108,公立,一般大學,0006,國立中興大學,碩士班(日間),蒙古國,其他亞洲地區,1,0,1,1,0,1,0,0,0,0,0,0,0,0,0
108,公立,一般大學,0006,國立中興大學,碩士班(日間),史瓦帝尼王國,非洲,1,1,0,1,1,0,0,0,0,0,0,0,0,0,0
108,公立,一般大學,0006,國立中興大學,碩士班(日間),葡萄牙共和國,歐洲,1,1,0,1,1,0,0,0,0,0,0,0,0,0,0
108,公立,一般大學,0006,國立中興大學,碩士班(日間),英國,歐洲,1,1,0,1,1,0,0,0,0,0,0,0,0,0,0
108,公立,一般大學,0006,國立中興大學,碩士班(日間),德意志聯邦共和國,歐洲,6,1,5,6,1,5,0,0,0,0,0,0,0,0,0
108,公立,一般大學,0006,國立中興大學,碩士班(日間),海地共和國,中南美洲,2,2,0,2,2,0,0,0,0,0,0,0,0,0,0
108,公立,一般大學,0006,國立中興大學,碩士班(日間),墨西哥合眾國,中南美洲,1,1,0,1,1,0,0,0,0,0,0,0,0,0,0
108,公立,一般大學,0006,國立中興大學,碩士班(日間),尼加拉瓜,中南美洲,3,2,1,3,2,1,0,0,0,0,0,0,0,0,0
108,公立,一般大學,0006,國立中興大學,碩士班(日間),美國,北美洲,1,0,1,1,0,1,0,0,0,0,0,0,0,0,0
108,公立,一般大學,0006,國立中興大學,碩士班(日間),大陸地區,大陸地區,5,1,4,0,0,0,0,0,0,0,0,0,5,1,4
108,公立,一般大學,0006,國立中興大學,博士班,印度,南亞,5,3,2,5,3,2,0,0,0,0,0,0,0,0,0
108,公立,一般大學,0006,國立中興大學,博士班,印度尼西亞共和國,東協,1,0,1,1,0,1,0,0,0,0,0,0,0,0,0
108,公立,一般大學,0006,國立中興大學,博士班,馬來西亞,東協,2,1,1,1,0,1,1,1,0,0,0,0,0,0,0
108,公立,一般大學,0006,國立中興大學,博士班,尼泊爾聯邦民主共和國,南亞,1,1,0,1,1,0,0,0,0,0,0,0,0,0,0
108,公立,一般大學,0006,國立中興大學,博士班,菲律賓共和國,東協,3,1,2,3,1,2,0,0,0,0,0,0,0,0,0
108,公立,一般大學,0006,國立中興大學,博士班,泰國,東協,5,1,4,5,1,4,0,0,0,0,0,0,0,0,0
108,公立,一般大學,0006,國立中興大學,博士班,越南社會主義共和國,東協,2,2,0,2,2,0,0,0,0,0,0,0,0,0,0
108,公立,一般大學,0006,國立中興大學,博士班,迦納共和國,非洲,1,1,0,1,1,0,0,0,0,0,0,0,0,0,0
108,公立,一般大學,0007,國立陽明交通大學,學士班(日間),緬甸,東協,1,0,1,0,0,0,1,0,1,0,0,0,0,0,0
108,公立,一般大學,0007,國立陽明交通大學,學士班(日間),印度,南亞,1,1,0,1,1,0,0,0,0,0,0,0,0,0,0
108,公立,一般大學,0007,國立陽明交通大學,學士班(日間),印度尼西亞共和國,東協,14,13,1,6,6,0,8,7,1,0,0,0,0,0,0
108,公立,一般大學,0007,國立陽明交通大學,學士班(日間),馬來西亞,東協,26,20,6,3,3,0,23,17,6,0,0,0,0,0,0
108,公立,一般大學,0007,國立陽明交通大學,學士班(日間),泰國,東協,1,1,0,0,0,0,1,1,0,0,0,0,0,0,0
108,公立,一般大學,0007,國立陽明交通大學,學士班(日間),越南社會主義共和國,東協,2,2,0,0,0,0,2,2,0,0,0,0,0,0,0
108,公立,一般大學,0007,國立陽明交通大學,學士班(日間),香港,港澳,8,8,0,0,0,0,0,0,0,8,8,0,0,0,0
108,公立,一般大學,0007,國立陽明交通大學,學士班(日間),澳門,港澳,22,18,4,0,0,0,0,0,0,22,18,4,0,0,0
108,公立,一般大學,0007,國立陽明交通大學,學士班(日間),蒙古國,其他亞洲地區,2,1,1,2,1,1,0,0,0,0,0,0,0,0,0
108,公立,一般大學,0007,國立陽明交通大學,學士班(日間),哈薩克共和國,其他亞洲地區,1,1,0,1,1,0,0,0,0,0,0,0,0,0,0
108,公立,一般大學,0007,國立陽明交通大學,學士班(日間),烏克蘭,其他亞洲地區,1,1,0,1,1,0,0,0,0,0,0,0,0,0,0
108,公立,一般大學,0007,國立陽明交通大學,學士班(日間),加拿大,北美洲,1,1,0,0,0,0,1,1,0,0,0,0,0,0,0
108,公立,一般大學,0007,國立陽明交通大學,學士班(日間),海地共和國,中南美洲,3,2,1,3,2,1,0,0,0,0,0,0,0,0,0
108,公立,一般大學,0007,國立陽明交通大學,學士班(日間),宏都拉斯共和國,中南美洲,2,1,1,2,1,1,0,0,0,0,0,0,0,0,0
108,公立,一般大學,0007,國立陽明交通大學,學士班(日間),美國,北美洲,2,1,1,2,1,1,0,0,0,0,0,0,0,0,0
108,公立,一般大學,0007,國立陽明交通大學,學士班(日間),巴拉圭,中南美洲,1,1,0,0,0,0,1,1,0,0,0,0,0,0,0
108,公立,一般大學,0007,國立陽明交通大學,學士班(日間),大陸地區,大陸地區,2,2,0,0,0,0,0,0,0,0,0,0,2,2,0
108,公立,一般大學,0007,國立陽明交通大學,碩士班(日間),孟加拉人民共和國,南亞,1,1,0,1,1,0,0,0,0,0,0,0,0,0,0
108,公立,一般大學,0007,國立陽明交通大學,碩士班(日間),緬甸,東協,3,2,1,2,1,1,1,1,0,0,0,0,0,0,0
108,公立,一般大學,0007,國立陽明交通大學,碩士班(日間),印度,南亞,9,6,3,9,6,3,0,0,0,0,0,0,0,0,0
108,公立,一般大學,0007,國立陽明交通大學,碩士班(日間),印度尼西亞共和國,東協,18,9,9,17,8,9,1,1,0,0,0,0,0,0,0
108,公立,一般大學,0007,國立陽明交通大學,碩士班(日間),日本,其他亞洲地區,1,0,1,1,0,1,0,0,0,0,0,0,0,0,0
108,公立,一般大學,0007,國立陽明交通大學,碩士班(日間),約旦哈什米王國,其他亞洲地區,1,0,1,1,0,1,0,0,0,0,0,0,0,0,0
108,公立,一般大學,0007,國立陽明交通大學,碩士班(日間),大韓民國(南韓),其他亞洲地區,1,1,0,0,0,0,1,1,0,0,0,0,0,0,0
108,公立,一般大學,0007,國立陽明交通大學,碩士班(日間),馬來西亞,東協,12,8,4,3,2,1,9,6,3,0,0,0,0,0,0
108,公立,一般大學,0007,國立陽明交通大學,碩士班(日間),巴基斯坦,南亞,2,2,0,2,2,0,0,0,0,0,0,0,0,0,0
108,公立,一般大學,0007,國立陽明交通大學,碩士班(日間),泰國,東協,5,4,1,3,3,0,2,1,1,0,0,0,0,0,0
108,公立,一般大學,0007,國立陽明交通大學,碩士班(日間),越南社會主義共和國,東協,17,8,9,16,7,9,1,1,0,0,0,0,0,0,0
108,公立,一般大學,0007,國立陽明交通大學,碩士班(日間),汶萊和平之國,東協,1,1,0,1,1,0,0,0,0,0,0,0,0,0,0
108,公立,一般大學,0007,國立陽明交通大學,碩士班(日間),香港,港澳,3,2,1,0,0,0,0,0,0,3,2,1,0,0,0
108,公立,一般大學,0007,國立陽明交通大學,碩士班(日間),澳門,港澳,5,2,3,0,0,0,0,0,0,5,2,3,0,0,0
108,公立,一般大學,0007,國立陽明交通大學,碩士班(日間),巴勒斯坦,其他亞洲地區,1,1,0,1,1,0,0,0,0,0,0,0,0,0,0
108,公立,一般大學,0007,國立陽明交通大學,碩士班(日間),蒙古國,其他亞洲地區,1,1,0,1,1,0,0,0,0,0,0,0,0,0,0
108,公立,一般大學,0007,國立陽明交通大學,碩士班(日間),澳大利亞,其他亞洲地區,1,1,0,1,1,0,0,0,0,0,0,0,0,0,0
108,公立,一般大學,0007,國立陽明交通大學,碩士班(日間),埃及阿拉伯共和國,非洲,2,2,0,2,2,0,0,0,0,0,0,0,0,0,0
108,公立,一般大學,0007,國立陽明交通大學,碩士班(日間),甘比亞共和國,非洲,1,0,1,1,0,1,0,0,0,0,0,0,0,0,0
108,公立,一般大學,0007,國立陽明交通大學,碩士班(日間),布吉納法索,非洲,2,2,0,2,2,0,0,0,0,0,0,0,0,0,0
108,公立,一般大學,0007,國立陽明交通大學,碩士班(日間),比利時王國,歐洲,1,0,1,1,0,1,0,0,0,0,0,0,0,0,0
108,公立,一般大學,0007,國立陽明交通大學,碩士班(日間),波蘭共和國,歐洲,1,1,0,1,1,0,0,0,0,0,0,0,0,0,0
108,公立,一般大學,0007,國立陽明交通大學,碩士班(日間),德意志聯邦共和國,歐洲,4,2,2,4,2,2,0,0,0,0,0,0,0,0,0
108,公立,一般大學,0007,國立陽明交通大學,碩士班(日間),烏克蘭,其他亞洲地區,1,1,0,1,1,0,0,0,0,0,0,0,0,0,0
108,公立,一般大學,0007,國立陽明交通大學,碩士班(日間),白俄羅斯共和國,其他亞洲地區,1,1,0,1,1,0,0,0,0,0,0,0,0,0,0
108,公立,一般大學,0007,國立陽明交通大學,碩士班(日間),加拿大,北美洲,2,2,0,0,0,0,2,2,0,0,0,0,0,0,0
108,公立,一般大學,0007,國立陽明交通大學,碩士班(日間),多明尼加共和國,中南美洲,1,0,1,0,0,0,1,0,1,0,0,0,0,0,0
108,公立,一般大學,0007,國立陽明交通大學,碩士班(日間),海地共和國,中南美洲,1,0,1,1,0,1,0,0,0,0,0,0,0,0,0
108,公立,一般大學,0007,國立陽明交通大學,碩士班(日間),美國,北美洲,2,1,1,2,1,1,0,0,0,0,0,0,0,0,0
108,公立,一般大學,0007,國立陽明交通大學,碩士班(日間),巴拉圭,中南美洲,1,1,0,1,1,0,0,0,0,0,0,0,0,0,0
108,公立,一般大學,0007,國立陽明交通大學,碩士班(日間),大陸地區,大陸地區,42,23,19,0,0,0,0,0,0,0,0,0,42,23,19
108,公立,一般大學,0007,國立陽明交通大學,博士班,印度,南亞,21,16,5,21,16,5,0,0,0,0,0,0,0,0,0
108,公立,一般大學,0007,國立陽明交通大學,博士班,印度尼西亞共和國,東協,2,1,1,2,1,1,0,0,0,0,0,0,0,0,0
108,公立,一般大學,0007,國立陽明交通大學,博士班,伊朗伊斯蘭共和國,其他亞洲地區,1,1,0,1,1,0,0,0,0,0,0,0,0,0,0
108,公立,一般大學,0007,國立陽明交通大學,博士班,約旦哈什米王國,其他亞洲地區,1,1,0,1,1,0,0,0,0,0,0,0,0,0,0
108,公立,一般大學,0007,國立陽明交通大學,博士班,菲律賓共和國,東協,1,0,1,1,0,1,0,0,0,0,0,0,0,0,0
108,公立,一般大學,0007,國立陽明交通大學,博士班,越南社會主義共和國,東協,2,2,0,2,2,0,0,0,0,0,0,0,0,0,0
108,公立,一般大學,0007,國立陽明交通大學,博士班,葉門共和國,其他亞洲地區,1,1,0,1,1,0,0,0,0,0,0,0,0,0,0
108,公立,一般大學,0007,國立陽明交通大學,博士班,衣索比亞聯邦民主共和國,非洲,2,2,0,2,2,0,0,0,0,0,0,0,0,0,0
108,公立,一般大學,0007,國立陽明交通大學,博士班,甘比亞共和國,非洲,1,1,0,1,1,0,0,0,0,0,0,0,0,0,0
108,公立,一般大學,0007,國立陽明交通大學,博士班,奈及利亞聯邦共和國,非洲,1,1,0,1,1,0,0,0,0,0,0,0,0,0,0
108,公立,一般大學,0007,國立陽明交通大學,博士班,法國,歐洲,1,1,0,1,1,0,0,0,0,0,0,0,0,0,0
108,公立,一般大學,0007,國立陽明交通大學,博士班,德意志聯邦共和國,歐洲,1,1,0,1,1,0,0,0,0,0,0,0,0,0,0
108,公立,一般大學,0007,國立陽明交通大學,博士班,烏克蘭,其他亞洲地區,2,2,0,2,2,0,0,0,0,0,0,0,0,0,0
108,公立,一般大學,0007,國立陽明交通大學,博士班,美國,北美洲,1,1,0,1,1,0,0,0,0,0,0,0,0,0,0
108,公立,一般大學,0007,國立陽明交通大學,博士班,大陸地區,大陸地區,2,2,0,0,0,0,0,0,0,0,0,0,2,2,0
108,公立,一般大學,0008,國立中央大學,學士班(日間),緬甸,東協,1,0,1,0,0,0,1,0,1,0,0,0,0,0,0
108,公立,一般大學,0008,國立中央大學,學士班(日間),印度尼西亞共和國,東協,1,0,1,0,0,0,1,0,1,0,0,0,0,0,0
108,公立,一般大學,0008,國立中央大學,學士班(日間),日本,其他亞洲地區,1,0,1,1,0,1,0,0,0,0,0,0,0,0,0
108,公立,一般大學,0008,國立中央大學,學士班(日間),馬來西亞,東協,18,11,7,0,0,0,18,11,7,0,0,0,0,0,0
108,公立,一般大學,0008,國立中央大學,學士班(日間),新加坡共和國,東協,1,1,0,0,0,0,1,1,0,0,0,0,0,0,0
108,公立,一般大學,0008,國立中央大學,學士班(日間),泰國,東協,1,0,1,0,0,0,1,0,1,0,0,0,0,0,0
108,公立,一般大學,0008,國立中央大學,學士班(日間),香港,港澳,9,7,2,0,0,0,0,0,0,9,7,2,0,0,0
108,公立,一般大學,0008,國立中央大學,學士班(日間),澳門,港澳,12,10,2,0,0,0,0,0,0,12,10,2,0,0,0
108,公立,一般大學,0008,國立中央大學,學士班(日間),蒙古國,其他亞洲地區,1,0,1,1,0,1,0,0,0,0,0,0,0,0,0
108,公立,一般大學,0008,國立中央大學,學士班(日間),大陸地區,大陸地區,4,1,3,0,0,0,0,0,0,0,0,0,4,1,3
108,公立,一般大學,0008,國立中央大學,碩士班(日間),印度,南亞,2,1,1,2,1,1,0,0,0,0,0,0,0,0,0
108,公立,一般大學,0008,國立中央大學,碩士班(日間),印度尼西亞共和國,東協,54,26,28,54,26,28,0,0,0,0,0,0,0,0,0
108,公立,一般大學,0008,國立中央大學,碩士班(日間),日本,其他亞洲地區,1,1,0,1,1,0,0,0,0,0,0,0,0,0,0
108,公立,一般大學,0008,國立中央大學,碩士班(日間),馬來西亞,東協,1,1,0,0,0,0,1,1,0,0,0,0,0,0,0
108,公立,一般大學,0008,國立中央大學,碩士班(日間),尼泊爾聯邦民主共和國,南亞,1,1,0,1,1,0,0,0,0,0,0,0,0,0,0
108,公立,一般大學,0008,國立中央大學,碩士班(日間),菲律賓共和國,東協,2,1,1,2,1,1,0,0,0,0,0,0,0,0,0
108,公立,一般大學,0008,國立中央大學,碩士班(日間),泰國,東協,8,5,3,8,5,3,0,0,0,0,0,0,0,0,0
108,公立,一般大學,0008,國立中央大學,碩士班(日間),越南社會主義共和國,東協,26,11,15,26,11,15,0,0,0,0,0,0,0,0,0
108,公立,一般大學,0008,國立中央大學,碩士班(日間),香港,港澳,2,1,1,0,0,0,0,0,0,2,1,1,0,0,0
108,公立,一般大學,0008,國立中央大學,碩士班(日間),澳門,港澳,2,1,1,0,0,0,0,0,0,2,1,1,0,0,0
108,公立,一般大學,0008,國立中央大學,碩士班(日間),蒙古國,其他亞洲地區,2,0,2,2,0,2,0,0,0,0,0,0,0,0,0
108,公立,一般大學,0008,國立中央大學,碩士班(日間),埃及阿拉伯共和國,非洲,3,3,0,3,3,0,0,0,0,0,0,0,0,0,0
108,公立,一般大學,0008,國立中央大學,碩士班(日間),法國,歐洲,2,2,0,2,2,0,0,0,0,0,0,0,0,0,0
108,公立,一般大學,0008,國立中央大學,碩士班(日間),宏都拉斯共和國,中南美洲,1,1,0,1,1,0,0,0,0,0,0,0,0,0,0
108,公立,一般大學,0008,國立中央大學,碩士班(日間),大陸地區,大陸地區,12,7,5,0,0,0,0,0,0,0,0,0,12,7,5
108,公立,一般大學,0008,國立中央大學,博士班,印度,南亞,2,0,2,2,0,2,0,0,0,0,0,0,0,0,0
108,公立,一般大學,0008,國立中央大學,博士班,印度尼西亞共和國,東協,5,4,1,5,4,1,0,0,0,0,0,0,0,0,0
108,公立,一般大學,0008,國立中央大學,博士班,斯里蘭卡民主社會主義共和國,南亞,2,1,1,2,1,1,0,0,0,0,0,0,0,0,0
108,公立,一般大學,0008,國立中央大學,博士班,泰國,東協,1,1,0,1,1,0,0,0,0,0,0,0,0,0,0
108,公立,一般大學,0008,國立中央大學,博士班,越南社會主義共和國,東協,12,10,2,12,10,2,0,0,0,0,0,0,0,0,0
108,公立,一般大學,0008,國立中央大學,博士班,衣索比亞聯邦民主共和國,非洲,1,1,0,1,1,0,0,0,0,0,0,0,0,0,0
108,公立,一般大學,0008,國立中央大學,博士班,德意志聯邦共和國,歐洲,1,1,0,1,1,0,0,0,0,0,0,0,0,0,0
108,公立,一般大學,0008,國立中央大學,博士班,大陸地區,大陸地區,4,2,2,0,0,0,0,0,0,0,0,0,4,2,2
108,公立,一般大學,0009,國立中山大學,學士班(日間),印度尼西亞共和國,東協,1,1,0,0,0,0,1,1,0,0,0,0,0,0,0
108,公立,一般大學,0009,國立中山大學,學士班(日間),日本,其他亞洲地區,4,2,2,2,1,1,2,1,1,0,0,0,0,0,0
108,公立,一般大學,0009,國立中山大學,學士班(日間),馬來西亞,東協,19,9,10,0,0,0,19,9,10,0,0,0,0,0,0
108,公立,一般大學,0009,國立中山大學,學士班(日間),香港,港澳,11,6,5,0,0,0,0,0,0,11,6,5,0,0,0
108,公立,一般大學,0009,國立中山大學,學士班(日間),澳門,港澳,6,2,4,0,0,0,0,0,0,6,2,4,0,0,0
108,公立,一般大學,0009,國立中山大學,學士班(日間),美國,北美洲,1,0,1,0,0,0,1,0,1,0,0,0,0,0,0
108,公立,一般大學,0009,國立中山大學,學士班(日間),巴拉圭,中南美洲,1,1,0,0,0,0,1,1,0,0,0,0,0,0,0
108,公立,一般大學,0009,國立中山大學,學士班(日間),大陸地區,大陸地區,4,1,3,0,0,0,0,0,0,0,0,0,4,1,3
108,公立,一般大學,0009,國立中山大學,碩士班(日間),印度,南亞,3,3,0,3,3,0,0,0,0,0,0,0,0,0,0
108,公立,一般大學,0009,國立中山大學,碩士班(日間),印度尼西亞共和國,東協,6,3,3,6,3,3,0,0,0,0,0,0,0,0,0
108,公立,一般大學,0009,國立中山大學,碩士班(日間),馬來西亞,東協,2,0,2,2,0,2,0,0,0,0,0,0,0,0,0
108,公立,一般大學,0009,國立中山大學,碩士班(日間),菲律賓共和國,東協,3,3,0,2,2,0,1,1,0,0,0,0,0,0,0
108,公立,一般大學,0009,國立中山大學,碩士班(日間),土耳其共和國,其他亞洲地區,1,1,0,1,1,0,0,0,0,0,0,0,0,0,0
108,公立,一般大學,0009,國立中山大學,碩士班(日間),越南社會主義共和國,東協,5,1,4,5,1,4,0,0,0,0,0,0,0,0,0
108,公立,一般大學,0009,國立中山大學,碩士班(日間),香港,港澳,6,4,2,0,0,0,0,0,0,6,4,2,0,0,0
108,公立,一般大學,0009,國立中山大學,碩士班(日間),俄羅斯聯邦,其他亞洲地區,1,1,0,1,1,0,0,0,0,0,0,0,0,0,0
108,公立,一般大學,0009,國立中山大學,碩士班(日間),索羅門群島,其他亞洲地區,2,2,0,2,2,0,0,0,0,0,0,0,0,0,0
108,公立,一般大學,0009,國立中山大學,碩士班(日間),奧地利共和國,歐洲,6,0,6,6,0,6,0,0,0,0,0,0,0,0,0
108,公立,一般大學,0009,國立中山大學,碩士班(日間),法國,歐洲,4,1,3,4,1,3,0,0,0,0,0,0,0,0,0
108,公立,一般大學,0009,國立中山大學,碩士班(日間),波蘭共和國,歐洲,4,3,1,4,3,1,0,0,0,0,0,0,0,0,0
108,公立,一般大學,0009,國立中山大學,碩士班(日間),瑞士聯邦,歐洲,1,1,0,1,1,0,0,0,0,0,0,0,0,0,0
108,公立,一般大學,0009,國立中山大學,碩士班(日間),英國,歐洲,1,1,0,1,1,0,0,0,0,0,0,0,0,0,0
108,公立,一般大學,0009,國立中山大學,碩士班(日間),德意志聯邦共和國,歐洲,2,1,1,2,1,1,0,0,0,0,0,0,0,0,0
108,公立,一般大學,0009,國立中山大學,碩士班(日間),加拿大,北美洲,2,2,0,2,2,0,0,0,0,0,0,0,0,0,0
108,公立,一般大學,0009,國立中山大學,碩士班(日間),多明尼加共和國,中南美洲,1,0,1,1,0,1,0,0,0,0,0,0,0,0,0
108,公立,一般大學,0009,國立中山大學,碩士班(日間),瓜地馬拉共和國,中南美洲,1,1,0,1,1,0,0,0,0,0,0,0,0,0,0
108,公立,一般大學,0009,國立中山大學,碩士班(日間),美國,北美洲,5,4,1,4,4,0,1,0,1,0,0,0,0,0,0
108,公立,一般大學,0009,國立中山大學,碩士班(日間),巴西聯邦共和國,中南美洲,1,1,0,1,1,0,0,0,0,0,0,0,0,0,0
108,公立,一般大學,0009,國立中山大學,碩士班(日間),哥倫比亞共和國,中南美洲,1,0,1,1,0,1,0,0,0,0,0,0,0,0,0
108,公立,一般大學,0009,國立中山大學,碩士班(日間),大陸地區,大陸地區,7,5,2,0,0,0,0,0,0,0,0,0,7,5,2
108,公立,一般大學,0009,國立中山大學,博士班,印度,南亞,2,2,0,2,2,0,0,0,0,0,0,0,0,0,0
108,公立,一般大學,0009,國立中山大學,博士班,印度尼西亞共和國,東協,2,1,1,2,1,1,0,0,0,0,0,0,0,0,0
108,公立,一般大學,0009,國立中山大學,博士班,伊朗伊斯蘭共和國,其他亞洲地區,1,1,0,1,1,0,0,0,0,0,0,0,0,0,0
108,公立,一般大學,0009,國立中山大學,博士班,菲律賓共和國,東協,1,1,0,1,1,0,0,0,0,0,0,0,0,0,0
108,公立,一般大學,0009,國立中山大學,博士班,泰國,東協,1,0,1,1,0,1,0,0,0,0,0,0,0,0,0
108,公立,一般大學,0009,國立中山大學,博士班,越南社會主義共和國,東協,1,1,0,1,1,0,0,0,0,0,0,0,0,0,0
108,公立,一般大學,0009,國立中山大學,博士班,哈薩克共和國,其他亞洲地區,1,0,1,1,0,1,0,0,0,0,0,0,0,0,0
108,公立,一般大學,0009,國立中山大學,博士班,匈牙利共和國,歐洲,1,0,1,1,0,1,0,0,0,0,0,0,0,0,0
108,公立,一般大學,0009,國立中山大學,博士班,英國,歐洲,1,0,1,1,0,1,0,0,0,0,0,0,0,0,0
108,公立,一般大學,0009,國立中山大學,博士班,宏都拉斯共和國,中南美洲,1,1,0,1,1,0,0,0,0,0,0,0,0,0,0
108,公立,一般大學,0009,國立中山大學,博士班,大陸地區,大陸地區,3,1,2,0,0,0,0,0,0,0,0,0,3,1,2
108,公立,一般大學,0012,國立臺灣海洋大學,學士班(日間),緬甸,東協,1,1,0,0,0,0,1,1,0,0,0,0,0,0,0
108,公立,一般大學,0012,國立臺灣海洋大學,學士班(日間),印度尼西亞共和國,東協,10,5,5,2,2,0,8,3,5,0,0,0,0,0,0
108,公立,一般大學,0012,國立臺灣海洋大學,學士班(日間),日本,其他亞洲地區,1,1,0,1,1,0,0,0,0,0,0,0,0,0,0
108,公立,一般大學,0012,國立臺灣海洋大學,學士班(日間),馬來西亞,東協,27,20,7,6,5,1,21,15,6,0,0,0,0,0,0
108,公立,一般大學,0012,國立臺灣海洋大學,學士班(日間),菲律賓共和國,東協,1,1,0,0,0,0,1,1,0,0,0,0,0,0,0
108,公立,一般大學,0012,國立臺灣海洋大學,學士班(日間),香港,港澳,18,15,3,0,0,0,0,0,0,18,15,3,0,0,0
108,公立,一般大學,0012,國立臺灣海洋大學,學士班(日間),澳門,港澳,15,13,2,0,0,0,0,0,0,15,13,2,0,0,0
108,公立,一般大學,0012,國立臺灣海洋大學,學士班(日間),貝里斯,中南美洲,1,0,1,1,0,1,0,0,0,0,0,0,0,0,0
108,公立,一般大學,0012,國立臺灣海洋大學,學士班(日間),聖文森(及格瑞那丁),中南美洲,1,0,1,1,0,1,0,0,0,0,0,0,0,0,0
108,公立,一般大學,0012,國立臺灣海洋大學,學士班(日間),聖露西亞,中南美洲,1,0,1,1,0,1,0,0,0,0,0,0,0,0,0
108,公立,一般大學,0012,國立臺灣海洋大學,學士班(日間),大陸地區,大陸地區,4,2,2,0,0,0,0,0,0,0,0,0,4,2,2
108,公立,一般大學,0012,國立臺灣海洋大學,碩士班(日間),印度尼西亞共和國,東協,10,4,6,9,3,6,1,1,0,0,0,0,0,0,0
108,公立,一般大學,0012,國立臺灣海洋大學,碩士班(日間),大韓民國(南韓),其他亞洲地區,1,0,1,1,0,1,0,0,0,0,0,0,0,0,0
108,公立,一般大學,0012,國立臺灣海洋大學,碩士班(日間),馬來西亞,東協,6,5,1,1,1,0,5,4,1,0,0,0,0,0,0
108,公立,一般大學,0012,國立臺灣海洋大學,碩士班(日間),菲律賓共和國,東協,2,2,0,2,2,0,0,0,0,0,0,0,0,0,0
108,公立,一般大學,0012,國立臺灣海洋大學,碩士班(日間),越南社會主義共和國,東協,5,1,4,5,1,4,0,0,0,0,0,0,0,0,0
108,公立,一般大學,0012,國立臺灣海洋大學,碩士班(日間),香港,港澳,4,2,2,0,0,0,0,0,0,4,2,2,0,0,0
108,公立,一般大學,0012,國立臺灣海洋大學,碩士班(日間),蒙古國,其他亞洲地區,2,0,2,2,0,2,0,0,0,0,0,0,0,0,0
108,公立,一般大學,0012,國立臺灣海洋大學,碩士班(日間),斐濟群島共和國,其他亞洲地區,1,1,0,1,1,0,0,0,0,0,0,0,0,0,0
108,公立,一般大學,0012,國立臺灣海洋大學,碩士班(日間),吉里巴斯共和國,其他亞洲地區,1,1,0,1,1,0,0,0,0,0,0,0,0,0,0
108,公立,一般大學,0012,國立臺灣海洋大學,碩士班(日間),秘魯共和國,中南美洲,1,0,1,1,0,1,0,0,0,0,0,0,0,0,0
108,公立,一般大學,0012,國立臺灣海洋大學,博士班,印度尼西亞共和國,東協,1,1,0,1,1,0,0,0,0,0,0,0,0,0,0
108,公立,一般大學,0012,國立臺灣海洋大學,博士班,菲律賓共和國,東協,1,0,1,1,0,1,0,0,0,0,0,0,0,0,0
108,公立,一般大學,0012,國立臺灣海洋大學,博士班,越南社會主義共和國,東協,2,1,1,2,1,1,0,0,0,0,0,0,0,0,0
108,公立,一般大學,0012,國立臺灣海洋大學,博士班,加拿大,北美洲,1,1,0,1,1,0,0,0,0,0,0,0,0,0,0
108,公立,一般大學,0012,國立臺灣海洋大學,博士班,大陸地區,大陸地區,1,0,1,0,0,0,0,0,0,0,0,0,1,0,1
108,公立,一般大學,0013,國立中正大學,學士班(日間),印度尼西亞共和國,東協,5,2,3,0,0,0,5,2,3,0,0,0,0,0,0
108,公立,一般大學,0013,國立中正大學,學士班(日間),日本,其他亞洲地區,2,1,1,1,1,0,1,0,1,0,0,0,0,0,0
108,公立,一般大學,0013,國立中正大學,學士班(日間),馬來西亞,東協,33,14,19,1,0,1,32,14,18,0,0,0,0,0,0
108,公立,一般大學,0013,國立中正大學,學士班(日間),泰國,東協,1,1,0,0,0,0,1,1,0,0,0,0,0,0,0
108,公立,一般大學,0013,國立中正大學,學士班(日間),越南社會主義共和國,東協,2,1,1,0,0,0,2,1,1,0,0,0,0,0,0
108,公立,一般大學,0013,國立中正大學,學士班(日間),香港,港澳,12,5,7,0,0,0,0,0,0,12,5,7,0,0,0
108,公立,一般大學,0013,國立中正大學,學士班(日間),澳門,港澳,22,14,8,0,0,0,0,0,0,22,14,8,0,0,0
108,公立,一般大學,0013,國立中正大學,學士班(日間),大陸地區,大陸地區,5,2,3,0,0,0,0,0,0,0,0,0,5,2,3
108,公立,一般大學,0013,國立中正大學,碩士班(日間),印度,南亞,3,3,0,3,3,0,0,0,0,0,0,0,0,0,0
108,公立,一般大學,0013,國立中正大學,碩士班(日間),印度尼西亞共和國,東協,5,2,3,5,2,3,0,0,0,0,0,0,0,0,0
108,公立,一般大學,0013,國立中正大學,碩士班(日間),伊朗伊斯蘭共和國,其他亞洲地區,1,0,1,1,0,1,0,0,0,0,0,0,0,0,0
108,公立,一般大學,0013,國立中正大學,碩士班(日間),日本,其他亞洲地區,1,0,1,1,0,1,0,0,0,0,0,0,0,0,0
108,公立,一般大學,0013,國立中正大學,碩士班(日間),馬來西亞,東協,3,1,2,2,1,1,1,0,1,0,0,0,0,0,0
108,公立,一般大學,0013,國立中正大學,碩士班(日間),菲律賓共和國,東協,1,0,1,1,0,1,0,0,0,0,0,0,0,0,0
108,公立,一般大學,0013,國立中正大學,碩士班(日間),泰國,東協,6,2,4,6,2,4,0,0,0,0,0,0,0,0,0
108,公立,一般大學,0013,國立中正大學,碩士班(日間),越南社會主義共和國,東協,9,6,3,9,6,3,0,0,0,0,0,0,0,0,0
108,公立,一般大學,0013,國立中正大學,碩士班(日間),香港,港澳,2,1,1,0,0,0,0,0,0,2,1,1,0,0,0
108,公立,一般大學,0013,國立中正大學,碩士班(日間),澳門,港澳,1,1,0,0,0,0,0,0,0,1,1,0,0,0,0
108,公立,一般大學,0013,國立中正大學,碩士班(日間),蒙古國,其他亞洲地區,1,1,0,1,1,0,0,0,0,0,0,0,0,0,0
108,公立,一般大學,0013,國立中正大學,碩士班(日間),索羅門群島,其他亞洲地區,1,1,0,1,1,0,0,0,0,0,0,0,0,0,0
108,公立,一般大學,0013,國立中正大學,碩士班(日間),甘比亞共和國,非洲,1,1,0,1,1,0,0,0,0,0,0,0,0,0,0
108,公立,一般大學,0013,國立中正大學,碩士班(日間),波蘭共和國,歐洲,2,1,1,2,1,1,0,0,0,0,0,0,0,0,0
108,公立,一般大學,0013,國立中正大學,碩士班(日間),尼加拉瓜,中南美洲,2,2,0,2,2,0,0,0,0,0,0,0,0,0,0
108,公立,一般大學,0013,國立中正大學,碩士班(日間),貝里斯,中南美洲,2,1,1,2,1,1,0,0,0,0,0,0,0,0,0
108,公立,一般大學,0013,國立中正大學,碩士班(日間),厄瓜多共和國,中南美洲,1,0,1,1,0,1,0,0,0,0,0,0,0,0,0
108,公立,一般大學,0013,國立中正大學,碩士班(日間),大陸地區,大陸地區,4,3,1,0,0,0,0,0,0,0,0,0,4,3,1
108,公立,一般大學,0013,國立中正大學,博士班,印度,南亞,1,1,0,1,1,0,0,0,0,0,0,0,0,0,0
108,公立,一般大學,0013,國立中正大學,博士班,越南社會主義共和國,東協,5,4,1,5,4,1,0,0,0,0,0,0,0,0,0
108,公立,一般大學,0013,國立中正大學,博士班,大陸地區,大陸地區,1,1,0,0,0,0,0,0,0,0,0,0,1,1,0
108,公立,一般大學,0014,國立高雄師範大學,學士班(日間),印度尼西亞共和國,東協,2,1,1,0,0,0,2,1,1,0,0,0,0,0,0
108,公立,一般大學,0014,國立高雄師範大學,學士班(日間),日本,其他亞洲地區,1,1,0,1,1,0,0,0,0,0,0,0,0,0,0
108,公立,一般大學,0014,國立高雄師範大學,學士班(日間),馬來西亞,東協,10,6,4,0,0,0,10,6,4,0,0,0,0,0,0
108,公立,一般大學,0014,國立高雄師範大學,學士班(日間),新加坡共和國,東協,1,0,1,0,0,0,1,0,1,0,0,0,0,0,0
108,公立,一般大學,0014,國立高雄師範大學,學士班(日間),香港,港澳,2,1,1,0,0,0,0,0,0,2,1,1,0,0,0
108,公立,一般大學,0014,國立高雄師範大學,學士班(日間),澳門,港澳,9,6,3,0,0,0,0,0,0,9,6,3,0,0,0
108,公立,一般大學,0014,國立高雄師範大學,學士班(日間),大陸地區,大陸地區,4,2,2,0,0,0,0,0,0,0,0,0,4,2,2
108,公立,一般大學,0014,國立高雄師範大學,碩士班(日間),印度,南亞,1,1,0,1,1,0,0,0,0,0,0,0,0,0,0
108,公立,一般大學,0014,國立高雄師範大學,碩士班(日間),大韓民國(南韓),其他亞洲地區,3,2,1,2,2,0,1,0,1,0,0,0,0,0,0
108,公立,一般大學,0014,國立高雄師範大學,碩士班(日間),香港,港澳,1,1,0,0,0,0,0,0,0,1,1,0,0,0,0
108,公立,一般大學,0014,國立高雄師範大學,碩士班(日間),澳門,港澳,1,0,1,0,0,0,0,0,0,1,0,1,0,0,0
108,公立,一般大學,0014,國立高雄師範大學,碩士班(日間),大陸地區,大陸地區,8,4,4,0,0,0,0,0,0,0,0,0,8,4,4
108,公立,一般大學,0014,國立高雄師範大學,博士班,大陸地區,大陸地區,1,1,0,0,0,0,0,0,0,0,0,0,1,1,0
108,公立,一般大學,0015,國立彰化師範大學,學士班(日間),緬甸,東協,1,0,1,0,0,0,1,0,1,0,0,0,0,0,0
108,公立,一般大學,0015,國立彰化師範大學,學士班(日間),印度尼西亞共和國,東協,1,0,1,0,0,0,1,0,1,0,0,0,0,0,0
108,公立,一般大學,0015,國立彰化師範大學,學士班(日間),馬來西亞,東協,20,11,9,3,1,2,17,10,7,0,0,0,0,0,0
108,公立,一般大學,0015,國立彰化師範大學,學士班(日間),香港,港澳,5,2,3,0,0,0,0,0,0,5,2,3,0,0,0
108,公立,一般大學,0015,國立彰化師範大學,學士班(日間),澳門,港澳,14,7,7,0,0,0,0,0,0,14,7,7,0,0,0
108,公立,一般大學,0015,國立彰化師範大學,學士班(日間),大陸地區,大陸地區,4,0,4,0,0,0,0,0,0,0,0,0,4,0,4
108,公立,一般大學,0015,國立彰化師範大學,碩士班(日間),馬來西亞,東協,2,0,2,1,0,1,1,0,1,0,0,0,0,0,0
108,公立,一般大學,0015,國立彰化師範大學,碩士班(日間),香港,港澳,2,0,2,0,0,0,0,0,0,2,0,2,0,0,0
108,公立,一般大學,0015,國立彰化師範大學,碩士班(日間),澳門,港澳,1,0,1,0,0,0,0,0,0,1,0,1,0,0,0
108,公立,一般大學,0015,國立彰化師範大學,碩士班(日間),美國,北美洲,1,1,0,1,1,0,0,0,0,0,0,0,0,0,0
108,公立,一般大學,0015,國立彰化師範大學,碩士班(日間),大陸地區,大陸地區,1,1,0,0,0,0,0,0,0,0,0,0,1,1,0
108,公立,一般大學,0015,國立彰化師範大學,博士班,大陸地區,大陸地區,1,1,0,0,0,0,0,0,0,0,0,0,1,1,0
108,公立,一般大學,0016,國立陽明大學,學士班(日間),印度尼西亞共和國,東協,2,2,0,0,0,0,2,2,0,0,0,0,0,0,0
108,公立,一般大學,0016,國立陽明大學,學士班(日間),大韓民國(南韓),其他亞洲地區,1,0,1,0,0,0,1,0,1,0,0,0,0,0,0
108,公立,一般大學,0016,國立陽明大學,學士班(日間),馬來西亞,東協,10,2,8,0,0,0,10,2,8,0,0,0,0,0,0
108,公立,一般大學,0016,國立陽明大學,學士班(日間),香港,港澳,3,2,1,0,0,0,0,0,0,3,2,1,0,0,0
108,公立,一般大學,0016,國立陽明大學,學士班(日間),澳門,港澳,2,2,0,0,0,0,0,0,0,2,2,0,0,0,0
108,公立,一般大學,0016,國立陽明大學,學士班(日間),大陸地區,大陸地區,4,0,4,0,0,0,0,0,0,0,0,0,4,0,4
108,公立,一般大學,0016,國立陽明大學,碩士班(日間),印度尼西亞共和國,東協,1,0,1,1,0,1,0,0,0,0,0,0,0,0,0
108,公立,一般大學,0016,國立陽明大學,碩士班(日間),馬來西亞,東協,2,0,2,2,0,2,0,0,0,0,0,0,0,0,0
108,公立,一般大學,0016,國立陽明大學,碩士班(日間),巴基斯坦,南亞,1,0,1,1,0,1,0,0,0,0,0,0,0,0,0
108,公立,一般大學,0016,國立陽明大學,碩士班(日間),越南社會主義共和國,東協,6,1,5,6,1,5,0,0,0,0,0,0,0,0,0
108,公立,一般大學,0016,國立陽明大學,碩士班(日間),香港,港澳,2,2,0,0,0,0,0,0,0,2,2,0,0,0,0
108,公立,一般大學,0016,國立陽明大學,碩士班(日間),澳門,港澳,4,2,2,0,0,0,0,0,0,4,2,2,0,0,0
108,公立,一般大學,0016,國立陽明大學,碩士班(日間),史瓦帝尼王國,非洲,3,1,2,3,1,2,0,0,0,0,0,0,0,0,0
108,公立,一般大學,0016,國立陽明大學,碩士班(日間),貝里斯,中南美洲,1,0,1,1,0,1,0,0,0,0,0,0,0,0,0
108,公立,一般大學,0016,國立陽明大學,碩士班(日間),聖文森(及格瑞那丁),中南美洲,1,0,1,1,0,1,0,0,0,0,0,0,0,0,0
108,公立,一般大學,0016,國立陽明大學,博士班,印度,南亞,7,4,3,7,4,3,0,0,0,0,0,0,0,0,0
108,公立,一般大學,0016,國立陽明大學,博士班,馬來西亞,東協,1,1,0,1,1,0,0,0,0,0,0,0,0,0,0
108,公立,一般大學,0016,國立陽明大學,博士班,奈及利亞聯邦共和國,非洲,1,1,0,1,1,0,0,0,0,0,0,0,0,0,0
108,公立,一般大學,0016,國立陽明大學,博士班,史瓦帝尼王國,非洲,1,1,0,1,1,0,0,0,0,0,0,0,0,0,0
108,公立,一般大學,0016,國立陽明大學,博士班,西班牙王國,歐洲,1,1,0,1,1,0,0,0,0,0,0,0,0,0,0
108,公立,一般大學,0016,國立陽明大學,博士班,美國,北美洲,1,1,0,1,1,0,0,0,0,0,0,0,0,0,0
108,公立,一般大學,0017,國立臺北大學,學士班(日間),緬甸,東協,3,0,3,0,0,0,3,0,3,0,0,0,0,0,0
108,公立,一般大學,0017,國立臺北大學,學士班(日間),印度尼西亞共和國,東協,2,0,2,0,0,0,2,0,2,0,0,0,0,0,0
108,公立,一般大學,0017,國立臺北大學,學士班(日間),日本,其他亞洲地區,2,1,1,2,1,1,0,0,0,0,0,0,0,0,0
108,公立,一般大學,0017,國立臺北大學,學士班(日間),馬來西亞,東協,25,15,10,4,2,2,21,13,8,0,0,0,0,0,0
108,公立,一般大學,0017,國立臺北大學,學士班(日間),泰國,東協,1,1,0,0,0,0,1,1,0,0,0,0,0,0,0
108,公立,一般大學,0017,國立臺北大學,學士班(日間),越南社會主義共和國,東協,2,2,0,1,1,0,1,1,0,0,0,0,0,0,0
108,公立,一般大學,0017,國立臺北大學,學士班(日間),香港,港澳,17,11,6,0,0,0,0,0,0,17,11,6,0,0,0
108,公立,一般大學,0017,國立臺北大學,學士班(日間),澳門,港澳,18,10,8,0,0,0,0,0,0,18,10,8,0,0,0
108,公立,一般大學,0017,國立臺北大學,學士班(日間),大陸地區,大陸地區,4,2,2,0,0,0,0,0,0,0,0,0,4,2,2
108,公立,一般大學,0017,國立臺北大學,碩士班(日間),印度尼西亞共和國,東協,1,0,1,1,0,1,0,0,0,0,0,0,0,0,0
108,公立,一般大學,0017,國立臺北大學,碩士班(日間),馬來西亞,東協,1,0,1,0,0,0,1,0,1,0,0,0,0,0,0
108,公立,一般大學,0017,國立臺北大學,碩士班(日間),菲律賓共和國,東協,1,1,0,1,1,0,0,0,0,0,0,0,0,0,0
108,公立,一般大學,0017,國立臺北大學,碩士班(日間),泰國,東協,1,0,1,1,0,1,0,0,0,0,0,0,0,0,0
108,公立,一般大學,0017,國立臺北大學,碩士班(日間),越南社會主義共和國,東協,2,0,2,2,0,2,0,0,0,0,0,0,0,0,0
108,公立,一般大學,0017,國立臺北大學,碩士班(日間),香港,港澳,7,4,3,0,0,0,0,0,0,7,4,3,0,0,0
108,公立,一般大學,0017,國立臺北大學,碩士班(日間),大陸地區,大陸地區,6,3,3,0,0,0,0,0,0,0,0,0,6,3,3
108,公立,一般大學,0017,國立臺北大學,博士班,大陸地區,大陸地區,1,1,0,0,0,0,0,0,0,0,0,0,1,1,0
108,公立,一般大學,0018,國立嘉義大學,學士班(日間),印度尼西亞共和國,東協,4,2,2,0,0,0,4,2,2,0,0,0,0,0,0
108,公立,一般大學,0018,國立嘉義大學,學士班(日間),日本,其他亞洲地區,1,0,1,1,0,1,0,0,0,0,0,0,0,0,0
108,公立,一般大學,0018,國立嘉義大學,學士班(日間),馬來西亞,東協,44,26,18,4,3,1,40,23,17,0,0,0,0,0,0
108,公立,一般大學,0018,國立嘉義大學,學士班(日間),越南社會主義共和國,東協,2,1,1,1,0,1,1,1,0,0,0,0,0,0,0
108,公立,一般大學,0018,國立嘉義大學,學士班(日間),香港,港澳,14,8,6,0,0,0,0,0,0,14,8,6,0,0,0
108,公立,一般大學,0018,國立嘉義大學,學士班(日間),澳門,港澳,11,5,6,0,0,0,0,0,0,11,5,6,0,0,0
108,公立,一般大學,0018,國立嘉義大學,學士班(日間),斐濟群島共和國,其他亞洲地區,1,0,1,0,0,0,1,0,1,0,0,0,0,0,0
108,公立,一般大學,0018,國立嘉義大學,學士班(日間),美國,北美洲,1,0,1,0,0,0,1,0,1,0,0,0,0,0,0
108,公立,一般大學,0018,國立嘉義大學,學士班(日間),大陸地區,大陸地區,3,1,2,0,0,0,0,0,0,0,0,0,3,1,2
108,公立,一般大學,0018,國立嘉義大學,碩士班(日間),印度尼西亞共和國,東協,13,4,9,13,4,9,0,0,0,0,0,0,0,0,0
108,公立,一般大學,0018,國立嘉義大學,碩士班(日間),泰國,東協,4,2,2,4,2,2,0,0,0,0,0,0,0,0,0
108,公立,一般大學,0018,國立嘉義大學,碩士班(日間),越南社會主義共和國,東協,2,0,2,2,0,2,0,0,0,0,0,0,0,0,0
108,公立,一般大學,0018,國立嘉義大學,碩士班(日間),香港,港澳,2,0,2,0,0,0,0,0,0,2,0,2,0,0,0
108,公立,一般大學,0018,國立嘉義大學,碩士班(日間),澳門,港澳,1,1,0,0,0,0,0,0,0,1,1,0,0,0,0
108,公立,一般大學,0018,國立嘉義大學,碩士班(日間),大陸地區,大陸地區,1,1,0,0,0,0,0,0,0,0,0,0,1,1,0
108,公立,一般大學,0018,國立嘉義大學,博士班,泰國,東協,1,1,0,1,1,0,0,0,0,0,0,0,0,0,0
108,公立,一般大學,0018,國立嘉義大學,博士班,越南社會主義共和國,東協,1,1,0,1,1,0,0,0,0,0,0,0,0,0,0
108,公立,一般大學,0019,國立高雄大學,學士班(日間),緬甸,東協,1,0,1,0,0,0,1,0,1,0,0,0,0,0,0
108,公立,一般大學,0019,國立高雄大學,學士班(日間),印度尼西亞共和國,東協,3,2,1,1,1,0,2,1,1,0,0,0,0,0,0
108,公立,一般大學,0019,國立高雄大學,學士班(日間),馬來西亞,東協,12,9,3,1,0,1,11,9,2,0,0,0,0,0,0
108,公立,一般大學,0019,國立高雄大學,學士班(日間),香港,港澳,3,2,1,0,0,0,0,0,0,3,2,1,0,0,0
108,公立,一般大學,0019,國立高雄大學,學士班(日間),澳門,港澳,4,2,2,0,0,0,0,0,0,4,2,2,0,0,0
108,公立,一般大學,0019,國立高雄大學,學士班(日間),美國,北美洲,1,1,0,0,0,0,1,1,0,0,0,0,0,0,0
108,公立,一般大學,0019,國立高雄大學,學士班(日間),大陸地區,大陸地區,3,1,2,0,0,0,0,0,0,0,0,0,3,1,2
108,公立,一般大學,0019,國立高雄大學,碩士班(日間),印度尼西亞共和國,東協,1,1,0,1,1,0,0,0,0,0,0,0,0,0,0
108,公立,一般大學,0019,國立高雄大學,碩士班(日間),馬來西亞,東協,1,0,1,0,0,0,1,0,1,0,0,0,0,0,0
108,公立,一般大學,0019,國立高雄大學,碩士班(日間),菲律賓共和國,東協,1,1,0,1,1,0,0,0,0,0,0,0,0,0,0
108,公立,一般大學,0019,國立高雄大學,碩士班(日間),泰國,東協,3,1,2,3,1,2,0,0,0,0,0,0,0,0,0
108,公立,一般大學,0019,國立高雄大學,碩士班(日間),越南社會主義共和國,東協,3,1,2,3,1,2,0,0,0,0,0,0,0,0,0
108,公立,一般大學,0019,國立高雄大學,碩士班(日間),香港,港澳,2,2,0,0,0,0,0,0,0,2,2,0,0,0,0
108,公立,一般大學,0019,國立高雄大學,碩士班(日間),蒙古國,其他亞洲地區,3,1,2,3,1,2,0,0,0,0,0,0,0,0,0
108,公立,一般大學,0019,國立高雄大學,碩士班(日間),哥倫比亞共和國,中南美洲,2,1,1,2,1,1,0,0,0,0,0,0,0,0,0
108,公立,一般大學,0019,國立高雄大學,碩士班(日間),巴拉圭,中南美洲,1,1,0,1,1,0,0,0,0,0,0,0,0,0,0
108,公立,一般大學,0020,國立東華大學,學士班(日間),緬甸,東協,1,1,0,0,0,0,1,1,0,0,0,0,0,0,0
108,公立,一般大學,0020,國立東華大學,學士班(日間),印度尼西亞共和國,東協,10,3,7,6,1,5,4,2,2,0,0,0,0,0,0
108,公立,一般大學,0020,國立東華大學,學士班(日間),日本,其他亞洲地區,1,1,0,1,1,0,0,0,0,0,0,0,0,0,0
108,公立,一般大學,0020,國立東華大學,學士班(日間),馬來西亞,東協,37,15,22,2,0,2,35,15,20,0,0,0,0,0,0
108,公立,一般大學,0020,國立東華大學,學士班(日間),越南社會主義共和國,東協,4,1,3,3,0,3,1,1,0,0,0,0,0,0,0
108,公立,一般大學,0020,國立東華大學,學士班(日間),香港,港澳,19,10,9,0,0,0,0,0,0,19,10,9,0,0,0
108,公立,一般大學,0020,國立東華大學,學士班(日間),澳門,港澳,18,8,10,0,0,0,0,0,0,18,8,10,0,0,0
108,公立,一般大學,0020,國立東華大學,學士班(日間),蒙古國,其他亞洲地區,4,2,2,4,2,2,0,0,0,0,0,0,0,0,0
108,公立,一般大學,0020,國立東華大學,學士班(日間),馬拉威共和國,非洲,1,0,1,0,0,0,1,0,1,0,0,0,0,0,0
108,公立,一般大學,0020,國立東華大學,學士班(日間),史瓦帝尼王國,非洲,3,3,0,3,3,0,0,0,0,0,0,0,0,0,0
108,公立,一般大學,0020,國立東華大學,學士班(日間),宏都拉斯共和國,中南美洲,1,1,0,1,1,0,0,0,0,0,0,0,0,0,0
108,公立,一般大學,0020,國立東華大學,學士班(日間),尼加拉瓜,中南美洲,1,1,0,1,1,0,0,0,0,0,0,0,0,0,0
108,公立,一般大學,0020,國立東華大學,學士班(日間),貝里斯,中南美洲,2,1,1,2,1,1,0,0,0,0,0,0,0,0,0
108,公立,一般大學,0020,國立東華大學,學士班(日間),聖露西亞,中南美洲,1,0,1,1,0,1,0,0,0,0,0,0,0,0,0
108,公立,一般大學,0020,國立東華大學,學士班(日間),聖克里斯多福及尼維斯,中南美洲,3,3,0,3,3,0,0,0,0,0,0,0,0,0,0
108,公立,一般大學,0020,國立東華大學,學士班(日間),大陸地區,大陸地區,3,2,1,0,0,0,0,0,0,0,0,0,3,2,1
108,公立,一般大學,0020,國立東華大學,碩士班(日間),印度,南亞,1,0,1,1,0,1,0,0,0,0,0,0,0,0,0
108,公立,一般大學,0020,國立東華大學,碩士班(日間),印度尼西亞共和國,東協,24,7,17,24,7,17,0,0,0,0,0,0,0,0,0
108,公立,一般大學,0020,國立東華大學,碩士班(日間),馬來西亞,東協,1,1,0,1,1,0,0,0,0,0,0,0,0,0,0
108,公立,一般大學,0020,國立東華大學,碩士班(日間),尼泊爾聯邦民主共和國,南亞,1,1,0,1,1,0,0,0,0,0,0,0,0,0,0
108,公立,一般大學,0020,國立東華大學,碩士班(日間),菲律賓共和國,東協,3,2,1,3,2,1,0,0,0,0,0,0,0,0,0
108,公立,一般大學,0020,國立東華大學,碩士班(日間),越南社會主義共和國,東協,8,2,6,8,2,6,0,0,0,0,0,0,0,0,0
108,公立,一般大學,0020,國立東華大學,碩士班(日間),香港,港澳,1,1,0,0,0,0,0,0,0,1,1,0,0,0,0
108,公立,一般大學,0020,國立東華大學,碩士班(日間),蒙古國,其他亞洲地區,3,1,2,3,1,2,0,0,0,0,0,0,0,0,0
108,公立,一般大學,0020,國立東華大學,碩士班(日間),馬拉威共和國,非洲,6,4,2,6,4,2,0,0,0,0,0,0,0,0,0
108,公立,一般大學,0020,國立東華大學,碩士班(日間),捷克共和國,歐洲,1,0,1,1,0,1,0,0,0,0,0,0,0,0,0
108,公立,一般大學,0020,國立東華大學,碩士班(日間),英國,歐洲,1,1,0,1,1,0,0,0,0,0,0,0,0,0,0
108,公立,一般大學,0020,國立東華大學,碩士班(日間),墨西哥合眾國,中南美洲,1,0,1,1,0,1,0,0,0,0,0,0,0,0,0
108,公立,一般大學,0020,國立東華大學,碩士班(日間),美國,北美洲,3,2,1,3,2,1,0,0,0,0,0,0,0,0,0
108,公立,一般大學,0020,國立東華大學,碩士班(日間),聖克里斯多福及尼維斯,中南美洲,3,2,1,3,2,1,0,0,0,0,0,0,0,0,0
108,公立,一般大學,0020,國立東華大學,博士班,印度,南亞,2,2,0,2,2,0,0,0,0,0,0,0,0,0,0
108,公立,一般大學,0020,國立東華大學,博士班,印度尼西亞共和國,東協,4,4,0,4,4,0,0,0,0,0,0,0,0,0,0
108,公立,一般大學,0020,國立東華大學,博士班,泰國,東協,1,1,0,1,1,0,0,0,0,0,0,0,0,0,0
108,公立,一般大學,0020,國立東華大學,博士班,越南社會主義共和國,東協,1,1,0,1,1,0,0,0,0,0,0,0,0,0,0
108,公立,一般大學,0020,國立東華大學,博士班,捷克共和國,歐洲,1,1,0,1,1,0,0,0,0,0,0,0,0,0,0
108,公立,一般大學,0020,國立東華大學,博士班,大陸地區,大陸地區,2,0,2,0,0,0,0,0,0,0,0,0,2,0,2
108,公立,一般大學,0021,國立暨南國際大學,學士班(日間),印度尼西亞共和國,東協,5,3,2,0,0,0,5,3,2,0,0,0,0,0,0
108,公立,一般大學,0021,國立暨南國際大學,學士班(日間),日本,其他亞洲地區,2,0,2,0,0,0,2,0,2,0,0,0,0,0,0
108,公立,一般大學,0021,國立暨南國際大學,學士班(日間),馬來西亞,東協,62,26,36,0,0,0,62,26,36,0,0,0,0,0,0
108,公立,一般大學,0021,國立暨南國際大學,學士班(日間),泰國,東協,1,0,1,1,0,1,0,0,0,0,0,0,0,0,0
108,公立,一般大學,0021,國立暨南國際大學,學士班(日間),越南社會主義共和國,東協,2,1,1,0,0,0,2,1,1,0,0,0,0,0,0
108,公立,一般大學,0021,國立暨南國際大學,學士班(日間),香港,港澳,54,31,23,0,0,0,0,0,0,54,31,23,0,0,0
108,公立,一般大學,0021,國立暨南國際大學,學士班(日間),澳門,港澳,21,17,4,0,0,0,0,0,0,21,17,4,0,0,0
108,公立,一般大學,0021,國立暨南國際大學,學士班(日間),大陸地區,大陸地區,4,3,1,0,0,0,0,0,0,0,0,0,4,3,1
108,公立,一般大學,0021,國立暨南國際大學,碩士班(日間),緬甸,東協,7,1,6,7,1,6,0,0,0,0,0,0,0,0,0
108,公立,一般大學,0021,國立暨南國際大學,碩士班(日間),馬來西亞,東協,2,1,1,0,0,0,2,1,1,0,0,0,0,0,0
108,公立,一般大學,0021,國立暨南國際大學,碩士班(日間),越南社會主義共和國,東協,3,0,3,3,0,3,0,0,0,0,0,0,0,0,0
108,公立,一般大學,0021,國立暨南國際大學,碩士班(日間),香港,港澳,6,4,2,0,0,0,0,0,0,6,4,2,0,0,0
108,公立,一般大學,0021,國立暨南國際大學,碩士班(日間),大陸地區,大陸地區,1,1,0,0,0,0,0,0,0,0,0,0,1,1,0
108,公立,一般大學,0021,國立暨南國際大學,博士班,印度,南亞,1,1,0,1,1,0,0,0,0,0,0,0,0,0,0
108,公立,一般大學,0021,國立暨南國際大學,博士班,越南社會主義共和國,東協,1,0,1,1,0,1,0,0,0,0,0,0,0,0,0
108,公立,一般大學,0021,國立暨南國際大學,博士班,大陸地區,大陸地區,1,1,0,0,0,0,0,0,0,0,0,0,1,1,0
108,公立,技專校院,0022,國立臺灣科技大學,學士班(日間),緬甸,東協,5,2,3,0,0,0,5,2,3,0,0,0,0,0,0
108,公立,技專校院,0022,國立臺灣科技大學,學士班(日間),印度尼西亞共和國,東協,42,30,12,32,22,10,10,8,2,0,0,0,0,0,0
108,公立,技專校院,0022,國立臺灣科技大學,學士班(日間),日本,其他亞洲地區,1,0,1,1,0,1,0,0,0,0,0,0,0,0,0
108,公立,技專校院,0022,國立臺灣科技大學,學士班(日間),大韓民國(南韓),其他亞洲地區,1,1,0,1,1,0,0,0,0,0,0,0,0,0,0
108,公立,技專校院,0022,國立臺灣科技大學,學士班(日間),馬來西亞,東協,16,12,4,1,1,0,15,11,4,0,0,0,0,0,0
108,公立,技專校院,0022,國立臺灣科技大學,學士班(日間),泰國,東協,1,0,1,0,0,0,1,0,1,0,0,0,0,0,0
108,公立,技專校院,0022,國立臺灣科技大學,學士班(日間),越南社會主義共和國,東協,1,1,0,0,0,0,1,1,0,0,0,0,0,0,0
108,公立,技專校院,0022,國立臺灣科技大學,學士班(日間),香港,港澳,10,4,6,0,0,0,0,0,0,10,4,6,0,0,0
108,公立,技專校院,0022,國立臺灣科技大學,學士班(日間),澳門,港澳,8,8,0,0,0,0,0,0,0,8,8,0,0,0,0
108,公立,技專校院,0022,國立臺灣科技大學,學士班(日間),蒙古國,其他亞洲地區,1,0,1,1,0,1,0,0,0,0,0,0,0,0,0
108,公立,技專校院,0022,國立臺灣科技大學,學士班(日間),馬拉威共和國,非洲,1,1,0,1,1,0,0,0,0,0,0,0,0,0,0
108,公立,技專校院,0022,國立臺灣科技大學,學士班(日間),加拿大,北美洲,1,1,0,0,0,0,1,1,0,0,0,0,0,0,0
108,公立,技專校院,0022,國立臺灣科技大學,學士班(日間),哥斯大黎加共和國,中南美洲,1,1,0,0,0,0,1,1,0,0,0,0,0,0,0
108,公立,技專校院,0022,國立臺灣科技大學,學士班(日間),美國,北美洲,1,1,0,0,0,0,1,1,0,0,0,0,0,0,0
108,公立,技專校院,0022,國立臺灣科技大學,學士班(日間),大陸地區,大陸地區,48,23,25,0,0,0,0,0,0,0,0,0,48,23,25
108,公立,技專校院,0022,國立臺灣科技大學,碩士班(日間),柬埔寨王國,東協,1,0,1,1,0,1,0,0,0,0,0,0,0,0,0
108,公立,技專校院,0022,國立臺灣科技大學,碩士班(日間),印度,南亞,4,4,0,4,4,0,0,0,0,0,0,0,0,0,0
108,公立,技專校院,0022,國立臺灣科技大學,碩士班(日間),印度尼西亞共和國,東協,123,66,57,122,66,56,1,0,1,0,0,0,0,0,0
108,公立,技專校院,0022,國立臺灣科技大學,碩士班(日間),伊朗伊斯蘭共和國,其他亞洲地區,1,0,1,1,0,1,0,0,0,0,0,0,0,0,0
108,公立,技專校院,0022,國立臺灣科技大學,碩士班(日間),大韓民國(南韓),其他亞洲地區,1,1,0,1,1,0,0,0,0,0,0,0,0,0,0
108,公立,技專校院,0022,國立臺灣科技大學,碩士班(日間),馬來西亞,東協,2,1,1,2,1,1,0,0,0,0,0,0,0,0,0
108,公立,技專校院,0022,國立臺灣科技大學,碩士班(日間),巴基斯坦,南亞,4,4,0,4,4,0,0,0,0,0,0,0,0,0,0
108,公立,技專校院,0022,國立臺灣科技大學,碩士班(日間),菲律賓共和國,東協,8,6,2,8,6,2,0,0,0,0,0,0,0,0,0
108,公立,技專校院,0022,國立臺灣科技大學,碩士班(日間),泰國,東協,15,1,14,15,1,14,0,0,0,0,0,0,0,0,0
108,公立,技專校院,0022,國立臺灣科技大學,碩士班(日間),土耳其共和國,其他亞洲地區,2,1,1,2,1,1,0,0,0,0,0,0,0,0,0
108,公立,技專校院,0022,國立臺灣科技大學,碩士班(日間),越南社會主義共和國,東協,29,14,15,29,14,15,0,0,0,0,0,0,0,0,0
108,公立,技專校院,0022,國立臺灣科技大學,碩士班(日間),汶萊和平之國,東協,1,1,0,1,1,0,0,0,0,0,0,0,0,0,0
108,公立,技專校院,0022,國立臺灣科技大學,碩士班(日間),香港,港澳,1,0,1,0,0,0,0,0,0,1,0,1,0,0,0
108,公立,技專校院,0022,國立臺灣科技大學,碩士班(日間),蒙古國,其他亞洲地區,4,2,2,4,2,2,0,0,0,0,0,0,0,0,0
108,公立,技專校院,0022,國立臺灣科技大學,碩士班(日間),俄羅斯聯邦,其他亞洲地區,1,0,1,1,0,1,0,0,0,0,0,0,0,0,0
108,公立,技專校院,0022,國立臺灣科技大學,碩士班(日間),衣索比亞聯邦民主共和國,非洲,4,3,1,4,3,1,0,0,0,0,0,0,0,0,0
108,公立,技專校院,0022,國立臺灣科技大學,碩士班(日間),甘比亞共和國,非洲,1,1,0,1,1,0,0,0,0,0,0,0,0,0,0
108,公立,技專校院,0022,國立臺灣科技大學,碩士班(日間),肯亞共和國,非洲,1,1,0,1,1,0,0,0,0,0,0,0,0,0,0
108,公立,技專校院,0022,國立臺灣科技大學,碩士班(日間),布吉納法索,非洲,1,1,0,1,1,0,0,0,0,0,0,0,0,0,0
108,公立,技專校院,0022,國立臺灣科技大學,碩士班(日間),捷克共和國,歐洲,1,1,0,1,1,0,0,0,0,0,0,0,0,0,0
108,公立,技專校院,0022,國立臺灣科技大學,碩士班(日間),法國,歐洲,2,2,0,2,2,0,0,0,0,0,0,0,0,0,0
108,公立,技專校院,0022,國立臺灣科技大學,碩士班(日間),匈牙利共和國,歐洲,1,1,0,1,1,0,0,0,0,0,0,0,0,0,0
108,公立,技專校院,0022,國立臺灣科技大學,碩士班(日間),荷蘭王國,歐洲,1,1,0,1,1,0,0,0,0,0,0,0,0,0,0
108,公立,技專校院,0022,國立臺灣科技大學,碩士班(日間),德意志聯邦共和國,歐洲,1,0,1,1,0,1,0,0,0,0,0,0,0,0,0
108,公立,技專校院,0022,國立臺灣科技大學,碩士班(日間),斯洛伐克共和國,歐洲,2,2,0,2,2,0,0,0,0,0,0,0,0,0,0
108,公立,技專校院,0022,國立臺灣科技大學,碩士班(日間),薩爾瓦多,中南美洲,1,1,0,1,1,0,0,0,0,0,0,0,0,0,0
108,公立,技專校院,0022,國立臺灣科技大學,碩士班(日間),墨西哥合眾國,中南美洲,2,2,0,2,2,0,0,0,0,0,0,0,0,0,0
108,公立,技專校院,0022,國立臺灣科技大學,碩士班(日間),尼加拉瓜,中南美洲,2,2,0,2,2,0,0,0,0,0,0,0,0,0,0
108,公立,技專校院,0022,國立臺灣科技大學,碩士班(日間),聖文森(及格瑞那丁),中南美洲,1,0,1,1,0,1,0,0,0,0,0,0,0,0,0
108,公立,技專校院,0022,國立臺灣科技大學,碩士班(日間),聖克里斯多福及尼維斯,中南美洲,1,1,0,1,1,0,0,0,0,0,0,0,0,0,0
108,公立,技專校院,0022,國立臺灣科技大學,碩士班(日間),大陸地區,大陸地區,17,10,7,0,0,0,0,0,0,0,0,0,17,10,7
108,公立,技專校院,0022,國立臺灣科技大學,博士班,印度,南亞,7,5,2,7,5,2,0,0,0,0,0,0,0,0,0
108,公立,技專校院,0022,國立臺灣科技大學,博士班,印度尼西亞共和國,東協,12,8,4,12,8,4,0,0,0,0,0,0,0,0,0
108,公立,技專校院,0022,國立臺灣科技大學,博士班,約旦哈什米王國,其他亞洲地區,1,1,0,1,1,0,0,0,0,0,0,0,0,0,0
108,公立,技專校院,0022,國立臺灣科技大學,博士班,巴基斯坦,南亞,2,2,0,2,2,0,0,0,0,0,0,0,0,0,0
108,公立,技專校院,0022,國立臺灣科技大學,博士班,菲律賓共和國,東協,1,1,0,1,1,0,0,0,0,0,0,0,0,0,0
108,公立,技專校院,0022,國立臺灣科技大學,博士班,越南社會主義共和國,東協,13,10,3,13,10,3,0,0,0,0,0,0,0,0,0
108,公立,技專校院,0022,國立臺灣科技大學,博士班,衣索比亞聯邦民主共和國,非洲,28,27,1,28,27,1,0,0,0,0,0,0,0,0,0
108,公立,技專校院,0022,國立臺灣科技大學,博士班,肯亞共和國,非洲,2,1,1,2,1,1,0,0,0,0,0,0,0,0,0
108,公立,技專校院,0022,國立臺灣科技大學,博士班,聖露西亞,中南美洲,1,0,1,1,0,1,0,0,0,0,0,0,0,0,0
108,公立,技專校院,0022,國立臺灣科技大學,博士班,巴西聯邦共和國,中南美洲,1,1,0,0,0,0,1,1,0,0,0,0,0,0,0
108,公立,技專校院,0022,國立臺灣科技大學,博士班,大陸地區,大陸地區,4,2,2,0,0,0,0,0,0,0,0,0,4,2,2
108,公立,技專校院,0023,國立雲林科技大學,學士班(日間),印度尼西亞共和國,東協,2,1,1,0,0,0,2,1,1,0,0,0,0,0,0
108,公立,技專校院,0023,國立雲林科技大學,學士班(日間),日本,其他亞洲地區,1,0,1,1,0,1,0,0,0,0,0,0,0,0,0
108,公立,技專校院,0023,國立雲林科技大學,學士班(日間),馬來西亞,東協,37,15,22,9,2,7,28,13,15,0,0,0,0,0,0
108,公立,技專校院,0023,國立雲林科技大學,學士班(日間),越南社會主義共和國,東協,1,1,0,0,0,0,1,1,0,0,0,0,0,0,0
108,公立,技專校院,0023,國立雲林科技大學,學士班(日間),香港,港澳,12,5,7,0,0,0,0,0,0,12,5,7,0,0,0
108,公立,技專校院,0023,國立雲林科技大學,學士班(日間),澳門,港澳,5,2,3,0,0,0,0,0,0,5,2,3,0,0,0
108,公立,技專校院,0023,國立雲林科技大學,學士班(日間),大陸地區,大陸地區,40,19,21,0,0,0,0,0,0,0,0,0,40,19,21
108,公立,技專校院,0023,國立雲林科技大學,碩士班(日間),印度,南亞,1,1,0,1,1,0,0,0,0,0,0,0,0,0,0
108,公立,技專校院,0023,國立雲林科技大學,碩士班(日間),印度尼西亞共和國,東協,14,7,7,14,7,7,0,0,0,0,0,0,0,0,0
108,公立,技專校院,0023,國立雲林科技大學,碩士班(日間),馬來西亞,東協,4,4,0,3,3,0,1,1,0,0,0,0,0,0,0
108,公立,技專校院,0023,國立雲林科技大學,碩士班(日間),越南社會主義共和國,東協,4,1,3,4,1,3,0,0,0,0,0,0,0,0,0
108,公立,技專校院,0023,國立雲林科技大學,碩士班(日間),香港,港澳,2,1,1,0,0,0,0,0,0,2,1,1,0,0,0
108,公立,技專校院,0023,國立雲林科技大學,碩士班(日間),俄羅斯聯邦,其他亞洲地區,1,0,1,1,0,1,0,0,0,0,0,0,0,0,0
108,公立,技專校院,0023,國立雲林科技大學,碩士班(日間),多明尼加共和國,中南美洲,1,1,0,1,1,0,0,0,0,0,0,0,0,0,0
108,公立,技專校院,0023,國立雲林科技大學,碩士班(日間),大陸地區,大陸地區,5,5,0,0,0,0,0,0,0,0,0,0,5,5,0
108,公立,技專校院,0023,國立雲林科技大學,博士班,印度尼西亞共和國,東協,2,2,0,2,2,0,0,0,0,0,0,0,0,0,0
108,公立,技專校院,0023,國立雲林科技大學,博士班,越南社會主義共和國,東協,1,1,0,1,1,0,0,0,0,0,0,0,0,0,0
108,公立,技專校院,0023,國立雲林科技大學,博士班,澳大利亞,其他亞洲地區,1,1,0,1,1,0,0,0,0,0,0,0,0,0,0
108,公立,技專校院,0023,國立雲林科技大學,博士班,大陸地區,大陸地區,3,2,1,0,0,0,0,0,0,0,0,0,3,2,1
108,公立,技專校院,0024,國立屏東科技大學,學士班(日間),印度尼西亞共和國,東協,7,2,5,5,1,4,2,1,1,0,0,0,0,0,0
108,公立,技專校院,0024,國立屏東科技大學,學士班(日間),日本,其他亞洲地區,1,1,0,1,1,0,0,0,0,0,0,0,0,0,0
108,公立,技專校院,0024,國立屏東科技大學,學士班(日間),大韓民國(南韓),其他亞洲地區,1,1,0,0,0,0,1,1,0,0,0,0,0,0,0
108,公立,技專校院,0024,國立屏東科技大學,學士班(日間),馬來西亞,東協,35,22,13,6,6,0,29,16,13,0,0,0,0,0,0
108,公立,技專校院,0024,國立屏東科技大學,學士班(日間),泰國,東協,1,0,1,0,0,0,1,0,1,0,0,0,0,0,0
108,公立,技專校院,0024,國立屏東科技大學,學士班(日間),香港,港澳,14,3,11,0,0,0,0,0,0,14,3,11,0,0,0
108,公立,技專校院,0024,國立屏東科技大學,學士班(日間),澳門,港澳,9,4,5,0,0,0,0,0,0,9,4,5,0,0,0
108,公立,技專校院,0024,國立屏東科技大學,學士班(日間),甘比亞共和國,非洲,1,0,1,1,0,1,0,0,0,0,0,0,0,0,0
108,公立,技專校院,0024,國立屏東科技大學,學士班(日間),史瓦帝尼王國,非洲,2,0,2,2,0,2,0,0,0,0,0,0,0,0,0
108,公立,技專校院,0024,國立屏東科技大學,學士班(日間),薩爾瓦多,中南美洲,1,1,0,1,1,0,0,0,0,0,0,0,0,0,0
108,公立,技專校院,0024,國立屏東科技大學,學士班(日間),宏都拉斯共和國,中南美洲,1,0,1,1,0,1,0,0,0,0,0,0,0,0,0
108,公立,技專校院,0024,國立屏東科技大學,學士班(日間),巴拿馬共和國,中南美洲,1,0,1,1,0,1,0,0,0,0,0,0,0,0,0
108,公立,技專校院,0024,國立屏東科技大學,學士班(日間),貝里斯,中南美洲,1,1,0,1,1,0,0,0,0,0,0,0,0,0,0
108,公立,技專校院,0024,國立屏東科技大學,學士班(日間),聖克里斯多福及尼維斯,中南美洲,1,0,1,1,0,1,0,0,0,0,0,0,0,0,0
108,公立,技專校院,0024,國立屏東科技大學,學士班(日間),大陸地區,大陸地區,2,1,1,0,0,0,0,0,0,0,0,0,2,1,1
108,公立,技專校院,0024,國立屏東科技大學,碩士班(日間),孟加拉人民共和國,南亞,1,1,0,1,1,0,0,0,0,0,0,0,0,0,0
108,公立,技專校院,0024,國立屏東科技大學,碩士班(日間),印度尼西亞共和國,東協,19,6,13,19,6,13,0,0,0,0,0,0,0,0,0
108,公立,技專校院,0024,國立屏東科技大學,碩士班(日間),日本,其他亞洲地區,1,0,1,1,0,1,0,0,0,0,0,0,0,0,0
108,公立,技專校院,0024,國立屏東科技大學,碩士班(日間),馬來西亞,東協,2,1,1,1,1,0,1,0,1,0,0,0,0,0,0
108,公立,技專校院,0024,國立屏東科技大學,碩士班(日間),菲律賓共和國,東協,1,1,0,1,1,0,0,0,0,0,0,0,0,0,0
108,公立,技專校院,0024,國立屏東科技大學,碩士班(日間),泰國,東協,4,1,3,4,1,3,0,0,0,0,0,0,0,0,0
108,公立,技專校院,0024,國立屏東科技大學,碩士班(日間),越南社會主義共和國,東協,8,3,5,8,3,5,0,0,0,0,0,0,0,0,0
108,公立,技專校院,0024,國立屏東科技大學,碩士班(日間),香港,港澳,2,0,2,0,0,0,0,0,0,2,0,2,0,0,0
108,公立,技專校院,0024,國立屏東科技大學,碩士班(日間),蒙古國,其他亞洲地區,2,0,2,2,0,2,0,0,0,0,0,0,0,0,0
108,公立,技專校院,0024,國立屏東科技大學,碩士班(日間),斐濟群島共和國,其他亞洲地區,1,1,0,1,1,0,0,0,0,0,0,0,0,0,0
108,公立,技專校院,0024,國立屏東科技大學,碩士班(日間),巴布亞紐幾內亞獨立國,其他亞洲地區,1,0,1,1,0,1,0,0,0,0,0,0,0,0,0
108,公立,技專校院,0024,國立屏東科技大學,碩士班(日間),史瓦帝尼王國,非洲,5,2,3,5,2,3,0,0,0,0,0,0,0,0,0
108,公立,技專校院,0024,國立屏東科技大學,碩士班(日間),捷克共和國,歐洲,1,1,0,1,1,0,0,0,0,0,0,0,0,0,0
108,公立,技專校院,0024,國立屏東科技大學,碩士班(日間),聖露西亞,中南美洲,1,0,1,1,0,1,0,0,0,0,0,0,0,0,0
108,公立,技專校院,0024,國立屏東科技大學,博士班,印度,南亞,1,1,0,1,1,0,0,0,0,0,0,0,0,0,0
108,公立,技專校院,0024,國立屏東科技大學,博士班,印度尼西亞共和國,東協,2,2,0,2,2,0,0,0,0,0,0,0,0,0,0
108,公立,技專校院,0024,國立屏東科技大學,博士班,尼泊爾聯邦民主共和國,南亞,1,1,0,1,1,0,0,0,0,0,0,0,0,0,0
108,公立,技專校院,0024,國立屏東科技大學,博士班,泰國,東協,6,2,4,6,2,4,0,0,0,0,0,0,0,0,0
108,公立,技專校院,0024,國立屏東科技大學,博士班,越南社會主義共和國,東協,4,2,2,4,2,2,0,0,0,0,0,0,0,0,0
108,公立,技專校院,0024,國立屏東科技大學,博士班,巴布亞紐幾內亞獨立國,其他亞洲地區,1,1,0,1,1,0,0,0,0,0,0,0,0,0,0
108,公立,技專校院,0024,國立屏東科技大學,博士班,史瓦帝尼王國,非洲,1,1,0,1,1,0,0,0,0,0,0,0,0,0,0
108,公立,技專校院,0024,國立屏東科技大學,博士班,海地共和國,中南美洲,1,1,0,1,1,0,0,0,0,0,0,0,0,0,0
108,公立,技專校院,0025,國立臺北科技大學,學士班(日間),緬甸,東協,1,0,1,0,0,0,1,0,1,0,0,0,0,0,0
108,公立,技專校院,0025,國立臺北科技大學,學士班(日間),印度尼西亞共和國,東協,9,7,2,2,1,1,7,6,1,0,0,0,0,0,0
108,公立,技專校院,0025,國立臺北科技大學,學士班(日間),日本,其他亞洲地區,2,0,2,2,0,2,0,0,0,0,0,0,0,0,0
108,公立,技專校院,0025,國立臺北科技大學,學士班(日間),大韓民國(南韓),其他亞洲地區,1,1,0,1,1,0,0,0,0,0,0,0,0,0,0
108,公立,技專校院,0025,國立臺北科技大學,學士班(日間),馬來西亞,東協,17,13,4,3,2,1,14,11,3,0,0,0,0,0,0
108,公立,技專校院,0025,國立臺北科技大學,學士班(日間),越南社會主義共和國,東協,4,1,3,3,1,2,1,0,1,0,0,0,0,0,0
108,公立,技專校院,0025,國立臺北科技大學,學士班(日間),香港,港澳,15,11,4,0,0,0,0,0,0,15,11,4,0,0,0
108,公立,技專校院,0025,國立臺北科技大學,學士班(日間),澳門,港澳,4,2,2,0,0,0,0,0,0,4,2,2,0,0,0
108,公立,技專校院,0025,國立臺北科技大學,學士班(日間),索羅門群島,其他亞洲地區,1,1,0,1,1,0,0,0,0,0,0,0,0,0,0
108,公立,技專校院,0025,國立臺北科技大學,學士班(日間),埃及阿拉伯共和國,非洲,1,0,1,0,0,0,1,0,1,0,0,0,0,0,0
108,公立,技專校院,0025,國立臺北科技大學,學士班(日間),布吉納法索,非洲,1,1,0,1,1,0,0,0,0,0,0,0,0,0,0
108,公立,技專校院,0025,國立臺北科技大學,學士班(日間),荷蘭王國,歐洲,1,0,1,1,0,1,0,0,0,0,0,0,0,0,0
108,公立,技專校院,0025,國立臺北科技大學,學士班(日間),加拿大,北美洲,2,1,1,1,0,1,1,1,0,0,0,0,0,0,0
108,公立,技專校院,0025,國立臺北科技大學,學士班(日間),哥斯大黎加共和國,中南美洲,1,1,0,1,1,0,0,0,0,0,0,0,0,0,0
108,公立,技專校院,0025,國立臺北科技大學,學士班(日間),巴拿馬共和國,中南美洲,2,1,1,2,1,1,0,0,0,0,0,0,0,0,0
108,公立,技專校院,0025,國立臺北科技大學,學士班(日間),聖文森(及格瑞那丁),中南美洲,1,1,0,1,1,0,0,0,0,0,0,0,0,0,0
108,公立,技專校院,0025,國立臺北科技大學,學士班(日間),美國,北美洲,2,2,0,1,1,0,1,1,0,0,0,0,0,0,0
108,公立,技專校院,0025,國立臺北科技大學,學士班(日間),巴拉圭,中南美洲,5,2,3,5,2,3,0,0,0,0,0,0,0,0,0
108,公立,技專校院,0025,國立臺北科技大學,學士班(日間),大陸地區,大陸地區,68,27,41,0,0,0,0,0,0,0,0,0,68,27,41
108,公立,技專校院,0025,國立臺北科技大學,碩士班(日間),印度,南亞,11,6,5,11,6,5,0,0,0,0,0,0,0,0,0
108,公立,技專校院,0025,國立臺北科技大學,碩士班(日間),印度尼西亞共和國,東協,11,8,3,10,7,3,1,1,0,0,0,0,0,0,0
108,公立,技專校院,0025,國立臺北科技大學,碩士班(日間),伊拉克共和國,其他亞洲地區,1,1,0,1,1,0,0,0,0,0,0,0,0,0,0
108,公立,技專校院,0025,國立臺北科技大學,碩士班(日間),馬來西亞,東協,5,3,2,1,1,0,4,2,2,0,0,0,0,0,0
108,公立,技專校院,0025,國立臺北科技大學,碩士班(日間),新加坡共和國,東協,1,1,0,0,0,0,1,1,0,0,0,0,0,0,0
108,公立,技專校院,0025,國立臺北科技大學,碩士班(日間),泰國,東協,15,2,13,15,2,13,0,0,0,0,0,0,0,0,0
108,公立,技專校院,0025,國立臺北科技大學,碩士班(日間),越南社會主義共和國,東協,18,8,10,18,8,10,0,0,0,0,0,0,0,0,0
108,公立,技專校院,0025,國立臺北科技大學,碩士班(日間),香港,港澳,3,1,2,0,0,0,0,0,0,3,1,2,0,0,0
108,公立,技專校院,0025,國立臺北科技大學,碩士班(日間),澳門,港澳,1,1,0,0,0,0,0,0,0,1,1,0,0,0,0
108,公立,技專校院,0025,國立臺北科技大學,碩士班(日間),蒙古國,其他亞洲地區,1,1,0,1,1,0,0,0,0,0,0,0,0,0,0
108,公立,技專校院,0025,國立臺北科技大學,碩士班(日間),俄羅斯聯邦,其他亞洲地區,2,1,1,2,1,1,0,0,0,0,0,0,0,0,0
108,公立,技專校院,0025,國立臺北科技大學,碩士班(日間),史瓦帝尼王國,非洲,5,5,0,5,5,0,0,0,0,0,0,0,0,0,0
108,公立,技專校院,0025,國立臺北科技大學,碩士班(日間),法國,歐洲,1,0,1,1,0,1,0,0,0,0,0,0,0,0,0
108,公立,技專校院,0025,國立臺北科技大學,碩士班(日間),義大利共和國,歐洲,1,0,1,1,0,1,0,0,0,0,0,0,0,0,0
108,公立,技專校院,0025,國立臺北科技大學,碩士班(日間),羅馬尼亞,歐洲,1,1,0,1,1,0,0,0,0,0,0,0,0,0,0
108,公立,技專校院,0025,國立臺北科技大學,碩士班(日間),西班牙王國,歐洲,1,1,0,1,1,0,0,0,0,0,0,0,0,0,0
108,公立,技專校院,0025,國立臺北科技大學,碩士班(日間),尼加拉瓜,中南美洲,1,1,0,1,1,0,0,0,0,0,0,0,0,0,0
108,公立,技專校院,0025,國立臺北科技大學,碩士班(日間),貝里斯,中南美洲,1,1,0,1,1,0,0,0,0,0,0,0,0,0,0
108,公立,技專校院,0025,國立臺北科技大學,碩士班(日間),美國,北美洲,1,0,1,0,0,0,1,0,1,0,0,0,0,0,0
108,公立,技專校院,0025,國立臺北科技大學,碩士班(日間),巴拉圭,中南美洲,2,2,0,2,2,0,0,0,0,0,0,0,0,0,0
108,公立,技專校院,0025,國立臺北科技大學,碩士班(日間),秘魯共和國,中南美洲,1,0,1,1,0,1,0,0,0,0,0,0,0,0,0
108,公立,技專校院,0025,國立臺北科技大學,碩士班(日間),大陸地區,大陸地區,7,1,6,0,0,0,0,0,0,0,0,0,7,1,6
108,公立,技專校院,0025,國立臺北科技大學,博士班,印度,南亞,12,8,4,12,8,4,0,0,0,0,0,0,0,0,0
108,公立,技專校院,0025,國立臺北科技大學,博士班,約旦哈什米王國,其他亞洲地區,1,1,0,1,1,0,0,0,0,0,0,0,0,0,0
108,公立,技專校院,0025,國立臺北科技大學,博士班,越南社會主義共和國,東協,3,3,0,3,3,0,0,0,0,0,0,0,0,0,0
108,公立,技專校院,0025,國立臺北科技大學,博士班,衣索比亞聯邦民主共和國,非洲,3,3,0,3,3,0,0,0,0,0,0,0,0,0,0
108,公立,技專校院,0025,國立臺北科技大學,博士班,大陸地區,大陸地區,1,0,1,0,0,0,0,0,0,0,0,0,1,0,1
108,公立,一般大學,0028,國立臺北藝術大學,學士班(日間),日本,其他亞洲地區,1,0,1,0,0,0,1,0,1,0,0,0,0,0,0
108,公立,一般大學,0028,國立臺北藝術大學,學士班(日間),馬來西亞,東協,7,2,5,4,1,3,3,1,2,0,0,0,0,0,0
108,公立,一般大學,0028,國立臺北藝術大學,學士班(日間),香港,港澳,5,3,2,0,0,0,0,0,0,5,3,2,0,0,0
108,公立,一般大學,0028,國立臺北藝術大學,學士班(日間),澳門,港澳,2,2,0,0,0,0,0,0,0,2,2,0,0,0,0
108,公立,一般大學,0028,國立臺北藝術大學,學士班(日間),南非共和國,非洲,1,1,0,1,1,0,0,0,0,0,0,0,0,0,0
108,公立,一般大學,0028,國立臺北藝術大學,學士班(日間),大陸地區,大陸地區,6,1,5,0,0,0,0,0,0,0,0,0,6,1,5
108,公立,一般大學,0028,國立臺北藝術大學,碩士班(日間),以色列,其他亞洲地區,1,0,1,1,0,1,0,0,0,0,0,0,0,0,0
108,公立,一般大學,0028,國立臺北藝術大學,碩士班(日間),大韓民國(南韓),其他亞洲地區,1,0,1,1,0,1,0,0,0,0,0,0,0,0,0
108,公立,一般大學,0028,國立臺北藝術大學,碩士班(日間),馬來西亞,東協,5,4,1,3,3,0,2,1,1,0,0,0,0,0,0
108,公立,一般大學,0028,國立臺北藝術大學,碩士班(日間),泰國,東協,1,0,1,1,0,1,0,0,0,0,0,0,0,0,0
108,公立,一般大學,0028,國立臺北藝術大學,碩士班(日間),香港,港澳,1,0,1,0,0,0,0,0,0,1,0,1,0,0,0
108,公立,一般大學,0028,國立臺北藝術大學,碩士班(日間),澳門,港澳,1,0,1,0,0,0,0,0,0,1,0,1,0,0,0
108,公立,一般大學,0028,國立臺北藝術大學,碩士班(日間),俄羅斯聯邦,其他亞洲地區,1,0,1,1,0,1,0,0,0,0,0,0,0,0,0
108,公立,一般大學,0028,國立臺北藝術大學,碩士班(日間),巴布亞紐幾內亞獨立國,其他亞洲地區,1,1,0,1,1,0,0,0,0,0,0,0,0,0,0
108,公立,一般大學,0028,國立臺北藝術大學,碩士班(日間),加拿大,北美洲,3,1,2,3,1,2,0,0,0,0,0,0,0,0,0
108,公立,一般大學,0028,國立臺北藝術大學,碩士班(日間),瓜地馬拉共和國,中南美洲,1,0,1,1,0,1,0,0,0,0,0,0,0,0,0
108,公立,一般大學,0028,國立臺北藝術大學,碩士班(日間),宏都拉斯共和國,中南美洲,2,0,2,2,0,2,0,0,0,0,0,0,0,0,0
108,公立,一般大學,0028,國立臺北藝術大學,碩士班(日間),尼加拉瓜,中南美洲,1,0,1,1,0,1,0,0,0,0,0,0,0,0,0
108,公立,一般大學,0028,國立臺北藝術大學,碩士班(日間),美國,北美洲,1,0,1,1,0,1,0,0,0,0,0,0,0,0,0
108,公立,一般大學,0028,國立臺北藝術大學,碩士班(日間),巴西聯邦共和國,中南美洲,1,0,1,1,0,1,0,0,0,0,0,0,0,0,0
108,公立,一般大學,0028,國立臺北藝術大學,碩士班(日間),秘魯共和國,中南美洲,1,0,1,1,0,1,0,0,0,0,0,0,0,0,0
108,公立,一般大學,0028,國立臺北藝術大學,碩士班(日間),大陸地區,大陸地區,3,0,3,0,0,0,0,0,0,0,0,0,3,0,3
108,公立,一般大學,0029,國立臺灣藝術大學,學士班(日間),日本,其他亞洲地區,1,0,1,1,0,1,0,0,0,0,0,0,0,0,0
108,公立,一般大學,0029,國立臺灣藝術大學,學士班(日間),大韓民國(南韓),其他亞洲地區,1,0,1,0,0,0,1,0,1,0,0,0,0,0,0
108,公立,一般大學,0029,國立臺灣藝術大學,學士班(日間),馬來西亞,東協,16,9,7,10,6,4,6,3,3,0,0,0,0,0,0
108,公立,一般大學,0029,國立臺灣藝術大學,學士班(日間),新加坡共和國,東協,1,0,1,1,0,1,0,0,0,0,0,0,0,0,0
108,公立,一般大學,0029,國立臺灣藝術大學,學士班(日間),越南社會主義共和國,東協,1,0,1,0,0,0,1,0,1,0,0,0,0,0,0
108,公立,一般大學,0029,國立臺灣藝術大學,學士班(日間),香港,港澳,5,1,4,0,0,0,0,0,0,5,1,4,0,0,0
108,公立,一般大學,0029,國立臺灣藝術大學,學士班(日間),澳門,港澳,5,2,3,0,0,0,0,0,0,5,2,3,0,0,0
108,公立,一般大學,0029,國立臺灣藝術大學,學士班(日間),大陸地區,大陸地區,6,2,4,0,0,0,0,0,0,0,0,0,6,2,4
108,公立,一般大學,0029,國立臺灣藝術大學,碩士班(日間),印度尼西亞共和國,東協,1,1,0,0,0,0,1,1,0,0,0,0,0,0,0
108,公立,一般大學,0029,國立臺灣藝術大學,碩士班(日間),馬來西亞,東協,3,1,2,0,0,0,3,1,2,0,0,0,0,0,0
108,公立,一般大學,0029,國立臺灣藝術大學,碩士班(日間),香港,港澳,4,1,3,0,0,0,0,0,0,4,1,3,0,0,0
108,公立,一般大學,0029,國立臺灣藝術大學,碩士班(日間),美國,北美洲,1,1,0,0,0,0,1,1,0,0,0,0,0,0,0
108,公立,一般大學,0029,國立臺灣藝術大學,碩士班(日間),大陸地區,大陸地區,5,2,3,0,0,0,0,0,0,0,0,0,5,2,3
108,公立,一般大學,0029,國立臺灣藝術大學,博士班,大陸地區,大陸地區,3,2,1,0,0,0,0,0,0,0,0,0,3,2,1
108,公立,一般大學,0030,國立臺東大學,學士班(日間),大韓民國(南韓),其他亞洲地區,1,1,0,1,1,0,0,0,0,0,0,0,0,0,0
108,公立,一般大學,0030,國立臺東大學,學士班(日間),馬來西亞,東協,7,2,5,0,0,0,7,2,5,0,0,0,0,0,0
108,公立,一般大學,0030,國立臺東大學,學士班(日間),越南社會主義共和國,東協,1,1,0,1,1,0,0,0,0,0,0,0,0,0,0
108,公立,一般大學,0030,國立臺東大學,學士班(日間),香港,港澳,1,1,0,0,0,0,0,0,0,1,1,0,0,0,0
108,公立,一般大學,0030,國立臺東大學,學士班(日間),澳門,港澳,5,3,2,0,0,0,0,0,0,5,3,2,0,0,0
108,公立,一般大學,0030,國立臺東大學,學士班(日間),大陸地區,大陸地區,3,1,2,0,0,0,0,0,0,0,0,0,3,1,2
108,公立,一般大學,0030,國立臺東大學,碩士班(日間),馬來西亞,東協,1,0,1,1,0,1,0,0,0,0,0,0,0,0,0
108,公立,一般大學,0031,國立宜蘭大學,學士班(日間),馬來西亞,東協,17,10,7,0,0,0,17,10,7,0,0,0,0,0,0
108,公立,一般大學,0031,國立宜蘭大學,學士班(日間),越南社會主義共和國,東協,1,0,1,0,0,0,1,0,1,0,0,0,0,0,0
108,公立,一般大學,0031,國立宜蘭大學,學士班(日間),香港,港澳,8,7,1,0,0,0,0,0,0,8,7,1,0,0,0
108,公立,一般大學,0031,國立宜蘭大學,學士班(日間),澳門,港澳,8,6,2,0,0,0,0,0,0,8,6,2,0,0,0
108,公立,一般大學,0031,國立宜蘭大學,學士班(日間),美國,北美洲,1,1,0,1,1,0,0,0,0,0,0,0,0,0,0
108,公立,一般大學,0031,國立宜蘭大學,學士班(日間),巴拉圭,中南美洲,1,1,0,1,1,0,0,0,0,0,0,0,0,0,0
108,公立,一般大學,0031,國立宜蘭大學,碩士班(日間),印度,南亞,1,1,0,1,1,0,0,0,0,0,0,0,0,0,0
108,公立,一般大學,0031,國立宜蘭大學,碩士班(日間),馬來西亞,東協,2,2,0,0,0,0,2,2,0,0,0,0,0,0,0
108,公立,一般大學,0031,國立宜蘭大學,碩士班(日間),南非共和國,非洲,1,0,1,1,0,1,0,0,0,0,0,0,0,0,0
108,公立,一般大學,0031,國立宜蘭大學,碩士班(日間),大陸地區,大陸地區,2,1,1,0,0,0,0,0,0,0,0,0,2,1,1
108,公立,一般大學,0032,國立聯合大學,學士班(日間),印度尼西亞共和國,東協,2,2,0,1,1,0,1,1,0,0,0,0,0,0,0
108,公立,一般大學,0032,國立聯合大學,學士班(日間),馬來西亞,東協,2,1,1,0,0,0,2,1,1,0,0,0,0,0,0
108,公立,一般大學,0032,國立聯合大學,學士班(日間),香港,港澳,1,1,0,0,0,0,0,0,0,1,1,0,0,0,0
108,公立,一般大學,0032,國立聯合大學,學士班(日間),澳門,港澳,2,2,0,0,0,0,0,0,0,2,2,0,0,0,0
108,公立,一般大學,0032,國立聯合大學,學士班(日間),大陸地區,大陸地區,1,0,1,0,0,0,0,0,0,0,0,0,1,0,1
108,公立,一般大學,0032,國立聯合大學,碩士班(日間),印度,南亞,3,3,0,3,3,0,0,0,0,0,0,0,0,0,0
108,公立,技專校院,0033,國立虎尾科技大學,學士班(日間),印度尼西亞共和國,東協,1,1,0,0,0,0,1,1,0,0,0,0,0,0,0
108,公立,技專校院,0033,國立虎尾科技大學,學士班(日間),馬來西亞,東協,5,5,0,0,0,0,5,5,0,0,0,0,0,0,0
108,公立,技專校院,0033,國立虎尾科技大學,學士班(日間),澳門,港澳,1,0,1,0,0,0,0,0,0,1,0,1,0,0,0
108,公立,技專校院,0033,國立虎尾科技大學,學士班(日間),大陸地區,大陸地區,5,5,0,0,0,0,0,0,0,0,0,0,5,5,0
108,公立,技專校院,0033,國立虎尾科技大學,碩士班(日間),印度,南亞,7,6,1,7,6,1,0,0,0,0,0,0,0,0,0
108,公立,技專校院,0033,國立虎尾科技大學,碩士班(日間),印度尼西亞共和國,東協,3,3,0,3,3,0,0,0,0,0,0,0,0,0,0
108,公立,技專校院,0033,國立虎尾科技大學,碩士班(日間),馬來西亞,東協,1,1,0,1,1,0,0,0,0,0,0,0,0,0,0
108,公立,技專校院,0033,國立虎尾科技大學,碩士班(日間),泰國,東協,11,2,9,11,2,9,0,0,0,0,0,0,0,0,0
108,公立,技專校院,0033,國立虎尾科技大學,碩士班(日間),越南社會主義共和國,東協,6,1,5,6,1,5,0,0,0,0,0,0,0,0,0
108,公立,技專校院,0033,國立虎尾科技大學,碩士班(日間),蒙古國,其他亞洲地區,3,0,3,3,0,3,0,0,0,0,0,0,0,0,0
108,公立,技專校院,0033,國立虎尾科技大學,碩士班(日間),俄羅斯聯邦,其他亞洲地區,1,0,1,1,0,1,0,0,0,0,0,0,0,0,0
108,公立,一般大學,0035,國立臺南藝術大學,學士班(日間),馬來西亞,東協,2,1,1,1,0,1,1,1,0,0,0,0,0,0,0
108,公立,一般大學,0035,國立臺南藝術大學,學士班(日間),香港,港澳,1,1,0,0,0,0,0,0,0,1,1,0,0,0,0
108,公立,一般大學,0035,國立臺南藝術大學,碩士班(日間),馬來西亞,東協,1,0,1,1,0,1,0,0,0,0,0,0,0,0,0
108,公立,一般大學,0035,國立臺南藝術大學,碩士班(日間),澳門,港澳,1,0,1,0,0,0,0,0,0,1,0,1,0,0,0
108,公立,一般大學,0035,國立臺南藝術大學,碩士班(日間),大陸地區,大陸地區,1,1,0,0,0,0,0,0,0,0,0,0,1,1,0
108,公立,一般大學,0036,國立臺南大學,學士班(日間),印度尼西亞共和國,東協,1,0,1,1,0,1,0,0,0,0,0,0,0,0,0
108,公立,一般大學,0036,國立臺南大學,學士班(日間),馬來西亞,東協,5,2,3,0,0,0,5,2,3,0,0,0,0,0,0
108,公立,一般大學,0036,國立臺南大學,學士班(日間),香港,港澳,2,0,2,0,0,0,0,0,0,2,0,2,0,0,0
108,公立,一般大學,0036,國立臺南大學,學士班(日間),澳門,港澳,9,2,7,0,0,0,0,0,0,9,2,7,0,0,0
108,公立,一般大學,0036,國立臺南大學,學士班(日間),大陸地區,大陸地區,5,2,3,0,0,0,0,0,0,0,0,0,5,2,3
108,公立,一般大學,0036,國立臺南大學,碩士班(日間),泰國,東協,1,1,0,1,1,0,0,0,0,0,0,0,0,0,0
108,公立,一般大學,0036,國立臺南大學,碩士班(日間),越南社會主義共和國,東協,1,0,1,1,0,1,0,0,0,0,0,0,0,0,0
108,公立,一般大學,0036,國立臺南大學,碩士班(日間),澳門,港澳,2,1,1,0,0,0,0,0,0,2,1,1,0,0,0
108,公立,一般大學,0036,國立臺南大學,碩士班(日間),大陸地區,大陸地區,1,0,1,0,0,0,0,0,0,0,0,0,1,0,1
108,公立,一般大學,0036,國立臺南大學,博士班,印度尼西亞共和國,東協,1,0,1,1,0,1,0,0,0,0,0,0,0,0,0
108,公立,一般大學,0036,國立臺南大學,博士班,大陸地區,大陸地區,3,1,2,0,0,0,0,0,0,0,0,0,3,1,2
108,公立,一般大學,0037,國立臺北教育大學,學士班(日間),緬甸,東協,2,0,2,0,0,0,2,0,2,0,0,0,0,0,0
108,公立,一般大學,0037,國立臺北教育大學,學士班(日間),印度尼西亞共和國,東協,1,1,0,1,1,0,0,0,0,0,0,0,0,0,0
108,公立,一般大學,0037,國立臺北教育大學,學士班(日間),日本,其他亞洲地區,2,2,0,1,1,0,1,1,0,0,0,0,0,0,0
108,公立,一般大學,0037,國立臺北教育大學,學士班(日間),大韓民國(南韓),其他亞洲地區,1,0,1,0,0,0,1,0,1,0,0,0,0,0,0
108,公立,一般大學,0037,國立臺北教育大學,學士班(日間),馬來西亞,東協,8,2,6,0,0,0,8,2,6,0,0,0,0,0,0
108,公立,一般大學,0037,國立臺北教育大學,學士班(日間),越南社會主義共和國,東協,2,0,2,0,0,0,2,0,2,0,0,0,0,0,0
108,公立,一般大學,0037,國立臺北教育大學,學士班(日間),香港,港澳,9,2,7,0,0,0,0,0,0,9,2,7,0,0,0
108,公立,一般大學,0037,國立臺北教育大學,學士班(日間),澳門,港澳,2,0,2,0,0,0,0,0,0,2,0,2,0,0,0
108,公立,一般大學,0037,國立臺北教育大學,學士班(日間),大陸地區,大陸地區,4,0,4,0,0,0,0,0,0,0,0,0,4,0,4
108,公立,一般大學,0037,國立臺北教育大學,碩士班(日間),馬來西亞,東協,2,1,1,1,0,1,1,1,0,0,0,0,0,0,0
108,公立,一般大學,0037,國立臺北教育大學,碩士班(日間),泰國,東協,2,0,2,1,0,1,1,0,1,0,0,0,0,0,0
108,公立,一般大學,0037,國立臺北教育大學,碩士班(日間),越南社會主義共和國,東協,4,0,4,4,0,4,0,0,0,0,0,0,0,0,0
108,公立,一般大學,0037,國立臺北教育大學,碩士班(日間),澳門,港澳,1,1,0,0,0,0,0,0,0,1,1,0,0,0,0
108,公立,一般大學,0037,國立臺北教育大學,碩士班(日間),俄羅斯聯邦,其他亞洲地區,2,0,2,2,0,2,0,0,0,0,0,0,0,0,0
108,公立,一般大學,0037,國立臺北教育大學,碩士班(日間),巴拉圭,中南美洲,1,1,0,1,1,0,0,0,0,0,0,0,0,0,0
108,公立,一般大學,0037,國立臺北教育大學,碩士班(日間),大陸地區,大陸地區,1,0,1,0,0,0,0,0,0,0,0,0,1,0,1
108,公立,一般大學,0037,國立臺北教育大學,博士班,馬來西亞,東協,1,0,1,0,0,0,1,0,1,0,0,0,0,0,0
108,公立,一般大學,0039,國立臺中教育大學,學士班(日間),緬甸,東協,3,0,3,0,0,0,3,0,3,0,0,0,0,0,0
108,公立,一般大學,0039,國立臺中教育大學,學士班(日間),印度尼西亞共和國,東協,3,0,3,0,0,0,3,0,3,0,0,0,0,0,0
108,公立,一般大學,0039,國立臺中教育大學,學士班(日間),日本,其他亞洲地區,1,0,1,1,0,1,0,0,0,0,0,0,0,0,0
108,公立,一般大學,0039,國立臺中教育大學,學士班(日間),馬來西亞,東協,22,8,14,5,0,5,17,8,9,0,0,0,0,0,0
108,公立,一般大學,0039,國立臺中教育大學,學士班(日間),香港,港澳,14,5,9,0,0,0,0,0,0,14,5,9,0,0,0
108,公立,一般大學,0039,國立臺中教育大學,學士班(日間),澳門,港澳,10,3,7,0,0,0,0,0,0,10,3,7,0,0,0
108,公立,一般大學,0039,國立臺中教育大學,學士班(日間),阿根廷,中南美洲,1,1,0,0,0,0,1,1,0,0,0,0,0,0,0
108,公立,一般大學,0039,國立臺中教育大學,學士班(日間),大陸地區,大陸地區,4,1,3,0,0,0,0,0,0,0,0,0,4,1,3
108,公立,一般大學,0039,國立臺中教育大學,碩士班(日間),日本,其他亞洲地區,1,0,1,1,0,1,0,0,0,0,0,0,0,0,0
108,公立,一般大學,0039,國立臺中教育大學,碩士班(日間),馬來西亞,東協,1,0,1,0,0,0,1,0,1,0,0,0,0,0,0
108,公立,一般大學,0039,國立臺中教育大學,碩士班(日間),泰國,東協,2,1,1,2,1,1,0,0,0,0,0,0,0,0,0
108,公立,一般大學,0039,國立臺中教育大學,碩士班(日間),越南社會主義共和國,東協,2,0,2,2,0,2,0,0,0,0,0,0,0,0,0
108,公立,一般大學,0039,國立臺中教育大學,碩士班(日間),蒙古國,其他亞洲地區,2,1,1,2,1,1,0,0,0,0,0,0,0,0,0
108,公立,一般大學,0039,國立臺中教育大學,碩士班(日間),俄羅斯聯邦,其他亞洲地區,1,1,0,1,1,0,0,0,0,0,0,0,0,0,0
108,公立,一般大學,0039,國立臺中教育大學,碩士班(日間),大陸地區,大陸地區,1,0,1,0,0,0,0,0,0,0,0,0,1,0,1
108,公立,一般大學,0039,國立臺中教育大學,博士班,越南社會主義共和國,東協,1,0,1,1,0,1,0,0,0,0,0,0,0,0,0
108,公立,技專校院,0042,國立澎湖科技大學,學士班(日間),馬來西亞,東協,2,0,2,0,0,0,2,0,2,0,0,0,0,0,0
108,公立,技專校院,0042,國立澎湖科技大學,學士班(日間),越南社會主義共和國,東協,6,3,3,6,3,3,0,0,0,0,0,0,0,0,0
108,公立,技專校院,0042,國立澎湖科技大學,學士班(日間),香港,港澳,1,1,0,0,0,0,0,0,0,1,1,0,0,0,0
108,公立,技專校院,0042,國立澎湖科技大學,學士班(日間),澳門,港澳,2,2,0,0,0,0,0,0,0,2,2,0,0,0,0
108,公立,技專校院,0042,國立澎湖科技大學,碩士班(日間),越南社會主義共和國,東協,2,1,1,2,1,1,0,0,0,0,0,0,0,0,0
108,公立,技專校院,0043,國立勤益科技大學,學士班(日間),印度尼西亞共和國,東協,21,19,2,21,19,2,0,0,0,0,0,0,0,0,0
108,公立,技專校院,0043,國立勤益科技大學,學士班(日間),馬來西亞,東協,8,8,0,4,4,0,4,4,0,0,0,0,0,0,0
108,公立,技專校院,0043,國立勤益科技大學,學士班(日間),越南社會主義共和國,東協,1,0,1,1,0,1,0,0,0,0,0,0,0,0,0
108,公立,技專校院,0043,國立勤益科技大學,學士班(日間),香港,港澳,5,5,0,0,0,0,0,0,0,5,5,0,0,0,0
108,公立,技專校院,0043,國立勤益科技大學,學士班(日間),澳門,港澳,1,1,0,0,0,0,0,0,0,1,1,0,0,0,0
108,公立,技專校院,0043,國立勤益科技大學,學士班(日間),蒙古國,其他亞洲地區,1,0,1,1,0,1,0,0,0,0,0,0,0,0,0
108,公立,技專校院,0043,國立勤益科技大學,學士班(日間),多明尼加共和國,中南美洲,1,1,0,0,0,0,1,1,0,0,0,0,0,0,0
108,公立,技專校院,0043,國立勤益科技大學,學士班(日間),大陸地區,大陸地區,4,4,0,0,0,0,0,0,0,0,0,0,4,4,0
108,公立,技專校院,0043,國立勤益科技大學,碩士班(日間),印度尼西亞共和國,東協,9,7,2,9,7,2,0,0,0,0,0,0,0,0,0
108,公立,技專校院,0043,國立勤益科技大學,碩士班(日間),泰國,東協,8,4,4,8,4,4,0,0,0,0,0,0,0,0,0
108,公立,技專校院,0043,國立勤益科技大學,碩士班(日間),越南社會主義共和國,東協,2,0,2,2,0,2,0,0,0,0,0,0,0,0,0
108,公立,技專校院,0043,國立勤益科技大學,碩士班(日間),蒙古國,其他亞洲地區,2,1,1,2,1,1,0,0,0,0,0,0,0,0,0
108,公立,技專校院,0043,國立勤益科技大學,博士班,印度尼西亞共和國,東協,1,1,0,1,1,0,0,0,0,0,0,0,0,0,0
108,公立,一般大學,0044,國立體育大學,學士班(日間),大韓民國(南韓),其他亞洲地區,2,0,2,2,0,2,0,0,0,0,0,0,0,0,0
108,公立,一般大學,0044,國立體育大學,學士班(日間),馬來西亞,東協,2,2,0,0,0,0,2,2,0,0,0,0,0,0,0
108,公立,一般大學,0044,國立體育大學,學士班(日間),香港,港澳,2,1,1,0,0,0,0,0,0,2,1,1,0,0,0
108,公立,一般大學,0044,國立體育大學,學士班(日間),澳門,港澳,2,1,1,0,0,0,0,0,0,2,1,1,0,0,0
108,公立,一般大學,0044,國立體育大學,學士班(日間),大陸地區,大陸地區,3,2,1,0,0,0,0,0,0,0,0,0,3,2,1
108,公立,一般大學,0044,國立體育大學,碩士班(日間),馬來西亞,東協,4,2,2,1,1,0,3,1,2,0,0,0,0,0,0
108,公立,一般大學,0044,國立體育大學,碩士班(日間),香港,港澳,1,0,1,0,0,0,0,0,0,1,0,1,0,0,0
108,公立,一般大學,0044,國立體育大學,碩士班(日間),大陸地區,大陸地區,2,1,1,0,0,0,0,0,0,0,0,0,2,1,1
108,公立,一般大學,0044,國立體育大學,博士班,德意志聯邦共和國,歐洲,1,0,1,1,0,1,0,0,0,0,0,0,0,0,0
108,公立,一般大學,0044,國立體育大學,博士班,大陸地區,大陸地區,2,1,1,0,0,0,0,0,0,0,0,0,2,1,1
108,公立,技專校院,0046,國立臺北護理健康大學,學士班(日間),馬來西亞,東協,8,2,6,0,0,0,8,2,6,0,0,0,0,0,0
108,公立,技專校院,0046,國立臺北護理健康大學,學士班(日間),越南社會主義共和國,東協,1,0,1,0,0,0,1,0,1,0,0,0,0,0,0
108,公立,技專校院,0046,國立臺北護理健康大學,學士班(日間),香港,港澳,4,1,3,0,0,0,0,0,0,4,1,3,0,0,0
108,公立,技專校院,0046,國立臺北護理健康大學,學士班(日間),澳門,港澳,3,1,2,0,0,0,0,0,0,3,1,2,0,0,0
108,公立,技專校院,0046,國立臺北護理健康大學,碩士班(日間),印度尼西亞共和國,東協,5,1,4,5,1,4,0,0,0,0,0,0,0,0,0
108,公立,技專校院,0046,國立臺北護理健康大學,碩士班(日間),越南社會主義共和國,東協,2,0,2,2,0,2,0,0,0,0,0,0,0,0,0
108,公立,技專校院,0046,國立臺北護理健康大學,碩士班(日間),香港,港澳,6,2,4,0,0,0,0,0,0,6,2,4,0,0,0
108,公立,技專校院,0046,國立臺北護理健康大學,碩士班(日間),巴布亞紐幾內亞獨立國,其他亞洲地區,1,0,1,1,0,1,0,0,0,0,0,0,0,0,0
108,公立,技專校院,0046,國立臺北護理健康大學,碩士班(日間),馬拉威共和國,非洲,2,1,1,2,1,1,0,0,0,0,0,0,0,0,0
108,公立,技專校院,0046,國立臺北護理健康大學,碩士班(日間),貝里斯,中南美洲,1,0,1,1,0,1,0,0,0,0,0,0,0,0,0
108,公立,技專校院,0046,國立臺北護理健康大學,碩士班(日間),聖克里斯多福及尼維斯,中南美洲,1,0,1,1,0,1,0,0,0,0,0,0,0,0,0
108,公立,技專校院,0047,國立高雄餐旅大學,學士班(日間),緬甸,東協,2,1,1,0,0,0,2,1,1,0,0,0,0,0,0
108,公立,技專校院,0047,國立高雄餐旅大學,學士班(日間),印度尼西亞共和國,東協,21,6,15,10,3,7,11,3,8,0,0,0,0,0,0
108,公立,技專校院,0047,國立高雄餐旅大學,學士班(日間),大韓民國(南韓),其他亞洲地區,1,1,0,1,1,0,0,0,0,0,0,0,0,0,0
108,公立,技專校院,0047,國立高雄餐旅大學,學士班(日間),馬來西亞,東協,27,10,17,12,7,5,15,3,12,0,0,0,0,0,0
108,公立,技專校院,0047,國立高雄餐旅大學,學士班(日間),越南社會主義共和國,東協,1,0,1,0,0,0,1,0,1,0,0,0,0,0,0
108,公立,技專校院,0047,國立高雄餐旅大學,學士班(日間),香港,港澳,6,3,3,0,0,0,0,0,0,6,3,3,0,0,0
108,公立,技專校院,0047,國立高雄餐旅大學,學士班(日間),澳門,港澳,8,3,5,0,0,0,0,0,0,8,3,5,0,0,0
108,公立,技專校院,0047,國立高雄餐旅大學,學士班(日間),史瓦帝尼王國,非洲,1,0,1,1,0,1,0,0,0,0,0,0,0,0,0
108,公立,技專校院,0047,國立高雄餐旅大學,學士班(日間),匈牙利共和國,歐洲,1,1,0,0,0,0,1,1,0,0,0,0,0,0,0
108,公立,技專校院,0047,國立高雄餐旅大學,學士班(日間),巴西聯邦共和國,中南美洲,1,0,1,0,0,0,1,0,1,0,0,0,0,0,0
108,公立,技專校院,0047,國立高雄餐旅大學,學士班(日間),巴拉圭,中南美洲,1,0,1,1,0,1,0,0,0,0,0,0,0,0,0
108,公立,技專校院,0047,國立高雄餐旅大學,學士班(日間),大陸地區,大陸地區,1,0,1,0,0,0,0,0,0,0,0,0,1,0,1
108,公立,技專校院,0047,國立高雄餐旅大學,碩士班(日間),新加坡共和國,東協,1,0,1,1,0,1,0,0,0,0,0,0,0,0,0
108,公立,技專校院,0047,國立高雄餐旅大學,碩士班(日間),越南社會主義共和國,東協,2,0,2,2,0,2,0,0,0,0,0,0,0,0,0
108,公立,技專校院,0047,國立高雄餐旅大學,碩士班(日間),巴西聯邦共和國,中南美洲,1,0,1,0,0,0,1,0,1,0,0,0,0,0,0
108,公立,技專校院,0047,國立高雄餐旅大學,碩士班(日間),大陸地區,大陸地區,1,0,1,0,0,0,0,0,0,0,0,0,1,0,1
108,公立,技專校院,0047,國立高雄餐旅大學,博士班,大陸地區,大陸地區,1,1,0,0,0,0,0,0,0,0,0,0,1,1,0
108,公立,一般大學,0048,國立金門大學,學士班(日間),馬來西亞,東協,8,5,3,0,0,0,8,5,3,0,0,0,0,0,0
108,公立,一般大學,0048,國立金門大學,學士班(日間),香港,港澳,5,3,2,0,0,0,0,0,0,5,3,2,0,0,0
108,公立,一般大學,0048,國立金門大學,學士班(日間),澳門,港澳,3,3,0,0,0,0,0,0,0,3,3,0,0,0,0
108,公立,一般大學,0048,國立金門大學,學士班(日間),阿根廷,中南美洲,1,1,0,1,1,0,0,0,0,0,0,0,0,0,0
108,公立,一般大學,0048,國立金門大學,學士班(日間),大陸地區,大陸地區,31,22,9,0,0,0,0,0,0,0,0,0,31,22,9
108,公立,一般大學,0048,國立金門大學,碩士班(日間),越南社會主義共和國,東協,1,1,0,0,0,0,1,1,0,0,0,0,0,0,0
108,公立,一般大學,0048,國立金門大學,碩士班(日間),大陸地區,大陸地區,2,1,1,0,0,0,0,0,0,0,0,0,2,1,1
108,公立,一般大學,0049,國立臺灣體育運動大學,學士班(日間),日本,其他亞洲地區,1,1,0,0,0,0,1,1,0,0,0,0,0,0,0
108,公立,一般大學,0049,國立臺灣體育運動大學,學士班(日間),馬來西亞,東協,4,2,2,0,0,0,4,2,2,0,0,0,0,0,0
108,公立,一般大學,0049,國立臺灣體育運動大學,學士班(日間),香港,港澳,8,4,4,0,0,0,0,0,0,8,4,4,0,0,0
108,公立,一般大學,0049,國立臺灣體育運動大學,學士班(日間),澳門,港澳,3,1,2,0,0,0,0,0,0,3,1,2,0,0,0
108,公立,一般大學,0049,國立臺灣體育運動大學,學士班(日間),南非共和國,非洲,1,0,1,0,0,0,1,0,1,0,0,0,0,0,0
108,公立,一般大學,0049,國立臺灣體育運動大學,學士班(日間),阿根廷,中南美洲,1,1,0,0,0,0,1,1,0,0,0,0,0,0,0
108,公立,一般大學,0049,國立臺灣體育運動大學,碩士班(日間),澳門,港澳,1,1,0,0,0,0,0,0,0,1,1,0,0,0,0
108,公立,一般大學,0049,國立臺灣體育運動大學,碩士班(日間),大陸地區,大陸地區,1,1,0,0,0,0,0,0,0,0,0,0,1,1,0
108,公立,技專校院,0050,國立臺中科技大學,五專,泰國,東協,2,2,0,0,0,0,2,2,0,0,0,0,0,0,0
108,公立,技專校院,0050,國立臺中科技大學,五專,貝里斯,中南美洲,1,1,0,0,0,0,1,1,0,0,0,0,0,0,0
108,公立,技專校院,0050,國立臺中科技大學,學士班(日間),印度尼西亞共和國,東協,2,0,2,0,0,0,2,0,2,0,0,0,0,0,0
108,公立,技專校院,0050,國立臺中科技大學,學士班(日間),日本,其他亞洲地區,1,1,0,0,0,0,1,1,0,0,0,0,0,0,0
108,公立,技專校院,0050,國立臺中科技大學,學士班(日間),馬來西亞,東協,9,4,5,1,0,1,8,4,4,0,0,0,0,0,0
108,公立,技專校院,0050,國立臺中科技大學,學士班(日間),泰國,東協,1,1,0,0,0,0,1,1,0,0,0,0,0,0,0
108,公立,技專校院,0050,國立臺中科技大學,學士班(日間),香港,港澳,6,6,0,0,0,0,0,0,0,6,6,0,0,0,0
108,公立,技專校院,0050,國立臺中科技大學,學士班(日間),澳門,港澳,4,2,2,0,0,0,0,0,0,4,2,2,0,0,0
108,公立,技專校院,0050,國立臺中科技大學,學士班(日間),美國,北美洲,1,1,0,0,0,0,1,1,0,0,0,0,0,0,0
108,公立,技專校院,0050,國立臺中科技大學,學士班(日間),大陸地區,大陸地區,10,3,7,0,0,0,0,0,0,0,0,0,10,3,7
108,公立,技專校院,0050,國立臺中科技大學,碩士班(日間),香港,港澳,1,1,0,0,0,0,0,0,0,1,1,0,0,0,0
108,公立,技專校院,0050,國立臺中科技大學,碩士班(日間),大陸地區,大陸地區,2,1,1,0,0,0,0,0,0,0,0,0,2,1,1
108,公立,技專校院,0051,國立臺北商業大學,五專,印度尼西亞共和國,東協,1,0,1,0,0,0,1,0,1,0,0,0,0,0,0
108,公立,技專校院,0051,國立臺北商業大學,五專,約旦哈什米王國,其他亞洲地區,1,0,1,0,0,0,1,0,1,0,0,0,0,0,0
108,公立,技專校院,0051,國立臺北商業大學,五專,阿根廷,中南美洲,1,0,1,0,0,0,1,0,1,0,0,0,0,0,0
108,公立,技專校院,0051,國立臺北商業大學,學士班(日間),緬甸,東協,8,1,7,0,0,0,8,1,7,0,0,0,0,0,0
108,公立,技專校院,0051,國立臺北商業大學,學士班(日間),印度尼西亞共和國,東協,8,1,7,0,0,0,8,1,7,0,0,0,0,0,0
108,公立,技專校院,0051,國立臺北商業大學,學士班(日間),馬來西亞,東協,6,1,5,0,0,0,6,1,5,0,0,0,0,0,0
108,公立,技專校院,0051,國立臺北商業大學,學士班(日間),越南社會主義共和國,東協,1,0,1,1,0,1,0,0,0,0,0,0,0,0,0
108,公立,技專校院,0051,國立臺北商業大學,學士班(日間),香港,港澳,3,2,1,0,0,0,0,0,0,3,2,1,0,0,0
108,公立,技專校院,0051,國立臺北商業大學,學士班(日間),澳門,港澳,1,1,0,0,0,0,0,0,0,1,1,0,0,0,0
108,公立,技專校院,0051,國立臺北商業大學,學士班(日間),俄羅斯聯邦,其他亞洲地區,1,1,0,1,1,0,0,0,0,0,0,0,0,0,0
108,公立,技專校院,0051,國立臺北商業大學,學士班(日間),馬拉威共和國,非洲,1,1,0,1,1,0,0,0,0,0,0,0,0,0,0
108,公立,技專校院,0051,國立臺北商業大學,學士班(日間),西班牙王國,歐洲,1,1,0,1,1,0,0,0,0,0,0,0,0,0,0
108,公立,技專校院,0051,國立臺北商業大學,學士班(日間),美國,北美洲,1,1,0,0,0,0,1,1,0,0,0,0,0,0,0
108,公立,技專校院,0051,國立臺北商業大學,學士班(日間),大陸地區,大陸地區,30,16,14,0,0,0,0,0,0,0,0,0,30,16,14
108,公立,技專校院,0051,國立臺北商業大學,碩士班(日間),阿根廷,中南美洲,1,1,0,1,1,0,0,0,0,0,0,0,0,0,0
108,公立,一般大學,0052,國立屏東大學,學士班(日間),緬甸,東協,2,0,2,0,0,0,2,0,2,0,0,0,0,0,0
108,公立,一般大學,0052,國立屏東大學,學士班(日間),印度尼西亞共和國,東協,3,1,2,0,0,0,3,1,2,0,0,0,0,0,0
108,公立,一般大學,0052,國立屏東大學,學士班(日間),馬來西亞,東協,27,11,16,8,2,6,19,9,10,0,0,0,0,0,0
108,公立,一般大學,0052,國立屏東大學,學士班(日間),越南社會主義共和國,東協,2,1,1,1,0,1,1,1,0,0,0,0,0,0,0
108,公立,一般大學,0052,國立屏東大學,學士班(日間),香港,港澳,5,2,3,0,0,0,0,0,0,5,2,3,0,0,0
108,公立,一般大學,0052,國立屏東大學,學士班(日間),澳門,港澳,16,10,6,0,0,0,0,0,0,16,10,6,0,0,0
108,公立,一般大學,0052,國立屏東大學,學士班(日間),大陸地區,大陸地區,4,4,0,0,0,0,0,0,0,0,0,0,4,4,0
108,公立,一般大學,0052,國立屏東大學,碩士班(日間),馬來西亞,東協,1,1,0,0,0,0,1,1,0,0,0,0,0,0,0
108,公立,一般大學,0052,國立屏東大學,碩士班(日間),新加坡共和國,東協,1,0,1,1,0,1,0,0,0,0,0,0,0,0,0
108,公立,一般大學,0052,國立屏東大學,碩士班(日間),泰國,東協,1,1,0,1,1,0,0,0,0,0,0,0,0,0,0
108,公立,一般大學,0052,國立屏東大學,碩士班(日間),香港,港澳,1,1,0,0,0,0,0,0,0,1,1,0,0,0,0
108,公立,一般大學,0052,國立屏東大學,碩士班(日間),美國,北美洲,1,1,0,1,1,0,0,0,0,0,0,0,0,0,0
108,公立,技專校院,0053,國立高雄科技大學,學士班(日間),緬甸,東協,1,1,0,0,0,0,1,1,0,0,0,0,0,0,0
108,公立,技專校院,0053,國立高雄科技大學,學士班(日間),印度尼西亞共和國,東協,5,1,4,0,0,0,5,1,4,0,0,0,0,0,0
108,公立,技專校院,0053,國立高雄科技大學,學士班(日間),日本,其他亞洲地區,2,0,2,2,0,2,0,0,0,0,0,0,0,0,0
108,公立,技專校院,0053,國立高雄科技大學,學士班(日間),馬來西亞,東協,17,9,8,2,1,1,15,8,7,0,0,0,0,0,0
108,公立,技專校院,0053,國立高雄科技大學,學士班(日間),越南社會主義共和國,東協,10,3,7,8,3,5,2,0,2,0,0,0,0,0,0
108,公立,技專校院,0053,國立高雄科技大學,學士班(日間),香港,港澳,11,9,2,0,0,0,0,0,0,11,9,2,0,0,0
108,公立,技專校院,0053,國立高雄科技大學,學士班(日間),澳門,港澳,8,5,3,0,0,0,0,0,0,8,5,3,0,0,0
108,公立,技專校院,0053,國立高雄科技大學,學士班(日間),蒙古國,其他亞洲地區,1,0,1,1,0,1,0,0,0,0,0,0,0,0,0
108,公立,技專校院,0053,國立高雄科技大學,學士班(日間),紐西蘭,其他亞洲地區,1,0,1,1,0,1,0,0,0,0,0,0,0,0,0
108,公立,技專校院,0053,國立高雄科技大學,學士班(日間),厄瓜多共和國,中南美洲,1,0,1,0,0,0,1,0,1,0,0,0,0,0,0
108,公立,技專校院,0053,國立高雄科技大學,學士班(日間),大陸地區,大陸地區,25,16,9,0,0,0,0,0,0,0,0,0,25,16,9
108,公立,技專校院,0053,國立高雄科技大學,碩士班(日間),柬埔寨王國,東協,15,6,9,15,6,9,0,0,0,0,0,0,0,0,0
108,公立,技專校院,0053,國立高雄科技大學,碩士班(日間),印度,南亞,2,2,0,2,2,0,0,0,0,0,0,0,0,0,0
108,公立,技專校院,0053,國立高雄科技大學,碩士班(日間),印度尼西亞共和國,東協,4,2,2,4,2,2,0,0,0,0,0,0,0,0,0
108,公立,技專校院,0053,國立高雄科技大學,碩士班(日間),日本,其他亞洲地區,1,0,1,1,0,1,0,0,0,0,0,0,0,0,0
108,公立,技專校院,0053,國立高雄科技大學,碩士班(日間),寮人民民主共和國(寮國),東協,3,0,3,3,0,3,0,0,0,0,0,0,0,0,0
108,公立,技專校院,0053,國立高雄科技大學,碩士班(日間),馬來西亞,東協,2,2,0,1,1,0,1,1,0,0,0,0,0,0,0
108,公立,技專校院,0053,國立高雄科技大學,碩士班(日間),越南社會主義共和國,東協,21,9,12,20,9,11,1,0,1,0,0,0,0,0,0
108,公立,技專校院,0053,國立高雄科技大學,碩士班(日間),香港,港澳,1,1,0,0,0,0,0,0,0,1,1,0,0,0,0
108,公立,技專校院,0053,國立高雄科技大學,碩士班(日間),大陸地區,大陸地區,1,0,1,0,0,0,0,0,0,0,0,0,1,0,1
108,公立,技專校院,0053,國立高雄科技大學,博士班,印度尼西亞共和國,東協,1,1,0,1,1,0,0,0,0,0,0,0,0,0,0
108,公立,技專校院,0053,國立高雄科技大學,博士班,越南社會主義共和國,東協,11,6,5,11,6,5,0,0,0,0,0,0,0,0,0
108,公立,技專校院,0144,國立臺灣戲曲學院,學士班(日間),澳大利亞,其他亞洲地區,1,1,0,1,1,0,0,0,0,0,0,0,0,0,0
108,公立,技專校院,0144,國立臺灣戲曲學院,學士班(日間),大陸地區,大陸地區,5,0,5,0,0,0,0,0,0,0,0,0,5,0,5
108,私立,一般大學,1001,東海大學,學士班(日間),印度,南亞,1,1,0,1,1,0,0,0,0,0,0,0,0,0,0
108,私立,一般大學,1001,東海大學,學士班(日間),印度尼西亞共和國,東協,23,10,13,20,10,10,3,0,3,0,0,0,0,0,0
108,私立,一般大學,1001,東海大學,學士班(日間),日本,其他亞洲地區,6,1,5,6,1,5,0,0,0,0,0,0,0,0,0
108,私立,一般大學,1001,東海大學,學士班(日間),大韓民國(南韓),其他亞洲地區,1,0,1,1,0,1,0,0,0,0,0,0,0,0,0
108,私立,一般大學,1001,東海大學,學士班(日間),馬來西亞,東協,31,18,13,17,12,5,14,6,8,0,0,0,0,0,0
108,私立,一般大學,1001,東海大學,學士班(日間),新加坡共和國,東協,1,0,1,1,0,1,0,0,0,0,0,0,0,0,0
108,私立,一般大學,1001,東海大學,學士班(日間),泰國,東協,1,0,1,0,0,0,1,0,1,0,0,0,0,0,0
108,私立,一般大學,1001,東海大學,學士班(日間),越南社會主義共和國,東協,4,0,4,4,0,4,0,0,0,0,0,0,0,0,0
108,私立,一般大學,1001,東海大學,學士班(日間),香港,港澳,17,11,6,0,0,0,0,0,0,17,11,6,0,0,0
108,私立,一般大學,1001,東海大學,學士班(日間),澳門,港澳,14,13,1,0,0,0,0,0,0,14,13,1,0,0,0
108,私立,一般大學,1001,東海大學,學士班(日間),尚比亞共和國,非洲,1,1,0,1,1,0,0,0,0,0,0,0,0,0,0
108,私立,一般大學,1001,東海大學,學士班(日間),美國,北美洲,1,1,0,1,1,0,0,0,0,0,0,0,0,0,0
108,私立,一般大學,1001,東海大學,學士班(日間),大陸地區,大陸地區,97,41,56,0,0,0,0,0,0,0,0,0,97,41,56
108,私立,一般大學,1001,東海大學,碩士班(日間),印度尼西亞共和國,東協,10,5,5,10,5,5,0,0,0,0,0,0,0,0,0
108,私立,一般大學,1001,東海大學,碩士班(日間),日本,其他亞洲地區,2,1,1,2,1,1,0,0,0,0,0,0,0,0,0
108,私立,一般大學,1001,東海大學,碩士班(日間),大韓民國(南韓),其他亞洲地區,1,0,1,1,0,1,0,0,0,0,0,0,0,0,0
108,私立,一般大學,1001,東海大學,碩士班(日間),馬來西亞,東協,7,1,6,6,1,5,1,0,1,0,0,0,0,0,0
108,私立,一般大學,1001,東海大學,碩士班(日間),泰國,東協,1,0,1,1,0,1,0,0,0,0,0,0,0,0,0
108,私立,一般大學,1001,東海大學,碩士班(日間),越南社會主義共和國,東協,4,0,4,4,0,4,0,0,0,0,0,0,0,0,0
108,私立,一般大學,1001,東海大學,碩士班(日間),香港,港澳,2,2,0,0,0,0,0,0,0,2,2,0,0,0,0
108,私立,一般大學,1001,東海大學,碩士班(日間),澳門,港澳,2,2,0,0,0,0,0,0,0,2,2,0,0,0,0
108,私立,一般大學,1001,東海大學,碩士班(日間),蒙古國,其他亞洲地區,1,1,0,1,1,0,0,0,0,0,0,0,0,0,0
108,私立,一般大學,1001,東海大學,碩士班(日間),法國,歐洲,1,1,0,1,1,0,0,0,0,0,0,0,0,0,0
108,私立,一般大學,1001,東海大學,碩士班(日間),大陸地區,大陸地區,8,5,3,0,0,0,0,0,0,0,0,0,8,5,3
108,私立,一般大學,1001,東海大學,博士班,印度,南亞,1,1,0,1,1,0,0,0,0,0,0,0,0,0,0
108,私立,一般大學,1001,東海大學,博士班,馬來西亞,東協,1,0,1,1,0,1,0,0,0,0,0,0,0,0,0
108,私立,一般大學,1001,東海大學,博士班,大陸地區,大陸地區,3,2,1,0,0,0,0,0,0,0,0,0,3,2,1
108,私立,一般大學,1002,輔仁大學,學士班(日間),巴林,其他亞洲地區,1,0,1,0,0,0,1,0,1,0,0,0,0,0,0
108,私立,一般大學,1002,輔仁大學,學士班(日間),印度尼西亞共和國,東協,13,6,7,8,4,4,5,2,3,0,0,0,0,0,0
108,私立,一般大學,1002,輔仁大學,學士班(日間),日本,其他亞洲地區,8,1,7,7,1,6,1,0,1,0,0,0,0,0,0
108,私立,一般大學,1002,輔仁大學,學士班(日間),大韓民國(南韓),其他亞洲地區,1,1,0,1,1,0,0,0,0,0,0,0,0,0,0
108,私立,一般大學,1002,輔仁大學,學士班(日間),馬來西亞,東協,44,18,26,9,2,7,35,16,19,0,0,0,0,0,0
108,私立,一般大學,1002,輔仁大學,學士班(日間),新加坡共和國,東協,1,1,0,0,0,0,1,1,0,0,0,0,0,0,0
108,私立,一般大學,1002,輔仁大學,學士班(日間),泰國,東協,2,1,1,1,0,1,1,1,0,0,0,0,0,0,0
108,私立,一般大學,1002,輔仁大學,學士班(日間),越南社會主義共和國,東協,4,1,3,2,1,1,2,0,2,0,0,0,0,0,0
108,私立,一般大學,1002,輔仁大學,學士班(日間),香港,港澳,39,22,17,0,0,0,0,0,0,39,22,17,0,0,0
108,私立,一般大學,1002,輔仁大學,學士班(日間),澳門,港澳,43,33,10,0,0,0,0,0,0,43,33,10,0,0,0
108,私立,一般大學,1002,輔仁大學,學士班(日間),俄羅斯聯邦,其他亞洲地區,1,1,0,1,1,0,0,0,0,0,0,0,0,0,0
108,私立,一般大學,1002,輔仁大學,學士班(日間),紐西蘭,其他亞洲地區,1,0,1,0,0,0,1,0,1,0,0,0,0,0,0
108,私立,一般大學,1002,輔仁大學,學士班(日間),南非共和國,非洲,1,0,1,0,0,0,1,0,1,0,0,0,0,0,0
108,私立,一般大學,1002,輔仁大學,學士班(日間),葡萄牙共和國,歐洲,1,1,0,1,1,0,0,0,0,0,0,0,0,0,0
108,私立,一般大學,1002,輔仁大學,學士班(日間),德意志聯邦共和國,歐洲,1,1,0,1,1,0,0,0,0,0,0,0,0,0,0
108,私立,一般大學,1002,輔仁大學,學士班(日間),加拿大,北美洲,2,2,0,1,1,0,1,1,0,0,0,0,0,0,0
108,私立,一般大學,1002,輔仁大學,學士班(日間),美國,北美洲,1,0,1,0,0,0,1,0,1,0,0,0,0,0,0
108,私立,一般大學,1002,輔仁大學,學士班(日間),玻利維亞共和國,中南美洲,1,1,0,0,0,0,1,1,0,0,0,0,0,0,0
108,私立,一般大學,1002,輔仁大學,學士班(日間),大陸地區,大陸地區,91,32,59,0,0,0,0,0,0,0,0,0,91,32,59
108,私立,一般大學,1002,輔仁大學,碩士班(日間),印度尼西亞共和國,東協,6,4,2,5,3,2,1,1,0,0,0,0,0,0,0
108,私立,一般大學,1002,輔仁大學,碩士班(日間),日本,其他亞洲地區,2,0,2,2,0,2,0,0,0,0,0,0,0,0,0
108,私立,一般大學,1002,輔仁大學,碩士班(日間),大韓民國(南韓),其他亞洲地區,2,1,1,2,1,1,0,0,0,0,0,0,0,0,0
108,私立,一般大學,1002,輔仁大學,碩士班(日間),馬來西亞,東協,3,2,1,2,1,1,1,1,0,0,0,0,0,0,0
108,私立,一般大學,1002,輔仁大學,碩士班(日間),泰國,東協,3,0,3,3,0,3,0,0,0,0,0,0,0,0,0
108,私立,一般大學,1002,輔仁大學,碩士班(日間),越南社會主義共和國,東協,4,1,3,4,1,3,0,0,0,0,0,0,0,0,0
108,私立,一般大學,1002,輔仁大學,碩士班(日間),香港,港澳,2,0,2,0,0,0,0,0,0,2,0,2,0,0,0
108,私立,一般大學,1002,輔仁大學,碩士班(日間),澳門,港澳,1,1,0,0,0,0,0,0,0,1,1,0,0,0,0
108,私立,一般大學,1002,輔仁大學,碩士班(日間),蒙古國,其他亞洲地區,1,1,0,1,1,0,0,0,0,0,0,0,0,0,0
108,私立,一般大學,1002,輔仁大學,碩士班(日間),俄羅斯聯邦,其他亞洲地區,2,0,2,2,0,2,0,0,0,0,0,0,0,0,0
108,私立,一般大學,1002,輔仁大學,碩士班(日間),紐西蘭,其他亞洲地區,1,1,0,1,1,0,0,0,0,0,0,0,0,0,0
108,私立,一般大學,1002,輔仁大學,碩士班(日間),剛果民主共和國,非洲,1,1,0,1,1,0,0,0,0,0,0,0,0,0,0
108,私立,一般大學,1002,輔仁大學,碩士班(日間),比利時王國,歐洲,1,0,1,1,0,1,0,0,0,0,0,0,0,0,0
108,私立,一般大學,1002,輔仁大學,碩士班(日間),法國,歐洲,3,1,2,3,1,2,0,0,0,0,0,0,0,0,0
108,私立,一般大學,1002,輔仁大學,碩士班(日間),義大利共和國,歐洲,1,1,0,1,1,0,0,0,0,0,0,0,0,0,0
108,私立,一般大學,1002,輔仁大學,碩士班(日間),德意志聯邦共和國,歐洲,1,1,0,1,1,0,0,0,0,0,0,0,0,0,0
108,私立,一般大學,1002,輔仁大學,碩士班(日間),加拿大,北美洲,1,1,0,1,1,0,0,0,0,0,0,0,0,0,0
108,私立,一般大學,1002,輔仁大學,碩士班(日間),海地共和國,中南美洲,1,1,0,1,1,0,0,0,0,0,0,0,0,0,0
108,私立,一般大學,1002,輔仁大學,碩士班(日間),宏都拉斯共和國,中南美洲,1,0,1,1,0,1,0,0,0,0,0,0,0,0,0
108,私立,一般大學,1002,輔仁大學,碩士班(日間),巴西聯邦共和國,中南美洲,1,0,1,0,0,0,1,0,1,0,0,0,0,0,0
108,私立,一般大學,1002,輔仁大學,碩士班(日間),大陸地區,大陸地區,59,29,30,0,0,0,0,0,0,0,0,0,59,29,30
108,私立,一般大學,1002,輔仁大學,博士班,日本,其他亞洲地區,1,1,0,1,1,0,0,0,0,0,0,0,0,0,0
108,私立,一般大學,1002,輔仁大學,博士班,奈及利亞聯邦共和國,非洲,1,1,0,1,1,0,0,0,0,0,0,0,0,0,0
108,私立,一般大學,1002,輔仁大學,博士班,美國,北美洲,1,1,0,1,1,0,0,0,0,0,0,0,0,0,0
108,私立,一般大學,1002,輔仁大學,博士班,大陸地區,大陸地區,6,3,3,0,0,0,0,0,0,0,0,0,6,3,3
108,私立,一般大學,1003,東吳大學,學士班(日間),日本,其他亞洲地區,8,1,7,8,1,7,0,0,0,0,0,0,0,0,0
108,私立,一般大學,1003,東吳大學,學士班(日間),大韓民國(南韓),其他亞洲地區,8,4,4,6,3,3,2,1,1,0,0,0,0,0,0
108,私立,一般大學,1003,東吳大學,學士班(日間),馬來西亞,東協,28,17,11,9,5,4,19,12,7,0,0,0,0,0,0
108,私立,一般大學,1003,東吳大學,學士班(日間),菲律賓共和國,東協,1,0,1,0,0,0,1,0,1,0,0,0,0,0,0
108,私立,一般大學,1003,東吳大學,學士班(日間),新加坡共和國,東協,1,1,0,0,0,0,1,1,0,0,0,0,0,0,0
108,私立,一般大學,1003,東吳大學,學士班(日間),泰國,東協,1,1,0,0,0,0,1,1,0,0,0,0,0,0,0
108,私立,一般大學,1003,東吳大學,學士班(日間),越南社會主義共和國,東協,3,2,1,1,1,0,2,1,1,0,0,0,0,0,0
108,私立,一般大學,1003,東吳大學,學士班(日間),汶萊和平之國,東協,1,0,1,0,0,0,1,0,1,0,0,0,0,0,0
108,私立,一般大學,1003,東吳大學,學士班(日間),香港,港澳,45,23,22,0,0,0,0,0,0,45,23,22,0,0,0
108,私立,一般大學,1003,東吳大學,學士班(日間),澳門,港澳,34,18,16,0,0,0,0,0,0,34,18,16,0,0,0
108,私立,一般大學,1003,東吳大學,學士班(日間),南非共和國,非洲,1,1,0,0,0,0,1,1,0,0,0,0,0,0,0
108,私立,一般大學,1003,東吳大學,學士班(日間),美國,北美洲,1,1,0,0,0,0,1,1,0,0,0,0,0,0,0
108,私立,一般大學,1003,東吳大學,學士班(日間),大陸地區,大陸地區,49,24,25,0,0,0,0,0,0,0,0,0,49,24,25
108,私立,一般大學,1003,東吳大學,碩士班(日間),日本,其他亞洲地區,1,0,1,1,0,1,0,0,0,0,0,0,0,0,0
108,私立,一般大學,1003,東吳大學,碩士班(日間),馬來西亞,東協,1,1,0,1,1,0,0,0,0,0,0,0,0,0,0
108,私立,一般大學,1003,東吳大學,碩士班(日間),香港,港澳,2,1,1,0,0,0,0,0,0,2,1,1,0,0,0
108,私立,一般大學,1003,東吳大學,碩士班(日間),捷克共和國,歐洲,1,1,0,1,1,0,0,0,0,0,0,0,0,0,0
108,私立,一般大學,1003,東吳大學,碩士班(日間),德意志聯邦共和國,歐洲,1,1,0,1,1,0,0,0,0,0,0,0,0,0,0
108,私立,一般大學,1003,東吳大學,碩士班(日間),大陸地區,大陸地區,15,8,7,0,0,0,0,0,0,0,0,0,15,8,7
108,私立,一般大學,1003,東吳大學,博士班,日本,其他亞洲地區,2,1,1,2,1,1,0,0,0,0,0,0,0,0,0
108,私立,一般大學,1003,東吳大學,博士班,大陸地區,大陸地區,1,1,0,0,0,0,0,0,0,0,0,0,1,1,0
108,私立,一般大學,1004,中原大學,學士班(日間),印度尼西亞共和國,東協,11,4,7,2,1,1,9,3,6,0,0,0,0,0,0
108,私立,一般大學,1004,中原大學,學士班(日間),日本,其他亞洲地區,2,0,2,2,0,2,0,0,0,0,0,0,0,0,0
108,私立,一般大學,1004,中原大學,學士班(日間),大韓民國(南韓),其他亞洲地區,4,0,4,4,0,4,0,0,0,0,0,0,0,0,0
108,私立,一般大學,1004,中原大學,學士班(日間),馬來西亞,東協,43,21,22,26,13,13,17,8,9,0,0,0,0,0,0
108,私立,一般大學,1004,中原大學,學士班(日間),越南社會主義共和國,東協,4,0,4,3,0,3,1,0,1,0,0,0,0,0,0
108,私立,一般大學,1004,中原大學,學士班(日間),香港,港澳,48,32,16,0,0,0,0,0,0,48,32,16,0,0,0
108,私立,一般大學,1004,中原大學,學士班(日間),澳門,港澳,37,24,13,0,0,0,0,0,0,37,24,13,0,0,0
108,私立,一般大學,1004,中原大學,學士班(日間),澳大利亞,其他亞洲地區,1,1,0,1,1,0,0,0,0,0,0,0,0,0,0
108,私立,一般大學,1004,中原大學,學士班(日間),巴拿馬共和國,中南美洲,1,0,1,1,0,1,0,0,0,0,0,0,0,0,0
108,私立,一般大學,1004,中原大學,學士班(日間),美國,北美洲,1,0,1,1,0,1,0,0,0,0,0,0,0,0,0
108,私立,一般大學,1004,中原大學,學士班(日間),大陸地區,大陸地區,92,45,47,0,0,0,0,0,0,0,0,0,92,45,47
108,私立,一般大學,1004,中原大學,碩士班(日間),印度,南亞,1,0,1,1,0,1,0,0,0,0,0,0,0,0,0
108,私立,一般大學,1004,中原大學,碩士班(日間),印度尼西亞共和國,東協,32,15,17,32,15,17,0,0,0,0,0,0,0,0,0
108,私立,一般大學,1004,中原大學,碩士班(日間),馬來西亞,東協,3,0,3,2,0,2,1,0,1,0,0,0,0,0,0
108,私立,一般大學,1004,中原大學,碩士班(日間),巴基斯坦,南亞,1,1,0,1,1,0,0,0,0,0,0,0,0,0,0
108,私立,一般大學,1004,中原大學,碩士班(日間),菲律賓共和國,東協,4,3,1,4,3,1,0,0,0,0,0,0,0,0,0
108,私立,一般大學,1004,中原大學,碩士班(日間),泰國,東協,1,0,1,1,0,1,0,0,0,0,0,0,0,0,0
108,私立,一般大學,1004,中原大學,碩士班(日間),越南社會主義共和國,東協,10,2,8,10,2,8,0,0,0,0,0,0,0,0,0
108,私立,一般大學,1004,中原大學,碩士班(日間),蒙古國,其他亞洲地區,2,0,2,2,0,2,0,0,0,0,0,0,0,0,0
108,私立,一般大學,1004,中原大學,碩士班(日間),吉爾吉斯,其他亞洲地區,1,1,0,1,1,0,0,0,0,0,0,0,0,0,0
108,私立,一般大學,1004,中原大學,碩士班(日間),布吉納法索,非洲,1,1,0,1,1,0,0,0,0,0,0,0,0,0,0
108,私立,一般大學,1004,中原大學,碩士班(日間),法國,歐洲,1,1,0,1,1,0,0,0,0,0,0,0,0,0,0
108,私立,一般大學,1004,中原大學,碩士班(日間),義大利共和國,歐洲,1,0,1,1,0,1,0,0,0,0,0,0,0,0,0
108,私立,一般大學,1004,中原大學,碩士班(日間),大陸地區,大陸地區,8,4,4,0,0,0,0,0,0,0,0,0,8,4,4
108,私立,一般大學,1004,中原大學,博士班,印度,南亞,1,1,0,1,1,0,0,0,0,0,0,0,0,0,0
108,私立,一般大學,1004,中原大學,博士班,印度尼西亞共和國,東協,6,5,1,6,5,1,0,0,0,0,0,0,0,0,0
108,私立,一般大學,1004,中原大學,博士班,菲律賓共和國,東協,4,2,2,4,2,2,0,0,0,0,0,0,0,0,0
108,私立,一般大學,1004,中原大學,博士班,越南社會主義共和國,東協,5,3,2,5,3,2,0,0,0,0,0,0,0,0,0
108,私立,一般大學,1004,中原大學,博士班,大陸地區,大陸地區,5,2,3,0,0,0,0,0,0,0,0,0,5,2,3
108,私立,一般大學,1005,淡江大學學校財團法人淡江大學,學士班(日間),緬甸,東協,2,0,2,0,0,0,2,0,2,0,0,0,0,0,0
108,私立,一般大學,1005,淡江大學學校財團法人淡江大學,學士班(日間),印度尼西亞共和國,東協,38,13,25,25,8,17,13,5,8,0,0,0,0,0,0
108,私立,一般大學,1005,淡江大學學校財團法人淡江大學,學士班(日間),日本,其他亞洲地區,12,4,8,10,4,6,2,0,2,0,0,0,0,0,0
108,私立,一般大學,1005,淡江大學學校財團法人淡江大學,學士班(日間),大韓民國(南韓),其他亞洲地區,10,5,5,9,4,5,1,1,0,0,0,0,0,0,0
108,私立,一般大學,1005,淡江大學學校財團法人淡江大學,學士班(日間),馬來西亞,東協,64,22,42,18,3,15,46,19,27,0,0,0,0,0,0
108,私立,一般大學,1005,淡江大學學校財團法人淡江大學,學士班(日間),新加坡共和國,東協,1,1,0,1,1,0,0,0,0,0,0,0,0,0,0
108,私立,一般大學,1005,淡江大學學校財團法人淡江大學,學士班(日間),泰國,東協,2,1,1,1,0,1,1,1,0,0,0,0,0,0,0
108,私立,一般大學,1005,淡江大學學校財團法人淡江大學,學士班(日間),越南社會主義共和國,東協,9,2,7,7,2,5,2,0,2,0,0,0,0,0,0
108,私立,一般大學,1005,淡江大學學校財團法人淡江大學,學士班(日間),香港,港澳,61,29,32,0,0,0,0,0,0,61,29,32,0,0,0
108,私立,一般大學,1005,淡江大學學校財團法人淡江大學,學士班(日間),澳門,港澳,64,49,15,0,0,0,0,0,0,64,49,15,0,0,0
108,私立,一般大學,1005,淡江大學學校財團法人淡江大學,學士班(日間),蒙古國,其他亞洲地區,2,0,2,2,0,2,0,0,0,0,0,0,0,0,0
108,私立,一般大學,1005,淡江大學學校財團法人淡江大學,學士班(日間),俄羅斯聯邦,其他亞洲地區,3,1,2,3,1,2,0,0,0,0,0,0,0,0,0
108,私立,一般大學,1005,淡江大學學校財團法人淡江大學,學士班(日間),諾魯共和國,其他亞洲地區,1,0,1,1,0,1,0,0,0,0,0,0,0,0,0
108,私立,一般大學,1005,淡江大學學校財團法人淡江大學,學士班(日間),索羅門群島,其他亞洲地區,4,2,2,4,2,2,0,0,0,0,0,0,0,0,0
108,私立,一般大學,1005,淡江大學學校財團法人淡江大學,學士班(日間),帛琉共和國,其他亞洲地區,2,0,2,2,0,2,0,0,0,0,0,0,0,0,0
108,私立,一般大學,1005,淡江大學學校財團法人淡江大學,學士班(日間),馬紹爾群島共和國,其他亞洲地區,3,1,2,3,1,2,0,0,0,0,0,0,0,0,0
108,私立,一般大學,1005,淡江大學學校財團法人淡江大學,學士班(日間),吐瓦魯,其他亞洲地區,1,0,1,1,0,1,0,0,0,0,0,0,0,0,0
108,私立,一般大學,1005,淡江大學學校財團法人淡江大學,學士班(日間),吉里巴斯共和國,其他亞洲地區,1,0,1,1,0,1,0,0,0,0,0,0,0,0,0
108,私立,一般大學,1005,淡江大學學校財團法人淡江大學,學士班(日間),利比亞,非洲,1,0,1,1,0,1,0,0,0,0,0,0,0,0,0
108,私立,一般大學,1005,淡江大學學校財團法人淡江大學,學士班(日間),馬拉威共和國,非洲,2,2,0,2,2,0,0,0,0,0,0,0,0,0,0
108,私立,一般大學,1005,淡江大學學校財團法人淡江大學,學士班(日間),聖多美普林西比民主共和國,非洲,1,1,0,1,1,0,0,0,0,0,0,0,0,0,0
108,私立,一般大學,1005,淡江大學學校財團法人淡江大學,學士班(日間),南非共和國,非洲,1,1,0,1,1,0,0,0,0,0,0,0,0,0,0
108,私立,一般大學,1005,淡江大學學校財團法人淡江大學,學士班(日間),布吉納法索,非洲,1,1,0,1,1,0,0,0,0,0,0,0,0,0,0
108,私立,一般大學,1005,淡江大學學校財團法人淡江大學,學士班(日間),史瓦帝尼王國,非洲,2,2,0,2,2,0,0,0,0,0,0,0,0,0,0
108,私立,一般大學,1005,淡江大學學校財團法人淡江大學,學士班(日間),芬蘭共和國,歐洲,1,0,1,1,0,1,0,0,0,0,0,0,0,0,0
108,私立,一般大學,1005,淡江大學學校財團法人淡江大學,學士班(日間),法國,歐洲,2,1,1,2,1,1,0,0,0,0,0,0,0,0,0
108,私立,一般大學,1005,淡江大學學校財團法人淡江大學,學士班(日間),匈牙利共和國,歐洲,1,1,0,1,1,0,0,0,0,0,0,0,0,0,0
108,私立,一般大學,1005,淡江大學學校財團法人淡江大學,學士班(日間),義大利共和國,歐洲,1,1,0,1,1,0,0,0,0,0,0,0,0,0,0
108,私立,一般大學,1005,淡江大學學校財團法人淡江大學,學士班(日間),西班牙王國,歐洲,1,1,0,1,1,0,0,0,0,0,0,0,0,0,0
108,私立,一般大學,1005,淡江大學學校財團法人淡江大學,學士班(日間),瓜地馬拉共和國,中南美洲,1,0,1,1,0,1,0,0,0,0,0,0,0,0,0
108,私立,一般大學,1005,淡江大學學校財團法人淡江大學,學士班(日間),海地共和國,中南美洲,2,2,0,2,2,0,0,0,0,0,0,0,0,0,0
108,私立,一般大學,1005,淡江大學學校財團法人淡江大學,學士班(日間),宏都拉斯共和國,中南美洲,2,2,0,2,2,0,0,0,0,0,0,0,0,0,0
108,私立,一般大學,1005,淡江大學學校財團法人淡江大學,學士班(日間),墨西哥合眾國,中南美洲,3,2,1,2,1,1,1,1,0,0,0,0,0,0,0
108,私立,一般大學,1005,淡江大學學校財團法人淡江大學,學士班(日間),尼加拉瓜,中南美洲,3,1,2,3,1,2,0,0,0,0,0,0,0,0,0
108,私立,一般大學,1005,淡江大學學校財團法人淡江大學,學士班(日間),巴拿馬共和國,中南美洲,2,1,1,2,1,1,0,0,0,0,0,0,0,0,0
108,私立,一般大學,1005,淡江大學學校財團法人淡江大學,學士班(日間),貝里斯,中南美洲,1,0,1,1,0,1,0,0,0,0,0,0,0,0,0
108,私立,一般大學,1005,淡江大學學校財團法人淡江大學,學士班(日間),聖文森(及格瑞那丁),中南美洲,1,0,1,1,0,1,0,0,0,0,0,0,0,0,0
108,私立,一般大學,1005,淡江大學學校財團法人淡江大學,學士班(日間),美國,北美洲,4,3,1,1,1,0,3,2,1,0,0,0,0,0,0
108,私立,一般大學,1005,淡江大學學校財團法人淡江大學,學士班(日間),巴西聯邦共和國,中南美洲,1,1,0,1,1,0,0,0,0,0,0,0,0,0,0
108,私立,一般大學,1005,淡江大學學校財團法人淡江大學,學士班(日間),厄瓜多共和國,中南美洲,1,0,1,1,0,1,0,0,0,0,0,0,0,0,0
108,私立,一般大學,1005,淡江大學學校財團法人淡江大學,學士班(日間),巴拉圭,中南美洲,2,0,2,2,0,2,0,0,0,0,0,0,0,0,0
108,私立,一般大學,1005,淡江大學學校財團法人淡江大學,學士班(日間),秘魯共和國,中南美洲,1,1,0,1,1,0,0,0,0,0,0,0,0,0,0
108,私立,一般大學,1005,淡江大學學校財團法人淡江大學,學士班(日間),大陸地區,大陸地區,123,51,72,0,0,0,0,0,0,0,0,0,123,51,72
108,私立,一般大學,1005,淡江大學學校財團法人淡江大學,碩士班(日間),印度,南亞,2,2,0,2,2,0,0,0,0,0,0,0,0,0,0
108,私立,一般大學,1005,淡江大學學校財團法人淡江大學,碩士班(日間),日本,其他亞洲地區,2,2,0,2,2,0,0,0,0,0,0,0,0,0,0
108,私立,一般大學,1005,淡江大學學校財團法人淡江大學,碩士班(日間),大韓民國(南韓),其他亞洲地區,2,0,2,2,0,2,0,0,0,0,0,0,0,0,0
108,私立,一般大學,1005,淡江大學學校財團法人淡江大學,碩士班(日間),馬來西亞,東協,3,3,0,1,1,0,2,2,0,0,0,0,0,0,0
108,私立,一般大學,1005,淡江大學學校財團法人淡江大學,碩士班(日間),泰國,東協,7,1,6,7,1,6,0,0,0,0,0,0,0,0,0
108,私立,一般大學,1005,淡江大學學校財團法人淡江大學,碩士班(日間),越南社會主義共和國,東協,5,0,5,5,0,5,0,0,0,0,0,0,0,0,0
108,私立,一般大學,1005,淡江大學學校財團法人淡江大學,碩士班(日間),香港,港澳,2,2,0,0,0,0,0,0,0,2,2,0,0,0,0
108,私立,一般大學,1005,淡江大學學校財團法人淡江大學,碩士班(日間),烏茲別克共和國,其他亞洲地區,1,1,0,1,1,0,0,0,0,0,0,0,0,0,0
108,私立,一般大學,1005,淡江大學學校財團法人淡江大學,碩士班(日間),南非共和國,非洲,1,0,1,1,0,1,0,0,0,0,0,0,0,0,0
108,私立,一般大學,1005,淡江大學學校財團法人淡江大學,碩士班(日間),布吉納法索,非洲,2,1,1,2,1,1,0,0,0,0,0,0,0,0,0
108,私立,一般大學,1005,淡江大學學校財團法人淡江大學,碩士班(日間),法國,歐洲,1,0,1,1,0,1,0,0,0,0,0,0,0,0,0
108,私立,一般大學,1005,淡江大學學校財團法人淡江大學,碩士班(日間),匈牙利共和國,歐洲,1,1,0,1,1,0,0,0,0,0,0,0,0,0,0
108,私立,一般大學,1005,淡江大學學校財團法人淡江大學,碩士班(日間),義大利共和國,歐洲,1,1,0,1,1,0,0,0,0,0,0,0,0,0,0
108,私立,一般大學,1005,淡江大學學校財團法人淡江大學,碩士班(日間),西班牙王國,歐洲,1,1,0,1,1,0,0,0,0,0,0,0,0,0,0
108,私立,一般大學,1005,淡江大學學校財團法人淡江大學,碩士班(日間),美國,北美洲,1,1,0,1,1,0,0,0,0,0,0,0,0,0,0
108,私立,一般大學,1005,淡江大學學校財團法人淡江大學,碩士班(日間),巴西聯邦共和國,中南美洲,1,0,1,1,0,1,0,0,0,0,0,0,0,0,0
108,私立,一般大學,1005,淡江大學學校財團法人淡江大學,碩士班(日間),聖克里斯多福及尼維斯,中南美洲,1,0,1,1,0,1,0,0,0,0,0,0,0,0,0
108,私立,一般大學,1005,淡江大學學校財團法人淡江大學,碩士班(日間),大陸地區,大陸地區,15,12,3,0,0,0,0,0,0,0,0,0,15,12,3
108,私立,一般大學,1005,淡江大學學校財團法人淡江大學,博士班,越南社會主義共和國,東協,2,2,0,2,2,0,0,0,0,0,0,0,0,0,0
108,私立,一般大學,1005,淡江大學學校財團法人淡江大學,博士班,大陸地區,大陸地區,1,0,1,0,0,0,0,0,0,0,0,0,1,0,1
108,私立,一般大學,1006,中國文化大學,學士班(日間),緬甸,東協,1,0,1,1,0,1,0,0,0,0,0,0,0,0,0
108,私立,一般大學,1006,中國文化大學,學士班(日間),印度尼西亞共和國,東協,7,3,4,5,2,3,2,1,1,0,0,0,0,0,0
108,私立,一般大學,1006,中國文化大學,學士班(日間),日本,其他亞洲地區,9,5,4,8,5,3,1,0,1,0,0,0,0,0,0
108,私立,一般大學,1006,中國文化大學,學士班(日間),大韓民國(南韓),其他亞洲地區,7,3,4,6,3,3,1,0,1,0,0,0,0,0,0
108,私立,一般大學,1006,中國文化大學,學士班(日間),馬來西亞,東協,51,17,34,22,4,18,29,13,16,0,0,0,0,0,0
108,私立,一般大學,1006,中國文化大學,學士班(日間),新加坡共和國,東協,2,1,1,2,1,1,0,0,0,0,0,0,0,0,0
108,私立,一般大學,1006,中國文化大學,學士班(日間),泰國,東協,1,0,1,0,0,0,1,0,1,0,0,0,0,0,0
108,私立,一般大學,1006,中國文化大學,學士班(日間),香港,港澳,56,25,31,0,0,0,0,0,0,56,25,31,0,0,0
108,私立,一般大學,1006,中國文化大學,學士班(日間),澳門,港澳,24,14,10,0,0,0,0,0,0,24,14,10,0,0,0
108,私立,一般大學,1006,中國文化大學,學士班(日間),蒙古國,其他亞洲地區,2,1,1,2,1,1,0,0,0,0,0,0,0,0,0
108,私立,一般大學,1006,中國文化大學,學士班(日間),澳大利亞,其他亞洲地區,1,0,1,0,0,0,1,0,1,0,0,0,0,0,0
108,私立,一般大學,1006,中國文化大學,學士班(日間),美國,北美洲,1,1,0,1,1,0,0,0,0,0,0,0,0,0,0
108,私立,一般大學,1006,中國文化大學,學士班(日間),大陸地區,大陸地區,116,45,71,0,0,0,0,0,0,0,0,0,116,45,71
108,私立,一般大學,1006,中國文化大學,碩士班(日間),印度尼西亞共和國,東協,2,1,1,2,1,1,0,0,0,0,0,0,0,0,0
108,私立,一般大學,1006,中國文化大學,碩士班(日間),日本,其他亞洲地區,1,0,1,1,0,1,0,0,0,0,0,0,0,0,0
108,私立,一般大學,1006,中國文化大學,碩士班(日間),大韓民國(南韓),其他亞洲地區,5,0,5,5,0,5,0,0,0,0,0,0,0,0,0
108,私立,一般大學,1006,中國文化大學,碩士班(日間),馬來西亞,東協,1,1,0,1,1,0,0,0,0,0,0,0,0,0,0
108,私立,一般大學,1006,中國文化大學,碩士班(日間),泰國,東協,1,0,1,1,0,1,0,0,0,0,0,0,0,0,0
108,私立,一般大學,1006,中國文化大學,碩士班(日間),越南社會主義共和國,東協,2,0,2,2,0,2,0,0,0,0,0,0,0,0,0
108,私立,一般大學,1006,中國文化大學,碩士班(日間),香港,港澳,1,0,1,0,0,0,0,0,0,1,0,1,0,0,0
108,私立,一般大學,1006,中國文化大學,碩士班(日間),蒙古國,其他亞洲地區,2,0,2,2,0,2,0,0,0,0,0,0,0,0,0
108,私立,一般大學,1006,中國文化大學,碩士班(日間),俄羅斯聯邦,其他亞洲地區,1,1,0,1,1,0,0,0,0,0,0,0,0,0,0
108,私立,一般大學,1006,中國文化大學,碩士班(日間),烏干達共和國,非洲,1,0,1,1,0,1,0,0,0,0,0,0,0,0,0
108,私立,一般大學,1006,中國文化大學,碩士班(日間),美國,北美洲,1,1,0,1,1,0,0,0,0,0,0,0,0,0,0
108,私立,一般大學,1006,中國文化大學,碩士班(日間),厄瓜多共和國,中南美洲,1,1,0,1,1,0,0,0,0,0,0,0,0,0,0
108,私立,一般大學,1006,中國文化大學,碩士班(日間),大陸地區,大陸地區,4,1,3,0,0,0,0,0,0,0,0,0,4,1,3
108,私立,一般大學,1006,中國文化大學,博士班,越南社會主義共和國,東協,2,1,1,2,1,1,0,0,0,0,0,0,0,0,0
108,私立,一般大學,1007,逢甲大學,學士班(日間),印度尼西亞共和國,東協,8,3,5,6,2,4,2,1,1,0,0,0,0,0,0
108,私立,一般大學,1007,逢甲大學,學士班(日間),日本,其他亞洲地區,5,3,2,5,3,2,0,0,0,0,0,0,0,0,0
108,私立,一般大學,1007,逢甲大學,學士班(日間),大韓民國(南韓),其他亞洲地區,3,0,3,3,0,3,0,0,0,0,0,0,0,0,0
108,私立,一般大學,1007,逢甲大學,學士班(日間),馬來西亞,東協,74,49,25,41,25,16,33,24,9,0,0,0,0,0,0
108,私立,一般大學,1007,逢甲大學,學士班(日間),泰國,東協,3,2,1,3,2,1,0,0,0,0,0,0,0,0,0
108,私立,一般大學,1007,逢甲大學,學士班(日間),越南社會主義共和國,東協,5,1,4,5,1,4,0,0,0,0,0,0,0,0,0
108,私立,一般大學,1007,逢甲大學,學士班(日間),香港,港澳,59,42,17,0,0,0,0,0,0,59,42,17,0,0,0
108,私立,一般大學,1007,逢甲大學,學士班(日間),澳門,港澳,17,12,5,0,0,0,0,0,0,17,12,5,0,0,0
108,私立,一般大學,1007,逢甲大學,學士班(日間),蒙古國,其他亞洲地區,1,0,1,1,0,1,0,0,0,0,0,0,0,0,0
108,私立,一般大學,1007,逢甲大學,學士班(日間),俄羅斯聯邦,其他亞洲地區,1,0,1,1,0,1,0,0,0,0,0,0,0,0,0
108,私立,一般大學,1007,逢甲大學,學士班(日間),南非共和國,非洲,1,0,1,0,0,0,1,0,1,0,0,0,0,0,0
108,私立,一般大學,1007,逢甲大學,學士班(日間),聖露西亞,中南美洲,2,0,2,2,0,2,0,0,0,0,0,0,0,0,0
108,私立,一般大學,1007,逢甲大學,學士班(日間),聖克里斯多福及尼維斯,中南美洲,2,1,1,2,1,1,0,0,0,0,0,0,0,0,0
108,私立,一般大學,1007,逢甲大學,學士班(日間),大陸地區,大陸地區,102,51,51,0,0,0,0,0,0,0,0,0,102,51,51
108,私立,一般大學,1007,逢甲大學,碩士班(日間),印度,南亞,1,1,0,1,1,0,0,0,0,0,0,0,0,0,0
108,私立,一般大學,1007,逢甲大學,碩士班(日間),印度尼西亞共和國,東協,6,3,3,6,3,3,0,0,0,0,0,0,0,0,0
108,私立,一般大學,1007,逢甲大學,碩士班(日間),馬來西亞,東協,4,2,2,2,1,1,2,1,1,0,0,0,0,0,0
108,私立,一般大學,1007,逢甲大學,碩士班(日間),泰國,東協,4,0,4,4,0,4,0,0,0,0,0,0,0,0,0
108,私立,一般大學,1007,逢甲大學,碩士班(日間),越南社會主義共和國,東協,11,4,7,11,4,7,0,0,0,0,0,0,0,0,0
108,私立,一般大學,1007,逢甲大學,碩士班(日間),香港,港澳,4,4,0,0,0,0,0,0,0,4,4,0,0,0,0
108,私立,一般大學,1007,逢甲大學,碩士班(日間),澳門,港澳,1,1,0,0,0,0,0,0,0,1,1,0,0,0,0
108,私立,一般大學,1007,逢甲大學,碩士班(日間),蒙古國,其他亞洲地區,1,1,0,1,1,0,0,0,0,0,0,0,0,0,0
108,私立,一般大學,1007,逢甲大學,碩士班(日間),俄羅斯聯邦,其他亞洲地區,1,0,1,1,0,1,0,0,0,0,0,0,0,0,0
108,私立,一般大學,1007,逢甲大學,碩士班(日間),奈及利亞聯邦共和國,非洲,1,0,1,1,0,1,0,0,0,0,0,0,0,0,0
108,私立,一般大學,1007,逢甲大學,碩士班(日間),烏克蘭,其他亞洲地區,1,1,0,1,1,0,0,0,0,0,0,0,0,0,0
108,私立,一般大學,1007,逢甲大學,碩士班(日間),美國,北美洲,3,2,1,3,2,1,0,0,0,0,0,0,0,0,0
108,私立,一般大學,1007,逢甲大學,碩士班(日間),大陸地區,大陸地區,4,4,0,0,0,0,0,0,0,0,0,0,4,4,0
108,私立,一般大學,1007,逢甲大學,博士班,越南社會主義共和國,東協,12,9,3,12,9,3,0,0,0,0,0,0,0,0,0
108,私立,一般大學,1008,靜宜大學,學士班(日間),印度尼西亞共和國,東協,4,0,4,0,0,0,4,0,4,0,0,0,0,0,0
108,私立,一般大學,1008,靜宜大學,學士班(日間),日本,其他亞洲地區,5,1,4,5,1,4,0,0,0,0,0,0,0,0,0
108,私立,一般大學,1008,靜宜大學,學士班(日間),大韓民國(南韓),其他亞洲地區,1,0,1,1,0,1,0,0,0,0,0,0,0,0,0
108,私立,一般大學,1008,靜宜大學,學士班(日間),馬來西亞,東協,32,14,18,21,10,11,11,4,7,0,0,0,0,0,0
108,私立,一般大學,1008,靜宜大學,學士班(日間),泰國,東協,1,0,1,0,0,0,1,0,1,0,0,0,0,0,0
108,私立,一般大學,1008,靜宜大學,學士班(日間),越南社會主義共和國,東協,3,0,3,3,0,3,0,0,0,0,0,0,0,0,0
108,私立,一般大學,1008,靜宜大學,學士班(日間),香港,港澳,20,9,11,0,0,0,0,0,0,20,9,11,0,0,0
108,私立,一般大學,1008,靜宜大學,學士班(日間),澳門,港澳,12,7,5,0,0,0,0,0,0,12,7,5,0,0,0
108,私立,一般大學,1008,靜宜大學,學士班(日間),德意志聯邦共和國,歐洲,1,1,0,1,1,0,0,0,0,0,0,0,0,0,0
108,私立,一般大學,1008,靜宜大學,學士班(日間),加拿大,北美洲,1,1,0,1,1,0,0,0,0,0,0,0,0,0,0
108,私立,一般大學,1008,靜宜大學,學士班(日間),大陸地區,大陸地區,67,33,34,0,0,0,0,0,0,0,0,0,67,33,34
108,私立,一般大學,1008,靜宜大學,碩士班(日間),印度尼西亞共和國,東協,8,3,5,8,3,5,0,0,0,0,0,0,0,0,0
108,私立,一般大學,1008,靜宜大學,碩士班(日間),日本,其他亞洲地區,3,1,2,3,1,2,0,0,0,0,0,0,0,0,0
108,私立,一般大學,1008,靜宜大學,碩士班(日間),大韓民國(南韓),其他亞洲地區,2,0,2,2,0,2,0,0,0,0,0,0,0,0,0
108,私立,一般大學,1008,靜宜大學,碩士班(日間),馬來西亞,東協,1,0,1,0,0,0,1,0,1,0,0,0,0,0,0
108,私立,一般大學,1008,靜宜大學,碩士班(日間),越南社會主義共和國,東協,1,0,1,1,0,1,0,0,0,0,0,0,0,0,0
108,私立,一般大學,1008,靜宜大學,碩士班(日間),香港,港澳,1,1,0,0,0,0,0,0,0,1,1,0,0,0,0
108,私立,一般大學,1008,靜宜大學,碩士班(日間),蒙古國,其他亞洲地區,1,1,0,1,1,0,0,0,0,0,0,0,0,0,0
108,私立,一般大學,1008,靜宜大學,碩士班(日間),法國,歐洲,4,1,3,4,1,3,0,0,0,0,0,0,0,0,0
108,私立,一般大學,1008,靜宜大學,碩士班(日間),西班牙王國,歐洲,1,1,0,1,1,0,0,0,0,0,0,0,0,0,0
108,私立,一般大學,1008,靜宜大學,碩士班(日間),美國,北美洲,1,1,0,1,1,0,0,0,0,0,0,0,0,0,0
108,私立,一般大學,1008,靜宜大學,碩士班(日間),大陸地區,大陸地區,7,2,5,0,0,0,0,0,0,0,0,0,7,2,5
108,私立,一般大學,1009,長庚大學,學士班(日間),印度尼西亞共和國,東協,1,0,1,0,0,0,1,0,1,0,0,0,0,0,0
108,私立,一般大學,1009,長庚大學,學士班(日間),日本,其他亞洲地區,1,1,0,0,0,0,1,1,0,0,0,0,0,0,0
108,私立,一般大學,1009,長庚大學,學士班(日間),大韓民國(南韓),其他亞洲地區,2,2,0,1,1,0,1,1,0,0,0,0,0,0,0
108,私立,一般大學,1009,長庚大學,學士班(日間),馬來西亞,東協,9,2,7,0,0,0,9,2,7,0,0,0,0,0,0
108,私立,一般大學,1009,長庚大學,學士班(日間),新加坡共和國,東協,1,0,1,0,0,0,1,0,1,0,0,0,0,0,0
108,私立,一般大學,1009,長庚大學,學士班(日間),越南社會主義共和國,東協,1,0,1,0,0,0,1,0,1,0,0,0,0,0,0
108,私立,一般大學,1009,長庚大學,學士班(日間),香港,港澳,6,5,1,0,0,0,0,0,0,6,5,1,0,0,0
108,私立,一般大學,1009,長庚大學,學士班(日間),澳門,港澳,6,3,3,0,0,0,0,0,0,6,3,3,0,0,0
108,私立,一般大學,1009,長庚大學,學士班(日間),葡萄牙共和國,歐洲,1,1,0,1,1,0,0,0,0,0,0,0,0,0,0
108,私立,一般大學,1009,長庚大學,學士班(日間),加拿大,北美洲,2,2,0,0,0,0,2,2,0,0,0,0,0,0,0
108,私立,一般大學,1009,長庚大學,學士班(日間),大陸地區,大陸地區,24,12,12,0,0,0,0,0,0,0,0,0,24,12,12
108,私立,一般大學,1009,長庚大學,碩士班(日間),緬甸,東協,1,1,0,1,1,0,0,0,0,0,0,0,0,0,0
108,私立,一般大學,1009,長庚大學,碩士班(日間),印度,南亞,5,4,1,5,4,1,0,0,0,0,0,0,0,0,0
108,私立,一般大學,1009,長庚大學,碩士班(日間),印度尼西亞共和國,東協,1,0,1,1,0,1,0,0,0,0,0,0,0,0,0
108,私立,一般大學,1009,長庚大學,碩士班(日間),日本,其他亞洲地區,1,1,0,1,1,0,0,0,0,0,0,0,0,0,0
108,私立,一般大學,1009,長庚大學,碩士班(日間),馬來西亞,東協,2,1,1,1,0,1,1,1,0,0,0,0,0,0,0
108,私立,一般大學,1009,長庚大學,碩士班(日間),泰國,東協,8,1,7,8,1,7,0,0,0,0,0,0,0,0,0
108,私立,一般大學,1009,長庚大學,碩士班(日間),土耳其共和國,其他亞洲地區,1,1,0,1,1,0,0,0,0,0,0,0,0,0,0
108,私立,一般大學,1009,長庚大學,碩士班(日間),越南社會主義共和國,東協,4,2,2,4,2,2,0,0,0,0,0,0,0,0,0
108,私立,一般大學,1009,長庚大學,碩士班(日間),大陸地區,大陸地區,1,1,0,0,0,0,0,0,0,0,0,0,1,1,0
108,私立,一般大學,1009,長庚大學,博士班,印度,南亞,9,8,1,9,8,1,0,0,0,0,0,0,0,0,0
108,私立,一般大學,1009,長庚大學,博士班,印度尼西亞共和國,東協,2,0,2,2,0,2,0,0,0,0,0,0,0,0,0
108,私立,一般大學,1009,長庚大學,博士班,越南社會主義共和國,東協,4,0,4,4,0,4,0,0,0,0,0,0,0,0,0
108,私立,一般大學,1009,長庚大學,博士班,美國,北美洲,1,1,0,1,1,0,0,0,0,0,0,0,0,0,0
108,私立,一般大學,1009,長庚大學,博士班,大陸地區,大陸地區,1,1,0,0,0,0,0,0,0,0,0,0,1,1,0
108,私立,一般大學,1010,元智大學,學士班(日間),印度尼西亞共和國,東協,1,0,1,1,0,1,0,0,0,0,0,0,0,0,0
108,私立,一般大學,1010,元智大學,學士班(日間),日本,其他亞洲地區,2,1,1,1,1,0,1,0,1,0,0,0,0,0,0
108,私立,一般大學,1010,元智大學,學士班(日間),大韓民國(南韓),其他亞洲地區,2,0,2,2,0,2,0,0,0,0,0,0,0,0,0
108,私立,一般大學,1010,元智大學,學士班(日間),馬來西亞,東協,13,5,8,8,2,6,5,3,2,0,0,0,0,0,0
108,私立,一般大學,1010,元智大學,學士班(日間),土耳其共和國,其他亞洲地區,1,1,0,1,1,0,0,0,0,0,0,0,0,0,0
108,私立,一般大學,1010,元智大學,學士班(日間),香港,港澳,24,11,13,0,0,0,0,0,0,24,11,13,0,0,0
108,私立,一般大學,1010,元智大學,學士班(日間),澳門,港澳,1,0,1,0,0,0,0,0,0,1,0,1,0,0,0
108,私立,一般大學,1010,元智大學,學士班(日間),蒙古國,其他亞洲地區,1,0,1,1,0,1,0,0,0,0,0,0,0,0,0
108,私立,一般大學,1010,元智大學,學士班(日間),塔吉克共和國,其他亞洲地區,1,1,0,1,1,0,0,0,0,0,0,0,0,0,0
108,私立,一般大學,1010,元智大學,學士班(日間),索羅門群島,其他亞洲地區,1,0,1,1,0,1,0,0,0,0,0,0,0,0,0
108,私立,一般大學,1010,元智大學,學士班(日間),甘比亞共和國,非洲,4,3,1,4,3,1,0,0,0,0,0,0,0,0,0
108,私立,一般大學,1010,元智大學,學士班(日間),法國,歐洲,1,1,0,1,1,0,0,0,0,0,0,0,0,0,0
108,私立,一般大學,1010,元智大學,學士班(日間),英國,歐洲,1,1,0,1,1,0,0,0,0,0,0,0,0,0,0
108,私立,一般大學,1010,元智大學,學士班(日間),德意志聯邦共和國,歐洲,3,0,3,3,0,3,0,0,0,0,0,0,0,0,0
108,私立,一般大學,1010,元智大學,學士班(日間),海地共和國,中南美洲,1,1,0,1,1,0,0,0,0,0,0,0,0,0,0
108,私立,一般大學,1010,元智大學,學士班(日間),大陸地區,大陸地區,29,17,12,0,0,0,0,0,0,0,0,0,29,17,12
108,私立,一般大學,1010,元智大學,碩士班(日間),印度尼西亞共和國,東協,9,3,6,9,3,6,0,0,0,0,0,0,0,0,0
108,私立,一般大學,1010,元智大學,碩士班(日間),馬來西亞,東協,7,2,5,6,2,4,1,0,1,0,0,0,0,0,0
108,私立,一般大學,1010,元智大學,碩士班(日間),尼泊爾聯邦民主共和國,南亞,1,1,0,1,1,0,0,0,0,0,0,0,0,0,0
108,私立,一般大學,1010,元智大學,碩士班(日間),泰國,東協,1,0,1,1,0,1,0,0,0,0,0,0,0,0,0
108,私立,一般大學,1010,元智大學,碩士班(日間),越南社會主義共和國,東協,11,6,5,11,6,5,0,0,0,0,0,0,0,0,0
108,私立,一般大學,1010,元智大學,碩士班(日間),香港,港澳,1,0,1,0,0,0,0,0,0,1,0,1,0,0,0
108,私立,一般大學,1010,元智大學,碩士班(日間),蒙古國,其他亞洲地區,2,0,2,2,0,2,0,0,0,0,0,0,0,0,0
108,私立,一般大學,1010,元智大學,碩士班(日間),甘比亞共和國,非洲,5,4,1,5,4,1,0,0,0,0,0,0,0,0,0
108,私立,一般大學,1010,元智大學,碩士班(日間),史瓦帝尼王國,非洲,2,1,1,2,1,1,0,0,0,0,0,0,0,0,0
108,私立,一般大學,1010,元智大學,碩士班(日間),薩爾瓦多,中南美洲,1,1,0,1,1,0,0,0,0,0,0,0,0,0,0
108,私立,一般大學,1010,元智大學,碩士班(日間),瓜地馬拉共和國,中南美洲,1,1,0,1,1,0,0,0,0,0,0,0,0,0,0
108,私立,一般大學,1010,元智大學,碩士班(日間),宏都拉斯共和國,中南美洲,3,3,0,3,3,0,0,0,0,0,0,0,0,0,0
108,私立,一般大學,1010,元智大學,碩士班(日間),尼加拉瓜,中南美洲,1,1,0,1,1,0,0,0,0,0,0,0,0,0,0
108,私立,一般大學,1010,元智大學,碩士班(日間),聖露西亞,中南美洲,1,1,0,1,1,0,0,0,0,0,0,0,0,0,0
108,私立,一般大學,1010,元智大學,碩士班(日間),巴拉圭,中南美洲,1,1,0,1,1,0,0,0,0,0,0,0,0,0,0
108,私立,一般大學,1010,元智大學,碩士班(日間),秘魯共和國,中南美洲,1,0,1,1,0,1,0,0,0,0,0,0,0,0,0
108,私立,一般大學,1010,元智大學,博士班,印度,南亞,3,2,1,3,2,1,0,0,0,0,0,0,0,0,0
108,私立,一般大學,1010,元智大學,博士班,印度尼西亞共和國,東協,3,2,1,3,2,1,0,0,0,0,0,0,0,0,0
108,私立,一般大學,1010,元智大學,博士班,越南社會主義共和國,東協,8,2,6,8,2,6,0,0,0,0,0,0,0,0,0
108,私立,一般大學,1010,元智大學,博士班,宏都拉斯共和國,中南美洲,2,1,1,2,1,1,0,0,0,0,0,0,0,0,0
108,私立,一般大學,1010,元智大學,博士班,大陸地區,大陸地區,2,0,2,0,0,0,0,0,0,0,0,0,2,0,2
108,私立,一般大學,1011,中華大學學校財團法人中華大學,學士班(日間),日本,其他亞洲地區,3,2,1,3,2,1,0,0,0,0,0,0,0,0,0
108,私立,一般大學,1011,中華大學學校財團法人中華大學,學士班(日間),馬來西亞,東協,20,10,10,18,8,10,2,2,0,0,0,0,0,0,0
108,私立,一般大學,1011,中華大學學校財團法人中華大學,學士班(日間),越南社會主義共和國,東協,4,2,2,4,2,2,0,0,0,0,0,0,0,0,0
108,私立,一般大學,1011,中華大學學校財團法人中華大學,學士班(日間),香港,港澳,3,3,0,0,0,0,0,0,0,3,3,0,0,0,0
108,私立,一般大學,1011,中華大學學校財團法人中華大學,學士班(日間),澳門,港澳,2,1,1,0,0,0,0,0,0,2,1,1,0,0,0
108,私立,一般大學,1011,中華大學學校財團法人中華大學,學士班(日間),海地共和國,中南美洲,1,1,0,1,1,0,0,0,0,0,0,0,0,0,0
108,私立,一般大學,1011,中華大學學校財團法人中華大學,學士班(日間),聖露西亞,中南美洲,1,1,0,1,1,0,0,0,0,0,0,0,0,0,0
108,私立,一般大學,1011,中華大學學校財團法人中華大學,學士班(日間),大陸地區,大陸地區,2,2,0,0,0,0,0,0,0,0,0,0,2,2,0
108,私立,一般大學,1011,中華大學學校財團法人中華大學,碩士班(日間),印度,南亞,1,0,1,1,0,1,0,0,0,0,0,0,0,0,0
108,私立,一般大學,1011,中華大學學校財團法人中華大學,碩士班(日間),印度尼西亞共和國,東協,1,1,0,1,1,0,0,0,0,0,0,0,0,0,0
108,私立,一般大學,1011,中華大學學校財團法人中華大學,碩士班(日間),約旦哈什米王國,其他亞洲地區,1,1,0,1,1,0,0,0,0,0,0,0,0,0,0
108,私立,一般大學,1011,中華大學學校財團法人中華大學,碩士班(日間),馬來西亞,東協,2,1,1,2,1,1,0,0,0,0,0,0,0,0,0
108,私立,一般大學,1011,中華大學學校財團法人中華大學,碩士班(日間),巴基斯坦,南亞,1,1,0,1,1,0,0,0,0,0,0,0,0,0,0
108,私立,一般大學,1011,中華大學學校財團法人中華大學,碩士班(日間),菲律賓共和國,東協,2,1,1,2,1,1,0,0,0,0,0,0,0,0,0
108,私立,一般大學,1011,中華大學學校財團法人中華大學,碩士班(日間),泰國,東協,2,1,1,2,1,1,0,0,0,0,0,0,0,0,0
108,私立,一般大學,1011,中華大學學校財團法人中華大學,碩士班(日間),越南社會主義共和國,東協,2,1,1,2,1,1,0,0,0,0,0,0,0,0,0
108,私立,一般大學,1011,中華大學學校財團法人中華大學,碩士班(日間),蒙古國,其他亞洲地區,1,1,0,1,1,0,0,0,0,0,0,0,0,0,0
108,私立,一般大學,1011,中華大學學校財團法人中華大學,博士班,大陸地區,大陸地區,4,1,3,0,0,0,0,0,0,0,0,0,4,1,3
108,私立,一般大學,1012,大葉大學,學士班(日間),印度尼西亞共和國,東協,1,0,1,1,0,1,0,0,0,0,0,0,0,0,0
108,私立,一般大學,1012,大葉大學,學士班(日間),馬來西亞,東協,31,11,20,26,11,15,5,0,5,0,0,0,0,0,0
108,私立,一般大學,1012,大葉大學,學士班(日間),泰國,東協,1,0,1,1,0,1,0,0,0,0,0,0,0,0,0
108,私立,一般大學,1012,大葉大學,學士班(日間),越南社會主義共和國,東協,1,1,0,1,1,0,0,0,0,0,0,0,0,0,0
108,私立,一般大學,1012,大葉大學,學士班(日間),香港,港澳,59,31,28,0,0,0,0,0,0,59,31,28,0,0,0
108,私立,一般大學,1012,大葉大學,學士班(日間),澳門,港澳,4,3,1,0,0,0,0,0,0,4,3,1,0,0,0
108,私立,一般大學,1012,大葉大學,學士班(日間),蒙古國,其他亞洲地區,5,0,5,5,0,5,0,0,0,0,0,0,0,0,0
108,私立,一般大學,1012,大葉大學,學士班(日間),大陸地區,大陸地區,9,7,2,0,0,0,0,0,0,0,0,0,9,7,2
108,私立,一般大學,1012,大葉大學,碩士班(日間),印度尼西亞共和國,東協,4,0,4,4,0,4,0,0,0,0,0,0,0,0,0
108,私立,一般大學,1012,大葉大學,碩士班(日間),馬來西亞,東協,1,1,0,1,1,0,0,0,0,0,0,0,0,0,0
108,私立,一般大學,1012,大葉大學,碩士班(日間),越南社會主義共和國,東協,5,2,3,5,2,3,0,0,0,0,0,0,0,0,0
108,私立,一般大學,1012,大葉大學,碩士班(日間),蒙古國,其他亞洲地區,46,15,31,46,15,31,0,0,0,0,0,0,0,0,0
108,私立,一般大學,1012,大葉大學,博士班,印度,南亞,1,0,1,1,0,1,0,0,0,0,0,0,0,0,0
108,私立,一般大學,1012,大葉大學,博士班,印度尼西亞共和國,東協,2,2,0,2,2,0,0,0,0,0,0,0,0,0,0
108,私立,一般大學,1012,大葉大學,博士班,越南社會主義共和國,東協,3,1,2,3,1,2,0,0,0,0,0,0,0,0,0
108,私立,一般大學,1012,大葉大學,博士班,蒙古國,其他亞洲地區,1,1,0,1,1,0,0,0,0,0,0,0,0,0,0
108,私立,一般大學,1013,華梵大學,學士班(日間),越南社會主義共和國,東協,2,0,2,2,0,2,0,0,0,0,0,0,0,0,0
108,私立,一般大學,1013,華梵大學,學士班(日間),香港,港澳,6,2,4,0,0,0,0,0,0,6,2,4,0,0,0
108,私立,一般大學,1013,華梵大學,學士班(日間),澳門,港澳,1,1,0,0,0,0,0,0,0,1,1,0,0,0,0
108,私立,一般大學,1013,華梵大學,學士班(日間),大陸地區,大陸地區,4,2,2,0,0,0,0,0,0,0,0,0,4,2,2
108,私立,一般大學,1013,華梵大學,碩士班(日間),越南社會主義共和國,東協,2,0,2,2,0,2,0,0,0,0,0,0,0,0,0
108,私立,一般大學,1013,華梵大學,博士班,斯里蘭卡民主社會主義共和國,南亞,1,1,0,1,1,0,0,0,0,0,0,0,0,0,0
108,私立,一般大學,1013,華梵大學,博士班,越南社會主義共和國,東協,1,0,1,1,0,1,0,0,0,0,0,0,0,0,0
108,私立,一般大學,1013,華梵大學,博士班,澳大利亞,其他亞洲地區,1,0,1,1,0,1,0,0,0,0,0,0,0,0,0
108,私立,一般大學,1013,華梵大學,博士班,大陸地區,大陸地區,1,1,0,0,0,0,0,0,0,0,0,0,1,1,0
108,私立,一般大學,1014,義守大學,學士班(日間),印度尼西亞共和國,東協,11,3,8,10,3,7,1,0,1,0,0,0,0,0,0
108,私立,一般大學,1014,義守大學,學士班(日間),日本,其他亞洲地區,13,3,10,13,3,10,0,0,0,0,0,0,0,0,0
108,私立,一般大學,1014,義守大學,學士班(日間),馬來西亞,東協,81,36,45,57,26,31,24,10,14,0,0,0,0,0,0
108,私立,一般大學,1014,義守大學,學士班(日間),泰國,東協,2,0,2,2,0,2,0,0,0,0,0,0,0,0,0
108,私立,一般大學,1014,義守大學,學士班(日間),越南社會主義共和國,東協,4,2,2,4,2,2,0,0,0,0,0,0,0,0,0
108,私立,一般大學,1014,義守大學,學士班(日間),香港,港澳,85,46,39,0,0,0,0,0,0,85,46,39,0,0,0
108,私立,一般大學,1014,義守大學,學士班(日間),澳門,港澳,27,8,19,0,0,0,0,0,0,27,8,19,0,0,0
108,私立,一般大學,1014,義守大學,學士班(日間),蒙古國,其他亞洲地區,5,3,2,5,3,2,0,0,0,0,0,0,0,0,0
108,私立,一般大學,1014,義守大學,學士班(日間),索羅門群島,其他亞洲地區,4,2,2,4,2,2,0,0,0,0,0,0,0,0,0
108,私立,一般大學,1014,義守大學,學士班(日間),馬紹爾群島共和國,其他亞洲地區,2,1,1,2,1,1,0,0,0,0,0,0,0,0,0
108,私立,一般大學,1014,義守大學,學士班(日間),吐瓦魯,其他亞洲地區,1,1,0,1,1,0,0,0,0,0,0,0,0,0,0
108,私立,一般大學,1014,義守大學,學士班(日間),吉里巴斯共和國,其他亞洲地區,1,0,1,1,0,1,0,0,0,0,0,0,0,0,0
108,私立,一般大學,1014,義守大學,學士班(日間),史瓦帝尼王國,非洲,18,6,12,18,6,12,0,0,0,0,0,0,0,0,0
108,私立,一般大學,1014,義守大學,學士班(日間),法國,歐洲,1,1,0,0,0,0,1,1,0,0,0,0,0,0,0
108,私立,一般大學,1014,義守大學,學士班(日間),英國,歐洲,3,1,2,3,1,2,0,0,0,0,0,0,0,0,0
108,私立,一般大學,1014,義守大學,學士班(日間),宏都拉斯共和國,中南美洲,6,4,2,6,4,2,0,0,0,0,0,0,0,0,0
108,私立,一般大學,1014,義守大學,學士班(日間),尼加拉瓜,中南美洲,1,0,1,1,0,1,0,0,0,0,0,0,0,0,0
108,私立,一般大學,1014,義守大學,學士班(日間),貝里斯,中南美洲,2,2,0,2,2,0,0,0,0,0,0,0,0,0,0
108,私立,一般大學,1014,義守大學,學士班(日間),聖文森(及格瑞那丁),中南美洲,1,1,0,1,1,0,0,0,0,0,0,0,0,0,0
108,私立,一般大學,1014,義守大學,學士班(日間),美國,北美洲,1,1,0,1,1,0,0,0,0,0,0,0,0,0,0
108,私立,一般大學,1014,義守大學,學士班(日間),聖露西亞,中南美洲,3,1,2,3,1,2,0,0,0,0,0,0,0,0,0
108,私立,一般大學,1014,義守大學,學士班(日間),聖克里斯多福及尼維斯,中南美洲,1,0,1,1,0,1,0,0,0,0,0,0,0,0,0
108,私立,一般大學,1014,義守大學,學士班(日間),大陸地區,大陸地區,19,7,12,0,0,0,0,0,0,0,0,0,19,7,12
108,私立,一般大學,1014,義守大學,碩士班(日間),印度尼西亞共和國,東協,4,3,1,4,3,1,0,0,0,0,0,0,0,0,0
108,私立,一般大學,1014,義守大學,碩士班(日間),馬來西亞,東協,2,2,0,2,2,0,0,0,0,0,0,0,0,0,0
108,私立,一般大學,1014,義守大學,碩士班(日間),泰國,東協,2,0,2,2,0,2,0,0,0,0,0,0,0,0,0
108,私立,一般大學,1014,義守大學,碩士班(日間),越南社會主義共和國,東協,16,6,10,16,6,10,0,0,0,0,0,0,0,0,0
108,私立,一般大學,1014,義守大學,碩士班(日間),香港,港澳,1,0,1,0,0,0,0,0,0,1,0,1,0,0,0
108,私立,一般大學,1014,義守大學,碩士班(日間),蒙古國,其他亞洲地區,2,0,2,2,0,2,0,0,0,0,0,0,0,0,0
108,私立,一般大學,1014,義守大學,碩士班(日間),尼加拉瓜,中南美洲,1,0,1,1,0,1,0,0,0,0,0,0,0,0,0
108,私立,一般大學,1014,義守大學,碩士班(日間),大陸地區,大陸地區,5,5,0,0,0,0,0,0,0,0,0,0,5,5,0
108,私立,一般大學,1014,義守大學,博士班,菲律賓共和國,東協,1,1,0,1,1,0,0,0,0,0,0,0,0,0,0
108,私立,一般大學,1015,世新大學,學士班(日間),印度尼西亞共和國,東協,2,1,1,0,0,0,2,1,1,0,0,0,0,0,0
108,私立,一般大學,1015,世新大學,學士班(日間),日本,其他亞洲地區,1,1,0,1,1,0,0,0,0,0,0,0,0,0,0
108,私立,一般大學,1015,世新大學,學士班(日間),大韓民國(南韓),其他亞洲地區,2,0,2,2,0,2,0,0,0,0,0,0,0,0,0
108,私立,一般大學,1015,世新大學,學士班(日間),馬來西亞,東協,77,25,52,37,11,26,40,14,26,0,0,0,0,0,0
108,私立,一般大學,1015,世新大學,學士班(日間),新加坡共和國,東協,4,0,4,4,0,4,0,0,0,0,0,0,0,0,0
108,私立,一般大學,1015,世新大學,學士班(日間),越南社會主義共和國,東協,1,1,0,1,1,0,0,0,0,0,0,0,0,0,0
108,私立,一般大學,1015,世新大學,學士班(日間),香港,港澳,26,8,18,0,0,0,0,0,0,26,8,18,0,0,0
108,私立,一般大學,1015,世新大學,學士班(日間),澳門,港澳,26,14,12,0,0,0,0,0,0,26,14,12,0,0,0
108,私立,一般大學,1015,世新大學,學士班(日間),南非共和國,非洲,1,0,1,0,0,0,1,0,1,0,0,0,0,0,0
108,私立,一般大學,1015,世新大學,學士班(日間),加拿大,北美洲,1,1,0,0,0,0,1,1,0,0,0,0,0,0,0
108,私立,一般大學,1015,世新大學,學士班(日間),大陸地區,大陸地區,61,24,37,0,0,0,0,0,0,0,0,0,61,24,37
108,私立,一般大學,1015,世新大學,碩士班(日間),馬來西亞,東協,6,4,2,4,4,0,2,0,2,0,0,0,0,0,0
108,私立,一般大學,1015,世新大學,碩士班(日間),香港,港澳,1,1,0,0,0,0,0,0,0,1,1,0,0,0,0
108,私立,一般大學,1015,世新大學,碩士班(日間),澳門,港澳,1,0,1,0,0,0,0,0,0,1,0,1,0,0,0
108,私立,一般大學,1015,世新大學,碩士班(日間),加拿大,北美洲,1,1,0,0,0,0,1,1,0,0,0,0,0,0,0
108,私立,一般大學,1015,世新大學,碩士班(日間),大陸地區,大陸地區,19,9,10,0,0,0,0,0,0,0,0,0,19,9,10
108,私立,一般大學,1015,世新大學,博士班,大陸地區,大陸地區,5,1,4,0,0,0,0,0,0,0,0,0,5,1,4
108,私立,一般大學,1016,銘傳大學,學士班(日間),印度尼西亞共和國,東協,23,8,15,16,7,9,7,1,6,0,0,0,0,0,0
108,私立,一般大學,1016,銘傳大學,學士班(日間),日本,其他亞洲地區,5,2,3,5,2,3,0,0,0,0,0,0,0,0,0
108,私立,一般大學,1016,銘傳大學,學士班(日間),大韓民國(南韓),其他亞洲地區,5,2,3,4,1,3,1,1,0,0,0,0,0,0,0
108,私立,一般大學,1016,銘傳大學,學士班(日間),馬來西亞,東協,119,40,79,76,32,44,43,8,35,0,0,0,0,0,0
108,私立,一般大學,1016,銘傳大學,學士班(日間),新加坡共和國,東協,1,0,1,1,0,1,0,0,0,0,0,0,0,0,0
108,私立,一般大學,1016,銘傳大學,學士班(日間),泰國,東協,4,0,4,4,0,4,0,0,0,0,0,0,0,0,0
108,私立,一般大學,1016,銘傳大學,學士班(日間),土耳其共和國,其他亞洲地區,1,1,0,1,1,0,0,0,0,0,0,0,0,0,0
108,私立,一般大學,1016,銘傳大學,學士班(日間),越南社會主義共和國,東協,60,19,41,57,17,40,3,2,1,0,0,0,0,0,0
108,私立,一般大學,1016,銘傳大學,學士班(日間),香港,港澳,40,19,21,0,0,0,0,0,0,40,19,21,0,0,0
108,私立,一般大學,1016,銘傳大學,學士班(日間),澳門,港澳,36,16,20,0,0,0,0,0,0,36,16,20,0,0,0
108,私立,一般大學,1016,銘傳大學,學士班(日間),蒙古國,其他亞洲地區,1,1,0,1,1,0,0,0,0,0,0,0,0,0,0
108,私立,一般大學,1016,銘傳大學,學士班(日間),諾魯共和國,其他亞洲地區,1,1,0,1,1,0,0,0,0,0,0,0,0,0,0
108,私立,一般大學,1016,銘傳大學,學士班(日間),帛琉共和國,其他亞洲地區,3,0,3,3,0,3,0,0,0,0,0,0,0,0,0
108,私立,一般大學,1016,銘傳大學,學士班(日間),吐瓦魯,其他亞洲地區,1,0,1,1,0,1,0,0,0,0,0,0,0,0,0
108,私立,一般大學,1016,銘傳大學,學士班(日間),布吉納法索,非洲,1,1,0,1,1,0,0,0,0,0,0,0,0,0,0
108,私立,一般大學,1016,銘傳大學,學士班(日間),史瓦帝尼王國,非洲,1,0,1,1,0,1,0,0,0,0,0,0,0,0,0
108,私立,一般大學,1016,銘傳大學,學士班(日間),芬蘭共和國,歐洲,1,1,0,1,1,0,0,0,0,0,0,0,0,0,0
108,私立,一般大學,1016,銘傳大學,學士班(日間),荷蘭王國,歐洲,1,1,0,1,1,0,0,0,0,0,0,0,0,0,0
108,私立,一般大學,1016,銘傳大學,學士班(日間),英國,歐洲,1,1,0,1,1,0,0,0,0,0,0,0,0,0,0
108,私立,一般大學,1016,銘傳大學,學士班(日間),加拿大,北美洲,1,0,1,0,0,0,1,0,1,0,0,0,0,0,0
108,私立,一般大學,1016,銘傳大學,學士班(日間),多明尼加共和國,中南美洲,1,0,1,1,0,1,0,0,0,0,0,0,0,0,0
108,私立,一般大學,1016,銘傳大學,學士班(日間),薩爾瓦多,中南美洲,2,1,1,2,1,1,0,0,0,0,0,0,0,0,0
108,私立,一般大學,1016,銘傳大學,學士班(日間),海地共和國,中南美洲,3,1,2,3,1,2,0,0,0,0,0,0,0,0,0
108,私立,一般大學,1016,銘傳大學,學士班(日間),墨西哥合眾國,中南美洲,2,0,2,2,0,2,0,0,0,0,0,0,0,0,0
108,私立,一般大學,1016,銘傳大學,學士班(日間),巴拿馬共和國,中南美洲,2,0,2,2,0,2,0,0,0,0,0,0,0,0,0
108,私立,一般大學,1016,銘傳大學,學士班(日間),聖文森(及格瑞那丁),中南美洲,2,1,1,2,1,1,0,0,0,0,0,0,0,0,0
108,私立,一般大學,1016,銘傳大學,學士班(日間),美國,北美洲,3,3,0,3,3,0,0,0,0,0,0,0,0,0,0
108,私立,一般大學,1016,銘傳大學,學士班(日間),聖露西亞,中南美洲,1,0,1,1,0,1,0,0,0,0,0,0,0,0,0
108,私立,一般大學,1016,銘傳大學,學士班(日間),厄瓜多共和國,中南美洲,1,0,1,1,0,1,0,0,0,0,0,0,0,0,0
108,私立,一般大學,1016,銘傳大學,學士班(日間),大陸地區,大陸地區,140,63,77,0,0,0,0,0,0,0,0,0,140,63,77
108,私立,一般大學,1016,銘傳大學,碩士班(日間),印度尼西亞共和國,東協,2,2,0,2,2,0,0,0,0,0,0,0,0,0,0
108,私立,一般大學,1016,銘傳大學,碩士班(日間),日本,其他亞洲地區,2,1,1,2,1,1,0,0,0,0,0,0,0,0,0
108,私立,一般大學,1016,銘傳大學,碩士班(日間),馬來西亞,東協,3,1,2,0,0,0,3,1,2,0,0,0,0,0,0
108,私立,一般大學,1016,銘傳大學,碩士班(日間),泰國,東協,5,1,4,5,1,4,0,0,0,0,0,0,0,0,0
108,私立,一般大學,1016,銘傳大學,碩士班(日間),越南社會主義共和國,東協,3,0,3,3,0,3,0,0,0,0,0,0,0,0,0
108,私立,一般大學,1016,銘傳大學,碩士班(日間),香港,港澳,1,0,1,0,0,0,0,0,0,1,0,1,0,0,0
108,私立,一般大學,1016,銘傳大學,碩士班(日間),索羅門群島,其他亞洲地區,1,1,0,1,1,0,0,0,0,0,0,0,0,0,0
108,私立,一般大學,1016,銘傳大學,碩士班(日間),帛琉共和國,其他亞洲地區,2,0,2,2,0,2,0,0,0,0,0,0,0,0,0
108,私立,一般大學,1016,銘傳大學,碩士班(日間),史瓦帝尼王國,非洲,3,1,2,3,1,2,0,0,0,0,0,0,0,0,0
108,私立,一般大學,1016,銘傳大學,碩士班(日間),多明尼加共和國,中南美洲,1,1,0,1,1,0,0,0,0,0,0,0,0,0,0
108,私立,一般大學,1016,銘傳大學,碩士班(日間),薩爾瓦多,中南美洲,3,2,1,3,2,1,0,0,0,0,0,0,0,0,0
108,私立,一般大學,1016,銘傳大學,碩士班(日間),瓜地馬拉共和國,中南美洲,1,1,0,1,1,0,0,0,0,0,0,0,0,0,0
108,私立,一般大學,1016,銘傳大學,碩士班(日間),宏都拉斯共和國,中南美洲,1,0,1,1,0,1,0,0,0,0,0,0,0,0,0
108,私立,一般大學,1016,銘傳大學,碩士班(日間),尼加拉瓜,中南美洲,2,1,1,2,1,1,0,0,0,0,0,0,0,0,0
108,私立,一般大學,1016,銘傳大學,碩士班(日間),美國,北美洲,1,1,0,1,1,0,0,0,0,0,0,0,0,0,0
108,私立,一般大學,1016,銘傳大學,碩士班(日間),巴拉圭,中南美洲,1,1,0,1,1,0,0,0,0,0,0,0,0,0,0
108,私立,一般大學,1016,銘傳大學,碩士班(日間),聖克里斯多福及尼維斯,中南美洲,1,1,0,1,1,0,0,0,0,0,0,0,0,0,0
108,私立,一般大學,1016,銘傳大學,碩士班(日間),大陸地區,大陸地區,14,3,11,0,0,0,0,0,0,0,0,0,14,3,11
108,私立,一般大學,1016,銘傳大學,博士班,大陸地區,大陸地區,1,1,0,0,0,0,0,0,0,0,0,0,1,1,0
108,私立,一般大學,1017,實踐大學,學士班(日間),印度尼西亞共和國,東協,11,4,7,9,4,5,2,0,2,0,0,0,0,0,0
108,私立,一般大學,1017,實踐大學,學士班(日間),日本,其他亞洲地區,4,1,3,4,1,3,0,0,0,0,0,0,0,0,0
108,私立,一般大學,1017,實踐大學,學士班(日間),大韓民國(南韓),其他亞洲地區,1,0,1,0,0,0,1,0,1,0,0,0,0,0,0
108,私立,一般大學,1017,實踐大學,學士班(日間),馬來西亞,東協,20,4,16,7,2,5,13,2,11,0,0,0,0,0,0
108,私立,一般大學,1017,實踐大學,學士班(日間),新加坡共和國,東協,1,0,1,1,0,1,0,0,0,0,0,0,0,0,0
108,私立,一般大學,1017,實踐大學,學士班(日間),泰國,東協,1,0,1,0,0,0,1,0,1,0,0,0,0,0,0
108,私立,一般大學,1017,實踐大學,學士班(日間),越南社會主義共和國,東協,2,0,2,2,0,2,0,0,0,0,0,0,0,0,0
108,私立,一般大學,1017,實踐大學,學士班(日間),香港,港澳,23,12,11,0,0,0,0,0,0,23,12,11,0,0,0
108,私立,一般大學,1017,實踐大學,學士班(日間),澳門,港澳,31,13,18,0,0,0,0,0,0,31,13,18,0,0,0
108,私立,一般大學,1017,實踐大學,學士班(日間),馬紹爾群島共和國,其他亞洲地區,1,0,1,1,0,1,0,0,0,0,0,0,0,0,0
108,私立,一般大學,1017,實踐大學,學士班(日間),南非共和國,非洲,1,0,1,0,0,0,1,0,1,0,0,0,0,0,0
108,私立,一般大學,1017,實踐大學,學士班(日間),匈牙利共和國,歐洲,2,1,1,2,1,1,0,0,0,0,0,0,0,0,0
108,私立,一般大學,1017,實踐大學,學士班(日間),荷蘭王國,歐洲,1,0,1,1,0,1,0,0,0,0,0,0,0,0,0
108,私立,一般大學,1017,實踐大學,學士班(日間),德意志聯邦共和國,歐洲,7,5,2,7,5,2,0,0,0,0,0,0,0,0,0
108,私立,一般大學,1017,實踐大學,學士班(日間),墨西哥合眾國,中南美洲,1,1,0,1,1,0,0,0,0,0,0,0,0,0,0
108,私立,一般大學,1017,實踐大學,學士班(日間),美國,北美洲,2,0,2,0,0,0,2,0,2,0,0,0,0,0,0
108,私立,一般大學,1017,實踐大學,學士班(日間),哥倫比亞共和國,中南美洲,2,1,1,2,1,1,0,0,0,0,0,0,0,0,0
108,私立,一般大學,1017,實踐大學,學士班(日間),大陸地區,大陸地區,45,9,36,0,0,0,0,0,0,0,0,0,45,9,36
108,私立,一般大學,1017,實踐大學,碩士班(日間),印度,南亞,1,0,1,1,0,1,0,0,0,0,0,0,0,0,0
108,私立,一般大學,1017,實踐大學,碩士班(日間),印度尼西亞共和國,東協,3,1,2,2,1,1,1,0,1,0,0,0,0,0,0
108,私立,一般大學,1017,實踐大學,碩士班(日間),越南社會主義共和國,東協,1,1,0,1,1,0,0,0,0,0,0,0,0,0,0
108,私立,一般大學,1017,實踐大學,碩士班(日間),澳門,港澳,1,1,0,0,0,0,0,0,0,1,1,0,0,0,0
108,私立,一般大學,1017,實踐大學,碩士班(日間),史瓦帝尼王國,非洲,1,1,0,1,1,0,0,0,0,0,0,0,0,0,0
108,私立,一般大學,1017,實踐大學,碩士班(日間),美國,北美洲,1,0,1,1,0,1,0,0,0,0,0,0,0,0,0
108,私立,一般大學,1017,實踐大學,碩士班(日間),大陸地區,大陸地區,8,5,3,0,0,0,0,0,0,0,0,0,8,5,3
108,私立,一般大學,1017,實踐大學,博士班,大陸地區,大陸地區,1,0,1,0,0,0,0,0,0,0,0,0,1,0,1
108,私立,技專校院,1018,朝陽科技大學,學士班(日間),印度尼西亞共和國,東協,1,0,1,1,0,1,0,0,0,0,0,0,0,0,0
108,私立,技專校院,1018,朝陽科技大學,學士班(日間),日本,其他亞洲地區,1,0,1,1,0,1,0,0,0,0,0,0,0,0,0
108,私立,技專校院,1018,朝陽科技大學,學士班(日間),大韓民國(南韓),其他亞洲地區,1,1,0,1,1,0,0,0,0,0,0,0,0,0,0
108,私立,技專校院,1018,朝陽科技大學,學士班(日間),馬來西亞,東協,15,7,8,13,7,6,2,0,2,0,0,0,0,0,0
108,私立,技專校院,1018,朝陽科技大學,學士班(日間),越南社會主義共和國,東協,12,2,10,11,2,9,1,0,1,0,0,0,0,0,0
108,私立,技專校院,1018,朝陽科技大學,學士班(日間),香港,港澳,29,21,8,0,0,0,0,0,0,29,21,8,0,0,0
108,私立,技專校院,1018,朝陽科技大學,學士班(日間),澳門,港澳,5,1,4,0,0,0,0,0,0,5,1,4,0,0,0
108,私立,技專校院,1018,朝陽科技大學,學士班(日間),大陸地區,大陸地區,42,19,23,0,0,0,0,0,0,0,0,0,42,19,23
108,私立,技專校院,1018,朝陽科技大學,碩士班(日間),緬甸,東協,1,0,1,1,0,1,0,0,0,0,0,0,0,0,0
108,私立,技專校院,1018,朝陽科技大學,碩士班(日間),印度,南亞,1,0,1,1,0,1,0,0,0,0,0,0,0,0,0
108,私立,技專校院,1018,朝陽科技大學,碩士班(日間),馬來西亞,東協,1,1,0,1,1,0,0,0,0,0,0,0,0,0,0
108,私立,技專校院,1018,朝陽科技大學,碩士班(日間),越南社會主義共和國,東協,7,1,6,7,1,6,0,0,0,0,0,0,0,0,0
108,私立,技專校院,1018,朝陽科技大學,碩士班(日間),香港,港澳,1,0,1,0,0,0,0,0,0,1,0,1,0,0,0
108,私立,技專校院,1018,朝陽科技大學,碩士班(日間),大陸地區,大陸地區,2,1,1,0,0,0,0,0,0,0,0,0,2,1,1
108,私立,技專校院,1018,朝陽科技大學,博士班,馬來西亞,東協,1,1,0,1,1,0,0,0,0,0,0,0,0,0,0
108,私立,技專校院,1018,朝陽科技大學,博士班,越南社會主義共和國,東協,1,1,0,1,1,0,0,0,0,0,0,0,0,0,0
108,私立,技專校院,1018,朝陽科技大學,博士班,大陸地區,大陸地區,2,1,1,0,0,0,0,0,0,0,0,0,2,1,1
108,私立,一般大學,1019,高雄醫學大學,學士班(日間),印度尼西亞共和國,東協,2,0,2,0,0,0,2,0,2,0,0,0,0,0,0
108,私立,一般大學,1019,高雄醫學大學,學士班(日間),大韓民國(南韓),其他亞洲地區,1,0,1,0,0,0,1,0,1,0,0,0,0,0,0
108,私立,一般大學,1019,高雄醫學大學,學士班(日間),馬來西亞,東協,28,14,14,4,3,1,24,11,13,0,0,0,0,0,0
108,私立,一般大學,1019,高雄醫學大學,學士班(日間),香港,港澳,9,2,7,0,0,0,0,0,0,9,2,7,0,0,0
108,私立,一般大學,1019,高雄醫學大學,學士班(日間),澳門,港澳,16,13,3,0,0,0,0,0,0,16,13,3,0,0,0
108,私立,一般大學,1019,高雄醫學大學,學士班(日間),諾魯共和國,其他亞洲地區,1,0,1,1,0,1,0,0,0,0,0,0,0,0,0
108,私立,一般大學,1019,高雄醫學大學,學士班(日間),索羅門群島,其他亞洲地區,4,1,3,4,1,3,0,0,0,0,0,0,0,0,0
108,私立,一般大學,1019,高雄醫學大學,學士班(日間),吉里巴斯共和國,其他亞洲地區,1,0,1,1,0,1,0,0,0,0,0,0,0,0,0
108,私立,一般大學,1019,高雄醫學大學,學士班(日間),史瓦帝尼王國,非洲,2,1,1,2,1,1,0,0,0,0,0,0,0,0,0
108,私立,一般大學,1019,高雄醫學大學,學士班(日間),葡萄牙共和國,歐洲,2,1,1,2,1,1,0,0,0,0,0,0,0,0,0
108,私立,一般大學,1019,高雄醫學大學,學士班(日間),德意志聯邦共和國,歐洲,1,1,0,1,1,0,0,0,0,0,0,0,0,0,0
108,私立,一般大學,1019,高雄醫學大學,學士班(日間),瓜地馬拉共和國,中南美洲,2,1,1,2,1,1,0,0,0,0,0,0,0,0,0
108,私立,一般大學,1019,高雄醫學大學,學士班(日間),宏都拉斯共和國,中南美洲,1,0,1,1,0,1,0,0,0,0,0,0,0,0,0
108,私立,一般大學,1019,高雄醫學大學,學士班(日間),貝里斯,中南美洲,3,2,1,3,2,1,0,0,0,0,0,0,0,0,0
108,私立,一般大學,1019,高雄醫學大學,學士班(日間),聖文森(及格瑞那丁),中南美洲,3,0,3,3,0,3,0,0,0,0,0,0,0,0,0
108,私立,一般大學,1019,高雄醫學大學,學士班(日間),美國,北美洲,7,7,0,5,5,0,2,2,0,0,0,0,0,0,0
108,私立,一般大學,1019,高雄醫學大學,學士班(日間),聖露西亞,中南美洲,2,2,0,2,2,0,0,0,0,0,0,0,0,0,0
108,私立,一般大學,1019,高雄醫學大學,學士班(日間),大陸地區,大陸地區,7,0,7,0,0,0,0,0,0,0,0,0,7,0,7
108,私立,一般大學,1019,高雄醫學大學,碩士班(日間),緬甸,東協,1,0,1,1,0,1,0,0,0,0,0,0,0,0,0
108,私立,一般大學,1019,高雄醫學大學,碩士班(日間),印度,南亞,2,0,2,2,0,2,0,0,0,0,0,0,0,0,0
108,私立,一般大學,1019,高雄醫學大學,碩士班(日間),印度尼西亞共和國,東協,1,1,0,1,1,0,0,0,0,0,0,0,0,0,0
108,私立,一般大學,1019,高雄醫學大學,碩士班(日間),馬來西亞,東協,1,1,0,0,0,0,1,1,0,0,0,0,0,0,0
108,私立,一般大學,1019,高雄醫學大學,碩士班(日間),越南社會主義共和國,東協,6,1,5,6,1,5,0,0,0,0,0,0,0,0,0
108,私立,一般大學,1019,高雄醫學大學,碩士班(日間),澳門,港澳,1,1,0,0,0,0,0,0,0,1,1,0,0,0,0
108,私立,一般大學,1019,高雄醫學大學,碩士班(日間),蒙古國,其他亞洲地區,1,0,1,1,0,1,0,0,0,0,0,0,0,0,0
108,私立,一般大學,1019,高雄醫學大學,碩士班(日間),馬拉威共和國,非洲,2,1,1,2,1,1,0,0,0,0,0,0,0,0,0
108,私立,一般大學,1019,高雄醫學大學,碩士班(日間),史瓦帝尼王國,非洲,3,1,2,3,1,2,0,0,0,0,0,0,0,0,0
108,私立,一般大學,1019,高雄醫學大學,碩士班(日間),海地共和國,中南美洲,1,0,1,1,0,1,0,0,0,0,0,0,0,0,0
108,私立,一般大學,1019,高雄醫學大學,碩士班(日間),宏都拉斯共和國,中南美洲,1,0,1,1,0,1,0,0,0,0,0,0,0,0,0
108,私立,一般大學,1019,高雄醫學大學,碩士班(日間),貝里斯,中南美洲,1,0,1,1,0,1,0,0,0,0,0,0,0,0,0
108,私立,一般大學,1019,高雄醫學大學,碩士班(日間),聖文森(及格瑞那丁),中南美洲,1,0,1,1,0,1,0,0,0,0,0,0,0,0,0
108,私立,一般大學,1019,高雄醫學大學,碩士班(日間),美國,北美洲,1,1,0,0,0,0,1,1,0,0,0,0,0,0,0
108,私立,一般大學,1019,高雄醫學大學,碩士班(日間),聖露西亞,中南美洲,2,0,2,2,0,2,0,0,0,0,0,0,0,0,0
108,私立,一般大學,1019,高雄醫學大學,博士班,印度,南亞,4,4,0,4,4,0,0,0,0,0,0,0,0,0,0
108,私立,一般大學,1019,高雄醫學大學,博士班,馬來西亞,東協,1,1,0,0,0,0,1,1,0,0,0,0,0,0,0
108,私立,一般大學,1020,南華大學,學士班(日間),印度尼西亞共和國,東協,2,2,0,2,2,0,0,0,0,0,0,0,0,0,0
108,私立,一般大學,1020,南華大學,學士班(日間),日本,其他亞洲地區,2,0,2,2,0,2,0,0,0,0,0,0,0,0,0
108,私立,一般大學,1020,南華大學,學士班(日間),馬來西亞,東協,16,10,6,10,6,4,6,4,2,0,0,0,0,0,0
108,私立,一般大學,1020,南華大學,學士班(日間),越南社會主義共和國,東協,5,2,3,5,2,3,0,0,0,0,0,0,0,0,0
108,私立,一般大學,1020,南華大學,學士班(日間),香港,港澳,4,3,1,0,0,0,0,0,0,4,3,1,0,0,0
108,私立,一般大學,1020,南華大學,學士班(日間),澳門,港澳,4,1,3,0,0,0,0,0,0,4,1,3,0,0,0
108,私立,一般大學,1020,南華大學,學士班(日間),蒙古國,其他亞洲地區,11,6,5,11,6,5,0,0,0,0,0,0,0,0,0
108,私立,一般大學,1020,南華大學,學士班(日間),巴西聯邦共和國,中南美洲,7,7,0,7,7,0,0,0,0,0,0,0,0,0,0
108,私立,一般大學,1020,南華大學,碩士班(日間),孟加拉人民共和國,南亞,1,1,0,1,1,0,0,0,0,0,0,0,0,0,0
108,私立,一般大學,1020,南華大學,碩士班(日間),柬埔寨王國,東協,7,4,3,7,4,3,0,0,0,0,0,0,0,0,0
108,私立,一般大學,1020,南華大學,碩士班(日間),印度,南亞,5,5,0,5,5,0,0,0,0,0,0,0,0,0,0
108,私立,一般大學,1020,南華大學,碩士班(日間),印度尼西亞共和國,東協,1,0,1,1,0,1,0,0,0,0,0,0,0,0,0
108,私立,一般大學,1020,南華大學,碩士班(日間),馬來西亞,東協,5,1,4,2,1,1,3,0,3,0,0,0,0,0,0
108,私立,一般大學,1020,南華大學,碩士班(日間),越南社會主義共和國,東協,12,5,7,12,5,7,0,0,0,0,0,0,0,0,0
108,私立,一般大學,1020,南華大學,碩士班(日間),澳門,港澳,1,0,1,0,0,0,0,0,0,1,0,1,0,0,0
108,私立,一般大學,1020,南華大學,碩士班(日間),蒙古國,其他亞洲地區,29,10,19,29,10,19,0,0,0,0,0,0,0,0,0
108,私立,一般大學,1020,南華大學,碩士班(日間),吉爾吉斯,其他亞洲地區,1,1,0,1,1,0,0,0,0,0,0,0,0,0,0
108,私立,一般大學,1020,南華大學,博士班,越南社會主義共和國,東協,2,1,1,2,1,1,0,0,0,0,0,0,0,0,0
108,私立,一般大學,1021,真理大學,學士班(日間),日本,其他亞洲地區,6,2,4,5,2,3,1,0,1,0,0,0,0,0,0
108,私立,一般大學,1021,真理大學,學士班(日間),馬來西亞,東協,2,1,1,0,0,0,2,1,1,0,0,0,0,0,0
108,私立,一般大學,1021,真理大學,學士班(日間),香港,港澳,11,8,3,0,0,0,0,0,0,11,8,3,0,0,0
108,私立,一般大學,1021,真理大學,學士班(日間),澳門,港澳,1,1,0,0,0,0,0,0,0,1,1,0,0,0,0
108,私立,一般大學,1021,真理大學,學士班(日間),美國,北美洲,1,0,1,1,0,1,0,0,0,0,0,0,0,0,0
108,私立,一般大學,1021,真理大學,學士班(日間),大陸地區,大陸地區,1,0,1,0,0,0,0,0,0,0,0,0,1,0,1
108,私立,一般大學,1021,真理大學,碩士班(日間),菲律賓共和國,東協,1,0,1,1,0,1,0,0,0,0,0,0,0,0,0
108,私立,一般大學,1021,真理大學,碩士班(日間),越南社會主義共和國,東協,1,1,0,1,1,0,0,0,0,0,0,0,0,0,0
108,私立,一般大學,1022,大同大學,學士班(日間),馬來西亞,東協,1,1,0,0,0,0,1,1,0,0,0,0,0,0,0
108,私立,一般大學,1022,大同大學,學士班(日間),香港,港澳,7,6,1,0,0,0,0,0,0,7,6,1,0,0,0
108,私立,一般大學,1022,大同大學,學士班(日間),澳門,港澳,1,1,0,0,0,0,0,0,0,1,1,0,0,0,0
108,私立,一般大學,1022,大同大學,學士班(日間),大陸地區,大陸地區,20,15,5,0,0,0,0,0,0,0,0,0,20,15,5
108,私立,一般大學,1022,大同大學,碩士班(日間),日本,其他亞洲地區,1,1,0,1,1,0,0,0,0,0,0,0,0,0,0
108,私立,一般大學,1022,大同大學,碩士班(日間),德意志聯邦共和國,歐洲,3,2,1,3,2,1,0,0,0,0,0,0,0,0,0
108,私立,一般大學,1022,大同大學,碩士班(日間),大陸地區,大陸地區,4,3,1,0,0,0,0,0,0,0,0,0,4,3,1
108,私立,一般大學,1022,大同大學,博士班,大陸地區,大陸地區,1,0,1,0,0,0,0,0,0,0,0,0,1,0,1
108,私立,技專校院,1023,南臺學校財團法人南臺科技大學,學士班(日間),印度尼西亞共和國,東協,1,0,1,1,0,1,0,0,0,0,0,0,0,0,0
108,私立,技專校院,1023,南臺學校財團法人南臺科技大學,學士班(日間),馬來西亞,東協,22,15,7,14,9,5,8,6,2,0,0,0,0,0,0
108,私立,技專校院,1023,南臺學校財團法人南臺科技大學,學士班(日間),越南社會主義共和國,東協,3,0,3,3,0,3,0,0,0,0,0,0,0,0,0
108,私立,技專校院,1023,南臺學校財團法人南臺科技大學,學士班(日間),香港,港澳,14,7,7,0,0,0,0,0,0,14,7,7,0,0,0
108,私立,技專校院,1023,南臺學校財團法人南臺科技大學,學士班(日間),澳門,港澳,2,2,0,0,0,0,0,0,0,2,2,0,0,0,0
108,私立,技專校院,1023,南臺學校財團法人南臺科技大學,學士班(日間),蒙古國,其他亞洲地區,2,1,1,2,1,1,0,0,0,0,0,0,0,0,0
108,私立,技專校院,1023,南臺學校財團法人南臺科技大學,學士班(日間),摩洛哥王國,非洲,1,1,0,1,1,0,0,0,0,0,0,0,0,0,0
108,私立,技專校院,1023,南臺學校財團法人南臺科技大學,學士班(日間),史瓦帝尼王國,非洲,1,1,0,1,1,0,0,0,0,0,0,0,0,0,0
108,私立,技專校院,1023,南臺學校財團法人南臺科技大學,學士班(日間),瑞典王國,歐洲,1,0,1,1,0,1,0,0,0,0,0,0,0,0,0
108,私立,技專校院,1023,南臺學校財團法人南臺科技大學,學士班(日間),加拿大,北美洲,1,1,0,1,1,0,0,0,0,0,0,0,0,0,0
108,私立,技專校院,1023,南臺學校財團法人南臺科技大學,學士班(日間),海地共和國,中南美洲,1,1,0,1,1,0,0,0,0,0,0,0,0,0,0
108,私立,技專校院,1023,南臺學校財團法人南臺科技大學,學士班(日間),宏都拉斯共和國,中南美洲,1,1,0,1,1,0,0,0,0,0,0,0,0,0,0
108,私立,技專校院,1023,南臺學校財團法人南臺科技大學,學士班(日間),巴拿馬共和國,中南美洲,2,0,2,1,0,1,1,0,1,0,0,0,0,0,0
108,私立,技專校院,1023,南臺學校財團法人南臺科技大學,學士班(日間),美國,北美洲,1,1,0,0,0,0,1,1,0,0,0,0,0,0,0
108,私立,技專校院,1023,南臺學校財團法人南臺科技大學,學士班(日間),大陸地區,大陸地區,17,14,3,0,0,0,0,0,0,0,0,0,17,14,3
108,私立,技專校院,1023,南臺學校財團法人南臺科技大學,碩士班(日間),印度,南亞,3,3,0,3,3,0,0,0,0,0,0,0,0,0,0
108,私立,技專校院,1023,南臺學校財團法人南臺科技大學,碩士班(日間),馬來西亞,東協,4,2,2,4,2,2,0,0,0,0,0,0,0,0,0
108,私立,技專校院,1023,南臺學校財團法人南臺科技大學,碩士班(日間),土耳其共和國,其他亞洲地區,1,1,0,1,1,0,0,0,0,0,0,0,0,0,0
108,私立,技專校院,1023,南臺學校財團法人南臺科技大學,碩士班(日間),越南社會主義共和國,東協,9,3,6,9,3,6,0,0,0,0,0,0,0,0,0
108,私立,技專校院,1023,南臺學校財團法人南臺科技大學,碩士班(日間),香港,港澳,1,0,1,0,0,0,0,0,0,1,0,1,0,0,0
108,私立,技專校院,1023,南臺學校財團法人南臺科技大學,碩士班(日間),蒙古國,其他亞洲地區,4,0,4,4,0,4,0,0,0,0,0,0,0,0,0
108,私立,技專校院,1023,南臺學校財團法人南臺科技大學,碩士班(日間),俄羅斯聯邦,其他亞洲地區,2,1,1,2,1,1,0,0,0,0,0,0,0,0,0
108,私立,技專校院,1023,南臺學校財團法人南臺科技大學,碩士班(日間),史瓦帝尼王國,非洲,1,1,0,1,1,0,0,0,0,0,0,0,0,0,0
108,私立,技專校院,1023,南臺學校財團法人南臺科技大學,碩士班(日間),奧地利共和國,歐洲,3,2,1,3,2,1,0,0,0,0,0,0,0,0,0
108,私立,技專校院,1023,南臺學校財團法人南臺科技大學,碩士班(日間),捷克共和國,歐洲,1,0,1,1,0,1,0,0,0,0,0,0,0,0,0
108,私立,技專校院,1023,南臺學校財團法人南臺科技大學,碩士班(日間),法國,歐洲,6,2,4,6,2,4,0,0,0,0,0,0,0,0,0
108,私立,技專校院,1023,南臺學校財團法人南臺科技大學,碩士班(日間),大陸地區,大陸地區,3,2,1,0,0,0,0,0,0,0,0,0,3,2,1
108,私立,技專校院,1023,南臺學校財團法人南臺科技大學,博士班,印度尼西亞共和國,東協,1,1,0,1,1,0,0,0,0,0,0,0,0,0,0
108,私立,技專校院,1023,南臺學校財團法人南臺科技大學,博士班,伊拉克共和國,其他亞洲地區,1,1,0,1,1,0,0,0,0,0,0,0,0,0,0
108,私立,技專校院,1023,南臺學校財團法人南臺科技大學,博士班,泰國,東協,1,1,0,1,1,0,0,0,0,0,0,0,0,0,0
108,私立,技專校院,1023,南臺學校財團法人南臺科技大學,博士班,越南社會主義共和國,東協,1,1,0,1,1,0,0,0,0,0,0,0,0,0,0
108,私立,技專校院,1023,南臺學校財團法人南臺科技大學,博士班,埃及阿拉伯共和國,非洲,1,1,0,1,1,0,0,0,0,0,0,0,0,0,0
108,私立,技專校院,1024,崑山科技大學,學士班(日間),印度尼西亞共和國,東協,1,0,1,1,0,1,0,0,0,0,0,0,0,0,0
108,私立,技專校院,1024,崑山科技大學,學士班(日間),日本,其他亞洲地區,3,1,2,3,1,2,0,0,0,0,0,0,0,0,0
108,私立,技專校院,1024,崑山科技大學,學士班(日間),馬來西亞,東協,5,3,2,5,3,2,0,0,0,0,0,0,0,0,0
108,私立,技專校院,1024,崑山科技大學,學士班(日間),香港,港澳,8,7,1,0,0,0,0,0,0,8,7,1,0,0,0
108,私立,技專校院,1024,崑山科技大學,學士班(日間),澳門,港澳,1,0,1,0,0,0,0,0,0,1,0,1,0,0,0
108,私立,技專校院,1024,崑山科技大學,學士班(日間),蒙古國,其他亞洲地區,1,1,0,1,1,0,0,0,0,0,0,0,0,0,0
108,私立,技專校院,1024,崑山科技大學,學士班(日間),巴布亞紐幾內亞獨立國,其他亞洲地區,1,0,1,1,0,1,0,0,0,0,0,0,0,0,0
108,私立,技專校院,1024,崑山科技大學,學士班(日間),帛琉共和國,其他亞洲地區,1,1,0,1,1,0,0,0,0,0,0,0,0,0,0
108,私立,技專校院,1024,崑山科技大學,學士班(日間),薩爾瓦多,中南美洲,1,1,0,1,1,0,0,0,0,0,0,0,0,0,0
108,私立,技專校院,1024,崑山科技大學,學士班(日間),宏都拉斯共和國,中南美洲,1,0,1,1,0,1,0,0,0,0,0,0,0,0,0
108,私立,技專校院,1024,崑山科技大學,學士班(日間),巴拿馬共和國,中南美洲,1,1,0,1,1,0,0,0,0,0,0,0,0,0,0
108,私立,技專校院,1024,崑山科技大學,學士班(日間),貝里斯,中南美洲,3,1,2,3,1,2,0,0,0,0,0,0,0,0,0
108,私立,技專校院,1024,崑山科技大學,學士班(日間),聖露西亞,中南美洲,1,1,0,1,1,0,0,0,0,0,0,0,0,0,0
108,私立,技專校院,1024,崑山科技大學,學士班(日間),巴拉圭,中南美洲,1,0,1,1,0,1,0,0,0,0,0,0,0,0,0
108,私立,技專校院,1024,崑山科技大學,學士班(日間),聖克里斯多福及尼維斯,中南美洲,1,1,0,1,1,0,0,0,0,0,0,0,0,0,0
108,私立,技專校院,1024,崑山科技大學,學士班(日間),大陸地區,大陸地區,9,5,4,0,0,0,0,0,0,0,0,0,9,5,4
108,私立,技專校院,1024,崑山科技大學,碩士班(日間),印度尼西亞共和國,東協,1,1,0,1,1,0,0,0,0,0,0,0,0,0,0
108,私立,技專校院,1024,崑山科技大學,碩士班(日間),大韓民國(南韓),其他亞洲地區,1,1,0,1,1,0,0,0,0,0,0,0,0,0,0
108,私立,技專校院,1024,崑山科技大學,碩士班(日間),薩爾瓦多,中南美洲,1,1,0,1,1,0,0,0,0,0,0,0,0,0,0
108,私立,技專校院,1024,崑山科技大學,碩士班(日間),宏都拉斯共和國,中南美洲,1,1,0,1,1,0,0,0,0,0,0,0,0,0,0
108,私立,技專校院,1024,崑山科技大學,碩士班(日間),尼加拉瓜,中南美洲,1,1,0,1,1,0,0,0,0,0,0,0,0,0,0
108,私立,技專校院,1024,崑山科技大學,碩士班(日間),巴拿馬共和國,中南美洲,1,0,1,1,0,1,0,0,0,0,0,0,0,0,0
108,私立,技專校院,1024,崑山科技大學,碩士班(日間),厄瓜多共和國,中南美洲,1,1,0,1,1,0,0,0,0,0,0,0,0,0,0
108,私立,技專校院,1024,崑山科技大學,博士班,印度,南亞,1,1,0,1,1,0,0,0,0,0,0,0,0,0,0
108,私立,技專校院,1025,嘉藥學校財團法人嘉南藥理大學,學士班(日間),馬來西亞,東協,3,1,2,0,0,0,3,1,2,0,0,0,0,0,0
108,私立,技專校院,1025,嘉藥學校財團法人嘉南藥理大學,學士班(日間),香港,港澳,8,3,5,0,0,0,0,0,0,8,3,5,0,0,0
108,私立,技專校院,1025,嘉藥學校財團法人嘉南藥理大學,學士班(日間),巴拉圭,中南美洲,1,1,0,0,0,0,1,1,0,0,0,0,0,0,0
108,私立,技專校院,1025,嘉藥學校財團法人嘉南藥理大學,碩士班(日間),泰國,東協,5,1,4,5,1,4,0,0,0,0,0,0,0,0,0
108,私立,技專校院,1026,樹德科技大學,學士班(日間),印度尼西亞共和國,東協,5,2,3,3,1,2,2,1,1,0,0,0,0,0,0
108,私立,技專校院,1026,樹德科技大學,學士班(日間),日本,其他亞洲地區,3,1,2,3,1,2,0,0,0,0,0,0,0,0,0
108,私立,技專校院,1026,樹德科技大學,學士班(日間),馬來西亞,東協,27,11,16,17,9,8,10,2,8,0,0,0,0,0,0
108,私立,技專校院,1026,樹德科技大學,學士班(日間),香港,港澳,26,9,17,0,0,0,0,0,0,26,9,17,0,0,0
108,私立,技專校院,1026,樹德科技大學,學士班(日間),澳門,港澳,4,2,2,0,0,0,0,0,0,4,2,2,0,0,0
108,私立,技專校院,1026,樹德科技大學,學士班(日間),大陸地區,大陸地區,40,12,28,0,0,0,0,0,0,0,0,0,40,12,28
108,私立,技專校院,1026,樹德科技大學,碩士班(日間),馬來西亞,東協,1,1,0,1,1,0,0,0,0,0,0,0,0,0,0
108,私立,技專校院,1026,樹德科技大學,碩士班(日間),越南社會主義共和國,東協,1,1,0,1,1,0,0,0,0,0,0,0,0,0,0
108,私立,技專校院,1026,樹德科技大學,碩士班(日間),大陸地區,大陸地區,2,1,1,0,0,0,0,0,0,0,0,0,2,1,1
108,私立,一般大學,1027,慈濟學校財團法人慈濟大學,學士班(日間),印度尼西亞共和國,東協,7,2,5,7,2,5,0,0,0,0,0,0,0,0,0
108,私立,一般大學,1027,慈濟學校財團法人慈濟大學,學士班(日間),大韓民國(南韓),其他亞洲地區,3,1,2,3,1,2,0,0,0,0,0,0,0,0,0
108,私立,一般大學,1027,慈濟學校財團法人慈濟大學,學士班(日間),馬來西亞,東協,43,8,35,29,5,24,14,3,11,0,0,0,0,0,0
108,私立,一般大學,1027,慈濟學校財團法人慈濟大學,學士班(日間),泰國,東協,3,1,2,3,1,2,0,0,0,0,0,0,0,0,0
108,私立,一般大學,1027,慈濟學校財團法人慈濟大學,學士班(日間),香港,港澳,5,1,4,0,0,0,0,0,0,5,1,4,0,0,0
108,私立,一般大學,1027,慈濟學校財團法人慈濟大學,學士班(日間),澳門,港澳,9,5,4,0,0,0,0,0,0,9,5,4,0,0,0
108,私立,一般大學,1027,慈濟學校財團法人慈濟大學,學士班(日間),大陸地區,大陸地區,3,1,2,0,0,0,0,0,0,0,0,0,3,1,2
108,私立,一般大學,1027,慈濟學校財團法人慈濟大學,碩士班(日間),孟加拉人民共和國,南亞,1,1,0,1,1,0,0,0,0,0,0,0,0,0,0
108,私立,一般大學,1027,慈濟學校財團法人慈濟大學,碩士班(日間),印度尼西亞共和國,東協,5,2,3,4,2,2,1,0,1,0,0,0,0,0,0
108,私立,一般大學,1027,慈濟學校財團法人慈濟大學,碩士班(日間),大韓民國(南韓),其他亞洲地區,1,0,1,1,0,1,0,0,0,0,0,0,0,0,0
108,私立,一般大學,1027,慈濟學校財團法人慈濟大學,碩士班(日間),馬來西亞,東協,8,2,6,8,2,6,0,0,0,0,0,0,0,0,0
108,私立,一般大學,1027,慈濟學校財團法人慈濟大學,碩士班(日間),泰國,東協,1,1,0,1,1,0,0,0,0,0,0,0,0,0,0
108,私立,一般大學,1027,慈濟學校財團法人慈濟大學,碩士班(日間),澳門,港澳,1,0,1,0,0,0,0,0,0,1,0,1,0,0,0
108,私立,一般大學,1027,慈濟學校財團法人慈濟大學,碩士班(日間),蒙古國,其他亞洲地區,1,0,1,1,0,1,0,0,0,0,0,0,0,0,0
108,私立,一般大學,1027,慈濟學校財團法人慈濟大學,碩士班(日間),大陸地區,大陸地區,1,0,1,0,0,0,0,0,0,0,0,0,1,0,1
108,私立,一般大學,1027,慈濟學校財團法人慈濟大學,博士班,印度尼西亞共和國,東協,2,0,2,2,0,2,0,0,0,0,0,0,0,0,0
108,私立,一般大學,1027,慈濟學校財團法人慈濟大學,博士班,馬來西亞,東協,1,1,0,1,1,0,0,0,0,0,0,0,0,0,0
108,私立,一般大學,1027,慈濟學校財團法人慈濟大學,博士班,尼泊爾聯邦民主共和國,南亞,1,1,0,1,1,0,0,0,0,0,0,0,0,0,0
108,私立,一般大學,1027,慈濟學校財團法人慈濟大學,博士班,越南社會主義共和國,東協,1,1,0,1,1,0,0,0,0,0,0,0,0,0,0
108,私立,一般大學,1028,臺北醫學大學,學士班(日間),印度尼西亞共和國,東協,3,2,1,0,0,0,3,2,1,0,0,0,0,0,0
108,私立,一般大學,1028,臺北醫學大學,學士班(日間),日本,其他亞洲地區,2,0,2,2,0,2,0,0,0,0,0,0,0,0,0
108,私立,一般大學,1028,臺北醫學大學,學士班(日間),大韓民國(南韓),其他亞洲地區,3,0,3,1,0,1,2,0,2,0,0,0,0,0,0
108,私立,一般大學,1028,臺北醫學大學,學士班(日間),馬來西亞,東協,30,7,23,4,0,4,26,7,19,0,0,0,0,0,0
108,私立,一般大學,1028,臺北醫學大學,學士班(日間),新加坡共和國,東協,2,0,2,0,0,0,2,0,2,0,0,0,0,0,0
108,私立,一般大學,1028,臺北醫學大學,學士班(日間),泰國,東協,2,0,2,1,0,1,1,0,1,0,0,0,0,0,0
108,私立,一般大學,1028,臺北醫學大學,學士班(日間),越南社會主義共和國,東協,1,0,1,0,0,0,1,0,1,0,0,0,0,0,0
108,私立,一般大學,1028,臺北醫學大學,學士班(日間),香港,港澳,15,8,7,0,0,0,0,0,0,15,8,7,0,0,0
108,私立,一般大學,1028,臺北醫學大學,學士班(日間),澳門,港澳,9,5,4,0,0,0,0,0,0,9,5,4,0,0,0
108,私立,一般大學,1028,臺北醫學大學,學士班(日間),美國,北美洲,8,4,4,3,2,1,5,2,3,0,0,0,0,0,0
108,私立,一般大學,1028,臺北醫學大學,學士班(日間),大陸地區,大陸地區,18,6,12,0,0,0,0,0,0,0,0,0,18,6,12
108,私立,一般大學,1028,臺北醫學大學,碩士班(日間),印度,南亞,3,0,3,3,0,3,0,0,0,0,0,0,0,0,0
108,私立,一般大學,1028,臺北醫學大學,碩士班(日間),印度尼西亞共和國,東協,16,8,8,16,8,8,0,0,0,0,0,0,0,0,0
108,私立,一般大學,1028,臺北醫學大學,碩士班(日間),馬來西亞,東協,1,0,1,0,0,0,1,0,1,0,0,0,0,0,0
108,私立,一般大學,1028,臺北醫學大學,碩士班(日間),新加坡共和國,東協,2,0,2,2,0,2,0,0,0,0,0,0,0,0,0
108,私立,一般大學,1028,臺北醫學大學,碩士班(日間),越南社會主義共和國,東協,10,3,7,10,3,7,0,0,0,0,0,0,0,0,0
108,私立,一般大學,1028,臺北醫學大學,碩士班(日間),葉門共和國,其他亞洲地區,1,0,1,1,0,1,0,0,0,0,0,0,0,0,0
108,私立,一般大學,1028,臺北醫學大學,碩士班(日間),香港,港澳,3,1,2,0,0,0,0,0,0,3,1,2,0,0,0
108,私立,一般大學,1028,臺北醫學大學,碩士班(日間),蒙古國,其他亞洲地區,3,1,2,3,1,2,0,0,0,0,0,0,0,0,0
108,私立,一般大學,1028,臺北醫學大學,碩士班(日間),馬拉威共和國,非洲,3,3,0,3,3,0,0,0,0,0,0,0,0,0,0
108,私立,一般大學,1028,臺北醫學大學,碩士班(日間),索馬利蘭共和國,非洲,1,1,0,1,1,0,0,0,0,0,0,0,0,0,0
108,私立,一般大學,1028,臺北醫學大學,碩士班(日間),史瓦帝尼王國,非洲,2,2,0,2,2,0,0,0,0,0,0,0,0,0,0
108,私立,一般大學,1028,臺北醫學大學,碩士班(日間),加拿大,北美洲,1,1,0,0,0,0,1,1,0,0,0,0,0,0,0
108,私立,一般大學,1028,臺北醫學大學,碩士班(日間),海地共和國,中南美洲,1,0,1,1,0,1,0,0,0,0,0,0,0,0,0
108,私立,一般大學,1028,臺北醫學大學,碩士班(日間),宏都拉斯共和國,中南美洲,1,1,0,1,1,0,0,0,0,0,0,0,0,0,0
108,私立,一般大學,1028,臺北醫學大學,碩士班(日間),尼加拉瓜,中南美洲,1,0,1,1,0,1,0,0,0,0,0,0,0,0,0
108,私立,一般大學,1028,臺北醫學大學,碩士班(日間),貝里斯,中南美洲,1,0,1,1,0,1,0,0,0,0,0,0,0,0,0
108,私立,一般大學,1028,臺北醫學大學,碩士班(日間),美國,北美洲,2,2,0,2,2,0,0,0,0,0,0,0,0,0,0
108,私立,一般大學,1028,臺北醫學大學,碩士班(日間),大陸地區,大陸地區,1,0,1,0,0,0,0,0,0,0,0,0,1,0,1
108,私立,一般大學,1028,臺北醫學大學,博士班,印度,南亞,3,2,1,3,2,1,0,0,0,0,0,0,0,0,0
108,私立,一般大學,1028,臺北醫學大學,博士班,印度尼西亞共和國,東協,8,5,3,8,5,3,0,0,0,0,0,0,0,0,0
108,私立,一般大學,1028,臺北醫學大學,博士班,約旦哈什米王國,其他亞洲地區,1,1,0,1,1,0,0,0,0,0,0,0,0,0,0
108,私立,一般大學,1028,臺北醫學大學,博士班,泰國,東協,1,0,1,1,0,1,0,0,0,0,0,0,0,0,0
108,私立,一般大學,1028,臺北醫學大學,博士班,越南社會主義共和國,東協,1,1,0,1,1,0,0,0,0,0,0,0,0,0,0
108,私立,一般大學,1028,臺北醫學大學,博士班,蒙古國,其他亞洲地區,1,1,0,1,1,0,0,0,0,0,0,0,0,0,0
108,私立,一般大學,1028,臺北醫學大學,博士班,甘比亞共和國,非洲,1,1,0,1,1,0,0,0,0,0,0,0,0,0,0
108,私立,一般大學,1028,臺北醫學大學,博士班,馬拉威共和國,非洲,2,0,2,2,0,2,0,0,0,0,0,0,0,0,0
108,私立,一般大學,1028,臺北醫學大學,博士班,布吉納法索,非洲,1,1,0,1,1,0,0,0,0,0,0,0,0,0,0
108,私立,一般大學,1029,中山醫學大學,學士班(日間),印度尼西亞共和國,東協,1,0,1,0,0,0,1,0,1,0,0,0,0,0,0
108,私立,一般大學,1029,中山醫學大學,學士班(日間),馬來西亞,東協,22,4,18,0,0,0,22,4,18,0,0,0,0,0,0
108,私立,一般大學,1029,中山醫學大學,學士班(日間),新加坡共和國,東協,1,1,0,0,0,0,1,1,0,0,0,0,0,0,0
108,私立,一般大學,1029,中山醫學大學,學士班(日間),香港,港澳,5,2,3,0,0,0,0,0,0,5,2,3,0,0,0
108,私立,一般大學,1029,中山醫學大學,學士班(日間),澳門,港澳,22,8,14,0,0,0,0,0,0,22,8,14,0,0,0
108,私立,一般大學,1029,中山醫學大學,學士班(日間),美國,北美洲,1,0,1,0,0,0,1,0,1,0,0,0,0,0,0
108,私立,一般大學,1029,中山醫學大學,學士班(日間),大陸地區,大陸地區,9,4,5,0,0,0,0,0,0,0,0,0,9,4,5
108,私立,一般大學,1029,中山醫學大學,碩士班(日間),馬來西亞,東協,4,2,2,0,0,0,4,2,2,0,0,0,0,0,0
108,私立,一般大學,1029,中山醫學大學,碩士班(日間),史瓦帝尼王國,非洲,1,0,1,1,0,1,0,0,0,0,0,0,0,0,0
108,私立,一般大學,1029,中山醫學大學,碩士班(日間),大陸地區,大陸地區,2,0,2,0,0,0,0,0,0,0,0,0,2,0,2
108,私立,一般大學,1029,中山醫學大學,博士班,馬來西亞,東協,2,2,0,0,0,0,2,2,0,0,0,0,0,0,0
108,私立,一般大學,1029,中山醫學大學,博士班,加拿大,北美洲,1,1,0,0,0,0,1,1,0,0,0,0,0,0,0
108,私立,技專校院,1030,龍華科技大學,學士班(日間),印度尼西亞共和國,東協,1,1,0,1,1,0,0,0,0,0,0,0,0,0,0
108,私立,技專校院,1030,龍華科技大學,學士班(日間),馬來西亞,東協,25,24,1,25,24,1,0,0,0,0,0,0,0,0,0
108,私立,技專校院,1030,龍華科技大學,學士班(日間),越南社會主義共和國,東協,54,22,32,53,22,31,1,0,1,0,0,0,0,0,0
108,私立,技專校院,1030,龍華科技大學,學士班(日間),香港,港澳,5,3,2,0,0,0,0,0,0,5,3,2,0,0,0
108,私立,技專校院,1030,龍華科技大學,學士班(日間),大陸地區,大陸地區,13,8,5,0,0,0,0,0,0,0,0,0,13,8,5
108,私立,技專校院,1030,龍華科技大學,碩士班(日間),越南社會主義共和國,東協,6,3,3,6,3,3,0,0,0,0,0,0,0,0,0
108,私立,技專校院,1030,龍華科技大學,碩士班(日間),香港,港澳,1,0,1,0,0,0,0,0,0,1,0,1,0,0,0
108,私立,技專校院,1031,輔英科技大學,學士班(日間),香港,港澳,2,1,1,0,0,0,0,0,0,2,1,1,0,0,0
108,私立,技專校院,1031,輔英科技大學,學士班(日間),澳門,港澳,7,5,2,0,0,0,0,0,0,7,5,2,0,0,0
108,私立,技專校院,1031,輔英科技大學,學士班(日間),馬拉威共和國,非洲,1,0,1,1,0,1,0,0,0,0,0,0,0,0,0
108,私立,技專校院,1031,輔英科技大學,碩士班(日間),越南社會主義共和國,東協,1,1,0,1,1,0,0,0,0,0,0,0,0,0,0
108,私立,技專校院,1032,明新學校財團法人明新科技大學,學士班(日間),印度尼西亞共和國,東協,1,0,1,0,0,0,1,0,1,0,0,0,0,0,0
108,私立,技專校院,1032,明新學校財團法人明新科技大學,學士班(日間),日本,其他亞洲地區,1,1,0,1,1,0,0,0,0,0,0,0,0,0,0
108,私立,技專校院,1032,明新學校財團法人明新科技大學,學士班(日間),大韓民國(南韓),其他亞洲地區,3,0,3,3,0,3,0,0,0,0,0,0,0,0,0
108,私立,技專校院,1032,明新學校財團法人明新科技大學,學士班(日間),馬來西亞,東協,3,3,0,2,2,0,1,1,0,0,0,0,0,0,0
108,私立,技專校院,1032,明新學校財團法人明新科技大學,學士班(日間),菲律賓共和國,東協,11,10,1,11,10,1,0,0,0,0,0,0,0,0,0
108,私立,技專校院,1032,明新學校財團法人明新科技大學,學士班(日間),新加坡共和國,東協,1,1,0,0,0,0,1,1,0,0,0,0,0,0,0
108,私立,技專校院,1032,明新學校財團法人明新科技大學,學士班(日間),越南社會主義共和國,東協,1,0,1,1,0,1,0,0,0,0,0,0,0,0,0
108,私立,技專校院,1032,明新學校財團法人明新科技大學,學士班(日間),香港,港澳,3,2,1,0,0,0,0,0,0,3,2,1,0,0,0
108,私立,技專校院,1032,明新學校財團法人明新科技大學,碩士班(日間),越南社會主義共和國,東協,7,1,6,7,1,6,0,0,0,0,0,0,0,0,0
108,私立,一般大學,1033,長榮大學,學士班(日間),緬甸,東協,1,1,0,0,0,0,1,1,0,0,0,0,0,0,0
108,私立,一般大學,1033,長榮大學,學士班(日間),印度尼西亞共和國,東協,1,0,1,1,0,1,0,0,0,0,0,0,0,0,0
108,私立,一般大學,1033,長榮大學,學士班(日間),日本,其他亞洲地區,1,1,0,1,1,0,0,0,0,0,0,0,0,0,0
108,私立,一般大學,1033,長榮大學,學士班(日間),大韓民國(南韓),其他亞洲地區,1,1,0,1,1,0,0,0,0,0,0,0,0,0,0
108,私立,一般大學,1033,長榮大學,學士班(日間),馬來西亞,東協,31,14,17,6,2,4,25,12,13,0,0,0,0,0,0
108,私立,一般大學,1033,長榮大學,學士班(日間),香港,港澳,18,8,10,0,0,0,0,0,0,18,8,10,0,0,0
108,私立,一般大學,1033,長榮大學,學士班(日間),澳門,港澳,12,8,4,0,0,0,0,0,0,12,8,4,0,0,0
108,私立,一般大學,1033,長榮大學,學士班(日間),南非共和國,非洲,1,0,1,0,0,0,1,0,1,0,0,0,0,0,0
108,私立,一般大學,1033,長榮大學,學士班(日間),美國,北美洲,1,0,1,1,0,1,0,0,0,0,0,0,0,0,0
108,私立,一般大學,1033,長榮大學,學士班(日間),大陸地區,大陸地區,4,1,3,0,0,0,0,0,0,0,0,0,4,1,3
108,私立,一般大學,1033,長榮大學,碩士班(日間),泰國,東協,1,0,1,1,0,1,0,0,0,0,0,0,0,0,0
108,私立,一般大學,1033,長榮大學,碩士班(日間),越南社會主義共和國,東協,1,0,1,1,0,1,0,0,0,0,0,0,0,0,0
108,私立,一般大學,1033,長榮大學,碩士班(日間),蒙古國,其他亞洲地區,1,1,0,1,1,0,0,0,0,0,0,0,0,0,0
108,私立,一般大學,1033,長榮大學,碩士班(日間),貝里斯,中南美洲,2,0,2,2,0,2,0,0,0,0,0,0,0,0,0
108,私立,技專校院,1034,弘光科技大學,學士班(日間),柬埔寨王國,東協,1,0,1,1,0,1,0,0,0,0,0,0,0,0,0
108,私立,技專校院,1034,弘光科技大學,學士班(日間),馬來西亞,東協,30,13,17,25,13,12,5,0,5,0,0,0,0,0,0
108,私立,技專校院,1034,弘光科技大學,學士班(日間),越南社會主義共和國,東協,1,1,0,0,0,0,1,1,0,0,0,0,0,0,0
108,私立,技專校院,1034,弘光科技大學,學士班(日間),香港,港澳,36,13,23,0,0,0,0,0,0,36,13,23,0,0,0
108,私立,技專校院,1034,弘光科技大學,學士班(日間),澳門,港澳,14,7,7,0,0,0,0,0,0,14,7,7,0,0,0
108,私立,技專校院,1034,弘光科技大學,學士班(日間),大陸地區,大陸地區,3,1,2,0,0,0,0,0,0,0,0,0,3,1,2
108,私立,技專校院,1034,弘光科技大學,碩士班(日間),馬來西亞,東協,1,1,0,1,1,0,0,0,0,0,0,0,0,0,0
108,私立,一般大學,1035,中國醫藥大學,學士班(日間),緬甸,東協,1,0,1,0,0,0,1,0,1,0,0,0,0,0,0
108,私立,一般大學,1035,中國醫藥大學,學士班(日間),印度尼西亞共和國,東協,1,1,0,0,0,0,1,1,0,0,0,0,0,0,0
108,私立,一般大學,1035,中國醫藥大學,學士班(日間),日本,其他亞洲地區,5,2,3,5,2,3,0,0,0,0,0,0,0,0,0
108,私立,一般大學,1035,中國醫藥大學,學士班(日間),大韓民國(南韓),其他亞洲地區,1,0,1,0,0,0,1,0,1,0,0,0,0,0,0
108,私立,一般大學,1035,中國醫藥大學,學士班(日間),馬來西亞,東協,33,12,21,11,4,7,22,8,14,0,0,0,0,0,0
108,私立,一般大學,1035,中國醫藥大學,學士班(日間),新加坡共和國,東協,3,2,1,2,1,1,1,1,0,0,0,0,0,0,0
108,私立,一般大學,1035,中國醫藥大學,學士班(日間),香港,港澳,9,5,4,0,0,0,0,0,0,9,5,4,0,0,0
108,私立,一般大學,1035,中國醫藥大學,學士班(日間),澳門,港澳,5,4,1,0,0,0,0,0,0,5,4,1,0,0,0
108,私立,一般大學,1035,中國醫藥大學,學士班(日間),尚比亞共和國,非洲,2,0,2,2,0,2,0,0,0,0,0,0,0,0,0
108,私立,一般大學,1035,中國醫藥大學,學士班(日間),加拿大,北美洲,2,0,2,1,0,1,1,0,1,0,0,0,0,0,0
108,私立,一般大學,1035,中國醫藥大學,學士班(日間),美國,北美洲,4,2,2,1,1,0,3,1,2,0,0,0,0,0,0
108,私立,一般大學,1035,中國醫藥大學,學士班(日間),大陸地區,大陸地區,6,1,5,0,0,0,0,0,0,0,0,0,6,1,5
108,私立,一般大學,1035,中國醫藥大學,碩士班(日間),印度,南亞,1,1,0,1,1,0,0,0,0,0,0,0,0,0,0
108,私立,一般大學,1035,中國醫藥大學,碩士班(日間),馬來西亞,東協,4,1,3,1,0,1,3,1,2,0,0,0,0,0,0
108,私立,一般大學,1035,中國醫藥大學,碩士班(日間),越南社會主義共和國,東協,8,4,4,8,4,4,0,0,0,0,0,0,0,0,0
108,私立,一般大學,1035,中國醫藥大學,碩士班(日間),香港,港澳,1,0,1,0,0,0,0,0,0,1,0,1,0,0,0
108,私立,一般大學,1035,中國醫藥大學,碩士班(日間),蒙古國,其他亞洲地區,1,0,1,1,0,1,0,0,0,0,0,0,0,0,0
108,私立,一般大學,1035,中國醫藥大學,碩士班(日間),加拿大,北美洲,1,0,1,0,0,0,1,0,1,0,0,0,0,0,0
108,私立,一般大學,1035,中國醫藥大學,博士班,印度,南亞,2,2,0,2,2,0,0,0,0,0,0,0,0,0,0
108,私立,一般大學,1035,中國醫藥大學,博士班,以色列,其他亞洲地區,1,1,0,1,1,0,0,0,0,0,0,0,0,0,0
108,私立,一般大學,1035,中國醫藥大學,博士班,馬來西亞,東協,1,1,0,0,0,0,1,1,0,0,0,0,0,0,0
108,私立,一般大學,1035,中國醫藥大學,博士班,泰國,東協,1,0,1,1,0,1,0,0,0,0,0,0,0,0,0
108,私立,技專校院,1036,健行學校財團法人健行科技大學,學士班(日間),越南社會主義共和國,東協,1,0,1,1,0,1,0,0,0,0,0,0,0,0,0
108,私立,技專校院,1036,健行學校財團法人健行科技大學,學士班(日間),甘比亞共和國,非洲,1,1,0,1,1,0,0,0,0,0,0,0,0,0,0
108,私立,技專校院,1036,健行學校財團法人健行科技大學,碩士班(日間),越南社會主義共和國,東協,1,1,0,1,1,0,0,0,0,0,0,0,0,0,0
108,私立,技專校院,1037,正修學校財團法人正修科技大學,學士班(日間),大韓民國(南韓),其他亞洲地區,1,1,0,0,0,0,1,1,0,0,0,0,0,0,0
108,私立,技專校院,1037,正修學校財團法人正修科技大學,學士班(日間),馬來西亞,東協,1,1,0,1,1,0,0,0,0,0,0,0,0,0,0
108,私立,技專校院,1037,正修學校財團法人正修科技大學,學士班(日間),泰國,東協,3,1,2,3,1,2,0,0,0,0,0,0,0,0,0
108,私立,技專校院,1037,正修學校財團法人正修科技大學,學士班(日間),澳門,港澳,1,1,0,0,0,0,0,0,0,1,1,0,0,0,0
108,私立,技專校院,1037,正修學校財團法人正修科技大學,學士班(日間),加拿大,北美洲,1,1,0,1,1,0,0,0,0,0,0,0,0,0,0
108,私立,技專校院,1037,正修學校財團法人正修科技大學,學士班(日間),瓜地馬拉共和國,中南美洲,1,1,0,1,1,0,0,0,0,0,0,0,0,0,0
108,私立,技專校院,1037,正修學校財團法人正修科技大學,學士班(日間),美國,北美洲,1,1,0,1,1,0,0,0,0,0,0,0,0,0,0
108,私立,技專校院,1037,正修學校財團法人正修科技大學,學士班(日間),大陸地區,大陸地區,1,0,1,0,0,0,0,0,0,0,0,0,1,0,1
108,私立,技專校院,1037,正修學校財團法人正修科技大學,碩士班(日間),印度尼西亞共和國,東協,6,1,5,6,1,5,0,0,0,0,0,0,0,0,0
108,私立,技專校院,1037,正修學校財團法人正修科技大學,碩士班(日間),泰國,東協,1,0,1,1,0,1,0,0,0,0,0,0,0,0,0
108,私立,技專校院,1037,正修學校財團法人正修科技大學,碩士班(日間),墨西哥合眾國,中南美洲,1,0,1,1,0,1,0,0,0,0,0,0,0,0,0
108,私立,技專校院,1038,萬能學校財團法人萬能科技大學,學士班(日間),印度尼西亞共和國,東協,6,5,1,0,0,0,6,5,1,0,0,0,0,0,0
108,私立,技專校院,1038,萬能學校財團法人萬能科技大學,學士班(日間),馬來西亞,東協,39,18,21,39,18,21,0,0,0,0,0,0,0,0,0
108,私立,技專校院,1038,萬能學校財團法人萬能科技大學,學士班(日間),泰國,東協,23,8,15,23,8,15,0,0,0,0,0,0,0,0,0
108,私立,技專校院,1038,萬能學校財團法人萬能科技大學,學士班(日間),越南社會主義共和國,東協,2,0,2,2,0,2,0,0,0,0,0,0,0,0,0
108,私立,技專校院,1038,萬能學校財團法人萬能科技大學,學士班(日間),香港,港澳,7,5,2,0,0,0,0,0,0,7,5,2,0,0,0
108,私立,技專校院,1038,萬能學校財團法人萬能科技大學,學士班(日間),澳門,港澳,1,1,0,0,0,0,0,0,0,1,1,0,0,0,0
108,私立,技專校院,1038,萬能學校財團法人萬能科技大學,碩士班(日間),馬來西亞,東協,1,1,0,1,1,0,0,0,0,0,0,0,0,0,0
108,私立,技專校院,1038,萬能學校財團法人萬能科技大學,碩士班(日間),越南社會主義共和國,東協,2,0,2,2,0,2,0,0,0,0,0,0,0,0,0
108,私立,一般大學,1039,玄奘大學,學士班(日間),馬來西亞,東協,41,16,25,29,13,16,12,3,9,0,0,0,0,0,0
108,私立,一般大學,1039,玄奘大學,學士班(日間),香港,港澳,14,8,6,0,0,0,0,0,0,14,8,6,0,0,0
108,私立,一般大學,1039,玄奘大學,學士班(日間),澳門,港澳,1,1,0,0,0,0,0,0,0,1,1,0,0,0,0
108,私立,一般大學,1039,玄奘大學,學士班(日間),大陸地區,大陸地區,1,0,1,0,0,0,0,0,0,0,0,0,1,0,1
108,私立,一般大學,1039,玄奘大學,碩士班(日間),澳門,港澳,1,1,0,0,0,0,0,0,0,1,1,0,0,0,0
108,私立,一般大學,1039,玄奘大學,碩士班(日間),加拿大,北美洲,1,0,1,1,0,1,0,0,0,0,0,0,0,0,0
108,私立,技專校院,1040,建國科技大學,學士班(日間),緬甸,東協,1,0,1,1,0,1,0,0,0,0,0,0,0,0,0
108,私立,技專校院,1040,建國科技大學,學士班(日間),大韓民國(南韓),其他亞洲地區,1,1,0,1,1,0,0,0,0,0,0,0,0,0,0
108,私立,技專校院,1040,建國科技大學,學士班(日間),馬來西亞,東協,42,34,8,40,34,6,2,0,2,0,0,0,0,0,0
108,私立,技專校院,1040,建國科技大學,學士班(日間),越南社會主義共和國,東協,1,0,1,1,0,1,0,0,0,0,0,0,0,0,0
108,私立,技專校院,1040,建國科技大學,學士班(日間),香港,港澳,2,2,0,0,0,0,0,0,0,2,2,0,0,0,0
108,私立,技專校院,1040,建國科技大學,學士班(日間),澳門,港澳,1,1,0,0,0,0,0,0,0,1,1,0,0,0,0
108,私立,技專校院,1040,建國科技大學,學士班(日間),蒙古國,其他亞洲地區,6,1,5,6,1,5,0,0,0,0,0,0,0,0,0
108,私立,技專校院,1040,建國科技大學,學士班(日間),大陸地區,大陸地區,1,1,0,0,0,0,0,0,0,0,0,0,1,1,0
108,私立,技專校院,1040,建國科技大學,碩士班(日間),馬來西亞,東協,1,1,0,1,1,0,0,0,0,0,0,0,0,0,0
108,私立,技專校院,1040,建國科技大學,碩士班(日間),越南社會主義共和國,東協,2,0,2,2,0,2,0,0,0,0,0,0,0,0,0
108,私立,技專校院,1040,建國科技大學,碩士班(日間),蒙古國,其他亞洲地區,4,0,4,4,0,4,0,0,0,0,0,0,0,0,0
108,私立,技專校院,1041,明志科技大學,學士班(日間),大陸地區,大陸地區,11,7,4,0,0,0,0,0,0,0,0,0,11,7,4
108,私立,技專校院,1041,明志科技大學,碩士班(日間),印度,南亞,8,5,3,8,5,3,0,0,0,0,0,0,0,0,0
108,私立,技專校院,1041,明志科技大學,碩士班(日間),印度尼西亞共和國,東協,5,2,3,5,2,3,0,0,0,0,0,0,0,0,0
108,私立,技專校院,1041,明志科技大學,碩士班(日間),馬來西亞,東協,1,1,0,1,1,0,0,0,0,0,0,0,0,0,0
108,私立,技專校院,1041,明志科技大學,碩士班(日間),越南社會主義共和國,東協,7,2,5,7,2,5,0,0,0,0,0,0,0,0,0
108,私立,技專校院,1041,明志科技大學,碩士班(日間),蒙古國,其他亞洲地區,1,1,0,1,1,0,0,0,0,0,0,0,0,0,0
108,私立,技專校院,1041,明志科技大學,碩士班(日間),甘比亞共和國,非洲,1,0,1,1,0,1,0,0,0,0,0,0,0,0,0
108,私立,技專校院,1042,高苑科技大學,學士班(日間),印度尼西亞共和國,東協,1,0,1,1,0,1,0,0,0,0,0,0,0,0,0
108,私立,技專校院,1042,高苑科技大學,學士班(日間),馬來西亞,東協,2,2,0,1,1,0,1,1,0,0,0,0,0,0,0
108,私立,技專校院,1042,高苑科技大學,學士班(日間),瑞士聯邦,歐洲,1,1,0,1,1,0,0,0,0,0,0,0,0,0,0
108,私立,技專校院,1043,大仁科技大學,學士班(日間),日本,其他亞洲地區,1,0,1,1,0,1,0,0,0,0,0,0,0,0,0
108,私立,技專校院,1043,大仁科技大學,學士班(日間),馬來西亞,東協,3,1,2,1,1,0,2,0,2,0,0,0,0,0,0
108,私立,技專校院,1043,大仁科技大學,學士班(日間),香港,港澳,15,5,10,0,0,0,0,0,0,15,5,10,0,0,0
108,私立,技專校院,1043,大仁科技大學,學士班(日間),澳門,港澳,4,1,3,0,0,0,0,0,0,4,1,3,0,0,0
108,私立,技專校院,1043,大仁科技大學,學士班(日間),美國,北美洲,1,1,0,0,0,0,1,1,0,0,0,0,0,0,0
108,私立,技專校院,1044,聖約翰科技大學,學士班(日間),日本,其他亞洲地區,2,2,0,1,1,0,1,1,0,0,0,0,0,0,0
108,私立,技專校院,1044,聖約翰科技大學,學士班(日間),馬來西亞,東協,19,10,9,18,10,8,1,0,1,0,0,0,0,0,0
108,私立,技專校院,1044,聖約翰科技大學,學士班(日間),香港,港澳,7,6,1,0,0,0,0,0,0,7,6,1,0,0,0
108,私立,技專校院,1044,聖約翰科技大學,學士班(日間),澳門,港澳,2,1,1,0,0,0,0,0,0,2,1,1,0,0,0
108,私立,技專校院,1044,聖約翰科技大學,學士班(日間),奈及利亞聯邦共和國,非洲,1,0,1,1,0,1,0,0,0,0,0,0,0,0,0
108,私立,技專校院,1044,聖約翰科技大學,學士班(日間),大陸地區,大陸地區,3,2,1,0,0,0,0,0,0,0,0,0,3,2,1
108,私立,技專校院,1045,嶺東科技大學,學士班(日間),馬來西亞,東協,11,6,5,10,5,5,1,1,0,0,0,0,0,0,0
108,私立,技專校院,1045,嶺東科技大學,學士班(日間),香港,港澳,2,1,1,0,0,0,0,0,0,2,1,1,0,0,0
108,私立,技專校院,1045,嶺東科技大學,學士班(日間),大陸地區,大陸地區,14,5,9,0,0,0,0,0,0,0,0,0,14,5,9
108,私立,技專校院,1045,嶺東科技大學,碩士班(日間),香港,港澳,1,1,0,0,0,0,0,0,0,1,1,0,0,0,0
108,私立,技專校院,1045,嶺東科技大學,碩士班(日間),大陸地區,大陸地區,2,2,0,0,0,0,0,0,0,0,0,0,2,2,0
108,私立,技專校院,1046,中國科技大學,學士班(日間),印度尼西亞共和國,東協,4,2,2,1,0,1,3,2,1,0,0,0,0,0,0
108,私立,技專校院,1046,中國科技大學,學士班(日間),伊拉克共和國,其他亞洲地區,1,1,0,1,1,0,0,0,0,0,0,0,0,0,0
108,私立,技專校院,1046,中國科技大學,學士班(日間),馬來西亞,東協,8,3,5,6,2,4,2,1,1,0,0,0,0,0,0
108,私立,技專校院,1046,中國科技大學,學士班(日間),菲律賓共和國,東協,1,0,1,0,0,0,1,0,1,0,0,0,0,0,0
108,私立,技專校院,1046,中國科技大學,學士班(日間),越南社會主義共和國,東協,2,1,1,2,1,1,0,0,0,0,0,0,0,0,0
108,私立,技專校院,1046,中國科技大學,學士班(日間),大陸地區,大陸地區,21,12,9,0,0,0,0,0,0,0,0,0,21,12,9
108,私立,技專校院,1047,中臺科技大學,二專(日間),越南社會主義共和國,東協,18,5,13,18,5,13,0,0,0,0,0,0,0,0,0
108,私立,技專校院,1047,中臺科技大學,學士班(日間),馬來西亞,東協,4,2,2,3,2,1,1,0,1,0,0,0,0,0,0
108,私立,技專校院,1047,中臺科技大學,學士班(日間),香港,港澳,2,2,0,0,0,0,0,0,0,2,2,0,0,0,0
108,私立,技專校院,1047,中臺科技大學,學士班(日間),澳門,港澳,1,1,0,0,0,0,0,0,0,1,1,0,0,0,0
108,私立,一般大學,1048,亞洲大學,學士班(日間),印度,南亞,1,0,1,1,0,1,0,0,0,0,0,0,0,0,0
108,私立,一般大學,1048,亞洲大學,學士班(日間),印度尼西亞共和國,東協,30,4,26,24,4,20,6,0,6,0,0,0,0,0,0
108,私立,一般大學,1048,亞洲大學,學士班(日間),日本,其他亞洲地區,5,0,5,5,0,5,0,0,0,0,0,0,0,0,0
108,私立,一般大學,1048,亞洲大學,學士班(日間),馬來西亞,東協,16,7,9,2,0,2,14,7,7,0,0,0,0,0,0
108,私立,一般大學,1048,亞洲大學,學士班(日間),越南社會主義共和國,東協,2,1,1,1,1,0,1,0,1,0,0,0,0,0,0
108,私立,一般大學,1048,亞洲大學,學士班(日間),香港,港澳,11,6,5,0,0,0,0,0,0,11,6,5,0,0,0
108,私立,一般大學,1048,亞洲大學,學士班(日間),澳門,港澳,6,3,3,0,0,0,0,0,0,6,3,3,0,0,0
108,私立,一般大學,1048,亞洲大學,學士班(日間),蒙古國,其他亞洲地區,41,9,32,41,9,32,0,0,0,0,0,0,0,0,0
108,私立,一般大學,1048,亞洲大學,學士班(日間),澳大利亞,其他亞洲地區,1,1,0,1,1,0,0,0,0,0,0,0,0,0,0
108,私立,一般大學,1048,亞洲大學,學士班(日間),智利,中南美洲,1,1,0,0,0,0,1,1,0,0,0,0,0,0,0
108,私立,一般大學,1048,亞洲大學,學士班(日間),大陸地區,大陸地區,19,8,11,0,0,0,0,0,0,0,0,0,19,8,11
108,私立,一般大學,1048,亞洲大學,碩士班(日間),印度,南亞,5,3,2,5,3,2,0,0,0,0,0,0,0,0,0
108,私立,一般大學,1048,亞洲大學,碩士班(日間),印度尼西亞共和國,東協,16,3,13,16,3,13,0,0,0,0,0,0,0,0,0
108,私立,一般大學,1048,亞洲大學,碩士班(日間),馬來西亞,東協,2,1,1,1,0,1,1,1,0,0,0,0,0,0,0
108,私立,一般大學,1048,亞洲大學,碩士班(日間),菲律賓共和國,東協,1,1,0,1,1,0,0,0,0,0,0,0,0,0,0
108,私立,一般大學,1048,亞洲大學,碩士班(日間),泰國,東協,2,0,2,2,0,2,0,0,0,0,0,0,0,0,0
108,私立,一般大學,1048,亞洲大學,碩士班(日間),香港,港澳,1,0,1,0,0,0,0,0,0,1,0,1,0,0,0
108,私立,一般大學,1048,亞洲大學,碩士班(日間),甘比亞共和國,非洲,2,2,0,2,2,0,0,0,0,0,0,0,0,0,0
108,私立,一般大學,1048,亞洲大學,博士班,印度,南亞,1,0,1,1,0,1,0,0,0,0,0,0,0,0,0
108,私立,一般大學,1048,亞洲大學,博士班,印度尼西亞共和國,東協,1,0,1,1,0,1,0,0,0,0,0,0,0,0,0
108,私立,一般大學,1048,亞洲大學,博士班,越南社會主義共和國,東協,2,2,0,2,2,0,0,0,0,0,0,0,0,0,0
108,私立,一般大學,1048,亞洲大學,博士班,大陸地區,大陸地區,3,1,2,0,0,0,0,0,0,0,0,0,3,1,2
108,私立,一般大學,1049,開南大學,學士班(日間),印度尼西亞共和國,東協,2,2,0,1,1,0,1,1,0,0,0,0,0,0,0
108,私立,一般大學,1049,開南大學,學士班(日間),日本,其他亞洲地區,12,6,6,12,6,6,0,0,0,0,0,0,0,0,0
108,私立,一般大學,1049,開南大學,學士班(日間),馬來西亞,東協,2,1,1,0,0,0,2,1,1,0,0,0,0,0,0
108,私立,一般大學,1049,開南大學,學士班(日間),越南社會主義共和國,東協,43,12,31,38,11,27,5,1,4,0,0,0,0,0,0
108,私立,一般大學,1049,開南大學,學士班(日間),香港,港澳,3,1,2,0,0,0,0,0,0,3,1,2,0,0,0
108,私立,一般大學,1049,開南大學,學士班(日間),蒙古國,其他亞洲地區,3,2,1,3,2,1,0,0,0,0,0,0,0,0,0
108,私立,一般大學,1049,開南大學,學士班(日間),海地共和國,中南美洲,4,3,1,4,3,1,0,0,0,0,0,0,0,0,0
108,私立,一般大學,1049,開南大學,碩士班(日間),菲律賓共和國,東協,1,1,0,1,1,0,0,0,0,0,0,0,0,0,0
108,私立,一般大學,1049,開南大學,碩士班(日間),蒙古國,其他亞洲地區,2,1,1,2,1,1,0,0,0,0,0,0,0,0,0
108,私立,一般大學,1049,開南大學,碩士班(日間),大陸地區,大陸地區,1,1,0,0,0,0,0,0,0,0,0,0,1,1,0
108,私立,一般大學,1050,佛光大學,學士班(日間),印度尼西亞共和國,東協,2,0,2,1,0,1,1,0,1,0,0,0,0,0,0
108,私立,一般大學,1050,佛光大學,學士班(日間),大韓民國(南韓),其他亞洲地區,1,1,0,1,1,0,0,0,0,0,0,0,0,0,0
108,私立,一般大學,1050,佛光大學,學士班(日間),馬來西亞,東協,6,2,4,5,1,4,1,1,0,0,0,0,0,0,0
108,私立,一般大學,1050,佛光大學,學士班(日間),越南社會主義共和國,東協,6,3,3,6,3,3,0,0,0,0,0,0,0,0,0
108,私立,一般大學,1050,佛光大學,學士班(日間),香港,港澳,7,4,3,0,0,0,0,0,0,7,4,3,0,0,0
108,私立,一般大學,1050,佛光大學,學士班(日間),大陸地區,大陸地區,1,0,1,0,0,0,0,0,0,0,0,0,1,0,1
108,私立,一般大學,1050,佛光大學,碩士班(日間),馬來西亞,東協,1,0,1,1,0,1,0,0,0,0,0,0,0,0,0
108,私立,一般大學,1050,佛光大學,碩士班(日間),越南社會主義共和國,東協,3,2,1,3,2,1,0,0,0,0,0,0,0,0,0
108,私立,一般大學,1050,佛光大學,碩士班(日間),大陸地區,大陸地區,2,0,2,0,0,0,0,0,0,0,0,0,2,0,2
108,私立,一般大學,1050,佛光大學,博士班,大陸地區,大陸地區,1,1,0,0,0,0,0,0,0,0,0,0,1,1,0
108,私立,技專校院,1051,台南家專學校財團法人台南應用科技大學,學士班(日間),日本,其他亞洲地區,1,0,1,1,0,1,0,0,0,0,0,0,0,0,0
108,私立,技專校院,1051,台南家專學校財團法人台南應用科技大學,學士班(日間),馬來西亞,東協,11,2,9,5,0,5,6,2,4,0,0,0,0,0,0
108,私立,技專校院,1051,台南家專學校財團法人台南應用科技大學,學士班(日間),香港,港澳,5,1,4,0,0,0,0,0,0,5,1,4,0,0,0
108,私立,技專校院,1051,台南家專學校財團法人台南應用科技大學,學士班(日間),澳門,港澳,2,1,1,0,0,0,0,0,0,2,1,1,0,0,0
108,私立,技專校院,1051,台南家專學校財團法人台南應用科技大學,學士班(日間),巴西聯邦共和國,中南美洲,1,1,0,0,0,0,1,1,0,0,0,0,0,0,0
108,私立,技專校院,1051,台南家專學校財團法人台南應用科技大學,學士班(日間),大陸地區,大陸地區,10,3,7,0,0,0,0,0,0,0,0,0,10,3,7
108,私立,技專校院,1051,台南家專學校財團法人台南應用科技大學,碩士班(日間),大陸地區,大陸地區,1,0,1,0,0,0,0,0,0,0,0,0,1,0,1
108,私立,技專校院,1052,遠東科技大學,學士班(日間),印度尼西亞共和國,東協,1,0,1,0,0,0,1,0,1,0,0,0,0,0,0
108,私立,技專校院,1052,遠東科技大學,學士班(日間),大韓民國(南韓),其他亞洲地區,3,2,1,3,2,1,0,0,0,0,0,0,0,0,0
108,私立,技專校院,1052,遠東科技大學,學士班(日間),馬來西亞,東協,6,4,2,1,0,1,5,4,1,0,0,0,0,0,0
108,私立,技專校院,1052,遠東科技大學,學士班(日間),香港,港澳,3,2,1,0,0,0,0,0,0,3,2,1,0,0,0
108,私立,技專校院,1053,光宇學校財團法人元培醫事科技大學,二專(日間),越南社會主義共和國,東協,31,23,8,31,23,8,0,0,0,0,0,0,0,0,0
108,私立,技專校院,1053,光宇學校財團法人元培醫事科技大學,學士班(日間),馬來西亞,東協,12,5,7,9,3,6,3,2,1,0,0,0,0,0,0
108,私立,技專校院,1053,光宇學校財團法人元培醫事科技大學,學士班(日間),香港,港澳,4,0,4,0,0,0,0,0,0,4,0,4,0,0,0
108,私立,技專校院,1053,光宇學校財團法人元培醫事科技大學,學士班(日間),大陸地區,大陸地區,2,2,0,0,0,0,0,0,0,0,0,0,2,2,0
108,私立,技專校院,1053,光宇學校財團法人元培醫事科技大學,碩士班(日間),緬甸,東協,1,0,1,1,0,1,0,0,0,0,0,0,0,0,0
108,私立,技專校院,1054,景文科技大學,學士班(日間),印度尼西亞共和國,東協,3,0,3,2,0,2,1,0,1,0,0,0,0,0,0
108,私立,技專校院,1054,景文科技大學,學士班(日間),日本,其他亞洲地區,5,3,2,5,3,2,0,0,0,0,0,0,0,0,0
108,私立,技專校院,1054,景文科技大學,學士班(日間),馬來西亞,東協,6,4,2,1,0,1,5,4,1,0,0,0,0,0,0
108,私立,技專校院,1054,景文科技大學,學士班(日間),越南社會主義共和國,東協,2,0,2,2,0,2,0,0,0,0,0,0,0,0,0
108,私立,技專校院,1054,景文科技大學,學士班(日間),香港,港澳,15,6,9,0,0,0,0,0,0,15,6,9,0,0,0
108,私立,技專校院,1054,景文科技大學,學士班(日間),澳門,港澳,2,1,1,0,0,0,0,0,0,2,1,1,0,0,0
108,私立,技專校院,1054,景文科技大學,學士班(日間),蒙古國,其他亞洲地區,2,1,1,2,1,1,0,0,0,0,0,0,0,0,0
108,私立,技專校院,1054,景文科技大學,學士班(日間),大陸地區,大陸地區,10,4,6,0,0,0,0,0,0,0,0,0,10,4,6
108,私立,技專校院,1055,中華醫事科技大學,學士班(日間),馬來西亞,東協,2,2,0,2,2,0,0,0,0,0,0,0,0,0,0
108,私立,技專校院,1055,中華醫事科技大學,學士班(日間),越南社會主義共和國,東協,2,1,1,2,1,1,0,0,0,0,0,0,0,0,0
108,私立,技專校院,1056,東南科技大學,學士班(日間),印度尼西亞共和國,東協,1,1,0,0,0,0,1,1,0,0,0,0,0,0,0
108,私立,技專校院,1056,東南科技大學,學士班(日間),日本,其他亞洲地區,1,1,0,1,1,0,0,0,0,0,0,0,0,0,0
108,私立,技專校院,1056,東南科技大學,學士班(日間),馬來西亞,東協,53,32,21,26,17,9,27,15,12,0,0,0,0,0,0
108,私立,技專校院,1056,東南科技大學,學士班(日間),越南社會主義共和國,東協,1,0,1,1,0,1,0,0,0,0,0,0,0,0,0
108,私立,技專校院,1056,東南科技大學,學士班(日間),香港,港澳,3,2,1,0,0,0,0,0,0,3,2,1,0,0,0
108,私立,技專校院,1057,德明財經科技大學,學士班(日間),日本,其他亞洲地區,2,2,0,2,2,0,0,0,0,0,0,0,0,0,0
108,私立,技專校院,1057,德明財經科技大學,學士班(日間),泰國,東協,1,0,1,0,0,0,1,0,1,0,0,0,0,0,0
108,私立,技專校院,1057,德明財經科技大學,學士班(日間),越南社會主義共和國,東協,32,6,26,32,6,26,0,0,0,0,0,0,0,0,0
108,私立,技專校院,1057,德明財經科技大學,碩士班(日間),越南社會主義共和國,東協,3,2,1,3,2,1,0,0,0,0,0,0,0,0,0
108,私立,一般大學,1058,明道學校財團法人明道大學,學士班(日間),日本,其他亞洲地區,2,1,1,2,1,1,0,0,0,0,0,0,0,0,0
108,私立,一般大學,1058,明道學校財團法人明道大學,學士班(日間),大韓民國(南韓),其他亞洲地區,1,0,1,1,0,1,0,0,0,0,0,0,0,0,0
108,私立,一般大學,1058,明道學校財團法人明道大學,學士班(日間),馬來西亞,東協,23,12,11,19,10,9,4,2,2,0,0,0,0,0,0
108,私立,一般大學,1058,明道學校財團法人明道大學,學士班(日間),香港,港澳,15,9,6,0,0,0,0,0,0,15,9,6,0,0,0
108,私立,一般大學,1058,明道學校財團法人明道大學,學士班(日間),澳門,港澳,8,7,1,0,0,0,0,0,0,8,7,1,0,0,0
108,私立,一般大學,1058,明道學校財團法人明道大學,碩士班(日間),馬來西亞,東協,3,2,1,0,0,0,3,2,1,0,0,0,0,0,0
108,私立,一般大學,1058,明道學校財團法人明道大學,碩士班(日間),蒙古國,其他亞洲地區,3,1,2,3,1,2,0,0,0,0,0,0,0,0,0
108,私立,技專校院,1060,南開科技大學,學士班(日間),馬來西亞,東協,19,14,5,8,8,0,11,6,5,0,0,0,0,0,0
108,私立,技專校院,1060,南開科技大學,學士班(日間),越南社會主義共和國,東協,1,1,0,0,0,0,1,1,0,0,0,0,0,0,0
108,私立,技專校院,1060,南開科技大學,學士班(日間),澳門,港澳,1,1,0,0,0,0,0,0,0,1,1,0,0,0,0
108,私立,技專校院,1061,中華學校財團法人中華科技大學,學士班(日間),馬來西亞,東協,4,0,4,4,0,4,0,0,0,0,0,0,0,0,0
108,私立,技專校院,1061,中華學校財團法人中華科技大學,學士班(日間),香港,港澳,1,1,0,0,0,0,0,0,0,1,1,0,0,0,0
108,私立,技專校院,1061,中華學校財團法人中華科技大學,學士班(日間),大陸地區,大陸地區,1,1,0,0,0,0,0,0,0,0,0,0,1,1,0
108,私立,技專校院,1062,僑光科技大學,學士班(日間),馬來西亞,東協,12,11,1,9,8,1,3,3,0,0,0,0,0,0,0
108,私立,技專校院,1062,僑光科技大學,學士班(日間),香港,港澳,2,1,1,0,0,0,0,0,0,2,1,1,0,0,0
108,私立,技專校院,1062,僑光科技大學,學士班(日間),大陸地區,大陸地區,2,1,1,0,0,0,0,0,0,0,0,0,2,1,1
108,私立,技專校院,1063,廣亞學校財團法人育達科技大學,學士班(日間),印度尼西亞共和國,東協,1,0,1,0,0,0,1,0,1,0,0,0,0,0,0
108,私立,技專校院,1063,廣亞學校財團法人育達科技大學,學士班(日間),馬來西亞,東協,5,4,1,5,4,1,0,0,0,0,0,0,0,0,0
108,私立,技專校院,1064,美和學校財團法人美和科技大學,學士班(日間),印度尼西亞共和國,東協,1,0,1,0,0,0,1,0,1,0,0,0,0,0,0
108,私立,技專校院,1064,美和學校財團法人美和科技大學,學士班(日間),越南社會主義共和國,東協,0,0,0,0,0,0,0,0,0,0,0,0,0,0,0
108,私立,技專校院,1064,美和學校財團法人美和科技大學,學士班(日間),澳門,港澳,1,1,0,0,0,0,0,0,0,1,1,0,0,0,0
108,私立,技專校院,1065,吳鳳科技大學,學士班(日間),馬來西亞,東協,1,1,0,1,1,0,0,0,0,0,0,0,0,0,0
108,私立,技專校院,1065,吳鳳科技大學,學士班(日間),香港,港澳,2,2,0,0,0,0,0,0,0,2,2,0,0,0,0
108,私立,技專校院,1066,環球學校財團法人環球科技大學,學士班(日間),印度尼西亞共和國,東協,2,0,2,2,0,2,0,0,0,0,0,0,0,0,0
108,私立,技專校院,1066,環球學校財團法人環球科技大學,學士班(日間),日本,其他亞洲地區,1,1,0,1,1,0,0,0,0,0,0,0,0,0,0
108,私立,技專校院,1066,環球學校財團法人環球科技大學,學士班(日間),馬來西亞,東協,43,18,25,39,17,22,4,1,3,0,0,0,0,0,0
108,私立,技專校院,1066,環球學校財團法人環球科技大學,學士班(日間),菲律賓共和國,東協,1,0,1,1,0,1,0,0,0,0,0,0,0,0,0
108,私立,技專校院,1066,環球學校財團法人環球科技大學,學士班(日間),香港,港澳,3,3,0,0,0,0,0,0,0,3,3,0,0,0,0
108,私立,技專校院,1066,環球學校財團法人環球科技大學,學士班(日間),澳門,港澳,2,0,2,0,0,0,0,0,0,2,0,2,0,0,0
108,私立,技專校院,1066,環球學校財團法人環球科技大學,碩士班(日間),馬來西亞,東協,2,0,2,2,0,2,0,0,0,0,0,0,0,0,0
108,私立,一般大學,1067,台灣首府學校財團法人台灣首府大學,學士班(日間),印度尼西亞共和國,東協,5,2,3,4,2,2,1,0,1,0,0,0,0,0,0
108,私立,一般大學,1067,台灣首府學校財團法人台灣首府大學,學士班(日間),馬來西亞,東協,7,3,4,3,1,2,4,2,2,0,0,0,0,0,0
108,私立,一般大學,1067,台灣首府學校財團法人台灣首府大學,學士班(日間),香港,港澳,4,1,3,0,0,0,0,0,0,4,1,3,0,0,0
108,私立,一般大學,1067,台灣首府學校財團法人台灣首府大學,學士班(日間),澳門,港澳,6,1,5,0,0,0,0,0,0,6,1,5,0,0,0
108,私立,一般大學,1067,台灣首府學校財團法人台灣首府大學,碩士班(日間),印度尼西亞共和國,東協,1,0,1,1,0,1,0,0,0,0,0,0,0,0,0
108,私立,技專校院,1068,中州學校財團法人中州科技大學,學士班(日間),緬甸,東協,1,1,0,1,1,0,0,0,0,0,0,0,0,0,0
108,私立,技專校院,1068,中州學校財團法人中州科技大學,學士班(日間),印度尼西亞共和國,東協,4,0,4,4,0,4,0,0,0,0,0,0,0,0,0
108,私立,技專校院,1068,中州學校財團法人中州科技大學,學士班(日間),馬來西亞,東協,24,9,15,22,7,15,2,2,0,0,0,0,0,0,0
108,私立,技專校院,1068,中州學校財團法人中州科技大學,學士班(日間),蒙古國,其他亞洲地區,1,0,1,1,0,1,0,0,0,0,0,0,0,0,0
108,私立,技專校院,1068,中州學校財團法人中州科技大學,學士班(日間),史瓦帝尼王國,非洲,2,1,1,2,1,1,0,0,0,0,0,0,0,0,0
108,私立,技專校院,1068,中州學校財團法人中州科技大學,碩士班(日間),馬來西亞,東協,1,0,1,1,0,1,0,0,0,0,0,0,0,0,0
108,私立,技專校院,1069,修平學校財團法人修平科技大學,學士班(日間),馬來西亞,東協,5,3,2,5,3,2,0,0,0,0,0,0,0,0,0
108,私立,技專校院,1070,長庚學校財團法人長庚科技大學,學士班(日間),緬甸,東協,2,0,2,0,0,0,2,0,2,0,0,0,0,0,0
108,私立,技專校院,1070,長庚學校財團法人長庚科技大學,學士班(日間),菲律賓共和國,東協,1,0,1,0,0,0,1,0,1,0,0,0,0,0,0
108,私立,技專校院,1070,長庚學校財團法人長庚科技大學,學士班(日間),香港,港澳,7,3,4,0,0,0,0,0,0,7,3,4,0,0,0
108,私立,技專校院,1070,長庚學校財團法人長庚科技大學,學士班(日間),澳門,港澳,3,1,2,0,0,0,0,0,0,3,1,2,0,0,0
108,私立,技專校院,1070,長庚學校財團法人長庚科技大學,學士班(日間),大陸地區,大陸地區,1,1,0,0,0,0,0,0,0,0,0,0,1,1,0
108,私立,技專校院,1071,城市學校財團法人臺北城市科技大學,學士班(日間),馬來西亞,東協,6,4,2,3,2,1,3,2,1,0,0,0,0,0,0
108,私立,技專校院,1071,城市學校財團法人臺北城市科技大學,學士班(日間),香港,港澳,4,0,4,0,0,0,0,0,0,4,0,4,0,0,0
108,私立,技專校院,1071,城市學校財團法人臺北城市科技大學,學士班(日間),大陸地區,大陸地區,1,0,1,0,0,0,0,0,0,0,0,0,1,0,1
108,私立,技專校院,1072,大華學校財團法人敏實科技大學,學士班(日間),馬來西亞,東協,17,10,7,17,10,7,0,0,0,0,0,0,0,0,0
108,私立,技專校院,1072,大華學校財團法人敏實科技大學,學士班(日間),澳門,港澳,1,1,0,0,0,0,0,0,0,1,1,0,0,0,0
108,私立,技專校院,1073,醒吾學校財團法人醒吾科技大學,學士班(日間),日本,其他亞洲地區,1,0,1,1,0,1,0,0,0,0,0,0,0,0,0
108,私立,技專校院,1073,醒吾學校財團法人醒吾科技大學,學士班(日間),馬來西亞,東協,2,1,1,0,0,0,2,1,1,0,0,0,0,0,0
108,私立,技專校院,1073,醒吾學校財團法人醒吾科技大學,學士班(日間),越南社會主義共和國,東協,1,0,1,1,0,1,0,0,0,0,0,0,0,0,0
108,私立,技專校院,1073,醒吾學校財團法人醒吾科技大學,學士班(日間),香港,港澳,3,0,3,0,0,0,0,0,0,3,0,3,0,0,0
108,私立,技專校院,1073,醒吾學校財團法人醒吾科技大學,學士班(日間),澳門,港澳,2,1,1,0,0,0,0,0,0,2,1,1,0,0,0
108,私立,技專校院,1073,醒吾學校財團法人醒吾科技大學,碩士班(日間),印度尼西亞共和國,東協,1,1,0,1,1,0,0,0,0,0,0,0,0,0,0
108,私立,技專校院,1075,文藻學校財團法人文藻外語大學,五專,越南社會主義共和國,東協,1,0,1,0,0,0,1,0,1,0,0,0,0,0,0
108,私立,技專校院,1075,文藻學校財團法人文藻外語大學,學士班(日間),印度尼西亞共和國,東協,4,0,4,4,0,4,0,0,0,0,0,0,0,0,0
108,私立,技專校院,1075,文藻學校財團法人文藻外語大學,學士班(日間),日本,其他亞洲地區,4,2,2,4,2,2,0,0,0,0,0,0,0,0,0
108,私立,技專校院,1075,文藻學校財團法人文藻外語大學,學士班(日間),馬來西亞,東協,3,0,3,1,0,1,2,0,2,0,0,0,0,0,0
108,私立,技專校院,1075,文藻學校財團法人文藻外語大學,學士班(日間),菲律賓共和國,東協,1,0,1,0,0,0,1,0,1,0,0,0,0,0,0
108,私立,技專校院,1075,文藻學校財團法人文藻外語大學,學士班(日間),越南社會主義共和國,東協,3,1,2,3,1,2,0,0,0,0,0,0,0,0,0
108,私立,技專校院,1075,文藻學校財團法人文藻外語大學,學士班(日間),香港,港澳,6,2,4,0,0,0,0,0,0,6,2,4,0,0,0
108,私立,技專校院,1075,文藻學校財團法人文藻外語大學,學士班(日間),澳門,港澳,1,1,0,0,0,0,0,0,0,1,1,0,0,0,0
108,私立,技專校院,1075,文藻學校財團法人文藻外語大學,學士班(日間),蒙古國,其他亞洲地區,1,0,1,1,0,1,0,0,0,0,0,0,0,0,0
108,私立,技專校院,1075,文藻學校財團法人文藻外語大學,學士班(日間),馬拉威共和國,非洲,1,0,1,1,0,1,0,0,0,0,0,0,0,0,0
108,私立,技專校院,1075,文藻學校財團法人文藻外語大學,學士班(日間),法國,歐洲,1,0,1,1,0,1,0,0,0,0,0,0,0,0,0
108,私立,技專校院,1075,文藻學校財團法人文藻外語大學,學士班(日間),西班牙王國,歐洲,3,2,1,3,2,1,0,0,0,0,0,0,0,0,0
108,私立,技專校院,1075,文藻學校財團法人文藻外語大學,學士班(日間),巴西聯邦共和國,中南美洲,1,0,1,1,0,1,0,0,0,0,0,0,0,0,0
108,私立,技專校院,1075,文藻學校財團法人文藻外語大學,學士班(日間),大陸地區,大陸地區,15,9,6,0,0,0,0,0,0,0,0,0,15,9,6
108,私立,技專校院,1075,文藻學校財團法人文藻外語大學,碩士班(日間),印度尼西亞共和國,東協,3,1,2,3,1,2,0,0,0,0,0,0,0,0,0
108,私立,技專校院,1075,文藻學校財團法人文藻外語大學,碩士班(日間),菲律賓共和國,東協,2,1,1,2,1,1,0,0,0,0,0,0,0,0,0
108,私立,技專校院,1075,文藻學校財團法人文藻外語大學,碩士班(日間),越南社會主義共和國,東協,3,0,3,3,0,3,0,0,0,0,0,0,0,0,0
108,私立,技專校院,1075,文藻學校財團法人文藻外語大學,碩士班(日間),澳大利亞,其他亞洲地區,1,1,0,1,1,0,0,0,0,0,0,0,0,0,0
108,私立,技專校院,1076,華夏學校財團法人華夏科技大學,學士班(日間),馬來西亞,東協,1,1,0,0,0,0,1,1,0,0,0,0,0,0,0
108,私立,技專校院,1076,華夏學校財團法人華夏科技大學,碩士班(日間),越南社會主義共和國,東協,1,1,0,1,1,0,0,0,0,0,0,0,0,0,0
108,私立,技專校院,1077,慈濟學校財團法人慈濟科技大學,五專,馬來西亞,東協,3,1,2,3,1,2,0,0,0,0,0,0,0,0,0
108,私立,技專校院,1077,慈濟學校財團法人慈濟科技大學,學士班(日間),大韓民國(南韓),其他亞洲地區,2,1,1,2,1,1,0,0,0,0,0,0,0,0,0
108,私立,技專校院,1077,慈濟學校財團法人慈濟科技大學,學士班(日間),馬來西亞,東協,28,10,18,27,9,18,1,1,0,0,0,0,0,0,0
108,私立,技專校院,1078,致理學校財團法人致理科技大學,學士班(日間),越南社會主義共和國,東協,1,0,1,1,0,1,0,0,0,0,0,0,0,0,0
108,私立,技專校院,1078,致理學校財團法人致理科技大學,學士班(日間),香港,港澳,2,0,2,0,0,0,0,0,0,2,0,2,0,0,0
108,私立,技專校院,1078,致理學校財團法人致理科技大學,學士班(日間),大陸地區,大陸地區,8,5,3,0,0,0,0,0,0,0,0,0,8,5,3
108,私立,技專校院,1078,致理學校財團法人致理科技大學,碩士班(日間),馬來西亞,東協,1,0,1,0,0,0,1,0,1,0,0,0,0,0,0
108,私立,一般大學,1079,康寧學校財團法人康寧大學,學士班(日間),印度尼西亞共和國,東協,1,1,0,0,0,0,1,1,0,0,0,0,0,0,0
108,私立,一般大學,1079,康寧學校財團法人康寧大學,碩士班(日間),越南社會主義共和國,東協,1,0,1,1,0,1,0,0,0,0,0,0,0,0,0
108,私立,技專校院,1081,東方學校財團法人東方設計大學,學士班(日間),印度尼西亞共和國,東協,1,1,0,0,0,0,1,1,0,0,0,0,0,0,0
108,私立,技專校院,1081,東方學校財團法人東方設計大學,學士班(日間),馬來西亞,東協,1,0,1,1,0,1,0,0,0,0,0,0,0,0,0
108,私立,技專校院,1081,東方學校財團法人東方設計大學,學士班(日間),香港,港澳,1,0,1,0,0,0,0,0,0,1,0,1,0,0,0
108,私立,技專校院,1081,東方學校財團法人東方設計大學,學士班(日間),澳門,港澳,1,1,0,0,0,0,0,0,0,1,1,0,0,0,0
108,私立,技專校院,1082,崇右學校財團法人崇右影藝科技大學,學士班(日間),馬來西亞,東協,3,1,2,3,1,2,0,0,0,0,0,0,0,0,0
108,私立,技專校院,1082,崇右學校財團法人崇右影藝科技大學,學士班(日間),香港,港澳,1,1,0,0,0,0,0,0,0,1,1,0,0,0,0
108,私立,技專校院,1083,台北海洋學校財團法人台北海洋科技大學,學士班(日間),日本,其他亞洲地區,2,1,1,2,1,1,0,0,0,0,0,0,0,0,0
108,私立,技專校院,1083,台北海洋學校財團法人台北海洋科技大學,學士班(日間),大韓民國(南韓),其他亞洲地區,2,0,2,2,0,2,0,0,0,0,0,0,0,0,0
108,私立,技專校院,1083,台北海洋學校財團法人台北海洋科技大學,學士班(日間),馬來西亞,東協,2,1,1,0,0,0,2,1,1,0,0,0,0,0,0
108,私立,技專校院,1083,台北海洋學校財團法人台北海洋科技大學,學士班(日間),香港,港澳,1,1,0,0,0,0,0,0,0,1,1,0,0,0,0
108,私立,技專校院,1083,台北海洋學校財團法人台北海洋科技大學,學士班(日間),澳門,港澳,3,2,1,0,0,0,0,0,0,3,2,1,0,0,0
108,私立,一般大學,1125,中信學校財團法人中信金融管理學院,學士班(日間),大陸地區,大陸地區,1,0,1,0,0,0,0,0,0,0,0,0,1,0,1
108,私立,一般大學,1125,中信學校財團法人中信金融管理學院,碩士班(日間),甘比亞共和國,非洲,1,0,1,1,0,1,0,0,0,0,0,0,0,0,0
108,私立,技專校院,1159,和春技術學院,學士班(日間),越南社會主義共和國,東協,1,1,0,1,1,0,0,0,0,0,0,0,0,0,0
108,私立,技專校院,1166,亞東技術學院,學士班(日間),約旦哈什米王國,其他亞洲地區,1,1,0,1,1,0,0,0,0,0,0,0,0,0,0
108,私立,技專校院,1166,亞東技術學院,學士班(日間),澳門,港澳,1,1,0,0,0,0,0,0,0,1,1,0,0,0,0
108,私立,技專校院,1168,南亞科技學校財團法人南亞技術學院,學士班(日間),日本,其他亞洲地區,1,1,0,1,1,0,0,0,0,0,0,0,0,0,0
108,私立,技專校院,1168,南亞科技學校財團法人南亞技術學院,學士班(日間),越南社會主義共和國,東協,2,1,1,2,1,1,0,0,0,0,0,0,0,0,0
108,私立,技專校院,1183,黎明技術學院,學士班(日間),大韓民國(南韓),其他亞洲地區,2,0,2,2,0,2,0,0,0,0,0,0,0,0,0
108,私立,技專校院,1183,黎明技術學院,學士班(日間),馬來西亞,東協,5,4,1,4,3,1,1,1,0,0,0,0,0,0,0
108,私立,技專校院,1183,黎明技術學院,學士班(日間),澳門,港澳,1,0,1,0,0,0,0,0,0,1,0,1,0,0,0
108,私立,技專校院,1185,經國管理暨健康學院,學士班(日間),馬來西亞,東協,3,3,0,0,0,0,3,3,0,0,0,0,0,0,0
108,私立,技專校院,1185,經國管理暨健康學院,學士班(日間),澳門,港澳,2,0,2,0,0,0,0,0,0,2,0,2,0,0,0
108,私立,技專校院,1192,臺灣觀光學院,學士班(日間),印度尼西亞共和國,東協,1,1,0,0,0,0,1,1,0,0,0,0,0,0,0
108,私立,技專校院,1192,臺灣觀光學院,學士班(日間),澳門,港澳,2,1,1,0,0,0,0,0,0,2,1,1,0,0,0
108,私立,一般大學,1195,馬偕學校財團法人馬偕醫學院,學士班(日間),澳門,港澳,1,1,0,0,0,0,0,0,0,1,1,0,0,0,0
108,私立,一般大學,1196,法鼓學校財團法人法鼓文理學院,學士班(日間),馬來西亞,東協,1,1,0,1,1,0,0,0,0,0,0,0,0,0,0
108,私立,一般大學,1196,法鼓學校財團法人法鼓文理學院,學士班(日間),泰國,東協,1,1,0,1,1,0,0,0,0,0,0,0,0,0,0
108,私立,一般大學,1196,法鼓學校財團法人法鼓文理學院,學士班(日間),越南社會主義共和國,東協,2,1,1,2,1,1,0,0,0,0,0,0,0,0,0
108,私立,一般大學,1196,法鼓學校財團法人法鼓文理學院,碩士班(日間),馬來西亞,東協,1,0,1,1,0,1,0,0,0,0,0,0,0,0,0
108,私立,一般大學,1196,法鼓學校財團法人法鼓文理學院,碩士班(日間),大陸地區,大陸地區,1,1,0,0,0,0,0,0,0,0,0,0,1,1,0
108,私立,一般大學,1196,法鼓學校財團法人法鼓文理學院,博士班,大陸地區,大陸地區,1,1,0,0,0,0,0,0,0,0,0,0,1,1,0
108,私立,技專校院,1292,新生醫護管理專科學校,五專,印度尼西亞共和國,東協,1,0,1,0,0,0,1,0,1,0,0,0,0,0,0
108,私立,技專校院,1292,新生醫護管理專科學校,五專,大韓民國(南韓),其他亞洲地區,1,1,0,0,0,0,1,1,0,0,0,0,0,0,0
108,私立,宗教研修學院,1R02,學校財團法人中華浸信會基督教台灣浸會神學院,碩士班(日間),香港,港澳,1,0,1,0,0,0,0,0,0,1,0,1,0,0,0
108,私立,宗教研修學院,1R03,臺北基督學院,學士班(日間),馬來西亞,東協,2,0,2,2,0,2,0,0,0,0,0,0,0,0,0
108,私立,宗教研修學院,1R03,臺北基督學院,學士班(日間),吉爾吉斯,其他亞洲地區,1,0,1,1,0,1,0,0,0,0,0,0,0,0,0
108,私立,宗教研修學院,1R04,財團法人一貫道天皇基金會一貫道天皇學院,碩士班(日間),馬來西亞,東協,1,0,1,1,0,1,0,0,0,0,0,0,0,0,0
108,私立,宗教研修學院,1R05,台神學校財團法人台灣神學研究學院,碩士班(日間),新加坡共和國,東協,2,1,1,2,1,1,0,0,0,0,0,0,0,0,0
108,公立,一般大學,3002,臺北市立大學,學士班(日間),緬甸,東協,4,0,4,0,0,0,4,0,4,0,0,0,0,0,0
108,公立,一般大學,3002,臺北市立大學,學士班(日間),馬來西亞,東協,13,4,9,1,0,1,12,4,8,0,0,0,0,0,0
108,公立,一般大學,3002,臺北市立大學,學士班(日間),香港,港澳,5,3,2,0,0,0,0,0,0,5,3,2,0,0,0
108,公立,一般大學,3002,臺北市立大學,學士班(日間),澳門,港澳,4,2,2,0,0,0,0,0,0,4,2,2,0,0,0
108,公立,一般大學,3002,臺北市立大學,學士班(日間),大陸地區,大陸地區,4,3,1,0,0,0,0,0,0,0,0,0,4,3,1
108,公立,一般大學,3002,臺北市立大學,碩士班(日間),馬來西亞,東協,3,1,2,1,0,1,2,1,1,0,0,0,0,0,0
108,公立,一般大學,3002,臺北市立大學,碩士班(日間),澳門,港澳,2,2,0,0,0,0,0,0,0,2,2,0,0,0,0
108,公立,一般大學,3002,臺北市立大學,碩士班(日間),美國,北美洲,1,1,0,1,1,0,0,0,0,0,0,0,0,0,0
108,公立,一般大學,3002,臺北市立大學,博士班,大陸地區,大陸地區,2,2,0,0,0,0,0,0,0,0,0,0,2,2,0
109,公立,一般大學,0001,國立政治大學,學士班(日間),緬甸,東協,1,0,1,0,0,0,1,0,1,0,0,0,0,0,0
109,公立,一般大學,0001,國立政治大學,學士班(日間),印度尼西亞共和國,東協,16,7,9,3,1,2,13,6,7,0,0,0,0,0,0
109,公立,一般大學,0001,國立政治大學,學士班(日間),日本,其他亞洲地區,10,2,8,10,2,8,0,0,0,0,0,0,0,0,0
109,公立,一般大學,0001,國立政治大學,學士班(日間),大韓民國(南韓),其他亞洲地區,6,3,3,5,3,2,1,0,1,0,0,0,0,0,0
109,公立,一般大學,0001,國立政治大學,學士班(日間),馬來西亞,東協,47,12,35,3,2,1,44,10,34,0,0,0,0,0,0
109,公立,一般大學,0001,國立政治大學,學士班(日間),新加坡共和國,東協,1,0,1,1,0,1,0,0,0,0,0,0,0,0,0
109,公立,一般大學,0001,國立政治大學,學士班(日間),土耳其共和國,其他亞洲地區,1,0,1,1,0,1,0,0,0,0,0,0,0,0,0
109,公立,一般大學,0001,國立政治大學,學士班(日間),越南社會主義共和國,東協,4,1,3,2,1,1,2,0,2,0,0,0,0,0,0
109,公立,一般大學,0001,國立政治大學,學士班(日間),香港,港澳,10,5,5,0,0,0,0,0,0,10,5,5,0,0,0
109,公立,一般大學,0001,國立政治大學,學士班(日間),澳門,港澳,33,16,17,0,0,0,0,0,0,33,16,17,0,0,0
109,公立,一般大學,0001,國立政治大學,學士班(日間),南非共和國,非洲,1,1,0,0,0,0,1,1,0,0,0,0,0,0,0
109,公立,一般大學,0001,國立政治大學,學士班(日間),史瓦帝尼王國,非洲,1,0,1,1,0,1,0,0,0,0,0,0,0,0,0
109,公立,一般大學,0001,國立政治大學,學士班(日間),多明尼加共和國,中南美洲,2,1,1,0,0,0,2,1,1,0,0,0,0,0,0
109,公立,一般大學,0001,國立政治大學,學士班(日間),薩爾瓦多,中南美洲,1,1,0,1,1,0,0,0,0,0,0,0,0,0,0
109,公立,一般大學,0001,國立政治大學,學士班(日間),瓜地馬拉共和國,中南美洲,2,1,1,2,1,1,0,0,0,0,0,0,0,0,0
109,公立,一般大學,0001,國立政治大學,學士班(日間),海地共和國,中南美洲,1,1,0,1,1,0,0,0,0,0,0,0,0,0,0
109,公立,一般大學,0001,國立政治大學,學士班(日間),宏都拉斯共和國,中南美洲,4,0,4,4,0,4,0,0,0,0,0,0,0,0,0
109,公立,一般大學,0001,國立政治大學,學士班(日間),墨西哥合眾國,中南美洲,1,0,1,1,0,1,0,0,0,0,0,0,0,0,0
109,公立,一般大學,0001,國立政治大學,學士班(日間),尼加拉瓜,中南美洲,2,1,1,2,1,1,0,0,0,0,0,0,0,0,0
109,公立,一般大學,0001,國立政治大學,學士班(日間),貝里斯,中南美洲,1,0,1,1,0,1,0,0,0,0,0,0,0,0,0
109,公立,一般大學,0001,國立政治大學,學士班(日間),美國,北美洲,2,2,0,2,2,0,0,0,0,0,0,0,0,0,0
109,公立,一般大學,0001,國立政治大學,學士班(日間),聖露西亞,中南美洲,1,0,1,1,0,1,0,0,0,0,0,0,0,0,0
109,公立,一般大學,0001,國立政治大學,學士班(日間),智利,中南美洲,1,0,1,0,0,0,1,0,1,0,0,0,0,0,0
109,公立,一般大學,0001,國立政治大學,學士班(日間),巴拉圭,中南美洲,3,2,1,2,1,1,1,1,0,0,0,0,0,0,0
109,公立,一般大學,0001,國立政治大學,學士班(日間),大陸地區,大陸地區,3,0,3,0,0,0,0,0,0,0,0,0,3,0,3
109,公立,一般大學,0001,國立政治大學,碩士班(日間),印度尼西亞共和國,東協,1,0,1,1,0,1,0,0,0,0,0,0,0,0,0
109,公立,一般大學,0001,國立政治大學,碩士班(日間),日本,其他亞洲地區,4,3,1,3,2,1,1,1,0,0,0,0,0,0,0
109,公立,一般大學,0001,國立政治大學,碩士班(日間),大韓民國(南韓),其他亞洲地區,3,0,3,3,0,3,0,0,0,0,0,0,0,0,0
109,公立,一般大學,0001,國立政治大學,碩士班(日間),馬來西亞,東協,13,6,7,5,3,2,8,3,5,0,0,0,0,0,0
109,公立,一般大學,0001,國立政治大學,碩士班(日間),菲律賓共和國,東協,5,2,3,4,2,2,1,0,1,0,0,0,0,0,0
109,公立,一般大學,0001,國立政治大學,碩士班(日間),泰國,東協,5,2,3,5,2,3,0,0,0,0,0,0,0,0,0
109,公立,一般大學,0001,國立政治大學,碩士班(日間),越南社會主義共和國,東協,3,1,2,3,1,2,0,0,0,0,0,0,0,0,0
109,公立,一般大學,0001,國立政治大學,碩士班(日間),香港,港澳,10,4,6,0,0,0,0,0,0,10,4,6,0,0,0
109,公立,一般大學,0001,國立政治大學,碩士班(日間),澳門,港澳,5,2,3,0,0,0,0,0,0,5,2,3,0,0,0
109,公立,一般大學,0001,國立政治大學,碩士班(日間),俄羅斯聯邦,其他亞洲地區,3,1,2,3,1,2,0,0,0,0,0,0,0,0,0
109,公立,一般大學,0001,國立政治大學,碩士班(日間),南非共和國,非洲,1,0,1,0,0,0,1,0,1,0,0,0,0,0,0
109,公立,一般大學,0001,國立政治大學,碩士班(日間),捷克共和國,歐洲,3,0,3,3,0,3,0,0,0,0,0,0,0,0,0
109,公立,一般大學,0001,國立政治大學,碩士班(日間),法國,歐洲,3,2,1,3,2,1,0,0,0,0,0,0,0,0,0
109,公立,一般大學,0001,國立政治大學,碩士班(日間),匈牙利共和國,歐洲,1,0,1,1,0,1,0,0,0,0,0,0,0,0,0
109,公立,一般大學,0001,國立政治大學,碩士班(日間),義大利共和國,歐洲,1,1,0,1,1,0,0,0,0,0,0,0,0,0,0
109,公立,一般大學,0001,國立政治大學,碩士班(日間),波蘭共和國,歐洲,1,1,0,1,1,0,0,0,0,0,0,0,0,0,0
109,公立,一般大學,0001,國立政治大學,碩士班(日間),西班牙王國,歐洲,1,1,0,1,1,0,0,0,0,0,0,0,0,0,0
109,公立,一般大學,0001,國立政治大學,碩士班(日間),德意志聯邦共和國,歐洲,4,4,0,4,4,0,0,0,0,0,0,0,0,0,0
109,公立,一般大學,0001,國立政治大學,碩士班(日間),斯洛伐克共和國,歐洲,1,1,0,1,1,0,0,0,0,0,0,0,0,0,0
109,公立,一般大學,0001,國立政治大學,碩士班(日間),加拿大,北美洲,2,2,0,2,2,0,0,0,0,0,0,0,0,0,0
109,公立,一般大學,0001,國立政治大學,碩士班(日間),瓜地馬拉共和國,中南美洲,4,1,3,4,1,3,0,0,0,0,0,0,0,0,0
109,公立,一般大學,0001,國立政治大學,碩士班(日間),宏都拉斯共和國,中南美洲,2,1,1,2,1,1,0,0,0,0,0,0,0,0,0
109,公立,一般大學,0001,國立政治大學,碩士班(日間),墨西哥合眾國,中南美洲,4,2,2,4,2,2,0,0,0,0,0,0,0,0,0
109,公立,一般大學,0001,國立政治大學,碩士班(日間),貝里斯,中南美洲,4,2,2,4,2,2,0,0,0,0,0,0,0,0,0
109,公立,一般大學,0001,國立政治大學,碩士班(日間),聖文森(及格瑞那丁),中南美洲,1,1,0,1,1,0,0,0,0,0,0,0,0,0,0
109,公立,一般大學,0001,國立政治大學,碩士班(日間),美國,北美洲,12,8,4,12,8,4,0,0,0,0,0,0,0,0,0
109,公立,一般大學,0001,國立政治大學,碩士班(日間),聖露西亞,中南美洲,1,1,0,1,1,0,0,0,0,0,0,0,0,0,0
109,公立,一般大學,0001,國立政治大學,碩士班(日間),阿根廷,中南美洲,1,1,0,1,1,0,0,0,0,0,0,0,0,0,0
109,公立,一般大學,0001,國立政治大學,碩士班(日間),秘魯共和國,中南美洲,1,0,1,1,0,1,0,0,0,0,0,0,0,0,0
109,公立,一般大學,0001,國立政治大學,碩士班(日間),大陸地區,大陸地區,63,27,36,0,0,0,0,0,0,0,0,0,63,27,36
109,公立,一般大學,0001,國立政治大學,博士班,印度尼西亞共和國,東協,1,1,0,1,1,0,0,0,0,0,0,0,0,0,0
109,公立,一般大學,0001,國立政治大學,博士班,大韓民國(南韓),其他亞洲地區,1,1,0,1,1,0,0,0,0,0,0,0,0,0,0
109,公立,一般大學,0001,國立政治大學,博士班,菲律賓共和國,東協,1,1,0,1,1,0,0,0,0,0,0,0,0,0,0
109,公立,一般大學,0001,國立政治大學,博士班,越南社會主義共和國,東協,2,1,1,2,1,1,0,0,0,0,0,0,0,0,0
109,公立,一般大學,0001,國立政治大學,博士班,埃及阿拉伯共和國,非洲,1,0,1,1,0,1,0,0,0,0,0,0,0,0,0
109,公立,一般大學,0001,國立政治大學,博士班,法國,歐洲,1,0,1,1,0,1,0,0,0,0,0,0,0,0,0
109,公立,一般大學,0001,國立政治大學,博士班,加拿大,北美洲,2,2,0,2,2,0,0,0,0,0,0,0,0,0,0
109,公立,一般大學,0001,國立政治大學,博士班,尼加拉瓜,中南美洲,1,1,0,1,1,0,0,0,0,0,0,0,0,0,0
109,公立,一般大學,0001,國立政治大學,博士班,大陸地區,大陸地區,17,2,15,0,0,0,0,0,0,0,0,0,17,2,15
109,公立,一般大學,0002,國立清華大學,學士班(日間),緬甸,東協,3,1,2,0,0,0,3,1,2,0,0,0,0,0,0
109,公立,一般大學,0002,國立清華大學,學士班(日間),印度尼西亞共和國,東協,4,3,1,2,2,0,2,1,1,0,0,0,0,0,0
109,公立,一般大學,0002,國立清華大學,學士班(日間),馬來西亞,東協,35,18,17,2,1,1,33,17,16,0,0,0,0,0,0
109,公立,一般大學,0002,國立清華大學,學士班(日間),巴基斯坦,南亞,1,0,1,1,0,1,0,0,0,0,0,0,0,0,0
109,公立,一般大學,0002,國立清華大學,學士班(日間),菲律賓共和國,東協,1,1,0,0,0,0,1,1,0,0,0,0,0,0,0
109,公立,一般大學,0002,國立清華大學,學士班(日間),越南社會主義共和國,東協,2,1,1,0,0,0,2,1,1,0,0,0,0,0,0
109,公立,一般大學,0002,國立清華大學,學士班(日間),香港,港澳,10,3,7,0,0,0,0,0,0,10,3,7,0,0,0
109,公立,一般大學,0002,國立清華大學,學士班(日間),澳門,港澳,27,19,8,0,0,0,0,0,0,27,19,8,0,0,0
109,公立,一般大學,0002,國立清華大學,學士班(日間),蒙古國,其他亞洲地區,1,1,0,1,1,0,0,0,0,0,0,0,0,0,0
109,公立,一般大學,0002,國立清華大學,學士班(日間),海地共和國,中南美洲,2,2,0,2,2,0,0,0,0,0,0,0,0,0,0
109,公立,一般大學,0002,國立清華大學,學士班(日間),宏都拉斯共和國,中南美洲,1,1,0,1,1,0,0,0,0,0,0,0,0,0,0
109,公立,一般大學,0002,國立清華大學,學士班(日間),巴西聯邦共和國,中南美洲,1,0,1,1,0,1,0,0,0,0,0,0,0,0,0
109,公立,一般大學,0002,國立清華大學,學士班(日間),大陸地區,大陸地區,2,1,1,0,0,0,0,0,0,0,0,0,2,1,1
109,公立,一般大學,0002,國立清華大學,碩士班(日間),印度,南亞,12,9,3,12,9,3,0,0,0,0,0,0,0,0,0
109,公立,一般大學,0002,國立清華大學,碩士班(日間),印度尼西亞共和國,東協,5,4,1,4,3,1,1,1,0,0,0,0,0,0,0
109,公立,一般大學,0002,國立清華大學,碩士班(日間),馬來西亞,東協,18,8,10,5,2,3,13,6,7,0,0,0,0,0,0
109,公立,一般大學,0002,國立清華大學,碩士班(日間),菲律賓共和國,東協,3,1,2,3,1,2,0,0,0,0,0,0,0,0,0
109,公立,一般大學,0002,國立清華大學,碩士班(日間),新加坡共和國,東協,2,2,0,1,1,0,1,1,0,0,0,0,0,0,0
109,公立,一般大學,0002,國立清華大學,碩士班(日間),泰國,東協,6,1,5,6,1,5,0,0,0,0,0,0,0,0,0
109,公立,一般大學,0002,國立清華大學,碩士班(日間),越南社會主義共和國,東協,18,6,12,17,6,11,1,0,1,0,0,0,0,0,0
109,公立,一般大學,0002,國立清華大學,碩士班(日間),香港,港澳,3,2,1,0,0,0,0,0,0,3,2,1,0,0,0
109,公立,一般大學,0002,國立清華大學,碩士班(日間),澳門,港澳,3,3,0,0,0,0,0,0,0,3,3,0,0,0,0
109,公立,一般大學,0002,國立清華大學,碩士班(日間),蒙古國,其他亞洲地區,2,1,1,2,1,1,0,0,0,0,0,0,0,0,0
109,公立,一般大學,0002,國立清華大學,碩士班(日間),史瓦帝尼王國,非洲,3,1,2,3,1,2,0,0,0,0,0,0,0,0,0
109,公立,一般大學,0002,國立清華大學,碩士班(日間),法國,歐洲,1,1,0,1,1,0,0,0,0,0,0,0,0,0,0
109,公立,一般大學,0002,國立清華大學,碩士班(日間),波蘭共和國,歐洲,1,0,1,1,0,1,0,0,0,0,0,0,0,0,0
109,公立,一般大學,0002,國立清華大學,碩士班(日間),加拿大,北美洲,1,0,1,1,0,1,0,0,0,0,0,0,0,0,0
109,公立,一般大學,0002,國立清華大學,碩士班(日間),薩爾瓦多,中南美洲,1,1,0,1,1,0,0,0,0,0,0,0,0,0,0
109,公立,一般大學,0002,國立清華大學,碩士班(日間),瓜地馬拉共和國,中南美洲,1,0,1,1,0,1,0,0,0,0,0,0,0,0,0
109,公立,一般大學,0002,國立清華大學,碩士班(日間),海地共和國,中南美洲,2,1,1,2,1,1,0,0,0,0,0,0,0,0,0
109,公立,一般大學,0002,國立清華大學,碩士班(日間),宏都拉斯共和國,中南美洲,3,2,1,3,2,1,0,0,0,0,0,0,0,0,0
109,公立,一般大學,0002,國立清華大學,碩士班(日間),尼加拉瓜,中南美洲,1,0,1,1,0,1,0,0,0,0,0,0,0,0,0
109,公立,一般大學,0002,國立清華大學,碩士班(日間),貝里斯,中南美洲,2,1,1,2,1,1,0,0,0,0,0,0,0,0,0
109,公立,一般大學,0002,國立清華大學,碩士班(日間),聖文森(及格瑞那丁),中南美洲,1,1,0,1,1,0,0,0,0,0,0,0,0,0,0
109,公立,一般大學,0002,國立清華大學,碩士班(日間),美國,北美洲,1,1,0,1,1,0,0,0,0,0,0,0,0,0,0
109,公立,一般大學,0002,國立清華大學,碩士班(日間),聖露西亞,中南美洲,3,1,2,3,1,2,0,0,0,0,0,0,0,0,0
109,公立,一般大學,0002,國立清華大學,碩士班(日間),大陸地區,大陸地區,69,36,33,0,0,0,0,0,0,0,0,0,69,36,33
109,公立,一般大學,0002,國立清華大學,博士班,印度,南亞,30,25,5,30,25,5,0,0,0,0,0,0,0,0,0
109,公立,一般大學,0002,國立清華大學,博士班,印度尼西亞共和國,東協,2,0,2,2,0,2,0,0,0,0,0,0,0,0,0
109,公立,一般大學,0002,國立清華大學,博士班,伊朗伊斯蘭共和國,其他亞洲地區,1,1,0,1,1,0,0,0,0,0,0,0,0,0,0
109,公立,一般大學,0002,國立清華大學,博士班,尼泊爾聯邦民主共和國,南亞,2,1,1,2,1,1,0,0,0,0,0,0,0,0,0
109,公立,一般大學,0002,國立清華大學,博士班,巴基斯坦,南亞,2,2,0,2,2,0,0,0,0,0,0,0,0,0,0
109,公立,一般大學,0002,國立清華大學,博士班,菲律賓共和國,東協,2,2,0,2,2,0,0,0,0,0,0,0,0,0,0
109,公立,一般大學,0002,國立清華大學,博士班,越南社會主義共和國,東協,5,2,3,5,2,3,0,0,0,0,0,0,0,0,0
109,公立,一般大學,0002,國立清華大學,博士班,澳門,港澳,2,1,1,0,0,0,0,0,0,2,1,1,0,0,0
109,公立,一般大學,0002,國立清華大學,博士班,埃及阿拉伯共和國,非洲,1,1,0,1,1,0,0,0,0,0,0,0,0,0,0
109,公立,一般大學,0002,國立清華大學,博士班,衣索比亞聯邦民主共和國,非洲,2,2,0,2,2,0,0,0,0,0,0,0,0,0,0
109,公立,一般大學,0002,國立清華大學,博士班,墨西哥合眾國,中南美洲,1,1,0,1,1,0,0,0,0,0,0,0,0,0,0
109,公立,一般大學,0002,國立清華大學,博士班,美國,北美洲,1,1,0,1,1,0,0,0,0,0,0,0,0,0,0
109,公立,一般大學,0002,國立清華大學,博士班,大陸地區,大陸地區,15,13,2,0,0,0,0,0,0,0,0,0,15,13,2
109,公立,一般大學,0003,國立臺灣大學,學士班(日間),緬甸,東協,2,1,1,0,0,0,2,1,1,0,0,0,0,0,0
109,公立,一般大學,0003,國立臺灣大學,學士班(日間),印度尼西亞共和國,東協,46,21,25,16,7,9,30,14,16,0,0,0,0,0,0
109,公立,一般大學,0003,國立臺灣大學,學士班(日間),日本,其他亞洲地區,24,11,13,22,11,11,2,0,2,0,0,0,0,0,0
109,公立,一般大學,0003,國立臺灣大學,學士班(日間),大韓民國(南韓),其他亞洲地區,17,6,11,15,5,10,2,1,1,0,0,0,0,0,0
109,公立,一般大學,0003,國立臺灣大學,學士班(日間),馬來西亞,東協,110,54,56,10,4,6,100,50,50,0,0,0,0,0,0
109,公立,一般大學,0003,國立臺灣大學,學士班(日間),菲律賓共和國,東協,3,2,1,0,0,0,3,2,1,0,0,0,0,0,0
109,公立,一般大學,0003,國立臺灣大學,學士班(日間),新加坡共和國,東協,3,1,2,0,0,0,3,1,2,0,0,0,0,0,0
109,公立,一般大學,0003,國立臺灣大學,學士班(日間),泰國,東協,3,1,2,0,0,0,3,1,2,0,0,0,0,0,0
109,公立,一般大學,0003,國立臺灣大學,學士班(日間),越南社會主義共和國,東協,6,0,6,0,0,0,6,0,6,0,0,0,0,0,0
109,公立,一般大學,0003,國立臺灣大學,學士班(日間),香港,港澳,33,16,17,0,0,0,0,0,0,33,16,17,0,0,0
109,公立,一般大學,0003,國立臺灣大學,學士班(日間),澳門,港澳,56,29,27,0,0,0,0,0,0,56,29,27,0,0,0
109,公立,一般大學,0003,國立臺灣大學,學士班(日間),澳大利亞,其他亞洲地區,1,1,0,1,1,0,0,0,0,0,0,0,0,0,0
109,公立,一般大學,0003,國立臺灣大學,學士班(日間),冰島共和國,歐洲,1,1,0,1,1,0,0,0,0,0,0,0,0,0,0
109,公立,一般大學,0003,國立臺灣大學,學士班(日間),西班牙王國,歐洲,1,1,0,1,1,0,0,0,0,0,0,0,0,0,0
109,公立,一般大學,0003,國立臺灣大學,學士班(日間),加拿大,北美洲,1,1,0,0,0,0,1,1,0,0,0,0,0,0,0
109,公立,一般大學,0003,國立臺灣大學,學士班(日間),薩爾瓦多,中南美洲,1,1,0,1,1,0,0,0,0,0,0,0,0,0,0
109,公立,一般大學,0003,國立臺灣大學,學士班(日間),瓜地馬拉共和國,中南美洲,1,1,0,1,1,0,0,0,0,0,0,0,0,0,0
109,公立,一般大學,0003,國立臺灣大學,學士班(日間),海地共和國,中南美洲,2,2,0,2,2,0,0,0,0,0,0,0,0,0,0
109,公立,一般大學,0003,國立臺灣大學,學士班(日間),宏都拉斯共和國,中南美洲,1,1,0,0,0,0,1,1,0,0,0,0,0,0,0
109,公立,一般大學,0003,國立臺灣大學,學士班(日間),巴拿馬共和國,中南美洲,3,2,1,3,2,1,0,0,0,0,0,0,0,0,0
109,公立,一般大學,0003,國立臺灣大學,學士班(日間),美國,北美洲,3,0,3,1,0,1,2,0,2,0,0,0,0,0,0
109,公立,一般大學,0003,國立臺灣大學,學士班(日間),智利,中南美洲,1,0,1,0,0,0,1,0,1,0,0,0,0,0,0
109,公立,一般大學,0003,國立臺灣大學,學士班(日間),巴拉圭,中南美洲,2,2,0,1,1,0,1,1,0,0,0,0,0,0,0
109,公立,一般大學,0003,國立臺灣大學,學士班(日間),大陸地區,大陸地區,6,2,4,0,0,0,0,0,0,0,0,0,6,2,4
109,公立,一般大學,0003,國立臺灣大學,碩士班(日間),印度,南亞,13,4,9,13,4,9,0,0,0,0,0,0,0,0,0
109,公立,一般大學,0003,國立臺灣大學,碩士班(日間),印度尼西亞共和國,東協,13,5,8,9,3,6,4,2,2,0,0,0,0,0,0
109,公立,一般大學,0003,國立臺灣大學,碩士班(日間),日本,其他亞洲地區,12,6,6,11,6,5,1,0,1,0,0,0,0,0,0
109,公立,一般大學,0003,國立臺灣大學,碩士班(日間),大韓民國(南韓),其他亞洲地區,8,3,5,7,3,4,1,0,1,0,0,0,0,0,0
109,公立,一般大學,0003,國立臺灣大學,碩士班(日間),寮人民民主共和國(寮國),東協,1,0,1,0,0,0,1,0,1,0,0,0,0,0,0
109,公立,一般大學,0003,國立臺灣大學,碩士班(日間),馬來西亞,東協,50,27,23,11,4,7,39,23,16,0,0,0,0,0,0
109,公立,一般大學,0003,國立臺灣大學,碩士班(日間),菲律賓共和國,東協,3,0,3,3,0,3,0,0,0,0,0,0,0,0,0
109,公立,一般大學,0003,國立臺灣大學,碩士班(日間),新加坡共和國,東協,2,0,2,2,0,2,0,0,0,0,0,0,0,0,0
109,公立,一般大學,0003,國立臺灣大學,碩士班(日間),泰國,東協,12,2,10,10,2,8,2,0,2,0,0,0,0,0,0
109,公立,一般大學,0003,國立臺灣大學,碩士班(日間),越南社會主義共和國,東協,10,4,6,7,3,4,3,1,2,0,0,0,0,0,0
109,公立,一般大學,0003,國立臺灣大學,碩士班(日間),香港,港澳,15,8,7,0,0,0,0,0,0,15,8,7,0,0,0
109,公立,一般大學,0003,國立臺灣大學,碩士班(日間),澳門,港澳,18,14,4,0,0,0,0,0,0,18,14,4,0,0,0
109,公立,一般大學,0003,國立臺灣大學,碩士班(日間),蒙古國,其他亞洲地區,1,0,1,1,0,1,0,0,0,0,0,0,0,0,0
109,公立,一般大學,0003,國立臺灣大學,碩士班(日間),紐西蘭,其他亞洲地區,1,1,0,1,1,0,0,0,0,0,0,0,0,0,0
109,公立,一般大學,0003,國立臺灣大學,碩士班(日間),迦納共和國,非洲,1,1,0,1,1,0,0,0,0,0,0,0,0,0,0
109,公立,一般大學,0003,國立臺灣大學,碩士班(日間),布吉納法索,非洲,1,1,0,1,1,0,0,0,0,0,0,0,0,0,0
109,公立,一般大學,0003,國立臺灣大學,碩士班(日間),芬蘭共和國,歐洲,2,2,0,2,2,0,0,0,0,0,0,0,0,0,0
109,公立,一般大學,0003,國立臺灣大學,碩士班(日間),法國,歐洲,3,1,2,3,1,2,0,0,0,0,0,0,0,0,0
109,公立,一般大學,0003,國立臺灣大學,碩士班(日間),愛爾蘭共和國,歐洲,1,1,0,1,1,0,0,0,0,0,0,0,0,0,0
109,公立,一般大學,0003,國立臺灣大學,碩士班(日間),義大利共和國,歐洲,1,1,0,1,1,0,0,0,0,0,0,0,0,0,0
109,公立,一般大學,0003,國立臺灣大學,碩士班(日間),西班牙王國,歐洲,3,3,0,3,3,0,0,0,0,0,0,0,0,0,0
109,公立,一般大學,0003,國立臺灣大學,碩士班(日間),英國,歐洲,2,2,0,2,2,0,0,0,0,0,0,0,0,0,0
109,公立,一般大學,0003,國立臺灣大學,碩士班(日間),德意志聯邦共和國,歐洲,4,3,1,4,3,1,0,0,0,0,0,0,0,0,0
109,公立,一般大學,0003,國立臺灣大學,碩士班(日間),立陶宛共和國,歐洲,1,0,1,1,0,1,0,0,0,0,0,0,0,0,0
109,公立,一般大學,0003,國立臺灣大學,碩士班(日間),加拿大,北美洲,2,2,0,1,1,0,1,1,0,0,0,0,0,0,0
109,公立,一般大學,0003,國立臺灣大學,碩士班(日間),瓜地馬拉共和國,中南美洲,1,1,0,1,1,0,0,0,0,0,0,0,0,0,0
109,公立,一般大學,0003,國立臺灣大學,碩士班(日間),海地共和國,中南美洲,2,1,1,2,1,1,0,0,0,0,0,0,0,0,0
109,公立,一般大學,0003,國立臺灣大學,碩士班(日間),貝里斯,中南美洲,1,0,1,0,0,0,1,0,1,0,0,0,0,0,0
109,公立,一般大學,0003,國立臺灣大學,碩士班(日間),美國,北美洲,22,10,12,21,9,12,1,1,0,0,0,0,0,0,0
109,公立,一般大學,0003,國立臺灣大學,碩士班(日間),哥倫比亞共和國,中南美洲,3,3,0,3,3,0,0,0,0,0,0,0,0,0,0
109,公立,一般大學,0003,國立臺灣大學,碩士班(日間),大陸地區,大陸地區,125,70,55,0,0,0,0,0,0,0,0,0,125,70,55
109,公立,一般大學,0003,國立臺灣大學,博士班,印度,南亞,5,4,1,5,4,1,0,0,0,0,0,0,0,0,0
109,公立,一般大學,0003,國立臺灣大學,博士班,伊朗伊斯蘭共和國,其他亞洲地區,1,1,0,1,1,0,0,0,0,0,0,0,0,0,0
109,公立,一般大學,0003,國立臺灣大學,博士班,馬來西亞,東協,3,3,0,2,2,0,1,1,0,0,0,0,0,0,0
109,公立,一般大學,0003,國立臺灣大學,博士班,菲律賓共和國,東協,1,1,0,1,1,0,0,0,0,0,0,0,0,0,0
109,公立,一般大學,0003,國立臺灣大學,博士班,新加坡共和國,東協,1,1,0,1,1,0,0,0,0,0,0,0,0,0,0
109,公立,一般大學,0003,國立臺灣大學,博士班,斯里蘭卡民主社會主義共和國,南亞,1,1,0,1,1,0,0,0,0,0,0,0,0,0,0
109,公立,一般大學,0003,國立臺灣大學,博士班,泰國,東協,2,2,0,2,2,0,0,0,0,0,0,0,0,0,0
109,公立,一般大學,0003,國立臺灣大學,博士班,越南社會主義共和國,東協,6,2,4,6,2,4,0,0,0,0,0,0,0,0,0
109,公立,一般大學,0003,國立臺灣大學,博士班,香港,港澳,1,1,0,0,0,0,0,0,0,1,1,0,0,0,0
109,公立,一般大學,0003,國立臺灣大學,博士班,澳門,港澳,1,1,0,0,0,0,0,0,0,1,1,0,0,0,0
109,公立,一般大學,0003,國立臺灣大學,博士班,蒙古國,其他亞洲地區,2,0,2,2,0,2,0,0,0,0,0,0,0,0,0
109,公立,一般大學,0003,國立臺灣大學,博士班,史瓦帝尼王國,非洲,1,1,0,1,1,0,0,0,0,0,0,0,0,0,0
109,公立,一般大學,0003,國立臺灣大學,博士班,德意志聯邦共和國,歐洲,2,2,0,2,2,0,0,0,0,0,0,0,0,0,0
109,公立,一般大學,0003,國立臺灣大學,博士班,貝里斯,中南美洲,1,0,1,0,0,0,1,0,1,0,0,0,0,0,0
109,公立,一般大學,0003,國立臺灣大學,博士班,大陸地區,大陸地區,11,8,3,0,0,0,0,0,0,0,0,0,11,8,3
109,公立,一般大學,0004,國立臺灣師範大學,學士班(日間),緬甸,東協,5,2,3,0,0,0,5,2,3,0,0,0,0,0,0
109,公立,一般大學,0004,國立臺灣師範大學,學士班(日間),印度尼西亞共和國,東協,6,1,5,5,1,4,1,0,1,0,0,0,0,0,0
109,公立,一般大學,0004,國立臺灣師範大學,學士班(日間),日本,其他亞洲地區,15,5,10,14,5,9,1,0,1,0,0,0,0,0,0
109,公立,一般大學,0004,國立臺灣師範大學,學士班(日間),大韓民國(南韓),其他亞洲地區,11,4,7,10,4,6,1,0,1,0,0,0,0,0,0
109,公立,一般大學,0004,國立臺灣師範大學,學士班(日間),馬來西亞,東協,43,14,29,5,2,3,38,12,26,0,0,0,0,0,0
109,公立,一般大學,0004,國立臺灣師範大學,學士班(日間),泰國,東協,7,2,5,4,1,3,3,1,2,0,0,0,0,0,0
109,公立,一般大學,0004,國立臺灣師範大學,學士班(日間),越南社會主義共和國,東協,14,2,12,10,2,8,4,0,4,0,0,0,0,0,0
109,公立,一般大學,0004,國立臺灣師範大學,學士班(日間),香港,港澳,22,7,15,0,0,0,0,0,0,22,7,15,0,0,0
109,公立,一般大學,0004,國立臺灣師範大學,學士班(日間),澳門,港澳,32,15,17,0,0,0,0,0,0,32,15,17,0,0,0
109,公立,一般大學,0004,國立臺灣師範大學,學士班(日間),俄羅斯聯邦,其他亞洲地區,1,0,1,1,0,1,0,0,0,0,0,0,0,0,0
109,公立,一般大學,0004,國立臺灣師範大學,學士班(日間),馬拉威共和國,非洲,1,1,0,1,1,0,0,0,0,0,0,0,0,0,0
109,公立,一般大學,0004,國立臺灣師範大學,學士班(日間),法國,歐洲,1,1,0,1,1,0,0,0,0,0,0,0,0,0,0
109,公立,一般大學,0004,國立臺灣師範大學,學士班(日間),瑞典王國,歐洲,1,0,1,1,0,1,0,0,0,0,0,0,0,0,0
109,公立,一般大學,0004,國立臺灣師範大學,學士班(日間),加拿大,北美洲,2,1,1,0,0,0,2,1,1,0,0,0,0,0,0
109,公立,一般大學,0004,國立臺灣師範大學,學士班(日間),薩爾瓦多,中南美洲,1,1,0,1,1,0,0,0,0,0,0,0,0,0,0
109,公立,一般大學,0004,國立臺灣師範大學,學士班(日間),美國,北美洲,8,2,6,6,2,4,2,0,2,0,0,0,0,0,0
109,公立,一般大學,0004,國立臺灣師範大學,學士班(日間),巴西聯邦共和國,中南美洲,1,0,1,0,0,0,1,0,1,0,0,0,0,0,0
109,公立,一般大學,0004,國立臺灣師範大學,學士班(日間),智利,中南美洲,1,1,0,0,0,0,1,1,0,0,0,0,0,0,0
109,公立,一般大學,0004,國立臺灣師範大學,學士班(日間),哥倫比亞共和國,中南美洲,1,0,1,1,0,1,0,0,0,0,0,0,0,0,0
109,公立,一般大學,0004,國立臺灣師範大學,學士班(日間),巴拉圭,中南美洲,1,1,0,0,0,0,1,1,0,0,0,0,0,0,0
109,公立,一般大學,0004,國立臺灣師範大學,學士班(日間),聖克里斯多福及尼維斯,中南美洲,1,0,1,1,0,1,0,0,0,0,0,0,0,0,0
109,公立,一般大學,0004,國立臺灣師範大學,學士班(日間),大陸地區,大陸地區,3,0,3,0,0,0,0,0,0,0,0,0,3,0,3
109,公立,一般大學,0004,國立臺灣師範大學,碩士班(日間),緬甸,東協,2,0,2,1,0,1,1,0,1,0,0,0,0,0,0
109,公立,一般大學,0004,國立臺灣師範大學,碩士班(日間),印度,南亞,1,0,1,1,0,1,0,0,0,0,0,0,0,0,0
109,公立,一般大學,0004,國立臺灣師範大學,碩士班(日間),印度尼西亞共和國,東協,6,2,4,5,2,3,1,0,1,0,0,0,0,0,0
109,公立,一般大學,0004,國立臺灣師範大學,碩士班(日間),日本,其他亞洲地區,5,3,2,5,3,2,0,0,0,0,0,0,0,0,0
109,公立,一般大學,0004,國立臺灣師範大學,碩士班(日間),大韓民國(南韓),其他亞洲地區,6,3,3,6,3,3,0,0,0,0,0,0,0,0,0
109,公立,一般大學,0004,國立臺灣師範大學,碩士班(日間),馬來西亞,東協,13,4,9,8,2,6,5,2,3,0,0,0,0,0,0
109,公立,一般大學,0004,國立臺灣師範大學,碩士班(日間),菲律賓共和國,東協,2,1,1,2,1,1,0,0,0,0,0,0,0,0,0
109,公立,一般大學,0004,國立臺灣師範大學,碩士班(日間),泰國,東協,2,2,0,2,2,0,0,0,0,0,0,0,0,0,0
109,公立,一般大學,0004,國立臺灣師範大學,碩士班(日間),土耳其共和國,其他亞洲地區,2,0,2,2,0,2,0,0,0,0,0,0,0,0,0
109,公立,一般大學,0004,國立臺灣師範大學,碩士班(日間),越南社會主義共和國,東協,10,2,8,10,2,8,0,0,0,0,0,0,0,0,0
109,公立,一般大學,0004,國立臺灣師範大學,碩士班(日間),香港,港澳,9,5,4,0,0,0,0,0,0,9,5,4,0,0,0
109,公立,一般大學,0004,國立臺灣師範大學,碩士班(日間),澳門,港澳,9,5,4,0,0,0,0,0,0,9,5,4,0,0,0
109,公立,一般大學,0004,國立臺灣師範大學,碩士班(日間),蒙古國,其他亞洲地區,1,0,1,1,0,1,0,0,0,0,0,0,0,0,0
109,公立,一般大學,0004,國立臺灣師範大學,碩士班(日間),俄羅斯聯邦,其他亞洲地區,3,1,2,3,1,2,0,0,0,0,0,0,0,0,0
109,公立,一般大學,0004,國立臺灣師範大學,碩士班(日間),丹麥王國,歐洲,1,0,1,1,0,1,0,0,0,0,0,0,0,0,0
109,公立,一般大學,0004,國立臺灣師範大學,碩士班(日間),波蘭共和國,歐洲,1,1,0,1,1,0,0,0,0,0,0,0,0,0,0
109,公立,一般大學,0004,國立臺灣師範大學,碩士班(日間),德意志聯邦共和國,歐洲,2,2,0,2,2,0,0,0,0,0,0,0,0,0,0
109,公立,一般大學,0004,國立臺灣師範大學,碩士班(日間),宏都拉斯共和國,中南美洲,1,0,1,1,0,1,0,0,0,0,0,0,0,0,0
109,公立,一般大學,0004,國立臺灣師範大學,碩士班(日間),墨西哥合眾國,中南美洲,1,1,0,1,1,0,0,0,0,0,0,0,0,0,0
109,公立,一般大學,0004,國立臺灣師範大學,碩士班(日間),貝里斯,中南美洲,1,0,1,1,0,1,0,0,0,0,0,0,0,0,0
109,公立,一般大學,0004,國立臺灣師範大學,碩士班(日間),美國,北美洲,8,5,3,7,5,2,1,0,1,0,0,0,0,0,0
109,公立,一般大學,0004,國立臺灣師範大學,碩士班(日間),巴西聯邦共和國,中南美洲,2,1,1,1,1,0,1,0,1,0,0,0,0,0,0
109,公立,一般大學,0004,國立臺灣師範大學,碩士班(日間),厄瓜多共和國,中南美洲,1,0,1,1,0,1,0,0,0,0,0,0,0,0,0
109,公立,一般大學,0004,國立臺灣師範大學,碩士班(日間),大陸地區,大陸地區,29,10,19,0,0,0,0,0,0,0,0,0,29,10,19
109,公立,一般大學,0004,國立臺灣師範大學,博士班,印度,南亞,3,2,1,3,2,1,0,0,0,0,0,0,0,0,0
109,公立,一般大學,0004,國立臺灣師範大學,博士班,印度尼西亞共和國,東協,1,0,1,1,0,1,0,0,0,0,0,0,0,0,0
109,公立,一般大學,0004,國立臺灣師範大學,博士班,日本,其他亞洲地區,2,1,1,2,1,1,0,0,0,0,0,0,0,0,0
109,公立,一般大學,0004,國立臺灣師範大學,博士班,大韓民國(南韓),其他亞洲地區,1,0,1,1,0,1,0,0,0,0,0,0,0,0,0
109,公立,一般大學,0004,國立臺灣師範大學,博士班,菲律賓共和國,東協,2,1,1,2,1,1,0,0,0,0,0,0,0,0,0
109,公立,一般大學,0004,國立臺灣師範大學,博士班,泰國,東協,1,0,1,1,0,1,0,0,0,0,0,0,0,0,0
109,公立,一般大學,0004,國立臺灣師範大學,博士班,越南社會主義共和國,東協,3,1,2,3,1,2,0,0,0,0,0,0,0,0,0
109,公立,一般大學,0004,國立臺灣師範大學,博士班,南非共和國,非洲,2,2,0,0,0,0,2,2,0,0,0,0,0,0,0
109,公立,一般大學,0004,國立臺灣師範大學,博士班,加拿大,北美洲,1,1,0,1,1,0,0,0,0,0,0,0,0,0,0
109,公立,一般大學,0004,國立臺灣師範大學,博士班,大陸地區,大陸地區,6,2,4,0,0,0,0,0,0,0,0,0,6,2,4
109,公立,一般大學,0005,國立成功大學,學士班(日間),緬甸,東協,1,0,1,0,0,0,1,0,1,0,0,0,0,0,0
109,公立,一般大學,0005,國立成功大學,學士班(日間),印度,南亞,1,1,0,1,1,0,0,0,0,0,0,0,0,0,0
109,公立,一般大學,0005,國立成功大學,學士班(日間),印度尼西亞共和國,東協,11,6,5,3,0,3,8,6,2,0,0,0,0,0,0
109,公立,一般大學,0005,國立成功大學,學士班(日間),日本,其他亞洲地區,6,2,4,3,0,3,3,2,1,0,0,0,0,0,0
109,公立,一般大學,0005,國立成功大學,學士班(日間),大韓民國(南韓),其他亞洲地區,1,0,1,1,0,1,0,0,0,0,0,0,0,0,0
109,公立,一般大學,0005,國立成功大學,學士班(日間),馬來西亞,東協,65,43,22,22,13,9,43,30,13,0,0,0,0,0,0
109,公立,一般大學,0005,國立成功大學,學士班(日間),菲律賓共和國,東協,3,1,2,0,0,0,3,1,2,0,0,0,0,0,0
109,公立,一般大學,0005,國立成功大學,學士班(日間),泰國,東協,1,0,1,0,0,0,1,0,1,0,0,0,0,0,0
109,公立,一般大學,0005,國立成功大學,學士班(日間),越南社會主義共和國,東協,4,0,4,0,0,0,4,0,4,0,0,0,0,0,0
109,公立,一般大學,0005,國立成功大學,學士班(日間),香港,港澳,13,8,5,0,0,0,0,0,0,13,8,5,0,0,0
109,公立,一般大學,0005,國立成功大學,學士班(日間),澳門,港澳,16,14,2,0,0,0,0,0,0,16,14,2,0,0,0
109,公立,一般大學,0005,國立成功大學,學士班(日間),蒙古國,其他亞洲地區,1,0,1,1,0,1,0,0,0,0,0,0,0,0,0
109,公立,一般大學,0005,國立成功大學,學士班(日間),哈薩克共和國,其他亞洲地區,1,1,0,1,1,0,0,0,0,0,0,0,0,0,0
109,公立,一般大學,0005,國立成功大學,學士班(日間),南非共和國,非洲,2,1,1,0,0,0,2,1,1,0,0,0,0,0,0
109,公立,一般大學,0005,國立成功大學,學士班(日間),史瓦帝尼王國,非洲,1,0,1,1,0,1,0,0,0,0,0,0,0,0,0
109,公立,一般大學,0005,國立成功大學,學士班(日間),比利時王國,歐洲,1,1,0,1,1,0,0,0,0,0,0,0,0,0,0
109,公立,一般大學,0005,國立成功大學,學士班(日間),法國,歐洲,1,1,0,1,1,0,0,0,0,0,0,0,0,0,0
109,公立,一般大學,0005,國立成功大學,學士班(日間),多明尼加共和國,中南美洲,1,0,1,0,0,0,1,0,1,0,0,0,0,0,0
109,公立,一般大學,0005,國立成功大學,學士班(日間),薩爾瓦多,中南美洲,1,0,1,1,0,1,0,0,0,0,0,0,0,0,0
109,公立,一般大學,0005,國立成功大學,學士班(日間),海地共和國,中南美洲,1,1,0,1,1,0,0,0,0,0,0,0,0,0,0
109,公立,一般大學,0005,國立成功大學,學士班(日間),宏都拉斯共和國,中南美洲,1,1,0,1,1,0,0,0,0,0,0,0,0,0,0
109,公立,一般大學,0005,國立成功大學,學士班(日間),墨西哥合眾國,中南美洲,1,1,0,1,1,0,0,0,0,0,0,0,0,0,0
109,公立,一般大學,0005,國立成功大學,學士班(日間),尼加拉瓜,中南美洲,1,0,1,1,0,1,0,0,0,0,0,0,0,0,0
109,公立,一般大學,0005,國立成功大學,學士班(日間),聖露西亞,中南美洲,1,0,1,1,0,1,0,0,0,0,0,0,0,0,0
109,公立,一般大學,0005,國立成功大學,學士班(日間),大陸地區,大陸地區,3,0,3,0,0,0,0,0,0,0,0,0,3,0,3
109,公立,一般大學,0005,國立成功大學,碩士班(日間),孟加拉人民共和國,南亞,1,0,1,1,0,1,0,0,0,0,0,0,0,0,0
109,公立,一般大學,0005,國立成功大學,碩士班(日間),緬甸,東協,1,0,1,1,0,1,0,0,0,0,0,0,0,0,0
109,公立,一般大學,0005,國立成功大學,碩士班(日間),印度,南亞,18,13,5,18,13,5,0,0,0,0,0,0,0,0,0
109,公立,一般大學,0005,國立成功大學,碩士班(日間),印度尼西亞共和國,東協,52,23,29,49,20,29,3,3,0,0,0,0,0,0,0
109,公立,一般大學,0005,國立成功大學,碩士班(日間),馬來西亞,東協,22,9,13,5,1,4,17,8,9,0,0,0,0,0,0
109,公立,一般大學,0005,國立成功大學,碩士班(日間),巴基斯坦,南亞,3,3,0,3,3,0,0,0,0,0,0,0,0,0,0
109,公立,一般大學,0005,國立成功大學,碩士班(日間),菲律賓共和國,東協,4,3,1,4,3,1,0,0,0,0,0,0,0,0,0
109,公立,一般大學,0005,國立成功大學,碩士班(日間),泰國,東協,18,6,12,17,5,12,1,1,0,0,0,0,0,0,0
109,公立,一般大學,0005,國立成功大學,碩士班(日間),越南社會主義共和國,東協,44,17,27,43,16,27,1,1,0,0,0,0,0,0,0
109,公立,一般大學,0005,國立成功大學,碩士班(日間),香港,港澳,6,3,3,0,0,0,0,0,0,6,3,3,0,0,0
109,公立,一般大學,0005,國立成功大學,碩士班(日間),澳門,港澳,10,5,5,0,0,0,0,0,0,10,5,5,0,0,0
109,公立,一般大學,0005,國立成功大學,碩士班(日間),蒙古國,其他亞洲地區,3,0,3,3,0,3,0,0,0,0,0,0,0,0,0
109,公立,一般大學,0005,國立成功大學,碩士班(日間),埃及阿拉伯共和國,非洲,1,0,1,1,0,1,0,0,0,0,0,0,0,0,0
109,公立,一般大學,0005,國立成功大學,碩士班(日間),布吉納法索,非洲,1,1,0,1,1,0,0,0,0,0,0,0,0,0,0
109,公立,一般大學,0005,國立成功大學,碩士班(日間),史瓦帝尼王國,非洲,3,2,1,3,2,1,0,0,0,0,0,0,0,0,0
109,公立,一般大學,0005,國立成功大學,碩士班(日間),捷克共和國,歐洲,1,1,0,1,1,0,0,0,0,0,0,0,0,0,0
109,公立,一般大學,0005,國立成功大學,碩士班(日間),法國,歐洲,5,4,1,5,4,1,0,0,0,0,0,0,0,0,0
109,公立,一般大學,0005,國立成功大學,碩士班(日間),瑞典王國,歐洲,1,1,0,1,1,0,0,0,0,0,0,0,0,0,0
109,公立,一般大學,0005,國立成功大學,碩士班(日間),英國,歐洲,1,1,0,1,1,0,0,0,0,0,0,0,0,0,0
109,公立,一般大學,0005,國立成功大學,碩士班(日間),瓜地馬拉共和國,中南美洲,1,1,0,1,1,0,0,0,0,0,0,0,0,0,0
109,公立,一般大學,0005,國立成功大學,碩士班(日間),海地共和國,中南美洲,2,1,1,2,1,1,0,0,0,0,0,0,0,0,0
109,公立,一般大學,0005,國立成功大學,碩士班(日間),宏都拉斯共和國,中南美洲,2,2,0,2,2,0,0,0,0,0,0,0,0,0,0
109,公立,一般大學,0005,國立成功大學,碩士班(日間),貝里斯,中南美洲,3,2,1,3,2,1,0,0,0,0,0,0,0,0,0
109,公立,一般大學,0005,國立成功大學,碩士班(日間),聖文森(及格瑞那丁),中南美洲,1,0,1,1,0,1,0,0,0,0,0,0,0,0,0
109,公立,一般大學,0005,國立成功大學,碩士班(日間),美國,北美洲,6,4,2,4,4,0,2,0,2,0,0,0,0,0,0
109,公立,一般大學,0005,國立成功大學,碩士班(日間),大陸地區,大陸地區,46,19,27,0,0,0,0,0,0,0,0,0,46,19,27
109,公立,一般大學,0005,國立成功大學,博士班,孟加拉人民共和國,南亞,1,1,0,1,1,0,0,0,0,0,0,0,0,0,0
109,公立,一般大學,0005,國立成功大學,博士班,緬甸,東協,1,0,1,1,0,1,0,0,0,0,0,0,0,0,0
109,公立,一般大學,0005,國立成功大學,博士班,印度,南亞,6,4,2,6,4,2,0,0,0,0,0,0,0,0,0
109,公立,一般大學,0005,國立成功大學,博士班,印度尼西亞共和國,東協,8,2,6,8,2,6,0,0,0,0,0,0,0,0,0
109,公立,一般大學,0005,國立成功大學,博士班,伊朗伊斯蘭共和國,其他亞洲地區,2,2,0,2,2,0,0,0,0,0,0,0,0,0,0
109,公立,一般大學,0005,國立成功大學,博士班,馬來西亞,東協,2,1,1,1,1,0,1,0,1,0,0,0,0,0,0
109,公立,一般大學,0005,國立成功大學,博士班,巴基斯坦,南亞,2,2,0,2,2,0,0,0,0,0,0,0,0,0,0
109,公立,一般大學,0005,國立成功大學,博士班,菲律賓共和國,東協,2,2,0,2,2,0,0,0,0,0,0,0,0,0,0
109,公立,一般大學,0005,國立成功大學,博士班,越南社會主義共和國,東協,16,10,6,16,10,6,0,0,0,0,0,0,0,0,0
109,公立,一般大學,0005,國立成功大學,博士班,肯亞共和國,非洲,1,1,0,1,1,0,0,0,0,0,0,0,0,0,0
109,公立,一般大學,0005,國立成功大學,博士班,奈及利亞聯邦共和國,非洲,1,1,0,1,1,0,0,0,0,0,0,0,0,0,0
109,公立,一般大學,0005,國立成功大學,博士班,布吉納法索,非洲,1,0,1,1,0,1,0,0,0,0,0,0,0,0,0
109,公立,一般大學,0005,國立成功大學,博士班,大陸地區,大陸地區,9,6,3,0,0,0,0,0,0,0,0,0,9,6,3
109,公立,一般大學,0006,國立中興大學,學士班(日間),緬甸,東協,2,0,2,0,0,0,2,0,2,0,0,0,0,0,0
109,公立,一般大學,0006,國立中興大學,學士班(日間),印度尼西亞共和國,東協,13,6,7,0,0,0,13,6,7,0,0,0,0,0,0
109,公立,一般大學,0006,國立中興大學,學士班(日間),日本,其他亞洲地區,4,2,2,3,1,2,1,1,0,0,0,0,0,0,0
109,公立,一般大學,0006,國立中興大學,學士班(日間),大韓民國(南韓),其他亞洲地區,1,0,1,0,0,0,1,0,1,0,0,0,0,0,0
109,公立,一般大學,0006,國立中興大學,學士班(日間),馬來西亞,東協,44,27,17,6,3,3,38,24,14,0,0,0,0,0,0
109,公立,一般大學,0006,國立中興大學,學士班(日間),泰國,東協,1,0,1,1,0,1,0,0,0,0,0,0,0,0,0
109,公立,一般大學,0006,國立中興大學,學士班(日間),越南社會主義共和國,東協,2,2,0,2,2,0,0,0,0,0,0,0,0,0,0
109,公立,一般大學,0006,國立中興大學,學士班(日間),香港,港澳,14,5,9,0,0,0,0,0,0,14,5,9,0,0,0
109,公立,一般大學,0006,國立中興大學,學士班(日間),澳門,港澳,8,6,2,0,0,0,0,0,0,8,6,2,0,0,0
109,公立,一般大學,0006,國立中興大學,學士班(日間),蒙古國,其他亞洲地區,3,0,3,3,0,3,0,0,0,0,0,0,0,0,0
109,公立,一般大學,0006,國立中興大學,學士班(日間),吉里巴斯共和國,其他亞洲地區,1,0,1,1,0,1,0,0,0,0,0,0,0,0,0
109,公立,一般大學,0006,國立中興大學,學士班(日間),史瓦帝尼王國,非洲,1,0,1,1,0,1,0,0,0,0,0,0,0,0,0
109,公立,一般大學,0006,國立中興大學,學士班(日間),德意志聯邦共和國,歐洲,1,1,0,1,1,0,0,0,0,0,0,0,0,0,0
109,公立,一般大學,0006,國立中興大學,學士班(日間),薩爾瓦多,中南美洲,1,1,0,1,1,0,0,0,0,0,0,0,0,0,0
109,公立,一般大學,0006,國立中興大學,學士班(日間),海地共和國,中南美洲,1,0,1,1,0,1,0,0,0,0,0,0,0,0,0
109,公立,一般大學,0006,國立中興大學,學士班(日間),尼加拉瓜,中南美洲,1,1,0,1,1,0,0,0,0,0,0,0,0,0,0
109,公立,一般大學,0006,國立中興大學,學士班(日間),貝里斯,中南美洲,1,1,0,1,1,0,0,0,0,0,0,0,0,0,0
109,公立,一般大學,0006,國立中興大學,學士班(日間),聖文森(及格瑞那丁),中南美洲,1,1,0,1,1,0,0,0,0,0,0,0,0,0,0
109,公立,一般大學,0006,國立中興大學,學士班(日間),大陸地區,大陸地區,4,3,1,0,0,0,0,0,0,0,0,0,4,3,1
109,公立,一般大學,0006,國立中興大學,碩士班(日間),孟加拉人民共和國,南亞,1,1,0,1,1,0,0,0,0,0,0,0,0,0,0
109,公立,一般大學,0006,國立中興大學,碩士班(日間),印度,南亞,1,1,0,1,1,0,0,0,0,0,0,0,0,0,0
109,公立,一般大學,0006,國立中興大學,碩士班(日間),印度尼西亞共和國,東協,15,10,5,15,10,5,0,0,0,0,0,0,0,0,0
109,公立,一般大學,0006,國立中興大學,碩士班(日間),日本,其他亞洲地區,1,1,0,1,1,0,0,0,0,0,0,0,0,0,0
109,公立,一般大學,0006,國立中興大學,碩士班(日間),馬來西亞,東協,12,6,6,3,1,2,9,5,4,0,0,0,0,0,0
109,公立,一般大學,0006,國立中興大學,碩士班(日間),巴基斯坦,南亞,1,1,0,1,1,0,0,0,0,0,0,0,0,0,0
109,公立,一般大學,0006,國立中興大學,碩士班(日間),菲律賓共和國,東協,1,1,0,1,1,0,0,0,0,0,0,0,0,0,0
109,公立,一般大學,0006,國立中興大學,碩士班(日間),斯里蘭卡民主社會主義共和國,南亞,4,3,1,4,3,1,0,0,0,0,0,0,0,0,0
109,公立,一般大學,0006,國立中興大學,碩士班(日間),泰國,東協,3,0,3,2,0,2,1,0,1,0,0,0,0,0,0
109,公立,一般大學,0006,國立中興大學,碩士班(日間),土耳其共和國,其他亞洲地區,4,3,1,4,3,1,0,0,0,0,0,0,0,0,0
109,公立,一般大學,0006,國立中興大學,碩士班(日間),越南社會主義共和國,東協,14,7,7,14,7,7,0,0,0,0,0,0,0,0,0
109,公立,一般大學,0006,國立中興大學,碩士班(日間),香港,港澳,7,5,2,0,0,0,0,0,0,7,5,2,0,0,0
109,公立,一般大學,0006,國立中興大學,碩士班(日間),澳門,港澳,2,0,2,0,0,0,0,0,0,2,0,2,0,0,0
109,公立,一般大學,0006,國立中興大學,碩士班(日間),蒙古國,其他亞洲地區,1,0,1,1,0,1,0,0,0,0,0,0,0,0,0
109,公立,一般大學,0006,國立中興大學,碩士班(日間),史瓦帝尼王國,非洲,3,2,1,3,2,1,0,0,0,0,0,0,0,0,0
109,公立,一般大學,0006,國立中興大學,碩士班(日間),保加利亞共和國,歐洲,1,0,1,1,0,1,0,0,0,0,0,0,0,0,0
109,公立,一般大學,0006,國立中興大學,碩士班(日間),德意志聯邦共和國,歐洲,11,5,6,11,5,6,0,0,0,0,0,0,0,0,0
109,公立,一般大學,0006,國立中興大學,碩士班(日間),瓜地馬拉共和國,中南美洲,1,1,0,1,1,0,0,0,0,0,0,0,0,0,0
109,公立,一般大學,0006,國立中興大學,碩士班(日間),海地共和國,中南美洲,1,1,0,1,1,0,0,0,0,0,0,0,0,0,0
109,公立,一般大學,0006,國立中興大學,碩士班(日間),墨西哥合眾國,中南美洲,1,1,0,1,1,0,0,0,0,0,0,0,0,0,0
109,公立,一般大學,0006,國立中興大學,碩士班(日間),貝里斯,中南美洲,1,0,1,1,0,1,0,0,0,0,0,0,0,0,0
109,公立,一般大學,0006,國立中興大學,碩士班(日間),美國,北美洲,1,0,1,1,0,1,0,0,0,0,0,0,0,0,0
109,公立,一般大學,0006,國立中興大學,碩士班(日間),聖露西亞,中南美洲,1,1,0,1,1,0,0,0,0,0,0,0,0,0,0
109,公立,一般大學,0006,國立中興大學,碩士班(日間),大陸地區,大陸地區,10,5,5,0,0,0,0,0,0,0,0,0,10,5,5
109,公立,一般大學,0006,國立中興大學,博士班,孟加拉人民共和國,南亞,1,1,0,1,1,0,0,0,0,0,0,0,0,0,0
109,公立,一般大學,0006,國立中興大學,博士班,印度,南亞,5,4,1,5,4,1,0,0,0,0,0,0,0,0,0
109,公立,一般大學,0006,國立中興大學,博士班,馬來西亞,東協,1,1,0,0,0,0,1,1,0,0,0,0,0,0,0
109,公立,一般大學,0006,國立中興大學,博士班,泰國,東協,2,0,2,2,0,2,0,0,0,0,0,0,0,0,0
109,公立,一般大學,0006,國立中興大學,博士班,越南社會主義共和國,東協,3,2,1,3,2,1,0,0,0,0,0,0,0,0,0
109,公立,一般大學,0006,國立中興大學,博士班,澳門,港澳,1,0,1,0,0,0,0,0,0,1,0,1,0,0,0
109,公立,一般大學,0006,國立中興大學,博士班,荷蘭王國,歐洲,1,1,0,1,1,0,0,0,0,0,0,0,0,0,0
109,公立,一般大學,0007,國立陽明交通大學,學士班(日間),緬甸,東協,2,2,0,0,0,0,2,2,0,0,0,0,0,0,0
109,公立,一般大學,0007,國立陽明交通大學,學士班(日間),印度,南亞,1,1,0,1,1,0,0,0,0,0,0,0,0,0,0
109,公立,一般大學,0007,國立陽明交通大學,學士班(日間),印度尼西亞共和國,東協,8,7,1,3,2,1,5,5,0,0,0,0,0,0,0
109,公立,一般大學,0007,國立陽明交通大學,學士班(日間),日本,其他亞洲地區,2,2,0,1,1,0,1,1,0,0,0,0,0,0,0
109,公立,一般大學,0007,國立陽明交通大學,學士班(日間),大韓民國(南韓),其他亞洲地區,2,0,2,0,0,0,2,0,2,0,0,0,0,0,0
109,公立,一般大學,0007,國立陽明交通大學,學士班(日間),馬來西亞,東協,42,25,17,8,5,3,34,20,14,0,0,0,0,0,0
109,公立,一般大學,0007,國立陽明交通大學,學士班(日間),新加坡共和國,東協,1,0,1,0,0,0,1,0,1,0,0,0,0,0,0
109,公立,一般大學,0007,國立陽明交通大學,學士班(日間),泰國,東協,1,0,1,0,0,0,1,0,1,0,0,0,0,0,0
109,公立,一般大學,0007,國立陽明交通大學,學士班(日間),越南社會主義共和國,東協,2,1,1,1,1,0,1,0,1,0,0,0,0,0,0
109,公立,一般大學,0007,國立陽明交通大學,學士班(日間),香港,港澳,9,5,4,0,0,0,0,0,0,9,5,4,0,0,0
109,公立,一般大學,0007,國立陽明交通大學,學士班(日間),澳門,港澳,13,11,2,0,0,0,0,0,0,13,11,2,0,0,0
109,公立,一般大學,0007,國立陽明交通大學,學士班(日間),烏茲別克共和國,其他亞洲地區,1,1,0,1,1,0,0,0,0,0,0,0,0,0,0
109,公立,一般大學,0007,國立陽明交通大學,學士班(日間),英國,歐洲,1,0,1,1,0,1,0,0,0,0,0,0,0,0,0
109,公立,一般大學,0007,國立陽明交通大學,學士班(日間),海地共和國,中南美洲,1,1,0,1,1,0,0,0,0,0,0,0,0,0,0
109,公立,一般大學,0007,國立陽明交通大學,學士班(日間),宏都拉斯共和國,中南美洲,2,2,0,2,2,0,0,0,0,0,0,0,0,0,0
109,公立,一般大學,0007,國立陽明交通大學,學士班(日間),聖文森(及格瑞那丁),中南美洲,1,0,1,1,0,1,0,0,0,0,0,0,0,0,0
109,公立,一般大學,0007,國立陽明交通大學,學士班(日間),聖露西亞,中南美洲,1,0,1,1,0,1,0,0,0,0,0,0,0,0,0
109,公立,一般大學,0007,國立陽明交通大學,學士班(日間),大陸地區,大陸地區,9,5,4,0,0,0,0,0,0,0,0,0,9,5,4
109,公立,一般大學,0007,國立陽明交通大學,碩士班(日間),印度,南亞,19,13,6,19,13,6,0,0,0,0,0,0,0,0,0
109,公立,一般大學,0007,國立陽明交通大學,碩士班(日間),印度尼西亞共和國,東協,14,10,4,13,9,4,1,1,0,0,0,0,0,0,0
109,公立,一般大學,0007,國立陽明交通大學,碩士班(日間),日本,其他亞洲地區,2,0,2,2,0,2,0,0,0,0,0,0,0,0,0
109,公立,一般大學,0007,國立陽明交通大學,碩士班(日間),約旦哈什米王國,其他亞洲地區,2,1,1,2,1,1,0,0,0,0,0,0,0,0,0
109,公立,一般大學,0007,國立陽明交通大學,碩士班(日間),馬來西亞,東協,23,16,7,3,1,2,20,15,5,0,0,0,0,0,0
109,公立,一般大學,0007,國立陽明交通大學,碩士班(日間),巴基斯坦,南亞,3,3,0,3,3,0,0,0,0,0,0,0,0,0,0
109,公立,一般大學,0007,國立陽明交通大學,碩士班(日間),菲律賓共和國,東協,5,3,2,5,3,2,0,0,0,0,0,0,0,0,0
109,公立,一般大學,0007,國立陽明交通大學,碩士班(日間),泰國,東協,5,1,4,5,1,4,0,0,0,0,0,0,0,0,0
109,公立,一般大學,0007,國立陽明交通大學,碩士班(日間),越南社會主義共和國,東協,27,12,15,27,12,15,0,0,0,0,0,0,0,0,0
109,公立,一般大學,0007,國立陽明交通大學,碩士班(日間),香港,港澳,8,5,3,0,0,0,0,0,0,8,5,3,0,0,0
109,公立,一般大學,0007,國立陽明交通大學,碩士班(日間),澳門,港澳,7,2,5,0,0,0,0,0,0,7,2,5,0,0,0
109,公立,一般大學,0007,國立陽明交通大學,碩士班(日間),馬拉威共和國,非洲,1,0,1,1,0,1,0,0,0,0,0,0,0,0,0
109,公立,一般大學,0007,國立陽明交通大學,碩士班(日間),南非共和國,非洲,1,0,1,1,0,1,0,0,0,0,0,0,0,0,0
109,公立,一般大學,0007,國立陽明交通大學,碩士班(日間),布吉納法索,非洲,1,1,0,1,1,0,0,0,0,0,0,0,0,0,0
109,公立,一般大學,0007,國立陽明交通大學,碩士班(日間),史瓦帝尼王國,非洲,2,1,1,2,1,1,0,0,0,0,0,0,0,0,0
109,公立,一般大學,0007,國立陽明交通大學,碩士班(日間),薩爾瓦多,中南美洲,1,1,0,1,1,0,0,0,0,0,0,0,0,0,0
109,公立,一般大學,0007,國立陽明交通大學,碩士班(日間),海地共和國,中南美洲,1,1,0,1,1,0,0,0,0,0,0,0,0,0,0
109,公立,一般大學,0007,國立陽明交通大學,碩士班(日間),宏都拉斯共和國,中南美洲,1,0,1,1,0,1,0,0,0,0,0,0,0,0,0
109,公立,一般大學,0007,國立陽明交通大學,碩士班(日間),尼加拉瓜,中南美洲,1,1,0,1,1,0,0,0,0,0,0,0,0,0,0
109,公立,一般大學,0007,國立陽明交通大學,碩士班(日間),貝里斯,中南美洲,3,1,2,3,1,2,0,0,0,0,0,0,0,0,0
109,公立,一般大學,0007,國立陽明交通大學,碩士班(日間),美國,北美洲,4,2,2,3,1,2,1,1,0,0,0,0,0,0,0
109,公立,一般大學,0007,國立陽明交通大學,碩士班(日間),哥倫比亞共和國,中南美洲,1,1,0,1,1,0,0,0,0,0,0,0,0,0,0
109,公立,一般大學,0007,國立陽明交通大學,碩士班(日間),巴拉圭,中南美洲,2,2,0,0,0,0,2,2,0,0,0,0,0,0,0
109,公立,一般大學,0007,國立陽明交通大學,碩士班(日間),大陸地區,大陸地區,51,30,21,0,0,0,0,0,0,0,0,0,51,30,21
109,公立,一般大學,0007,國立陽明交通大學,博士班,印度,南亞,16,12,4,16,12,4,0,0,0,0,0,0,0,0,0
109,公立,一般大學,0007,國立陽明交通大學,博士班,印度尼西亞共和國,東協,4,3,1,4,3,1,0,0,0,0,0,0,0,0,0
109,公立,一般大學,0007,國立陽明交通大學,博士班,伊朗伊斯蘭共和國,其他亞洲地區,1,1,0,1,1,0,0,0,0,0,0,0,0,0,0
109,公立,一般大學,0007,國立陽明交通大學,博士班,約旦哈什米王國,其他亞洲地區,1,1,0,1,1,0,0,0,0,0,0,0,0,0,0
109,公立,一般大學,0007,國立陽明交通大學,博士班,馬來西亞,東協,1,1,0,0,0,0,1,1,0,0,0,0,0,0,0
109,公立,一般大學,0007,國立陽明交通大學,博士班,尼泊爾聯邦民主共和國,南亞,2,1,1,2,1,1,0,0,0,0,0,0,0,0,0
109,公立,一般大學,0007,國立陽明交通大學,博士班,巴基斯坦,南亞,1,1,0,1,1,0,0,0,0,0,0,0,0,0,0
109,公立,一般大學,0007,國立陽明交通大學,博士班,菲律賓共和國,東協,2,2,0,2,2,0,0,0,0,0,0,0,0,0,0
109,公立,一般大學,0007,國立陽明交通大學,博士班,泰國,東協,1,0,1,1,0,1,0,0,0,0,0,0,0,0,0
109,公立,一般大學,0007,國立陽明交通大學,博士班,越南社會主義共和國,東協,11,10,1,11,10,1,0,0,0,0,0,0,0,0,0
109,公立,一般大學,0007,國立陽明交通大學,博士班,汶萊和平之國,東協,1,1,0,1,1,0,0,0,0,0,0,0,0,0,0
109,公立,一般大學,0007,國立陽明交通大學,博士班,香港,港澳,1,0,1,0,0,0,0,0,0,1,0,1,0,0,0
109,公立,一般大學,0007,國立陽明交通大學,博士班,巴勒斯坦,其他亞洲地區,2,2,0,2,2,0,0,0,0,0,0,0,0,0,0
109,公立,一般大學,0007,國立陽明交通大學,博士班,蒙古國,其他亞洲地區,1,1,0,1,1,0,0,0,0,0,0,0,0,0,0
109,公立,一般大學,0007,國立陽明交通大學,博士班,埃及阿拉伯共和國,非洲,1,1,0,1,1,0,0,0,0,0,0,0,0,0,0
109,公立,一般大學,0007,國立陽明交通大學,博士班,衣索比亞聯邦民主共和國,非洲,4,4,0,4,4,0,0,0,0,0,0,0,0,0,0
109,公立,一般大學,0007,國立陽明交通大學,博士班,甘比亞共和國,非洲,2,2,0,2,2,0,0,0,0,0,0,0,0,0,0
109,公立,一般大學,0007,國立陽明交通大學,博士班,布吉納法索,非洲,1,1,0,1,1,0,0,0,0,0,0,0,0,0,0
109,公立,一般大學,0007,國立陽明交通大學,博士班,史瓦帝尼王國,非洲,1,1,0,1,1,0,0,0,0,0,0,0,0,0,0
109,公立,一般大學,0007,國立陽明交通大學,博士班,保加利亞共和國,歐洲,1,1,0,1,1,0,0,0,0,0,0,0,0,0,0
109,公立,一般大學,0007,國立陽明交通大學,博士班,波蘭共和國,歐洲,1,1,0,1,1,0,0,0,0,0,0,0,0,0,0
109,公立,一般大學,0007,國立陽明交通大學,博士班,德意志聯邦共和國,歐洲,1,1,0,1,1,0,0,0,0,0,0,0,0,0,0
109,公立,一般大學,0007,國立陽明交通大學,博士班,烏克蘭,其他亞洲地區,1,0,1,1,0,1,0,0,0,0,0,0,0,0,0
109,公立,一般大學,0007,國立陽明交通大學,博士班,宏都拉斯共和國,中南美洲,1,0,1,1,0,1,0,0,0,0,0,0,0,0,0
109,公立,一般大學,0007,國立陽明交通大學,博士班,尼加拉瓜,中南美洲,1,1,0,1,1,0,0,0,0,0,0,0,0,0,0
109,公立,一般大學,0007,國立陽明交通大學,博士班,厄瓜多共和國,中南美洲,3,3,0,3,3,0,0,0,0,0,0,0,0,0,0
109,公立,一般大學,0007,國立陽明交通大學,博士班,大陸地區,大陸地區,1,1,0,0,0,0,0,0,0,0,0,0,1,1,0
109,公立,一般大學,0008,國立中央大學,學士班(日間),印度尼西亞共和國,東協,3,2,1,1,1,0,2,1,1,0,0,0,0,0,0
109,公立,一般大學,0008,國立中央大學,學士班(日間),日本,其他亞洲地區,1,0,1,1,0,1,0,0,0,0,0,0,0,0,0
109,公立,一般大學,0008,國立中央大學,學士班(日間),馬來西亞,東協,16,10,6,0,0,0,16,10,6,0,0,0,0,0,0
109,公立,一般大學,0008,國立中央大學,學士班(日間),越南社會主義共和國,東協,3,1,2,0,0,0,3,1,2,0,0,0,0,0,0
109,公立,一般大學,0008,國立中央大學,學士班(日間),香港,港澳,9,5,4,0,0,0,0,0,0,9,5,4,0,0,0
109,公立,一般大學,0008,國立中央大學,學士班(日間),澳門,港澳,7,5,2,0,0,0,0,0,0,7,5,2,0,0,0
109,公立,一般大學,0008,國立中央大學,學士班(日間),加拿大,北美洲,1,0,1,0,0,0,1,0,1,0,0,0,0,0,0
109,公立,一般大學,0008,國立中央大學,學士班(日間),尼加拉瓜,中南美洲,1,1,0,1,1,0,0,0,0,0,0,0,0,0,0
109,公立,一般大學,0008,國立中央大學,學士班(日間),大陸地區,大陸地區,5,3,2,0,0,0,0,0,0,0,0,0,5,3,2
109,公立,一般大學,0008,國立中央大學,碩士班(日間),印度,南亞,2,1,1,2,1,1,0,0,0,0,0,0,0,0,0
109,公立,一般大學,0008,國立中央大學,碩士班(日間),印度尼西亞共和國,東協,50,27,23,50,27,23,0,0,0,0,0,0,0,0,0
109,公立,一般大學,0008,國立中央大學,碩士班(日間),馬來西亞,東協,6,5,1,2,1,1,4,4,0,0,0,0,0,0,0
109,公立,一般大學,0008,國立中央大學,碩士班(日間),巴基斯坦,南亞,2,1,1,2,1,1,0,0,0,0,0,0,0,0,0
109,公立,一般大學,0008,國立中央大學,碩士班(日間),菲律賓共和國,東協,4,2,2,4,2,2,0,0,0,0,0,0,0,0,0
109,公立,一般大學,0008,國立中央大學,碩士班(日間),泰國,東協,2,1,1,2,1,1,0,0,0,0,0,0,0,0,0
109,公立,一般大學,0008,國立中央大學,碩士班(日間),越南社會主義共和國,東協,34,12,22,34,12,22,0,0,0,0,0,0,0,0,0
109,公立,一般大學,0008,國立中央大學,碩士班(日間),香港,港澳,6,3,3,0,0,0,0,0,0,6,3,3,0,0,0
109,公立,一般大學,0008,國立中央大學,碩士班(日間),澳門,港澳,2,2,0,0,0,0,0,0,0,2,2,0,0,0,0
109,公立,一般大學,0008,國立中央大學,碩士班(日間),蒙古國,其他亞洲地區,2,2,0,2,2,0,0,0,0,0,0,0,0,0,0
109,公立,一般大學,0008,國立中央大學,碩士班(日間),俄羅斯聯邦,其他亞洲地區,2,1,1,2,1,1,0,0,0,0,0,0,0,0,0
109,公立,一般大學,0008,國立中央大學,碩士班(日間),史瓦帝尼王國,非洲,1,1,0,1,1,0,0,0,0,0,0,0,0,0,0
109,公立,一般大學,0008,國立中央大學,碩士班(日間),加拿大,北美洲,1,1,0,0,0,0,1,1,0,0,0,0,0,0,0
109,公立,一般大學,0008,國立中央大學,碩士班(日間),貝里斯,中南美洲,1,0,1,1,0,1,0,0,0,0,0,0,0,0,0
109,公立,一般大學,0008,國立中央大學,碩士班(日間),大陸地區,大陸地區,28,15,13,0,0,0,0,0,0,0,0,0,28,15,13
109,公立,一般大學,0008,國立中央大學,博士班,印度,南亞,8,6,2,8,6,2,0,0,0,0,0,0,0,0,0
109,公立,一般大學,0008,國立中央大學,博士班,印度尼西亞共和國,東協,11,5,6,11,5,6,0,0,0,0,0,0,0,0,0
109,公立,一般大學,0008,國立中央大學,博士班,伊朗伊斯蘭共和國,其他亞洲地區,2,1,1,2,1,1,0,0,0,0,0,0,0,0,0
109,公立,一般大學,0008,國立中央大學,博士班,巴基斯坦,南亞,2,2,0,2,2,0,0,0,0,0,0,0,0,0,0
109,公立,一般大學,0008,國立中央大學,博士班,菲律賓共和國,東協,1,0,1,1,0,1,0,0,0,0,0,0,0,0,0
109,公立,一般大學,0008,國立中央大學,博士班,斯里蘭卡民主社會主義共和國,南亞,1,1,0,1,1,0,0,0,0,0,0,0,0,0,0
109,公立,一般大學,0008,國立中央大學,博士班,泰國,東協,3,0,3,3,0,3,0,0,0,0,0,0,0,0,0
109,公立,一般大學,0008,國立中央大學,博士班,越南社會主義共和國,東協,22,17,5,22,17,5,0,0,0,0,0,0,0,0,0
109,公立,一般大學,0008,國立中央大學,博士班,衣索比亞聯邦民主共和國,非洲,2,2,0,2,2,0,0,0,0,0,0,0,0,0,0
109,公立,一般大學,0008,國立中央大學,博士班,大陸地區,大陸地區,3,1,2,0,0,0,0,0,0,0,0,0,3,1,2
109,公立,一般大學,0009,國立中山大學,學士班(日間),印度尼西亞共和國,東協,4,3,1,1,1,0,3,2,1,0,0,0,0,0,0
109,公立,一般大學,0009,國立中山大學,學士班(日間),日本,其他亞洲地區,1,1,0,1,1,0,0,0,0,0,0,0,0,0,0
109,公立,一般大學,0009,國立中山大學,學士班(日間),馬來西亞,東協,20,10,10,2,2,0,18,8,10,0,0,0,0,0,0
109,公立,一般大學,0009,國立中山大學,學士班(日間),泰國,東協,1,0,1,0,0,0,1,0,1,0,0,0,0,0,0
109,公立,一般大學,0009,國立中山大學,學士班(日間),越南社會主義共和國,東協,2,1,1,1,0,1,1,1,0,0,0,0,0,0,0
109,公立,一般大學,0009,國立中山大學,學士班(日間),香港,港澳,11,7,4,0,0,0,0,0,0,11,7,4,0,0,0
109,公立,一般大學,0009,國立中山大學,學士班(日間),俄羅斯聯邦,其他亞洲地區,1,0,1,1,0,1,0,0,0,0,0,0,0,0,0
109,公立,一般大學,0009,國立中山大學,學士班(日間),薩爾瓦多,中南美洲,1,0,1,1,0,1,0,0,0,0,0,0,0,0,0
109,公立,一般大學,0009,國立中山大學,學士班(日間),墨西哥合眾國,中南美洲,1,1,0,0,0,0,1,1,0,0,0,0,0,0,0
109,公立,一般大學,0009,國立中山大學,學士班(日間),美國,北美洲,1,1,0,0,0,0,1,1,0,0,0,0,0,0,0
109,公立,一般大學,0009,國立中山大學,學士班(日間),大陸地區,大陸地區,4,1,3,0,0,0,0,0,0,0,0,0,4,1,3
109,公立,一般大學,0009,國立中山大學,碩士班(日間),緬甸,東協,1,0,1,1,0,1,0,0,0,0,0,0,0,0,0
109,公立,一般大學,0009,國立中山大學,碩士班(日間),印度,南亞,6,4,2,6,4,2,0,0,0,0,0,0,0,0,0
109,公立,一般大學,0009,國立中山大學,碩士班(日間),印度尼西亞共和國,東協,7,5,2,7,5,2,0,0,0,0,0,0,0,0,0
109,公立,一般大學,0009,國立中山大學,碩士班(日間),以色列,其他亞洲地區,1,1,0,1,1,0,0,0,0,0,0,0,0,0,0
109,公立,一般大學,0009,國立中山大學,碩士班(日間),大韓民國(南韓),其他亞洲地區,1,1,0,1,1,0,0,0,0,0,0,0,0,0,0
109,公立,一般大學,0009,國立中山大學,碩士班(日間),馬來西亞,東協,2,1,1,1,0,1,1,1,0,0,0,0,0,0,0
109,公立,一般大學,0009,國立中山大學,碩士班(日間),菲律賓共和國,東協,3,3,0,3,3,0,0,0,0,0,0,0,0,0,0
109,公立,一般大學,0009,國立中山大學,碩士班(日間),斯里蘭卡民主社會主義共和國,南亞,3,2,1,3,2,1,0,0,0,0,0,0,0,0,0
109,公立,一般大學,0009,國立中山大學,碩士班(日間),泰國,東協,5,1,4,5,1,4,0,0,0,0,0,0,0,0,0
109,公立,一般大學,0009,國立中山大學,碩士班(日間),土耳其共和國,其他亞洲地區,1,1,0,1,1,0,0,0,0,0,0,0,0,0,0
109,公立,一般大學,0009,國立中山大學,碩士班(日間),越南社會主義共和國,東協,10,1,9,10,1,9,0,0,0,0,0,0,0,0,0
109,公立,一般大學,0009,國立中山大學,碩士班(日間),香港,港澳,5,4,1,0,0,0,0,0,0,5,4,1,0,0,0
109,公立,一般大學,0009,國立中山大學,碩士班(日間),澳門,港澳,3,1,2,0,0,0,0,0,0,3,1,2,0,0,0
109,公立,一般大學,0009,國立中山大學,碩士班(日間),蒙古國,其他亞洲地區,1,0,1,1,0,1,0,0,0,0,0,0,0,0,0
109,公立,一般大學,0009,國立中山大學,碩士班(日間),俄羅斯聯邦,其他亞洲地區,5,3,2,5,3,2,0,0,0,0,0,0,0,0,0
109,公立,一般大學,0009,國立中山大學,碩士班(日間),巴布亞紐幾內亞獨立國,其他亞洲地區,1,0,1,1,0,1,0,0,0,0,0,0,0,0,0
109,公立,一般大學,0009,國立中山大學,碩士班(日間),埃及阿拉伯共和國,非洲,1,0,1,1,0,1,0,0,0,0,0,0,0,0,0
109,公立,一般大學,0009,國立中山大學,碩士班(日間),南非共和國,非洲,1,1,0,1,1,0,0,0,0,0,0,0,0,0,0
109,公立,一般大學,0009,國立中山大學,碩士班(日間),史瓦帝尼王國,非洲,1,1,0,1,1,0,0,0,0,0,0,0,0,0,0
109,公立,一般大學,0009,國立中山大學,碩士班(日間),奧地利共和國,歐洲,8,2,6,8,2,6,0,0,0,0,0,0,0,0,0
109,公立,一般大學,0009,國立中山大學,碩士班(日間),法國,歐洲,2,0,2,2,0,2,0,0,0,0,0,0,0,0,0
109,公立,一般大學,0009,國立中山大學,碩士班(日間),匈牙利共和國,歐洲,1,0,1,1,0,1,0,0,0,0,0,0,0,0,0
109,公立,一般大學,0009,國立中山大學,碩士班(日間),荷蘭王國,歐洲,1,1,0,1,1,0,0,0,0,0,0,0,0,0,0
109,公立,一般大學,0009,國立中山大學,碩士班(日間),波蘭共和國,歐洲,3,1,2,3,1,2,0,0,0,0,0,0,0,0,0
109,公立,一般大學,0009,國立中山大學,碩士班(日間),西班牙王國,歐洲,1,0,1,1,0,1,0,0,0,0,0,0,0,0,0
109,公立,一般大學,0009,國立中山大學,碩士班(日間),德意志聯邦共和國,歐洲,2,0,2,2,0,2,0,0,0,0,0,0,0,0,0
109,公立,一般大學,0009,國立中山大學,碩士班(日間),白俄羅斯共和國,其他亞洲地區,1,0,1,1,0,1,0,0,0,0,0,0,0,0,0
109,公立,一般大學,0009,國立中山大學,碩士班(日間),加拿大,北美洲,2,2,0,2,2,0,0,0,0,0,0,0,0,0,0
109,公立,一般大學,0009,國立中山大學,碩士班(日間),海地共和國,中南美洲,1,1,0,1,1,0,0,0,0,0,0,0,0,0,0
109,公立,一般大學,0009,國立中山大學,碩士班(日間),宏都拉斯共和國,中南美洲,1,1,0,1,1,0,0,0,0,0,0,0,0,0,0
109,公立,一般大學,0009,國立中山大學,碩士班(日間),美國,北美洲,4,3,1,4,3,1,0,0,0,0,0,0,0,0,0
109,公立,一般大學,0009,國立中山大學,碩士班(日間),巴西聯邦共和國,中南美洲,1,1,0,1,1,0,0,0,0,0,0,0,0,0,0
109,公立,一般大學,0009,國立中山大學,碩士班(日間),大陸地區,大陸地區,18,8,10,0,0,0,0,0,0,0,0,0,18,8,10
109,公立,一般大學,0009,國立中山大學,博士班,印度,南亞,4,3,1,4,3,1,0,0,0,0,0,0,0,0,0
109,公立,一般大學,0009,國立中山大學,博士班,印度尼西亞共和國,東協,1,0,1,1,0,1,0,0,0,0,0,0,0,0,0
109,公立,一般大學,0009,國立中山大學,博士班,伊朗伊斯蘭共和國,其他亞洲地區,1,0,1,1,0,1,0,0,0,0,0,0,0,0,0
109,公立,一般大學,0009,國立中山大學,博士班,馬來西亞,東協,1,0,1,1,0,1,0,0,0,0,0,0,0,0,0
109,公立,一般大學,0009,國立中山大學,博士班,巴基斯坦,南亞,1,1,0,1,1,0,0,0,0,0,0,0,0,0,0
109,公立,一般大學,0009,國立中山大學,博士班,菲律賓共和國,東協,5,3,2,5,3,2,0,0,0,0,0,0,0,0,0
109,公立,一般大學,0009,國立中山大學,博士班,泰國,東協,1,0,1,1,0,1,0,0,0,0,0,0,0,0,0
109,公立,一般大學,0009,國立中山大學,博士班,越南社會主義共和國,東協,2,1,1,2,1,1,0,0,0,0,0,0,0,0,0
109,公立,一般大學,0009,國立中山大學,博士班,土庫曼,其他亞洲地區,1,0,1,1,0,1,0,0,0,0,0,0,0,0,0
109,公立,一般大學,0009,國立中山大學,博士班,美國,北美洲,1,0,1,1,0,1,0,0,0,0,0,0,0,0,0
109,公立,一般大學,0009,國立中山大學,博士班,大陸地區,大陸地區,2,1,1,0,0,0,0,0,0,0,0,0,2,1,1
109,公立,一般大學,0012,國立臺灣海洋大學,學士班(日間),緬甸,東協,2,2,0,0,0,0,2,2,0,0,0,0,0,0,0
109,公立,一般大學,0012,國立臺灣海洋大學,學士班(日間),印度尼西亞共和國,東協,9,2,7,1,0,1,8,2,6,0,0,0,0,0,0
109,公立,一般大學,0012,國立臺灣海洋大學,學士班(日間),日本,其他亞洲地區,1,0,1,1,0,1,0,0,0,0,0,0,0,0,0
109,公立,一般大學,0012,國立臺灣海洋大學,學士班(日間),馬來西亞,東協,31,21,10,4,4,0,27,17,10,0,0,0,0,0,0
109,公立,一般大學,0012,國立臺灣海洋大學,學士班(日間),香港,港澳,12,8,4,0,0,0,0,0,0,12,8,4,0,0,0
109,公立,一般大學,0012,國立臺灣海洋大學,學士班(日間),澳門,港澳,11,8,3,0,0,0,0,0,0,11,8,3,0,0,0
109,公立,一般大學,0012,國立臺灣海洋大學,學士班(日間),南非共和國,非洲,1,1,0,0,0,0,1,1,0,0,0,0,0,0,0
109,公立,一般大學,0012,國立臺灣海洋大學,學士班(日間),巴拿馬共和國,中南美洲,1,0,1,1,0,1,0,0,0,0,0,0,0,0,0
109,公立,一般大學,0012,國立臺灣海洋大學,學士班(日間),大陸地區,大陸地區,5,3,2,0,0,0,0,0,0,0,0,0,5,3,2
109,公立,一般大學,0012,國立臺灣海洋大學,碩士班(日間),印度,南亞,1,1,0,1,1,0,0,0,0,0,0,0,0,0,0
109,公立,一般大學,0012,國立臺灣海洋大學,碩士班(日間),印度尼西亞共和國,東協,13,1,12,8,1,7,5,0,5,0,0,0,0,0,0
109,公立,一般大學,0012,國立臺灣海洋大學,碩士班(日間),馬來西亞,東協,9,1,8,2,0,2,7,1,6,0,0,0,0,0,0
109,公立,一般大學,0012,國立臺灣海洋大學,碩士班(日間),菲律賓共和國,東協,1,0,1,1,0,1,0,0,0,0,0,0,0,0,0
109,公立,一般大學,0012,國立臺灣海洋大學,碩士班(日間),土耳其共和國,其他亞洲地區,1,1,0,1,1,0,0,0,0,0,0,0,0,0,0
109,公立,一般大學,0012,國立臺灣海洋大學,碩士班(日間),越南社會主義共和國,東協,3,2,1,2,1,1,1,1,0,0,0,0,0,0,0
109,公立,一般大學,0012,國立臺灣海洋大學,碩士班(日間),香港,港澳,2,1,1,0,0,0,0,0,0,2,1,1,0,0,0
109,公立,一般大學,0012,國立臺灣海洋大學,碩士班(日間),斐濟群島共和國,其他亞洲地區,1,0,1,1,0,1,0,0,0,0,0,0,0,0,0
109,公立,一般大學,0012,國立臺灣海洋大學,碩士班(日間),布吉納法索,非洲,1,1,0,1,1,0,0,0,0,0,0,0,0,0,0
109,公立,一般大學,0012,國立臺灣海洋大學,碩士班(日間),宏都拉斯共和國,中南美洲,1,1,0,1,1,0,0,0,0,0,0,0,0,0,0
109,公立,一般大學,0012,國立臺灣海洋大學,碩士班(日間),貝里斯,中南美洲,1,0,1,1,0,1,0,0,0,0,0,0,0,0,0
109,公立,一般大學,0012,國立臺灣海洋大學,碩士班(日間),大陸地區,大陸地區,2,0,2,0,0,0,0,0,0,0,0,0,2,0,2
109,公立,一般大學,0012,國立臺灣海洋大學,博士班,印度,南亞,1,0,1,1,0,1,0,0,0,0,0,0,0,0,0
109,公立,一般大學,0012,國立臺灣海洋大學,博士班,印度尼西亞共和國,東協,3,2,1,3,2,1,0,0,0,0,0,0,0,0,0
109,公立,一般大學,0012,國立臺灣海洋大學,博士班,馬來西亞,東協,1,0,1,0,0,0,1,0,1,0,0,0,0,0,0
109,公立,一般大學,0012,國立臺灣海洋大學,博士班,越南社會主義共和國,東協,2,2,0,2,2,0,0,0,0,0,0,0,0,0,0
109,公立,一般大學,0013,國立中正大學,學士班(日間),印度尼西亞共和國,東協,7,3,4,1,1,0,6,2,4,0,0,0,0,0,0
109,公立,一般大學,0013,國立中正大學,學士班(日間),日本,其他亞洲地區,2,0,2,2,0,2,0,0,0,0,0,0,0,0,0
109,公立,一般大學,0013,國立中正大學,學士班(日間),馬來西亞,東協,27,9,18,2,1,1,25,8,17,0,0,0,0,0,0
109,公立,一般大學,0013,國立中正大學,學士班(日間),越南社會主義共和國,東協,1,1,0,0,0,0,1,1,0,0,0,0,0,0,0
109,公立,一般大學,0013,國立中正大學,學士班(日間),香港,港澳,6,5,1,0,0,0,0,0,0,6,5,1,0,0,0
109,公立,一般大學,0013,國立中正大學,學士班(日間),澳門,港澳,10,7,3,0,0,0,0,0,0,10,7,3,0,0,0
109,公立,一般大學,0013,國立中正大學,學士班(日間),俄羅斯聯邦,其他亞洲地區,1,0,1,1,0,1,0,0,0,0,0,0,0,0,0
109,公立,一般大學,0013,國立中正大學,學士班(日間),大陸地區,大陸地區,4,1,3,0,0,0,0,0,0,0,0,0,4,1,3
109,公立,一般大學,0013,國立中正大學,碩士班(日間),孟加拉人民共和國,南亞,1,1,0,1,1,0,0,0,0,0,0,0,0,0,0
109,公立,一般大學,0013,國立中正大學,碩士班(日間),印度,南亞,9,7,2,9,7,2,0,0,0,0,0,0,0,0,0
109,公立,一般大學,0013,國立中正大學,碩士班(日間),印度尼西亞共和國,東協,7,3,4,7,3,4,0,0,0,0,0,0,0,0,0
109,公立,一般大學,0013,國立中正大學,碩士班(日間),日本,其他亞洲地區,1,0,1,1,0,1,0,0,0,0,0,0,0,0,0
109,公立,一般大學,0013,國立中正大學,碩士班(日間),馬來西亞,東協,2,1,1,0,0,0,2,1,1,0,0,0,0,0,0
109,公立,一般大學,0013,國立中正大學,碩士班(日間),菲律賓共和國,東協,2,0,2,2,0,2,0,0,0,0,0,0,0,0,0
109,公立,一般大學,0013,國立中正大學,碩士班(日間),泰國,東協,8,3,5,8,3,5,0,0,0,0,0,0,0,0,0
109,公立,一般大學,0013,國立中正大學,碩士班(日間),越南社會主義共和國,東協,2,0,2,2,0,2,0,0,0,0,0,0,0,0,0
109,公立,一般大學,0013,國立中正大學,碩士班(日間),香港,港澳,1,1,0,0,0,0,0,0,0,1,1,0,0,0,0
109,公立,一般大學,0013,國立中正大學,碩士班(日間),澳門,港澳,1,0,1,0,0,0,0,0,0,1,0,1,0,0,0
109,公立,一般大學,0013,國立中正大學,碩士班(日間),蒙古國,其他亞洲地區,2,1,1,2,1,1,0,0,0,0,0,0,0,0,0
109,公立,一般大學,0013,國立中正大學,碩士班(日間),澳大利亞,其他亞洲地區,1,1,0,1,1,0,0,0,0,0,0,0,0,0,0
109,公立,一般大學,0013,國立中正大學,碩士班(日間),甘比亞共和國,非洲,1,1,0,1,1,0,0,0,0,0,0,0,0,0,0
109,公立,一般大學,0013,國立中正大學,碩士班(日間),海地共和國,中南美洲,1,1,0,1,1,0,0,0,0,0,0,0,0,0,0
109,公立,一般大學,0013,國立中正大學,碩士班(日間),宏都拉斯共和國,中南美洲,1,0,1,1,0,1,0,0,0,0,0,0,0,0,0
109,公立,一般大學,0013,國立中正大學,碩士班(日間),貝里斯,中南美洲,2,1,1,2,1,1,0,0,0,0,0,0,0,0,0
109,公立,一般大學,0013,國立中正大學,碩士班(日間),哥倫比亞共和國,中南美洲,1,1,0,1,1,0,0,0,0,0,0,0,0,0,0
109,公立,一般大學,0013,國立中正大學,碩士班(日間),大陸地區,大陸地區,4,3,1,0,0,0,0,0,0,0,0,0,4,3,1
109,公立,一般大學,0013,國立中正大學,博士班,印度,南亞,1,0,1,1,0,1,0,0,0,0,0,0,0,0,0
109,公立,一般大學,0013,國立中正大學,博士班,印度尼西亞共和國,東協,3,1,2,3,1,2,0,0,0,0,0,0,0,0,0
109,公立,一般大學,0013,國立中正大學,博士班,馬來西亞,東協,1,1,0,0,0,0,1,1,0,0,0,0,0,0,0
109,公立,一般大學,0013,國立中正大學,博士班,越南社會主義共和國,東協,4,3,1,4,3,1,0,0,0,0,0,0,0,0,0
109,公立,一般大學,0013,國立中正大學,博士班,大陸地區,大陸地區,2,2,0,0,0,0,0,0,0,0,0,0,2,2,0
109,公立,一般大學,0014,國立高雄師範大學,學士班(日間),印度尼西亞共和國,東協,1,1,0,0,0,0,1,1,0,0,0,0,0,0,0
109,公立,一般大學,0014,國立高雄師範大學,學士班(日間),日本,其他亞洲地區,1,0,1,0,0,0,1,0,1,0,0,0,0,0,0
109,公立,一般大學,0014,國立高雄師範大學,學士班(日間),馬來西亞,東協,6,1,5,0,0,0,6,1,5,0,0,0,0,0,0
109,公立,一般大學,0014,國立高雄師範大學,學士班(日間),香港,港澳,3,1,2,0,0,0,0,0,0,3,1,2,0,0,0
109,公立,一般大學,0014,國立高雄師範大學,學士班(日間),澳門,港澳,11,7,4,0,0,0,0,0,0,11,7,4,0,0,0
109,公立,一般大學,0014,國立高雄師範大學,學士班(日間),阿根廷,中南美洲,1,0,1,0,0,0,1,0,1,0,0,0,0,0,0
109,公立,一般大學,0014,國立高雄師範大學,學士班(日間),大陸地區,大陸地區,2,2,0,0,0,0,0,0,0,0,0,0,2,2,0
109,公立,一般大學,0014,國立高雄師範大學,碩士班(日間),日本,其他亞洲地區,1,1,0,1,1,0,0,0,0,0,0,0,0,0,0
109,公立,一般大學,0014,國立高雄師範大學,碩士班(日間),大韓民國(南韓),其他亞洲地區,1,0,1,1,0,1,0,0,0,0,0,0,0,0,0
109,公立,一般大學,0014,國立高雄師範大學,碩士班(日間),馬來西亞,東協,3,0,3,0,0,0,3,0,3,0,0,0,0,0,0
109,公立,一般大學,0014,國立高雄師範大學,碩士班(日間),泰國,東協,4,1,3,3,0,3,1,1,0,0,0,0,0,0,0
109,公立,一般大學,0014,國立高雄師範大學,碩士班(日間),澳門,港澳,1,0,1,0,0,0,0,0,0,1,0,1,0,0,0
109,公立,一般大學,0014,國立高雄師範大學,碩士班(日間),加拿大,北美洲,1,0,1,0,0,0,1,0,1,0,0,0,0,0,0
109,公立,一般大學,0014,國立高雄師範大學,碩士班(日間),大陸地區,大陸地區,7,3,4,0,0,0,0,0,0,0,0,0,7,3,4
109,公立,一般大學,0014,國立高雄師範大學,博士班,英國,歐洲,1,1,0,1,1,0,0,0,0,0,0,0,0,0,0
109,公立,一般大學,0014,國立高雄師範大學,博士班,大陸地區,大陸地區,1,1,0,0,0,0,0,0,0,0,0,0,1,1,0
109,公立,一般大學,0015,國立彰化師範大學,學士班(日間),日本,其他亞洲地區,2,1,1,2,1,1,0,0,0,0,0,0,0,0,0
109,公立,一般大學,0015,國立彰化師範大學,學士班(日間),馬來西亞,東協,34,15,19,3,0,3,31,15,16,0,0,0,0,0,0
109,公立,一般大學,0015,國立彰化師範大學,學士班(日間),菲律賓共和國,東協,1,0,1,0,0,0,1,0,1,0,0,0,0,0,0
109,公立,一般大學,0015,國立彰化師範大學,學士班(日間),越南社會主義共和國,東協,1,1,0,0,0,0,1,1,0,0,0,0,0,0,0
109,公立,一般大學,0015,國立彰化師範大學,學士班(日間),香港,港澳,4,2,2,0,0,0,0,0,0,4,2,2,0,0,0
109,公立,一般大學,0015,國立彰化師範大學,學士班(日間),澳門,港澳,21,8,13,0,0,0,0,0,0,21,8,13,0,0,0
109,公立,一般大學,0015,國立彰化師範大學,學士班(日間),大陸地區,大陸地區,2,1,1,0,0,0,0,0,0,0,0,0,2,1,1
109,公立,一般大學,0015,國立彰化師範大學,碩士班(日間),馬來西亞,東協,2,0,2,2,0,2,0,0,0,0,0,0,0,0,0
109,公立,一般大學,0015,國立彰化師範大學,碩士班(日間),菲律賓共和國,東協,1,0,1,0,0,0,1,0,1,0,0,0,0,0,0
109,公立,一般大學,0015,國立彰化師範大學,碩士班(日間),香港,港澳,1,1,0,0,0,0,0,0,0,1,1,0,0,0,0
109,公立,一般大學,0015,國立彰化師範大學,碩士班(日間),澳門,港澳,3,3,0,0,0,0,0,0,0,3,3,0,0,0,0
109,公立,一般大學,0015,國立彰化師範大學,碩士班(日間),大陸地區,大陸地區,2,0,2,0,0,0,0,0,0,0,0,0,2,0,2
109,公立,一般大學,0015,國立彰化師範大學,博士班,大陸地區,大陸地區,1,1,0,0,0,0,0,0,0,0,0,0,1,1,0
109,公立,一般大學,0017,國立臺北大學,學士班(日間),緬甸,東協,12,0,12,0,0,0,12,0,12,0,0,0,0,0,0
109,公立,一般大學,0017,國立臺北大學,學士班(日間),印度尼西亞共和國,東協,4,1,3,0,0,0,4,1,3,0,0,0,0,0,0
109,公立,一般大學,0017,國立臺北大學,學士班(日間),日本,其他亞洲地區,3,3,0,3,3,0,0,0,0,0,0,0,0,0,0
109,公立,一般大學,0017,國立臺北大學,學士班(日間),馬來西亞,東協,16,4,12,0,0,0,16,4,12,0,0,0,0,0,0
109,公立,一般大學,0017,國立臺北大學,學士班(日間),越南社會主義共和國,東協,2,0,2,1,0,1,1,0,1,0,0,0,0,0,0
109,公立,一般大學,0017,國立臺北大學,學士班(日間),香港,港澳,14,8,6,0,0,0,0,0,0,14,8,6,0,0,0
109,公立,一般大學,0017,國立臺北大學,學士班(日間),澳門,港澳,9,4,5,0,0,0,0,0,0,9,4,5,0,0,0
109,公立,一般大學,0017,國立臺北大學,學士班(日間),德意志聯邦共和國,歐洲,1,0,1,1,0,1,0,0,0,0,0,0,0,0,0
109,公立,一般大學,0017,國立臺北大學,學士班(日間),阿根廷,中南美洲,1,0,1,0,0,0,1,0,1,0,0,0,0,0,0
109,公立,一般大學,0017,國立臺北大學,學士班(日間),秘魯共和國,中南美洲,1,0,1,0,0,0,1,0,1,0,0,0,0,0,0
109,公立,一般大學,0017,國立臺北大學,學士班(日間),大陸地區,大陸地區,6,2,4,0,0,0,0,0,0,0,0,0,6,2,4
109,公立,一般大學,0017,國立臺北大學,碩士班(日間),印度尼西亞共和國,東協,2,1,1,2,1,1,0,0,0,0,0,0,0,0,0
109,公立,一般大學,0017,國立臺北大學,碩士班(日間),馬來西亞,東協,1,1,0,0,0,0,1,1,0,0,0,0,0,0,0
109,公立,一般大學,0017,國立臺北大學,碩士班(日間),菲律賓共和國,東協,1,1,0,1,1,0,0,0,0,0,0,0,0,0,0
109,公立,一般大學,0017,國立臺北大學,碩士班(日間),斯里蘭卡民主社會主義共和國,南亞,2,1,1,2,1,1,0,0,0,0,0,0,0,0,0
109,公立,一般大學,0017,國立臺北大學,碩士班(日間),泰國,東協,2,0,2,2,0,2,0,0,0,0,0,0,0,0,0
109,公立,一般大學,0017,國立臺北大學,碩士班(日間),土耳其共和國,其他亞洲地區,1,1,0,1,1,0,0,0,0,0,0,0,0,0,0
109,公立,一般大學,0017,國立臺北大學,碩士班(日間),越南社會主義共和國,東協,1,0,1,1,0,1,0,0,0,0,0,0,0,0,0
109,公立,一般大學,0017,國立臺北大學,碩士班(日間),香港,港澳,2,2,0,0,0,0,0,0,0,2,2,0,0,0,0
109,公立,一般大學,0017,國立臺北大學,碩士班(日間),澳門,港澳,1,0,1,0,0,0,0,0,0,1,0,1,0,0,0
109,公立,一般大學,0017,國立臺北大學,碩士班(日間),坦尚尼亞聯合共和國,非洲,1,1,0,1,1,0,0,0,0,0,0,0,0,0,0
109,公立,一般大學,0017,國立臺北大學,碩士班(日間),墨西哥合眾國,中南美洲,1,1,0,1,1,0,0,0,0,0,0,0,0,0,0
109,公立,一般大學,0017,國立臺北大學,碩士班(日間),美國,北美洲,1,1,0,1,1,0,0,0,0,0,0,0,0,0,0
109,公立,一般大學,0017,國立臺北大學,碩士班(日間),大陸地區,大陸地區,11,9,2,0,0,0,0,0,0,0,0,0,11,9,2
109,公立,一般大學,0017,國立臺北大學,博士班,大陸地區,大陸地區,4,0,4,0,0,0,0,0,0,0,0,0,4,0,4
109,公立,一般大學,0018,國立嘉義大學,學士班(日間),緬甸,東協,1,1,0,0,0,0,1,1,0,0,0,0,0,0,0
109,公立,一般大學,0018,國立嘉義大學,學士班(日間),印度尼西亞共和國,東協,5,1,4,0,0,0,5,1,4,0,0,0,0,0,0
109,公立,一般大學,0018,國立嘉義大學,學士班(日間),馬來西亞,東協,38,12,26,4,1,3,34,11,23,0,0,0,0,0,0
109,公立,一般大學,0018,國立嘉義大學,學士班(日間),越南社會主義共和國,東協,2,1,1,1,0,1,1,1,0,0,0,0,0,0,0
109,公立,一般大學,0018,國立嘉義大學,學士班(日間),香港,港澳,14,8,6,0,0,0,0,0,0,14,8,6,0,0,0
109,公立,一般大學,0018,國立嘉義大學,學士班(日間),澳門,港澳,19,15,4,0,0,0,0,0,0,19,15,4,0,0,0
109,公立,一般大學,0018,國立嘉義大學,碩士班(日間),印度尼西亞共和國,東協,7,1,6,7,1,6,0,0,0,0,0,0,0,0,0
109,公立,一般大學,0018,國立嘉義大學,碩士班(日間),馬來西亞,東協,4,2,2,1,1,0,3,1,2,0,0,0,0,0,0
109,公立,一般大學,0018,國立嘉義大學,碩士班(日間),泰國,東協,1,0,1,1,0,1,0,0,0,0,0,0,0,0,0
109,公立,一般大學,0018,國立嘉義大學,碩士班(日間),越南社會主義共和國,東協,1,0,1,1,0,1,0,0,0,0,0,0,0,0,0
109,公立,一般大學,0018,國立嘉義大學,碩士班(日間),香港,港澳,2,2,0,0,0,0,0,0,0,2,2,0,0,0,0
109,公立,一般大學,0018,國立嘉義大學,碩士班(日間),澳門,港澳,1,0,1,0,0,0,0,0,0,1,0,1,0,0,0
109,公立,一般大學,0018,國立嘉義大學,博士班,印度尼西亞共和國,東協,2,1,1,2,1,1,0,0,0,0,0,0,0,0,0
109,公立,一般大學,0019,國立高雄大學,學士班(日間),印度尼西亞共和國,東協,4,2,2,0,0,0,4,2,2,0,0,0,0,0,0
109,公立,一般大學,0019,國立高雄大學,學士班(日間),馬來西亞,東協,4,3,1,0,0,0,4,3,1,0,0,0,0,0,0
109,公立,一般大學,0019,國立高雄大學,學士班(日間),越南社會主義共和國,東協,1,1,0,1,1,0,0,0,0,0,0,0,0,0,0
109,公立,一般大學,0019,國立高雄大學,學士班(日間),香港,港澳,2,0,2,0,0,0,0,0,0,2,0,2,0,0,0
109,公立,一般大學,0019,國立高雄大學,學士班(日間),澳門,港澳,4,4,0,0,0,0,0,0,0,4,4,0,0,0,0
109,公立,一般大學,0019,國立高雄大學,學士班(日間),大陸地區,大陸地區,1,1,0,0,0,0,0,0,0,0,0,0,1,1,0
109,公立,一般大學,0019,國立高雄大學,碩士班(日間),印度尼西亞共和國,東協,2,2,0,2,2,0,0,0,0,0,0,0,0,0,0
109,公立,一般大學,0019,國立高雄大學,碩士班(日間),越南社會主義共和國,東協,3,1,2,3,1,2,0,0,0,0,0,0,0,0,0
109,公立,一般大學,0019,國立高雄大學,碩士班(日間),香港,港澳,1,1,0,0,0,0,0,0,0,1,1,0,0,0,0
109,公立,一般大學,0019,國立高雄大學,碩士班(日間),俄羅斯聯邦,其他亞洲地區,1,1,0,1,1,0,0,0,0,0,0,0,0,0,0
109,公立,一般大學,0019,國立高雄大學,碩士班(日間),哥倫比亞共和國,中南美洲,1,0,1,1,0,1,0,0,0,0,0,0,0,0,0
109,公立,一般大學,0019,國立高雄大學,碩士班(日間),大陸地區,大陸地區,2,2,0,0,0,0,0,0,0,0,0,0,2,2,0
109,公立,一般大學,0020,國立東華大學,學士班(日間),印度尼西亞共和國,東協,8,4,4,2,2,0,6,2,4,0,0,0,0,0,0
109,公立,一般大學,0020,國立東華大學,學士班(日間),日本,其他亞洲地區,2,0,2,1,0,1,1,0,1,0,0,0,0,0,0
109,公立,一般大學,0020,國立東華大學,學士班(日間),大韓民國(南韓),其他亞洲地區,1,1,0,0,0,0,1,1,0,0,0,0,0,0,0
109,公立,一般大學,0020,國立東華大學,學士班(日間),馬來西亞,東協,48,22,26,2,1,1,46,21,25,0,0,0,0,0,0
109,公立,一般大學,0020,國立東華大學,學士班(日間),泰國,東協,1,0,1,0,0,0,1,0,1,0,0,0,0,0,0
109,公立,一般大學,0020,國立東華大學,學士班(日間),越南社會主義共和國,東協,1,0,1,1,0,1,0,0,0,0,0,0,0,0,0
109,公立,一般大學,0020,國立東華大學,學士班(日間),香港,港澳,21,12,9,0,0,0,0,0,0,21,12,9,0,0,0
109,公立,一般大學,0020,國立東華大學,學士班(日間),澳門,港澳,14,6,8,0,0,0,0,0,0,14,6,8,0,0,0
109,公立,一般大學,0020,國立東華大學,學士班(日間),蒙古國,其他亞洲地區,6,5,1,6,5,1,0,0,0,0,0,0,0,0,0
109,公立,一般大學,0020,國立東華大學,學士班(日間),吉爾吉斯,其他亞洲地區,1,1,0,1,1,0,0,0,0,0,0,0,0,0,0
109,公立,一般大學,0020,國立東華大學,學士班(日間),吐瓦魯,其他亞洲地區,1,1,0,1,1,0,0,0,0,0,0,0,0,0,0
109,公立,一般大學,0020,國立東華大學,學士班(日間),布吉納法索,非洲,1,0,1,1,0,1,0,0,0,0,0,0,0,0,0
109,公立,一般大學,0020,國立東華大學,學士班(日間),史瓦帝尼王國,非洲,2,0,2,2,0,2,0,0,0,0,0,0,0,0,0
109,公立,一般大學,0020,國立東華大學,學士班(日間),多明尼加共和國,中南美洲,1,1,0,1,1,0,0,0,0,0,0,0,0,0,0
109,公立,一般大學,0020,國立東華大學,學士班(日間),薩爾瓦多,中南美洲,1,1,0,1,1,0,0,0,0,0,0,0,0,0,0
109,公立,一般大學,0020,國立東華大學,學士班(日間),貝里斯,中南美洲,1,1,0,1,1,0,0,0,0,0,0,0,0,0,0
109,公立,一般大學,0020,國立東華大學,學士班(日間),聖克里斯多福及尼維斯,中南美洲,2,1,1,2,1,1,0,0,0,0,0,0,0,0,0
109,公立,一般大學,0020,國立東華大學,學士班(日間),大陸地區,大陸地區,6,5,1,0,0,0,0,0,0,0,0,0,6,5,1
109,公立,一般大學,0020,國立東華大學,碩士班(日間),印度,南亞,4,2,2,4,2,2,0,0,0,0,0,0,0,0,0
109,公立,一般大學,0020,國立東華大學,碩士班(日間),印度尼西亞共和國,東協,18,8,10,16,8,8,2,0,2,0,0,0,0,0,0
109,公立,一般大學,0020,國立東華大學,碩士班(日間),馬來西亞,東協,7,2,5,4,1,3,3,1,2,0,0,0,0,0,0
109,公立,一般大學,0020,國立東華大學,碩士班(日間),菲律賓共和國,東協,1,1,0,1,1,0,0,0,0,0,0,0,0,0,0
109,公立,一般大學,0020,國立東華大學,碩士班(日間),泰國,東協,4,1,3,4,1,3,0,0,0,0,0,0,0,0,0
109,公立,一般大學,0020,國立東華大學,碩士班(日間),土耳其共和國,其他亞洲地區,1,1,0,1,1,0,0,0,0,0,0,0,0,0,0
109,公立,一般大學,0020,國立東華大學,碩士班(日間),越南社會主義共和國,東協,6,2,4,6,2,4,0,0,0,0,0,0,0,0,0
109,公立,一般大學,0020,國立東華大學,碩士班(日間),香港,港澳,3,1,2,0,0,0,0,0,0,3,1,2,0,0,0
109,公立,一般大學,0020,國立東華大學,碩士班(日間),澳門,港澳,2,2,0,0,0,0,0,0,0,2,2,0,0,0,0
109,公立,一般大學,0020,國立東華大學,碩士班(日間),蒙古國,其他亞洲地區,6,1,5,6,1,5,0,0,0,0,0,0,0,0,0
109,公立,一般大學,0020,國立東華大學,碩士班(日間),吉爾吉斯,其他亞洲地區,1,0,1,1,0,1,0,0,0,0,0,0,0,0,0
109,公立,一般大學,0020,國立東華大學,碩士班(日間),馬拉威共和國,非洲,8,6,2,8,6,2,0,0,0,0,0,0,0,0,0
109,公立,一般大學,0020,國立東華大學,碩士班(日間),史瓦帝尼王國,非洲,3,2,1,3,2,1,0,0,0,0,0,0,0,0,0
109,公立,一般大學,0020,國立東華大學,碩士班(日間),匈牙利共和國,歐洲,1,0,1,1,0,1,0,0,0,0,0,0,0,0,0
109,公立,一般大學,0020,國立東華大學,碩士班(日間),葡萄牙共和國,歐洲,1,1,0,1,1,0,0,0,0,0,0,0,0,0,0
109,公立,一般大學,0020,國立東華大學,碩士班(日間),瓜地馬拉共和國,中南美洲,1,1,0,1,1,0,0,0,0,0,0,0,0,0,0
109,公立,一般大學,0020,國立東華大學,碩士班(日間),貝里斯,中南美洲,1,1,0,1,1,0,0,0,0,0,0,0,0,0,0
109,公立,一般大學,0020,國立東華大學,碩士班(日間),聖克里斯多福及尼維斯,中南美洲,1,1,0,1,1,0,0,0,0,0,0,0,0,0,0
109,公立,一般大學,0020,國立東華大學,博士班,印度,南亞,4,3,1,4,3,1,0,0,0,0,0,0,0,0,0
109,公立,一般大學,0020,國立東華大學,博士班,印度尼西亞共和國,東協,7,5,2,7,5,2,0,0,0,0,0,0,0,0,0
109,公立,一般大學,0020,國立東華大學,博士班,越南社會主義共和國,東協,2,1,1,2,1,1,0,0,0,0,0,0,0,0,0
109,公立,一般大學,0020,國立東華大學,博士班,聖文森(及格瑞那丁),中南美洲,1,1,0,1,1,0,0,0,0,0,0,0,0,0,0
109,公立,一般大學,0020,國立東華大學,博士班,大陸地區,大陸地區,3,3,0,0,0,0,0,0,0,0,0,0,3,3,0
109,公立,一般大學,0021,國立暨南國際大學,學士班(日間),緬甸,東協,3,0,3,0,0,0,3,0,3,0,0,0,0,0,0
109,公立,一般大學,0021,國立暨南國際大學,學士班(日間),印度尼西亞共和國,東協,9,3,6,0,0,0,9,3,6,0,0,0,0,0,0
109,公立,一般大學,0021,國立暨南國際大學,學士班(日間),日本,其他亞洲地區,1,0,1,1,0,1,0,0,0,0,0,0,0,0,0
109,公立,一般大學,0021,國立暨南國際大學,學士班(日間),馬來西亞,東協,50,22,28,1,0,1,49,22,27,0,0,0,0,0,0
109,公立,一般大學,0021,國立暨南國際大學,學士班(日間),越南社會主義共和國,東協,1,0,1,1,0,1,0,0,0,0,0,0,0,0,0
109,公立,一般大學,0021,國立暨南國際大學,學士班(日間),香港,港澳,43,24,19,0,0,0,0,0,0,43,24,19,0,0,0
109,公立,一般大學,0021,國立暨南國際大學,學士班(日間),澳門,港澳,22,14,8,0,0,0,0,0,0,22,14,8,0,0,0
109,公立,一般大學,0021,國立暨南國際大學,學士班(日間),南非共和國,非洲,1,0,1,0,0,0,1,0,1,0,0,0,0,0,0
109,公立,一般大學,0021,國立暨南國際大學,學士班(日間),葡萄牙共和國,歐洲,1,0,1,1,0,1,0,0,0,0,0,0,0,0,0
109,公立,一般大學,0021,國立暨南國際大學,學士班(日間),貝里斯,中南美洲,1,0,1,0,0,0,1,0,1,0,0,0,0,0,0
109,公立,一般大學,0021,國立暨南國際大學,碩士班(日間),緬甸,東協,1,0,1,1,0,1,0,0,0,0,0,0,0,0,0
109,公立,一般大學,0021,國立暨南國際大學,碩士班(日間),馬來西亞,東協,4,3,1,0,0,0,4,3,1,0,0,0,0,0,0
109,公立,一般大學,0021,國立暨南國際大學,碩士班(日間),越南社會主義共和國,東協,1,1,0,1,1,0,0,0,0,0,0,0,0,0,0
109,公立,一般大學,0021,國立暨南國際大學,博士班,越南社會主義共和國,東協,3,2,1,3,2,1,0,0,0,0,0,0,0,0,0
109,公立,一般大學,0021,國立暨南國際大學,博士班,大陸地區,大陸地區,1,1,0,0,0,0,0,0,0,0,0,0,1,1,0
109,公立,技專校院,0022,國立臺灣科技大學,學士班(日間),緬甸,東協,1,1,0,0,0,0,1,1,0,0,0,0,0,0,0
109,公立,技專校院,0022,國立臺灣科技大學,學士班(日間),印度尼西亞共和國,東協,50,32,18,33,18,15,17,14,3,0,0,0,0,0,0
109,公立,技專校院,0022,國立臺灣科技大學,學士班(日間),日本,其他亞洲地區,2,1,1,1,0,1,1,1,0,0,0,0,0,0,0
109,公立,技專校院,0022,國立臺灣科技大學,學士班(日間),大韓民國(南韓),其他亞洲地區,1,0,1,0,0,0,1,0,1,0,0,0,0,0,0
109,公立,技專校院,0022,國立臺灣科技大學,學士班(日間),馬來西亞,東協,23,18,5,2,1,1,21,17,4,0,0,0,0,0,0
109,公立,技專校院,0022,國立臺灣科技大學,學士班(日間),菲律賓共和國,東協,1,1,0,0,0,0,1,1,0,0,0,0,0,0,0
109,公立,技專校院,0022,國立臺灣科技大學,學士班(日間),新加坡共和國,東協,1,1,0,0,0,0,1,1,0,0,0,0,0,0,0
109,公立,技專校院,0022,國立臺灣科技大學,學士班(日間),越南社會主義共和國,東協,4,2,2,2,2,0,2,0,2,0,0,0,0,0,0
109,公立,技專校院,0022,國立臺灣科技大學,學士班(日間),香港,港澳,11,8,3,0,0,0,0,0,0,11,8,3,0,0,0
109,公立,技專校院,0022,國立臺灣科技大學,學士班(日間),澳門,港澳,14,13,1,0,0,0,0,0,0,14,13,1,0,0,0
109,公立,技專校院,0022,國立臺灣科技大學,學士班(日間),南非共和國,非洲,1,1,0,0,0,0,1,1,0,0,0,0,0,0,0
109,公立,技專校院,0022,國立臺灣科技大學,學士班(日間),薩爾瓦多,中南美洲,1,1,0,1,1,0,0,0,0,0,0,0,0,0,0
109,公立,技專校院,0022,國立臺灣科技大學,學士班(日間),尼加拉瓜,中南美洲,2,2,0,2,2,0,0,0,0,0,0,0,0,0,0
109,公立,技專校院,0022,國立臺灣科技大學,學士班(日間),美國,北美洲,1,1,0,0,0,0,1,1,0,0,0,0,0,0,0
109,公立,技專校院,0022,國立臺灣科技大學,學士班(日間),巴拉圭,中南美洲,1,1,0,0,0,0,1,1,0,0,0,0,0,0,0
109,公立,技專校院,0022,國立臺灣科技大學,學士班(日間),大陸地區,大陸地區,37,22,15,0,0,0,0,0,0,0,0,0,37,22,15
109,公立,技專校院,0022,國立臺灣科技大學,碩士班(日間),印度,南亞,7,6,1,7,6,1,0,0,0,0,0,0,0,0,0
109,公立,技專校院,0022,國立臺灣科技大學,碩士班(日間),印度尼西亞共和國,東協,117,71,46,114,69,45,3,2,1,0,0,0,0,0,0
109,公立,技專校院,0022,國立臺灣科技大學,碩士班(日間),伊朗伊斯蘭共和國,其他亞洲地區,1,1,0,1,1,0,0,0,0,0,0,0,0,0,0
109,公立,技專校院,0022,國立臺灣科技大學,碩士班(日間),日本,其他亞洲地區,1,1,0,1,1,0,0,0,0,0,0,0,0,0,0
109,公立,技專校院,0022,國立臺灣科技大學,碩士班(日間),馬來西亞,東協,4,3,1,1,1,0,3,2,1,0,0,0,0,0,0
109,公立,技專校院,0022,國立臺灣科技大學,碩士班(日間),巴基斯坦,南亞,4,4,0,4,4,0,0,0,0,0,0,0,0,0,0
109,公立,技專校院,0022,國立臺灣科技大學,碩士班(日間),菲律賓共和國,東協,2,0,2,2,0,2,0,0,0,0,0,0,0,0,0
109,公立,技專校院,0022,國立臺灣科技大學,碩士班(日間),泰國,東協,14,6,8,14,6,8,0,0,0,0,0,0,0,0,0
109,公立,技專校院,0022,國立臺灣科技大學,碩士班(日間),越南社會主義共和國,東協,18,10,8,18,10,8,0,0,0,0,0,0,0,0,0
109,公立,技專校院,0022,國立臺灣科技大學,碩士班(日間),香港,港澳,4,0,4,0,0,0,0,0,0,4,0,4,0,0,0
109,公立,技專校院,0022,國立臺灣科技大學,碩士班(日間),蒙古國,其他亞洲地區,2,0,2,2,0,2,0,0,0,0,0,0,0,0,0
109,公立,技專校院,0022,國立臺灣科技大學,碩士班(日間),俄羅斯聯邦,其他亞洲地區,1,1,0,1,1,0,0,0,0,0,0,0,0,0,0
109,公立,技專校院,0022,國立臺灣科技大學,碩士班(日間),哈薩克共和國,其他亞洲地區,1,0,1,1,0,1,0,0,0,0,0,0,0,0,0
109,公立,技專校院,0022,國立臺灣科技大學,碩士班(日間),衣索比亞聯邦民主共和國,非洲,4,4,0,4,4,0,0,0,0,0,0,0,0,0,0
109,公立,技專校院,0022,國立臺灣科技大學,碩士班(日間),肯亞共和國,非洲,2,2,0,2,2,0,0,0,0,0,0,0,0,0,0
109,公立,技專校院,0022,國立臺灣科技大學,碩士班(日間),比利時王國,歐洲,1,1,0,1,1,0,0,0,0,0,0,0,0,0,0
109,公立,技專校院,0022,國立臺灣科技大學,碩士班(日間),德意志聯邦共和國,歐洲,5,2,3,5,2,3,0,0,0,0,0,0,0,0,0
109,公立,技專校院,0022,國立臺灣科技大學,碩士班(日間),拉脫維亞共和國,歐洲,1,0,1,1,0,1,0,0,0,0,0,0,0,0,0
109,公立,技專校院,0022,國立臺灣科技大學,碩士班(日間),宏都拉斯共和國,中南美洲,1,1,0,1,1,0,0,0,0,0,0,0,0,0,0
109,公立,技專校院,0022,國立臺灣科技大學,碩士班(日間),墨西哥合眾國,中南美洲,5,2,3,5,2,3,0,0,0,0,0,0,0,0,0
109,公立,技專校院,0022,國立臺灣科技大學,碩士班(日間),尼加拉瓜,中南美洲,1,0,1,0,0,0,1,0,1,0,0,0,0,0,0
109,公立,技專校院,0022,國立臺灣科技大學,碩士班(日間),美國,北美洲,1,1,0,1,1,0,0,0,0,0,0,0,0,0,0
109,公立,技專校院,0022,國立臺灣科技大學,碩士班(日間),大陸地區,大陸地區,43,29,14,0,0,0,0,0,0,0,0,0,43,29,14
109,公立,技專校院,0022,國立臺灣科技大學,博士班,印度,南亞,5,4,1,5,4,1,0,0,0,0,0,0,0,0,0
109,公立,技專校院,0022,國立臺灣科技大學,博士班,印度尼西亞共和國,東協,21,12,9,21,12,9,0,0,0,0,0,0,0,0,0
109,公立,技專校院,0022,國立臺灣科技大學,博士班,伊拉克共和國,其他亞洲地區,1,1,0,1,1,0,0,0,0,0,0,0,0,0,0
109,公立,技專校院,0022,國立臺灣科技大學,博士班,巴基斯坦,南亞,4,4,0,4,4,0,0,0,0,0,0,0,0,0,0
109,公立,技專校院,0022,國立臺灣科技大學,博士班,菲律賓共和國,東協,2,2,0,2,2,0,0,0,0,0,0,0,0,0,0
109,公立,技專校院,0022,國立臺灣科技大學,博士班,泰國,東協,3,1,2,3,1,2,0,0,0,0,0,0,0,0,0
109,公立,技專校院,0022,國立臺灣科技大學,博士班,越南社會主義共和國,東協,4,2,2,4,2,2,0,0,0,0,0,0,0,0,0
109,公立,技專校院,0022,國立臺灣科技大學,博士班,衣索比亞聯邦民主共和國,非洲,31,31,0,31,31,0,0,0,0,0,0,0,0,0,0
109,公立,技專校院,0022,國立臺灣科技大學,博士班,肯亞共和國,非洲,2,2,0,2,2,0,0,0,0,0,0,0,0,0,0
109,公立,技專校院,0022,國立臺灣科技大學,博士班,德意志聯邦共和國,歐洲,1,1,0,1,1,0,0,0,0,0,0,0,0,0,0
109,公立,技專校院,0022,國立臺灣科技大學,博士班,大陸地區,大陸地區,5,3,2,0,0,0,0,0,0,0,0,0,5,3,2
109,公立,技專校院,0023,國立雲林科技大學,學士班(日間),印度尼西亞共和國,東協,7,4,3,2,1,1,5,3,2,0,0,0,0,0,0
109,公立,技專校院,0023,國立雲林科技大學,學士班(日間),日本,其他亞洲地區,2,0,2,2,0,2,0,0,0,0,0,0,0,0,0
109,公立,技專校院,0023,國立雲林科技大學,學士班(日間),馬來西亞,東協,32,15,17,9,4,5,23,11,12,0,0,0,0,0,0
109,公立,技專校院,0023,國立雲林科技大學,學士班(日間),越南社會主義共和國,東協,2,1,1,0,0,0,2,1,1,0,0,0,0,0,0
109,公立,技專校院,0023,國立雲林科技大學,學士班(日間),香港,港澳,13,6,7,0,0,0,0,0,0,13,6,7,0,0,0
109,公立,技專校院,0023,國立雲林科技大學,學士班(日間),澳門,港澳,5,1,4,0,0,0,0,0,0,5,1,4,0,0,0
109,公立,技專校院,0023,國立雲林科技大學,學士班(日間),阿根廷,中南美洲,1,1,0,0,0,0,1,1,0,0,0,0,0,0,0
109,公立,技專校院,0023,國立雲林科技大學,學士班(日間),大陸地區,大陸地區,40,16,24,0,0,0,0,0,0,0,0,0,40,16,24
109,公立,技專校院,0023,國立雲林科技大學,碩士班(日間),印度,南亞,1,1,0,1,1,0,0,0,0,0,0,0,0,0,0
109,公立,技專校院,0023,國立雲林科技大學,碩士班(日間),印度尼西亞共和國,東協,15,6,9,15,6,9,0,0,0,0,0,0,0,0,0
109,公立,技專校院,0023,國立雲林科技大學,碩士班(日間),馬來西亞,東協,1,1,0,1,1,0,0,0,0,0,0,0,0,0,0
109,公立,技專校院,0023,國立雲林科技大學,碩士班(日間),泰國,東協,2,1,1,2,1,1,0,0,0,0,0,0,0,0,0
109,公立,技專校院,0023,國立雲林科技大學,碩士班(日間),越南社會主義共和國,東協,5,0,5,5,0,5,0,0,0,0,0,0,0,0,0
109,公立,技專校院,0023,國立雲林科技大學,碩士班(日間),香港,港澳,2,1,1,0,0,0,0,0,0,2,1,1,0,0,0
109,公立,技專校院,0023,國立雲林科技大學,碩士班(日間),南非共和國,非洲,1,1,0,1,1,0,0,0,0,0,0,0,0,0,0
109,公立,技專校院,0023,國立雲林科技大學,碩士班(日間),大陸地區,大陸地區,9,5,4,0,0,0,0,0,0,0,0,0,9,5,4
109,公立,技專校院,0023,國立雲林科技大學,博士班,印度尼西亞共和國,東協,2,2,0,2,2,0,0,0,0,0,0,0,0,0,0
109,公立,技專校院,0023,國立雲林科技大學,博士班,大陸地區,大陸地區,4,2,2,0,0,0,0,0,0,0,0,0,4,2,2
109,公立,技專校院,0024,國立屏東科技大學,學士班(日間),印度,南亞,4,4,0,4,4,0,0,0,0,0,0,0,0,0,0
109,公立,技專校院,0024,國立屏東科技大學,學士班(日間),印度尼西亞共和國,東協,4,1,3,4,1,3,0,0,0,0,0,0,0,0,0
109,公立,技專校院,0024,國立屏東科技大學,學士班(日間),日本,其他亞洲地區,1,0,1,1,0,1,0,0,0,0,0,0,0,0,0
109,公立,技專校院,0024,國立屏東科技大學,學士班(日間),馬來西亞,東協,26,13,13,6,5,1,20,8,12,0,0,0,0,0,0
109,公立,技專校院,0024,國立屏東科技大學,學士班(日間),尼泊爾聯邦民主共和國,南亞,26,8,18,26,8,18,0,0,0,0,0,0,0,0,0
109,公立,技專校院,0024,國立屏東科技大學,學士班(日間),泰國,東協,1,1,0,0,0,0,1,1,0,0,0,0,0,0,0
109,公立,技專校院,0024,國立屏東科技大學,學士班(日間),越南社會主義共和國,東協,2,0,2,2,0,2,0,0,0,0,0,0,0,0,0
109,公立,技專校院,0024,國立屏東科技大學,學士班(日間),香港,港澳,10,4,6,0,0,0,0,0,0,10,4,6,0,0,0
109,公立,技專校院,0024,國立屏東科技大學,學士班(日間),澳門,港澳,6,4,2,0,0,0,0,0,0,6,4,2,0,0,0
109,公立,技專校院,0024,國立屏東科技大學,學士班(日間),吐瓦魯,其他亞洲地區,2,1,1,2,1,1,0,0,0,0,0,0,0,0,0
109,公立,技專校院,0024,國立屏東科技大學,學士班(日間),瓜地馬拉共和國,中南美洲,1,1,0,1,1,0,0,0,0,0,0,0,0,0,0
109,公立,技專校院,0024,國立屏東科技大學,學士班(日間),貝里斯,中南美洲,2,1,1,2,1,1,0,0,0,0,0,0,0,0,0
109,公立,技專校院,0024,國立屏東科技大學,學士班(日間),大陸地區,大陸地區,3,1,2,0,0,0,0,0,0,0,0,0,3,1,2
109,公立,技專校院,0024,國立屏東科技大學,碩士班(日間),印度尼西亞共和國,東協,8,2,6,7,2,5,1,0,1,0,0,0,0,0,0
109,公立,技專校院,0024,國立屏東科技大學,碩士班(日間),馬來西亞,東協,3,3,0,0,0,0,3,3,0,0,0,0,0,0,0
109,公立,技專校院,0024,國立屏東科技大學,碩士班(日間),尼泊爾聯邦民主共和國,南亞,4,1,3,4,1,3,0,0,0,0,0,0,0,0,0
109,公立,技專校院,0024,國立屏東科技大學,碩士班(日間),巴基斯坦,南亞,2,2,0,2,2,0,0,0,0,0,0,0,0,0,0
109,公立,技專校院,0024,國立屏東科技大學,碩士班(日間),泰國,東協,1,0,1,1,0,1,0,0,0,0,0,0,0,0,0
109,公立,技專校院,0024,國立屏東科技大學,碩士班(日間),越南社會主義共和國,東協,7,2,5,7,2,5,0,0,0,0,0,0,0,0,0
109,公立,技專校院,0024,國立屏東科技大學,碩士班(日間),澳門,港澳,1,1,0,0,0,0,0,0,0,1,1,0,0,0,0
109,公立,技專校院,0024,國立屏東科技大學,碩士班(日間),蒙古國,其他亞洲地區,2,0,2,2,0,2,0,0,0,0,0,0,0,0,0
109,公立,技專校院,0024,國立屏東科技大學,碩士班(日間),史瓦帝尼王國,非洲,5,2,3,5,2,3,0,0,0,0,0,0,0,0,0
109,公立,技專校院,0024,國立屏東科技大學,碩士班(日間),海地共和國,中南美洲,1,0,1,1,0,1,0,0,0,0,0,0,0,0,0
109,公立,技專校院,0024,國立屏東科技大學,碩士班(日間),宏都拉斯共和國,中南美洲,1,1,0,1,1,0,0,0,0,0,0,0,0,0,0
109,公立,技專校院,0024,國立屏東科技大學,碩士班(日間),貝里斯,中南美洲,2,1,1,2,1,1,0,0,0,0,0,0,0,0,0
109,公立,技專校院,0024,國立屏東科技大學,碩士班(日間),聖文森(及格瑞那丁),中南美洲,2,1,1,2,1,1,0,0,0,0,0,0,0,0,0
109,公立,技專校院,0024,國立屏東科技大學,碩士班(日間),聖克里斯多福及尼維斯,中南美洲,1,1,0,1,1,0,0,0,0,0,0,0,0,0,0
109,公立,技專校院,0024,國立屏東科技大學,博士班,柬埔寨王國,東協,1,1,0,1,1,0,0,0,0,0,0,0,0,0,0
109,公立,技專校院,0024,國立屏東科技大學,博士班,印度,南亞,1,1,0,1,1,0,0,0,0,0,0,0,0,0,0
109,公立,技專校院,0024,國立屏東科技大學,博士班,泰國,東協,6,3,3,6,3,3,0,0,0,0,0,0,0,0,0
109,公立,技專校院,0024,國立屏東科技大學,博士班,越南社會主義共和國,東協,4,3,1,4,3,1,0,0,0,0,0,0,0,0,0
109,公立,技專校院,0025,國立臺北科技大學,學士班(日間),緬甸,東協,4,1,3,0,0,0,4,1,3,0,0,0,0,0,0
109,公立,技專校院,0025,國立臺北科技大學,學士班(日間),印度尼西亞共和國,東協,12,7,5,2,1,1,10,6,4,0,0,0,0,0,0
109,公立,技專校院,0025,國立臺北科技大學,學士班(日間),日本,其他亞洲地區,1,0,1,0,0,0,1,0,1,0,0,0,0,0,0
109,公立,技專校院,0025,國立臺北科技大學,學士班(日間),大韓民國(南韓),其他亞洲地區,3,0,3,1,0,1,2,0,2,0,0,0,0,0,0
109,公立,技專校院,0025,國立臺北科技大學,學士班(日間),馬來西亞,東協,29,21,8,5,4,1,24,17,7,0,0,0,0,0,0
109,公立,技專校院,0025,國立臺北科技大學,學士班(日間),泰國,東協,1,0,1,1,0,1,0,0,0,0,0,0,0,0,0
109,公立,技專校院,0025,國立臺北科技大學,學士班(日間),越南社會主義共和國,東協,3,2,1,2,1,1,1,1,0,0,0,0,0,0,0
109,公立,技專校院,0025,國立臺北科技大學,學士班(日間),葉門共和國,其他亞洲地區,1,1,0,1,1,0,0,0,0,0,0,0,0,0,0
109,公立,技專校院,0025,國立臺北科技大學,學士班(日間),香港,港澳,16,9,7,0,0,0,0,0,0,16,9,7,0,0,0
109,公立,技專校院,0025,國立臺北科技大學,學士班(日間),澳門,港澳,9,4,5,0,0,0,0,0,0,9,4,5,0,0,0
109,公立,技專校院,0025,國立臺北科技大學,學士班(日間),馬拉威共和國,非洲,1,1,0,1,1,0,0,0,0,0,0,0,0,0,0
109,公立,技專校院,0025,國立臺北科技大學,學士班(日間),瓜地馬拉共和國,中南美洲,1,0,1,1,0,1,0,0,0,0,0,0,0,0,0
109,公立,技專校院,0025,國立臺北科技大學,學士班(日間),海地共和國,中南美洲,1,1,0,1,1,0,0,0,0,0,0,0,0,0,0
109,公立,技專校院,0025,國立臺北科技大學,學士班(日間),宏都拉斯共和國,中南美洲,3,2,1,3,2,1,0,0,0,0,0,0,0,0,0
109,公立,技專校院,0025,國立臺北科技大學,學士班(日間),巴拿馬共和國,中南美洲,5,1,4,5,1,4,0,0,0,0,0,0,0,0,0
109,公立,技專校院,0025,國立臺北科技大學,學士班(日間),聖文森(及格瑞那丁),中南美洲,4,2,2,4,2,2,0,0,0,0,0,0,0,0,0
109,公立,技專校院,0025,國立臺北科技大學,學士班(日間),巴西聯邦共和國,中南美洲,1,1,0,0,0,0,1,1,0,0,0,0,0,0,0
109,公立,技專校院,0025,國立臺北科技大學,學士班(日間),巴拉圭,中南美洲,5,1,4,5,1,4,0,0,0,0,0,0,0,0,0
109,公立,技專校院,0025,國立臺北科技大學,學士班(日間),聖克里斯多福及尼維斯,中南美洲,1,1,0,1,1,0,0,0,0,0,0,0,0,0,0
109,公立,技專校院,0025,國立臺北科技大學,學士班(日間),大陸地區,大陸地區,69,28,41,0,0,0,0,0,0,0,0,0,69,28,41
109,公立,技專校院,0025,國立臺北科技大學,碩士班(日間),印度,南亞,17,14,3,17,14,3,0,0,0,0,0,0,0,0,0
109,公立,技專校院,0025,國立臺北科技大學,碩士班(日間),印度尼西亞共和國,東協,13,7,6,12,7,5,1,0,1,0,0,0,0,0,0
109,公立,技專校院,0025,國立臺北科技大學,碩士班(日間),伊朗伊斯蘭共和國,其他亞洲地區,1,0,1,1,0,1,0,0,0,0,0,0,0,0,0
109,公立,技專校院,0025,國立臺北科技大學,碩士班(日間),大韓民國(南韓),其他亞洲地區,1,0,1,1,0,1,0,0,0,0,0,0,0,0,0
109,公立,技專校院,0025,國立臺北科技大學,碩士班(日間),馬來西亞,東協,2,2,0,1,1,0,1,1,0,0,0,0,0,0,0
109,公立,技專校院,0025,國立臺北科技大學,碩士班(日間),菲律賓共和國,東協,3,1,2,3,1,2,0,0,0,0,0,0,0,0,0
109,公立,技專校院,0025,國立臺北科技大學,碩士班(日間),泰國,東協,14,5,9,14,5,9,0,0,0,0,0,0,0,0,0
109,公立,技專校院,0025,國立臺北科技大學,碩士班(日間),土耳其共和國,其他亞洲地區,1,1,0,1,1,0,0,0,0,0,0,0,0,0,0
109,公立,技專校院,0025,國立臺北科技大學,碩士班(日間),越南社會主義共和國,東協,14,5,9,14,5,9,0,0,0,0,0,0,0,0,0
109,公立,技專校院,0025,國立臺北科技大學,碩士班(日間),香港,港澳,1,1,0,0,0,0,0,0,0,1,1,0,0,0,0
109,公立,技專校院,0025,國立臺北科技大學,碩士班(日間),澳門,港澳,1,0,1,0,0,0,0,0,0,1,0,1,0,0,0
109,公立,技專校院,0025,國立臺北科技大學,碩士班(日間),蒙古國,其他亞洲地區,1,0,1,1,0,1,0,0,0,0,0,0,0,0,0
109,公立,技專校院,0025,國立臺北科技大學,碩士班(日間),俄羅斯聯邦,其他亞洲地區,3,1,2,3,1,2,0,0,0,0,0,0,0,0,0
109,公立,技專校院,0025,國立臺北科技大學,碩士班(日間),衣索比亞聯邦民主共和國,非洲,1,1,0,1,1,0,0,0,0,0,0,0,0,0,0
109,公立,技專校院,0025,國立臺北科技大學,碩士班(日間),甘比亞共和國,非洲,1,1,0,1,1,0,0,0,0,0,0,0,0,0,0
109,公立,技專校院,0025,國立臺北科技大學,碩士班(日間),摩洛哥王國,非洲,1,0,1,1,0,1,0,0,0,0,0,0,0,0,0
109,公立,技專校院,0025,國立臺北科技大學,碩士班(日間),史瓦帝尼王國,非洲,1,1,0,1,1,0,0,0,0,0,0,0,0,0,0
109,公立,技專校院,0025,國立臺北科技大學,碩士班(日間),波蘭共和國,歐洲,1,1,0,1,1,0,0,0,0,0,0,0,0,0,0
109,公立,技專校院,0025,國立臺北科技大學,碩士班(日間),德意志聯邦共和國,歐洲,1,0,1,1,0,1,0,0,0,0,0,0,0,0,0
109,公立,技專校院,0025,國立臺北科技大學,碩士班(日間),瓜地馬拉共和國,中南美洲,2,2,0,2,2,0,0,0,0,0,0,0,0,0,0
109,公立,技專校院,0025,國立臺北科技大學,碩士班(日間),秘魯共和國,中南美洲,1,0,1,1,0,1,0,0,0,0,0,0,0,0,0
109,公立,技專校院,0025,國立臺北科技大學,碩士班(日間),大陸地區,大陸地區,23,14,9,0,0,0,0,0,0,0,0,0,23,14,9
109,公立,技專校院,0025,國立臺北科技大學,博士班,印度,南亞,16,11,5,16,11,5,0,0,0,0,0,0,0,0,0
109,公立,技專校院,0025,國立臺北科技大學,博士班,新加坡共和國,東協,1,1,0,1,1,0,0,0,0,0,0,0,0,0,0
109,公立,技專校院,0025,國立臺北科技大學,博士班,越南社會主義共和國,東協,3,1,2,3,1,2,0,0,0,0,0,0,0,0,0
109,公立,技專校院,0025,國立臺北科技大學,博士班,衣索比亞聯邦民主共和國,非洲,2,2,0,2,2,0,0,0,0,0,0,0,0,0,0
109,公立,技專校院,0025,國立臺北科技大學,博士班,大陸地區,大陸地區,4,3,1,0,0,0,0,0,0,0,0,0,4,3,1
109,公立,一般大學,0028,國立臺北藝術大學,學士班(日間),馬來西亞,東協,8,6,2,3,3,0,5,3,2,0,0,0,0,0,0
109,公立,一般大學,0028,國立臺北藝術大學,學士班(日間),新加坡共和國,東協,1,1,0,1,1,0,0,0,0,0,0,0,0,0,0
109,公立,一般大學,0028,國立臺北藝術大學,學士班(日間),香港,港澳,8,3,5,0,0,0,0,0,0,8,3,5,0,0,0
109,公立,一般大學,0028,國立臺北藝術大學,學士班(日間),澳門,港澳,4,2,2,0,0,0,0,0,0,4,2,2,0,0,0
109,公立,一般大學,0028,國立臺北藝術大學,學士班(日間),加拿大,北美洲,1,1,0,1,1,0,0,0,0,0,0,0,0,0,0
109,公立,一般大學,0028,國立臺北藝術大學,學士班(日間),巴拿馬共和國,中南美洲,1,0,1,1,0,1,0,0,0,0,0,0,0,0,0
109,公立,一般大學,0028,國立臺北藝術大學,學士班(日間),美國,北美洲,1,1,0,1,1,0,0,0,0,0,0,0,0,0,0
109,公立,一般大學,0028,國立臺北藝術大學,學士班(日間),大陸地區,大陸地區,3,0,3,0,0,0,0,0,0,0,0,0,3,0,3
109,公立,一般大學,0028,國立臺北藝術大學,碩士班(日間),日本,其他亞洲地區,2,0,2,2,0,2,0,0,0,0,0,0,0,0,0
109,公立,一般大學,0028,國立臺北藝術大學,碩士班(日間),馬來西亞,東協,5,2,3,2,1,1,3,1,2,0,0,0,0,0,0
109,公立,一般大學,0028,國立臺北藝術大學,碩士班(日間),菲律賓共和國,東協,1,0,1,1,0,1,0,0,0,0,0,0,0,0,0
109,公立,一般大學,0028,國立臺北藝術大學,碩士班(日間),新加坡共和國,東協,1,0,1,1,0,1,0,0,0,0,0,0,0,0,0
109,公立,一般大學,0028,國立臺北藝術大學,碩士班(日間),泰國,東協,2,0,2,2,0,2,0,0,0,0,0,0,0,0,0
109,公立,一般大學,0028,國立臺北藝術大學,碩士班(日間),香港,港澳,4,2,2,0,0,0,0,0,0,4,2,2,0,0,0
109,公立,一般大學,0028,國立臺北藝術大學,碩士班(日間),澳門,港澳,4,2,2,0,0,0,0,0,0,4,2,2,0,0,0
109,公立,一般大學,0028,國立臺北藝術大學,碩士班(日間),加拿大,北美洲,1,1,0,1,1,0,0,0,0,0,0,0,0,0,0
109,公立,一般大學,0028,國立臺北藝術大學,碩士班(日間),瓜地馬拉共和國,中南美洲,1,0,1,1,0,1,0,0,0,0,0,0,0,0,0
109,公立,一般大學,0028,國立臺北藝術大學,碩士班(日間),宏都拉斯共和國,中南美洲,1,1,0,1,1,0,0,0,0,0,0,0,0,0,0
109,公立,一般大學,0028,國立臺北藝術大學,碩士班(日間),尼加拉瓜,中南美洲,1,0,1,1,0,1,0,0,0,0,0,0,0,0,0
109,公立,一般大學,0028,國立臺北藝術大學,碩士班(日間),貝里斯,中南美洲,1,0,1,1,0,1,0,0,0,0,0,0,0,0,0
109,公立,一般大學,0028,國立臺北藝術大學,碩士班(日間),大陸地區,大陸地區,10,5,5,0,0,0,0,0,0,0,0,0,10,5,5
109,公立,一般大學,0028,國立臺北藝術大學,博士班,大陸地區,大陸地區,1,1,0,0,0,0,0,0,0,0,0,0,1,1,0
109,公立,一般大學,0029,國立臺灣藝術大學,學士班(日間),日本,其他亞洲地區,1,0,1,1,0,1,0,0,0,0,0,0,0,0,0
109,公立,一般大學,0029,國立臺灣藝術大學,學士班(日間),大韓民國(南韓),其他亞洲地區,1,1,0,1,1,0,0,0,0,0,0,0,0,0,0
109,公立,一般大學,0029,國立臺灣藝術大學,學士班(日間),馬來西亞,東協,18,3,15,9,1,8,9,2,7,0,0,0,0,0,0
109,公立,一般大學,0029,國立臺灣藝術大學,學士班(日間),香港,港澳,9,2,7,0,0,0,0,0,0,9,2,7,0,0,0
109,公立,一般大學,0029,國立臺灣藝術大學,學士班(日間),澳門,港澳,3,0,3,0,0,0,0,0,0,3,0,3,0,0,0
109,公立,一般大學,0029,國立臺灣藝術大學,學士班(日間),美國,北美洲,1,0,1,0,0,0,1,0,1,0,0,0,0,0,0
109,公立,一般大學,0029,國立臺灣藝術大學,學士班(日間),阿根廷,中南美洲,1,1,0,0,0,0,1,1,0,0,0,0,0,0,0
109,公立,一般大學,0029,國立臺灣藝術大學,學士班(日間),大陸地區,大陸地區,5,2,3,0,0,0,0,0,0,0,0,0,5,2,3
109,公立,一般大學,0029,國立臺灣藝術大學,碩士班(日間),印度尼西亞共和國,東協,1,0,1,1,0,1,0,0,0,0,0,0,0,0,0
109,公立,一般大學,0029,國立臺灣藝術大學,碩士班(日間),日本,其他亞洲地區,2,0,2,2,0,2,0,0,0,0,0,0,0,0,0
109,公立,一般大學,0029,國立臺灣藝術大學,碩士班(日間),大韓民國(南韓),其他亞洲地區,1,0,1,1,0,1,0,0,0,0,0,0,0,0,0
109,公立,一般大學,0029,國立臺灣藝術大學,碩士班(日間),馬來西亞,東協,1,1,0,0,0,0,1,1,0,0,0,0,0,0,0
109,公立,一般大學,0029,國立臺灣藝術大學,碩士班(日間),香港,港澳,4,1,3,0,0,0,0,0,0,4,1,3,0,0,0
109,公立,一般大學,0029,國立臺灣藝術大學,碩士班(日間),澳門,港澳,2,0,2,0,0,0,0,0,0,2,0,2,0,0,0
109,公立,一般大學,0029,國立臺灣藝術大學,碩士班(日間),大陸地區,大陸地區,4,1,3,0,0,0,0,0,0,0,0,0,4,1,3
109,公立,一般大學,0029,國立臺灣藝術大學,博士班,日本,其他亞洲地區,1,1,0,1,1,0,0,0,0,0,0,0,0,0,0
109,公立,一般大學,0029,國立臺灣藝術大學,博士班,大陸地區,大陸地區,6,3,3,0,0,0,0,0,0,0,0,0,6,3,3
109,公立,一般大學,0030,國立臺東大學,學士班(日間),緬甸,東協,1,0,1,0,0,0,1,0,1,0,0,0,0,0,0
109,公立,一般大學,0030,國立臺東大學,學士班(日間),印度尼西亞共和國,東協,2,0,2,0,0,0,2,0,2,0,0,0,0,0,0
109,公立,一般大學,0030,國立臺東大學,學士班(日間),日本,其他亞洲地區,1,0,1,1,0,1,0,0,0,0,0,0,0,0,0
109,公立,一般大學,0030,國立臺東大學,學士班(日間),大韓民國(南韓),其他亞洲地區,1,1,0,1,1,0,0,0,0,0,0,0,0,0,0
109,公立,一般大學,0030,國立臺東大學,學士班(日間),馬來西亞,東協,10,5,5,1,1,0,9,4,5,0,0,0,0,0,0
109,公立,一般大學,0030,國立臺東大學,學士班(日間),香港,港澳,1,0,1,0,0,0,0,0,0,1,0,1,0,0,0
109,公立,一般大學,0030,國立臺東大學,學士班(日間),澳門,港澳,2,1,1,0,0,0,0,0,0,2,1,1,0,0,0
109,公立,一般大學,0030,國立臺東大學,碩士班(日間),香港,港澳,1,1,0,0,0,0,0,0,0,1,1,0,0,0,0
109,公立,一般大學,0030,國立臺東大學,博士班,大陸地區,大陸地區,2,2,0,0,0,0,0,0,0,0,0,0,2,2,0
109,公立,一般大學,0031,國立宜蘭大學,學士班(日間),緬甸,東協,1,0,1,0,0,0,1,0,1,0,0,0,0,0,0
109,公立,一般大學,0031,國立宜蘭大學,學士班(日間),日本,其他亞洲地區,1,0,1,0,0,0,1,0,1,0,0,0,0,0,0
109,公立,一般大學,0031,國立宜蘭大學,學士班(日間),馬來西亞,東協,13,10,3,0,0,0,13,10,3,0,0,0,0,0,0
109,公立,一般大學,0031,國立宜蘭大學,學士班(日間),越南社會主義共和國,東協,1,0,1,1,0,1,0,0,0,0,0,0,0,0,0
109,公立,一般大學,0031,國立宜蘭大學,學士班(日間),香港,港澳,11,6,5,0,0,0,0,0,0,11,6,5,0,0,0
109,公立,一般大學,0031,國立宜蘭大學,學士班(日間),澳門,港澳,1,1,0,0,0,0,0,0,0,1,1,0,0,0,0
109,公立,一般大學,0031,國立宜蘭大學,學士班(日間),多明尼加共和國,中南美洲,1,0,1,0,0,0,1,0,1,0,0,0,0,0,0
109,公立,一般大學,0031,國立宜蘭大學,學士班(日間),巴拉圭,中南美洲,1,0,1,1,0,1,0,0,0,0,0,0,0,0,0
109,公立,一般大學,0031,國立宜蘭大學,學士班(日間),大陸地區,大陸地區,2,1,1,0,0,0,0,0,0,0,0,0,2,1,1
109,公立,一般大學,0031,國立宜蘭大學,碩士班(日間),印度,南亞,1,0,1,1,0,1,0,0,0,0,0,0,0,0,0
109,公立,一般大學,0031,國立宜蘭大學,碩士班(日間),馬來西亞,東協,1,1,0,0,0,0,1,1,0,0,0,0,0,0,0
109,公立,一般大學,0031,國立宜蘭大學,碩士班(日間),大陸地區,大陸地區,1,0,1,0,0,0,0,0,0,0,0,0,1,0,1
109,公立,一般大學,0032,國立聯合大學,學士班(日間),印度尼西亞共和國,東協,3,3,0,1,1,0,2,2,0,0,0,0,0,0,0
109,公立,一般大學,0032,國立聯合大學,學士班(日間),馬來西亞,東協,16,5,11,0,0,0,16,5,11,0,0,0,0,0,0
109,公立,一般大學,0032,國立聯合大學,學士班(日間),香港,港澳,2,1,1,0,0,0,0,0,0,2,1,1,0,0,0
109,公立,一般大學,0032,國立聯合大學,學士班(日間),澳門,港澳,1,1,0,0,0,0,0,0,0,1,1,0,0,0,0
109,公立,一般大學,0032,國立聯合大學,學士班(日間),大陸地區,大陸地區,4,1,3,0,0,0,0,0,0,0,0,0,4,1,3
109,公立,技專校院,0033,國立虎尾科技大學,學士班(日間),緬甸,東協,1,1,0,0,0,0,1,1,0,0,0,0,0,0,0
109,公立,技專校院,0033,國立虎尾科技大學,學士班(日間),印度尼西亞共和國,東協,1,0,1,0,0,0,1,0,1,0,0,0,0,0,0
109,公立,技專校院,0033,國立虎尾科技大學,學士班(日間),馬來西亞,東協,13,10,3,9,7,2,4,3,1,0,0,0,0,0,0
109,公立,技專校院,0033,國立虎尾科技大學,學士班(日間),香港,港澳,2,1,1,0,0,0,0,0,0,2,1,1,0,0,0
109,公立,技專校院,0033,國立虎尾科技大學,學士班(日間),大陸地區,大陸地區,5,5,0,0,0,0,0,0,0,0,0,0,5,5,0
109,公立,技專校院,0033,國立虎尾科技大學,碩士班(日間),孟加拉人民共和國,南亞,1,1,0,1,1,0,0,0,0,0,0,0,0,0,0
109,公立,技專校院,0033,國立虎尾科技大學,碩士班(日間),印度,南亞,4,4,0,4,4,0,0,0,0,0,0,0,0,0,0
109,公立,技專校院,0033,國立虎尾科技大學,碩士班(日間),印度尼西亞共和國,東協,11,6,5,11,6,5,0,0,0,0,0,0,0,0,0
109,公立,技專校院,0033,國立虎尾科技大學,碩士班(日間),巴基斯坦,南亞,1,1,0,1,1,0,0,0,0,0,0,0,0,0,0
109,公立,技專校院,0033,國立虎尾科技大學,碩士班(日間),泰國,東協,4,0,4,4,0,4,0,0,0,0,0,0,0,0,0
109,公立,技專校院,0033,國立虎尾科技大學,碩士班(日間),越南社會主義共和國,東協,17,7,10,17,7,10,0,0,0,0,0,0,0,0,0
109,公立,技專校院,0033,國立虎尾科技大學,碩士班(日間),蒙古國,其他亞洲地區,1,0,1,1,0,1,0,0,0,0,0,0,0,0,0
109,公立,技專校院,0033,國立虎尾科技大學,博士班,印度尼西亞共和國,東協,1,1,0,1,1,0,0,0,0,0,0,0,0,0,0
109,公立,一般大學,0035,國立臺南藝術大學,學士班(日間),馬來西亞,東協,2,0,2,1,0,1,1,0,1,0,0,0,0,0,0
109,公立,一般大學,0035,國立臺南藝術大學,學士班(日間),大陸地區,大陸地區,2,1,1,0,0,0,0,0,0,0,0,0,2,1,1
109,公立,一般大學,0035,國立臺南藝術大學,碩士班(日間),香港,港澳,3,1,2,0,0,0,0,0,0,3,1,2,0,0,0
109,公立,一般大學,0035,國立臺南藝術大學,碩士班(日間),大陸地區,大陸地區,1,0,1,0,0,0,0,0,0,0,0,0,1,0,1
109,公立,一般大學,0036,國立臺南大學,學士班(日間),印度尼西亞共和國,東協,2,1,1,2,1,1,0,0,0,0,0,0,0,0,0
109,公立,一般大學,0036,國立臺南大學,學士班(日間),日本,其他亞洲地區,1,1,0,1,1,0,0,0,0,0,0,0,0,0,0
109,公立,一般大學,0036,國立臺南大學,學士班(日間),大韓民國(南韓),其他亞洲地區,1,1,0,1,1,0,0,0,0,0,0,0,0,0,0
109,公立,一般大學,0036,國立臺南大學,學士班(日間),馬來西亞,東協,4,2,2,0,0,0,4,2,2,0,0,0,0,0,0
109,公立,一般大學,0036,國立臺南大學,學士班(日間),越南社會主義共和國,東協,1,0,1,1,0,1,0,0,0,0,0,0,0,0,0
109,公立,一般大學,0036,國立臺南大學,學士班(日間),香港,港澳,2,1,1,0,0,0,0,0,0,2,1,1,0,0,0
109,公立,一般大學,0036,國立臺南大學,學士班(日間),澳門,港澳,3,1,2,0,0,0,0,0,0,3,1,2,0,0,0
109,公立,一般大學,0036,國立臺南大學,學士班(日間),蒙古國,其他亞洲地區,1,0,1,1,0,1,0,0,0,0,0,0,0,0,0
109,公立,一般大學,0036,國立臺南大學,學士班(日間),大陸地區,大陸地區,2,2,0,0,0,0,0,0,0,0,0,0,2,2,0
109,公立,一般大學,0036,國立臺南大學,碩士班(日間),越南社會主義共和國,東協,1,0,1,1,0,1,0,0,0,0,0,0,0,0,0
109,公立,一般大學,0036,國立臺南大學,碩士班(日間),澳門,港澳,1,0,1,0,0,0,0,0,0,1,0,1,0,0,0
109,公立,一般大學,0036,國立臺南大學,博士班,大陸地區,大陸地區,1,0,1,0,0,0,0,0,0,0,0,0,1,0,1
109,公立,一般大學,0037,國立臺北教育大學,學士班(日間),緬甸,東協,3,1,2,0,0,0,3,1,2,0,0,0,0,0,0
109,公立,一般大學,0037,國立臺北教育大學,學士班(日間),印度尼西亞共和國,東協,1,0,1,0,0,0,1,0,1,0,0,0,0,0,0
109,公立,一般大學,0037,國立臺北教育大學,學士班(日間),馬來西亞,東協,8,2,6,2,0,2,6,2,4,0,0,0,0,0,0
109,公立,一般大學,0037,國立臺北教育大學,學士班(日間),菲律賓共和國,東協,1,0,1,0,0,0,1,0,1,0,0,0,0,0,0
109,公立,一般大學,0037,國立臺北教育大學,學士班(日間),越南社會主義共和國,東協,1,0,1,1,0,1,0,0,0,0,0,0,0,0,0
109,公立,一般大學,0037,國立臺北教育大學,學士班(日間),香港,港澳,7,4,3,0,0,0,0,0,0,7,4,3,0,0,0
109,公立,一般大學,0037,國立臺北教育大學,學士班(日間),澳門,港澳,6,6,0,0,0,0,0,0,0,6,6,0,0,0,0
109,公立,一般大學,0037,國立臺北教育大學,學士班(日間),大陸地區,大陸地區,1,0,1,0,0,0,0,0,0,0,0,0,1,0,1
109,公立,一般大學,0037,國立臺北教育大學,碩士班(日間),孟加拉人民共和國,南亞,1,0,1,1,0,1,0,0,0,0,0,0,0,0,0
109,公立,一般大學,0037,國立臺北教育大學,碩士班(日間),緬甸,東協,1,0,1,0,0,0,1,0,1,0,0,0,0,0,0
109,公立,一般大學,0037,國立臺北教育大學,碩士班(日間),印度,南亞,1,0,1,1,0,1,0,0,0,0,0,0,0,0,0
109,公立,一般大學,0037,國立臺北教育大學,碩士班(日間),馬來西亞,東協,6,2,4,3,1,2,3,1,2,0,0,0,0,0,0
109,公立,一般大學,0037,國立臺北教育大學,碩士班(日間),泰國,東協,1,0,1,1,0,1,0,0,0,0,0,0,0,0,0
109,公立,一般大學,0037,國立臺北教育大學,碩士班(日間),越南社會主義共和國,東協,6,0,6,6,0,6,0,0,0,0,0,0,0,0,0
109,公立,一般大學,0037,國立臺北教育大學,碩士班(日間),澳門,港澳,3,1,2,0,0,0,0,0,0,3,1,2,0,0,0
109,公立,一般大學,0037,國立臺北教育大學,碩士班(日間),俄羅斯聯邦,其他亞洲地區,1,1,0,1,1,0,0,0,0,0,0,0,0,0,0
109,公立,一般大學,0037,國立臺北教育大學,碩士班(日間),南非共和國,非洲,2,1,1,2,1,1,0,0,0,0,0,0,0,0,0
109,公立,一般大學,0037,國立臺北教育大學,碩士班(日間),義大利共和國,歐洲,1,0,1,1,0,1,0,0,0,0,0,0,0,0,0
109,公立,一般大學,0037,國立臺北教育大學,碩士班(日間),美國,北美洲,2,1,1,2,1,1,0,0,0,0,0,0,0,0,0
109,公立,一般大學,0039,國立臺中教育大學,學士班(日間),緬甸,東協,2,0,2,0,0,0,2,0,2,0,0,0,0,0,0
109,公立,一般大學,0039,國立臺中教育大學,學士班(日間),印度尼西亞共和國,東協,2,1,1,0,0,0,2,1,1,0,0,0,0,0,0
109,公立,一般大學,0039,國立臺中教育大學,學士班(日間),日本,其他亞洲地區,2,1,1,2,1,1,0,0,0,0,0,0,0,0,0
109,公立,一般大學,0039,國立臺中教育大學,學士班(日間),馬來西亞,東協,8,3,5,2,1,1,6,2,4,0,0,0,0,0,0
109,公立,一般大學,0039,國立臺中教育大學,學士班(日間),越南社會主義共和國,東協,3,0,3,3,0,3,0,0,0,0,0,0,0,0,0
109,公立,一般大學,0039,國立臺中教育大學,學士班(日間),香港,港澳,4,2,2,0,0,0,0,0,0,4,2,2,0,0,0
109,公立,一般大學,0039,國立臺中教育大學,學士班(日間),澳門,港澳,6,1,5,0,0,0,0,0,0,6,1,5,0,0,0
109,公立,一般大學,0039,國立臺中教育大學,學士班(日間),加拿大,北美洲,1,0,1,0,0,0,1,0,1,0,0,0,0,0,0
109,公立,一般大學,0039,國立臺中教育大學,學士班(日間),厄瓜多共和國,中南美洲,1,1,0,0,0,0,1,1,0,0,0,0,0,0,0
109,公立,一般大學,0039,國立臺中教育大學,學士班(日間),大陸地區,大陸地區,2,0,2,0,0,0,0,0,0,0,0,0,2,0,2
109,公立,一般大學,0039,國立臺中教育大學,碩士班(日間),大韓民國(南韓),其他亞洲地區,1,0,1,1,0,1,0,0,0,0,0,0,0,0,0
109,公立,一般大學,0039,國立臺中教育大學,碩士班(日間),馬來西亞,東協,1,1,0,1,1,0,0,0,0,0,0,0,0,0,0
109,公立,一般大學,0039,國立臺中教育大學,碩士班(日間),越南社會主義共和國,東協,3,0,3,3,0,3,0,0,0,0,0,0,0,0,0
109,公立,一般大學,0039,國立臺中教育大學,碩士班(日間),香港,港澳,1,0,1,0,0,0,0,0,0,1,0,1,0,0,0
109,公立,一般大學,0039,國立臺中教育大學,碩士班(日間),蒙古國,其他亞洲地區,4,3,1,4,3,1,0,0,0,0,0,0,0,0,0
109,公立,一般大學,0039,國立臺中教育大學,碩士班(日間),俄羅斯聯邦,其他亞洲地區,2,1,1,2,1,1,0,0,0,0,0,0,0,0,0
109,公立,技專校院,0042,國立澎湖科技大學,學士班(日間),大韓民國(南韓),其他亞洲地區,1,1,0,1,1,0,0,0,0,0,0,0,0,0,0
109,公立,技專校院,0042,國立澎湖科技大學,學士班(日間),馬來西亞,東協,7,3,4,0,0,0,7,3,4,0,0,0,0,0,0
109,公立,技專校院,0042,國立澎湖科技大學,學士班(日間),越南社會主義共和國,東協,1,1,0,1,1,0,0,0,0,0,0,0,0,0,0
109,公立,技專校院,0042,國立澎湖科技大學,學士班(日間),香港,港澳,1,1,0,0,0,0,0,0,0,1,1,0,0,0,0
109,公立,技專校院,0043,國立勤益科技大學,學士班(日間),柬埔寨王國,東協,1,0,1,1,0,1,0,0,0,0,0,0,0,0,0
109,公立,技專校院,0043,國立勤益科技大學,學士班(日間),印度尼西亞共和國,東協,1,0,1,1,0,1,0,0,0,0,0,0,0,0,0
109,公立,技專校院,0043,國立勤益科技大學,學士班(日間),馬來西亞,東協,10,8,2,9,8,1,1,0,1,0,0,0,0,0,0
109,公立,技專校院,0043,國立勤益科技大學,學士班(日間),尼泊爾聯邦民主共和國,南亞,10,8,2,10,8,2,0,0,0,0,0,0,0,0,0
109,公立,技專校院,0043,國立勤益科技大學,學士班(日間),泰國,東協,3,1,2,3,1,2,0,0,0,0,0,0,0,0,0
109,公立,技專校院,0043,國立勤益科技大學,學士班(日間),越南社會主義共和國,東協,11,4,7,11,4,7,0,0,0,0,0,0,0,0,0
109,公立,技專校院,0043,國立勤益科技大學,學士班(日間),香港,港澳,2,2,0,0,0,0,0,0,0,2,2,0,0,0,0
109,公立,技專校院,0043,國立勤益科技大學,學士班(日間),澳門,港澳,1,0,1,0,0,0,0,0,0,1,0,1,0,0,0
109,公立,技專校院,0043,國立勤益科技大學,學士班(日間),大陸地區,大陸地區,4,3,1,0,0,0,0,0,0,0,0,0,4,3,1
109,公立,技專校院,0043,國立勤益科技大學,碩士班(日間),印度,南亞,3,2,1,3,2,1,0,0,0,0,0,0,0,0,0
109,公立,技專校院,0043,國立勤益科技大學,碩士班(日間),印度尼西亞共和國,東協,18,7,11,18,7,11,0,0,0,0,0,0,0,0,0
109,公立,技專校院,0043,國立勤益科技大學,碩士班(日間),泰國,東協,2,1,1,2,1,1,0,0,0,0,0,0,0,0,0
109,公立,技專校院,0043,國立勤益科技大學,碩士班(日間),香港,港澳,1,1,0,0,0,0,0,0,0,1,1,0,0,0,0
109,公立,技專校院,0043,國立勤益科技大學,碩士班(日間),蒙古國,其他亞洲地區,2,1,1,2,1,1,0,0,0,0,0,0,0,0,0
109,公立,一般大學,0044,國立體育大學,學士班(日間),大韓民國(南韓),其他亞洲地區,2,1,1,2,1,1,0,0,0,0,0,0,0,0,0
109,公立,一般大學,0044,國立體育大學,學士班(日間),馬來西亞,東協,3,2,1,0,0,0,3,2,1,0,0,0,0,0,0
109,公立,一般大學,0044,國立體育大學,學士班(日間),香港,港澳,3,1,2,0,0,0,0,0,0,3,1,2,0,0,0
109,公立,一般大學,0044,國立體育大學,學士班(日間),澳門,港澳,3,3,0,0,0,0,0,0,0,3,3,0,0,0,0
109,公立,一般大學,0044,國立體育大學,學士班(日間),大陸地區,大陸地區,1,0,1,0,0,0,0,0,0,0,0,0,1,0,1
109,公立,一般大學,0044,國立體育大學,碩士班(日間),馬來西亞,東協,2,2,0,2,2,0,0,0,0,0,0,0,0,0,0
109,公立,一般大學,0044,國立體育大學,碩士班(日間),香港,港澳,4,2,2,0,0,0,0,0,0,4,2,2,0,0,0
109,公立,一般大學,0044,國立體育大學,碩士班(日間),澳門,港澳,1,1,0,0,0,0,0,0,0,1,1,0,0,0,0
109,公立,一般大學,0044,國立體育大學,碩士班(日間),大陸地區,大陸地區,3,1,2,0,0,0,0,0,0,0,0,0,3,1,2
109,公立,一般大學,0044,國立體育大學,博士班,蒙古國,其他亞洲地區,1,0,1,1,0,1,0,0,0,0,0,0,0,0,0
109,公立,一般大學,0044,國立體育大學,博士班,大陸地區,大陸地區,1,1,0,0,0,0,0,0,0,0,0,0,1,1,0
109,公立,技專校院,0046,國立臺北護理健康大學,學士班(日間),馬來西亞,東協,12,0,12,0,0,0,12,0,12,0,0,0,0,0,0
109,公立,技專校院,0046,國立臺北護理健康大學,學士班(日間),越南社會主義共和國,東協,1,0,1,0,0,0,1,0,1,0,0,0,0,0,0
109,公立,技專校院,0046,國立臺北護理健康大學,學士班(日間),香港,港澳,2,0,2,0,0,0,0,0,0,2,0,2,0,0,0
109,公立,技專校院,0046,國立臺北護理健康大學,學士班(日間),澳門,港澳,5,1,4,0,0,0,0,0,0,5,1,4,0,0,0
109,公立,技專校院,0046,國立臺北護理健康大學,學士班(日間),美國,北美洲,1,1,0,0,0,0,1,1,0,0,0,0,0,0,0
109,公立,技專校院,0046,國立臺北護理健康大學,碩士班(日間),印度尼西亞共和國,東協,4,1,3,4,1,3,0,0,0,0,0,0,0,0,0
109,公立,技專校院,0046,國立臺北護理健康大學,碩士班(日間),馬來西亞,東協,1,0,1,0,0,0,1,0,1,0,0,0,0,0,0
109,公立,技專校院,0046,國立臺北護理健康大學,碩士班(日間),菲律賓共和國,東協,1,1,0,1,1,0,0,0,0,0,0,0,0,0,0
109,公立,技專校院,0046,國立臺北護理健康大學,碩士班(日間),越南社會主義共和國,東協,3,0,3,3,0,3,0,0,0,0,0,0,0,0,0
109,公立,技專校院,0046,國立臺北護理健康大學,碩士班(日間),香港,港澳,5,1,4,0,0,0,0,0,0,5,1,4,0,0,0
109,公立,技專校院,0046,國立臺北護理健康大學,碩士班(日間),吉爾吉斯,其他亞洲地區,1,0,1,1,0,1,0,0,0,0,0,0,0,0,0
109,公立,技專校院,0046,國立臺北護理健康大學,碩士班(日間),馬拉威共和國,非洲,1,0,1,1,0,1,0,0,0,0,0,0,0,0,0
109,公立,技專校院,0046,國立臺北護理健康大學,碩士班(日間),史瓦帝尼王國,非洲,1,0,1,1,0,1,0,0,0,0,0,0,0,0,0
109,公立,技專校院,0046,國立臺北護理健康大學,碩士班(日間),加拿大,北美洲,1,1,0,1,1,0,0,0,0,0,0,0,0,0,0
109,公立,技專校院,0046,國立臺北護理健康大學,碩士班(日間),美國,北美洲,2,1,1,1,0,1,1,1,0,0,0,0,0,0,0
109,公立,技專校院,0046,國立臺北護理健康大學,碩士班(日間),聖克里斯多福及尼維斯,中南美洲,1,0,1,1,0,1,0,0,0,0,0,0,0,0,0
109,公立,技專校院,0046,國立臺北護理健康大學,博士班,印度尼西亞共和國,東協,1,0,1,1,0,1,0,0,0,0,0,0,0,0,0
109,公立,技專校院,0047,國立高雄餐旅大學,學士班(日間),印度尼西亞共和國,東協,15,2,13,4,1,3,11,1,10,0,0,0,0,0,0
109,公立,技專校院,0047,國立高雄餐旅大學,學士班(日間),大韓民國(南韓),其他亞洲地區,1,0,1,1,0,1,0,0,0,0,0,0,0,0,0
109,公立,技專校院,0047,國立高雄餐旅大學,學士班(日間),馬來西亞,東協,23,10,13,7,2,5,16,8,8,0,0,0,0,0,0
109,公立,技專校院,0047,國立高雄餐旅大學,學士班(日間),泰國,東協,1,1,0,0,0,0,1,1,0,0,0,0,0,0,0
109,公立,技專校院,0047,國立高雄餐旅大學,學士班(日間),越南社會主義共和國,東協,2,2,0,1,1,0,1,1,0,0,0,0,0,0,0
109,公立,技專校院,0047,國立高雄餐旅大學,學士班(日間),香港,港澳,1,1,0,0,0,0,0,0,0,1,1,0,0,0,0
109,公立,技專校院,0047,國立高雄餐旅大學,學士班(日間),澳門,港澳,10,6,4,0,0,0,0,0,0,10,6,4,0,0,0
109,公立,技專校院,0047,國立高雄餐旅大學,學士班(日間),南非共和國,非洲,1,0,1,0,0,0,1,0,1,0,0,0,0,0,0
109,公立,技專校院,0047,國立高雄餐旅大學,學士班(日間),巴西聯邦共和國,中南美洲,2,0,2,0,0,0,2,0,2,0,0,0,0,0,0
109,公立,技專校院,0047,國立高雄餐旅大學,學士班(日間),聖克里斯多福及尼維斯,中南美洲,1,0,1,1,0,1,0,0,0,0,0,0,0,0,0
109,公立,技專校院,0047,國立高雄餐旅大學,學士班(日間),大陸地區,大陸地區,3,1,2,0,0,0,0,0,0,0,0,0,3,1,2
109,公立,技專校院,0047,國立高雄餐旅大學,碩士班(日間),緬甸,東協,1,0,1,1,0,1,0,0,0,0,0,0,0,0,0
109,公立,技專校院,0047,國立高雄餐旅大學,碩士班(日間),印度尼西亞共和國,東協,4,1,3,4,1,3,0,0,0,0,0,0,0,0,0
109,公立,技專校院,0047,國立高雄餐旅大學,碩士班(日間),菲律賓共和國,東協,1,1,0,1,1,0,0,0,0,0,0,0,0,0,0
109,公立,技專校院,0047,國立高雄餐旅大學,碩士班(日間),越南社會主義共和國,東協,1,1,0,1,1,0,0,0,0,0,0,0,0,0,0
109,公立,技專校院,0047,國立高雄餐旅大學,博士班,印度尼西亞共和國,東協,1,0,1,1,0,1,0,0,0,0,0,0,0,0,0
109,公立,技專校院,0047,國立高雄餐旅大學,博士班,越南社會主義共和國,東協,1,0,1,1,0,1,0,0,0,0,0,0,0,0,0
109,公立,一般大學,0048,國立金門大學,學士班(日間),印度尼西亞共和國,東協,1,0,1,0,0,0,1,0,1,0,0,0,0,0,0
109,公立,一般大學,0048,國立金門大學,學士班(日間),馬來西亞,東協,3,1,2,0,0,0,3,1,2,0,0,0,0,0,0
109,公立,一般大學,0048,國立金門大學,學士班(日間),香港,港澳,2,1,1,0,0,0,0,0,0,2,1,1,0,0,0
109,公立,一般大學,0048,國立金門大學,學士班(日間),大陸地區,大陸地區,27,16,11,0,0,0,0,0,0,0,0,0,27,16,11
109,公立,一般大學,0048,國立金門大學,碩士班(日間),印度尼西亞共和國,東協,7,3,4,7,3,4,0,0,0,0,0,0,0,0,0
109,公立,一般大學,0048,國立金門大學,碩士班(日間),越南社會主義共和國,東協,1,0,1,1,0,1,0,0,0,0,0,0,0,0,0
109,公立,一般大學,0048,國立金門大學,碩士班(日間),大陸地區,大陸地區,7,3,4,0,0,0,0,0,0,0,0,0,7,3,4
109,公立,一般大學,0049,國立臺灣體育運動大學,學士班(日間),緬甸,東協,1,1,0,0,0,0,1,1,0,0,0,0,0,0,0
109,公立,一般大學,0049,國立臺灣體育運動大學,學士班(日間),馬來西亞,東協,3,2,1,0,0,0,3,2,1,0,0,0,0,0,0
109,公立,一般大學,0049,國立臺灣體育運動大學,學士班(日間),香港,港澳,6,1,5,0,0,0,0,0,0,6,1,5,0,0,0
109,公立,一般大學,0049,國立臺灣體育運動大學,學士班(日間),澳門,港澳,6,6,0,0,0,0,0,0,0,6,6,0,0,0,0
109,公立,一般大學,0049,國立臺灣體育運動大學,學士班(日間),大陸地區,大陸地區,2,1,1,0,0,0,0,0,0,0,0,0,2,1,1
109,公立,一般大學,0049,國立臺灣體育運動大學,碩士班(日間),馬來西亞,東協,1,0,1,1,0,1,0,0,0,0,0,0,0,0,0
109,公立,一般大學,0049,國立臺灣體育運動大學,碩士班(日間),香港,港澳,1,0,1,0,0,0,0,0,0,1,0,1,0,0,0
109,公立,一般大學,0049,國立臺灣體育運動大學,碩士班(日間),大陸地區,大陸地區,2,1,1,0,0,0,0,0,0,0,0,0,2,1,1
109,公立,技專校院,0050,國立臺中科技大學,學士班(日間),緬甸,東協,1,0,1,0,0,0,1,0,1,0,0,0,0,0,0
109,公立,技專校院,0050,國立臺中科技大學,學士班(日間),印度尼西亞共和國,東協,5,4,1,0,0,0,5,4,1,0,0,0,0,0,0
109,公立,技專校院,0050,國立臺中科技大學,學士班(日間),馬來西亞,東協,4,3,1,0,0,0,4,3,1,0,0,0,0,0,0
109,公立,技專校院,0050,國立臺中科技大學,學士班(日間),越南社會主義共和國,東協,1,1,0,0,0,0,1,1,0,0,0,0,0,0,0
109,公立,技專校院,0050,國立臺中科技大學,學士班(日間),香港,港澳,4,3,1,0,0,0,0,0,0,4,3,1,0,0,0
109,公立,技專校院,0050,國立臺中科技大學,學士班(日間),大陸地區,大陸地區,9,5,4,0,0,0,0,0,0,0,0,0,9,5,4
109,公立,技專校院,0050,國立臺中科技大學,碩士班(日間),日本,其他亞洲地區,1,1,0,1,1,0,0,0,0,0,0,0,0,0,0
109,公立,技專校院,0050,國立臺中科技大學,碩士班(日間),大陸地區,大陸地區,2,2,0,0,0,0,0,0,0,0,0,0,2,2,0
109,公立,技專校院,0051,國立臺北商業大學,五專,印度尼西亞共和國,東協,2,0,2,0,0,0,2,0,2,0,0,0,0,0,0
109,公立,技專校院,0051,國立臺北商業大學,五專,泰國,東協,1,0,1,0,0,0,1,0,1,0,0,0,0,0,0
109,公立,技專校院,0051,國立臺北商業大學,學士班(日間),緬甸,東協,4,0,4,0,0,0,4,0,4,0,0,0,0,0,0
109,公立,技專校院,0051,國立臺北商業大學,學士班(日間),印度尼西亞共和國,東協,5,3,2,0,0,0,5,3,2,0,0,0,0,0,0
109,公立,技專校院,0051,國立臺北商業大學,學士班(日間),馬來西亞,東協,10,3,7,1,0,1,9,3,6,0,0,0,0,0,0
109,公立,技專校院,0051,國立臺北商業大學,學士班(日間),越南社會主義共和國,東協,2,1,1,0,0,0,2,1,1,0,0,0,0,0,0
109,公立,技專校院,0051,國立臺北商業大學,學士班(日間),香港,港澳,2,1,1,0,0,0,0,0,0,2,1,1,0,0,0
109,公立,技專校院,0051,國立臺北商業大學,學士班(日間),澳門,港澳,1,0,1,0,0,0,0,0,0,1,0,1,0,0,0
109,公立,技專校院,0051,國立臺北商業大學,學士班(日間),阿根廷,中南美洲,1,1,0,0,0,0,1,1,0,0,0,0,0,0,0
109,公立,技專校院,0051,國立臺北商業大學,學士班(日間),大陸地區,大陸地區,37,16,21,0,0,0,0,0,0,0,0,0,37,16,21
109,公立,技專校院,0051,國立臺北商業大學,碩士班(日間),大陸地區,大陸地區,6,4,2,0,0,0,0,0,0,0,0,0,6,4,2
109,公立,一般大學,0052,國立屏東大學,學士班(日間),馬來西亞,東協,13,6,7,1,0,1,12,6,6,0,0,0,0,0,0
109,公立,一般大學,0052,國立屏東大學,學士班(日間),香港,港澳,4,2,2,0,0,0,0,0,0,4,2,2,0,0,0
109,公立,一般大學,0052,國立屏東大學,學士班(日間),澳門,港澳,6,3,3,0,0,0,0,0,0,6,3,3,0,0,0
109,公立,一般大學,0052,國立屏東大學,學士班(日間),聖克里斯多福及尼維斯,中南美洲,1,0,1,1,0,1,0,0,0,0,0,0,0,0,0
109,公立,一般大學,0052,國立屏東大學,學士班(日間),大陸地區,大陸地區,4,2,2,0,0,0,0,0,0,0,0,0,4,2,2
109,公立,一般大學,0052,國立屏東大學,碩士班(日間),馬來西亞,東協,1,1,0,0,0,0,1,1,0,0,0,0,0,0,0
109,公立,一般大學,0052,國立屏東大學,碩士班(日間),泰國,東協,2,0,2,2,0,2,0,0,0,0,0,0,0,0,0
109,公立,一般大學,0052,國立屏東大學,碩士班(日間),香港,港澳,1,0,1,0,0,0,0,0,0,1,0,1,0,0,0
109,公立,一般大學,0052,國立屏東大學,碩士班(日間),澳門,港澳,1,1,0,0,0,0,0,0,0,1,1,0,0,0,0
109,公立,一般大學,0052,國立屏東大學,碩士班(日間),大陸地區,大陸地區,1,1,0,0,0,0,0,0,0,0,0,0,1,1,0
109,公立,技專校院,0053,國立高雄科技大學,學士班(日間),緬甸,東協,1,0,1,0,0,0,1,0,1,0,0,0,0,0,0
109,公立,技專校院,0053,國立高雄科技大學,學士班(日間),印度尼西亞共和國,東協,3,0,3,2,0,2,1,0,1,0,0,0,0,0,0
109,公立,技專校院,0053,國立高雄科技大學,學士班(日間),日本,其他亞洲地區,8,1,7,8,1,7,0,0,0,0,0,0,0,0,0
109,公立,技專校院,0053,國立高雄科技大學,學士班(日間),馬來西亞,東協,15,12,3,3,3,0,12,9,3,0,0,0,0,0,0
109,公立,技專校院,0053,國立高雄科技大學,學士班(日間),越南社會主義共和國,東協,7,2,5,4,2,2,3,0,3,0,0,0,0,0,0
109,公立,技專校院,0053,國立高雄科技大學,學士班(日間),香港,港澳,10,6,4,0,0,0,0,0,0,10,6,4,0,0,0
109,公立,技專校院,0053,國立高雄科技大學,學士班(日間),澳門,港澳,1,1,0,0,0,0,0,0,0,1,1,0,0,0,0
109,公立,技專校院,0053,國立高雄科技大學,學士班(日間),尼加拉瓜,中南美洲,1,0,1,1,0,1,0,0,0,0,0,0,0,0,0
109,公立,技專校院,0053,國立高雄科技大學,學士班(日間),玻利維亞共和國,中南美洲,1,0,1,0,0,0,1,0,1,0,0,0,0,0,0
109,公立,技專校院,0053,國立高雄科技大學,學士班(日間),大陸地區,大陸地區,20,13,7,0,0,0,0,0,0,0,0,0,20,13,7
109,公立,技專校院,0053,國立高雄科技大學,碩士班(日間),印度尼西亞共和國,東協,1,1,0,1,1,0,0,0,0,0,0,0,0,0,0
109,公立,技專校院,0053,國立高雄科技大學,碩士班(日間),日本,其他亞洲地區,1,0,1,1,0,1,0,0,0,0,0,0,0,0,0
109,公立,技專校院,0053,國立高雄科技大學,碩士班(日間),馬來西亞,東協,3,2,1,2,1,1,1,1,0,0,0,0,0,0,0
109,公立,技專校院,0053,國立高雄科技大學,碩士班(日間),菲律賓共和國,東協,2,2,0,2,2,0,0,0,0,0,0,0,0,0,0
109,公立,技專校院,0053,國立高雄科技大學,碩士班(日間),泰國,東協,2,0,2,2,0,2,0,0,0,0,0,0,0,0,0
109,公立,技專校院,0053,國立高雄科技大學,碩士班(日間),越南社會主義共和國,東協,19,5,14,19,5,14,0,0,0,0,0,0,0,0,0
109,公立,技專校院,0053,國立高雄科技大學,碩士班(日間),香港,港澳,2,2,0,0,0,0,0,0,0,2,2,0,0,0,0
109,公立,技專校院,0053,國立高雄科技大學,碩士班(日間),奧地利共和國,歐洲,1,0,1,1,0,1,0,0,0,0,0,0,0,0,0
109,公立,技專校院,0053,國立高雄科技大學,碩士班(日間),法國,歐洲,2,1,1,2,1,1,0,0,0,0,0,0,0,0,0
109,公立,技專校院,0053,國立高雄科技大學,碩士班(日間),墨西哥合眾國,中南美洲,1,0,1,1,0,1,0,0,0,0,0,0,0,0,0
109,公立,技專校院,0053,國立高雄科技大學,碩士班(日間),美國,北美洲,1,0,1,1,0,1,0,0,0,0,0,0,0,0,0
109,公立,技專校院,0053,國立高雄科技大學,碩士班(日間),大陸地區,大陸地區,5,5,0,0,0,0,0,0,0,0,0,0,5,5,0
109,公立,技專校院,0053,國立高雄科技大學,博士班,印度尼西亞共和國,東協,2,0,2,2,0,2,0,0,0,0,0,0,0,0,0
109,公立,技專校院,0053,國立高雄科技大學,博士班,馬來西亞,東協,1,1,0,1,1,0,0,0,0,0,0,0,0,0,0
109,公立,技專校院,0053,國立高雄科技大學,博士班,菲律賓共和國,東協,1,1,0,1,1,0,0,0,0,0,0,0,0,0,0
109,公立,技專校院,0053,國立高雄科技大學,博士班,泰國,東協,1,0,1,1,0,1,0,0,0,0,0,0,0,0,0
109,公立,技專校院,0053,國立高雄科技大學,博士班,越南社會主義共和國,東協,7,5,2,7,5,2,0,0,0,0,0,0,0,0,0
109,公立,技專校院,0053,國立高雄科技大學,博士班,波蘭共和國,歐洲,1,1,0,1,1,0,0,0,0,0,0,0,0,0,0
109,公立,技專校院,0144,國立臺灣戲曲學院,學士班(日間),香港,港澳,1,0,1,0,0,0,0,0,0,1,0,1,0,0,0
109,公立,技專校院,0144,國立臺灣戲曲學院,學士班(日間),澳門,港澳,2,1,1,0,0,0,0,0,0,2,1,1,0,0,0
109,公立,技專校院,0144,國立臺灣戲曲學院,學士班(日間),大陸地區,大陸地區,3,0,3,0,0,0,0,0,0,0,0,0,3,0,3
109,私立,一般大學,1001,東海大學,學士班(日間),印度尼西亞共和國,東協,30,16,14,27,13,14,3,3,0,0,0,0,0,0,0
109,私立,一般大學,1001,東海大學,學士班(日間),日本,其他亞洲地區,13,3,10,13,3,10,0,0,0,0,0,0,0,0,0
109,私立,一般大學,1001,東海大學,學士班(日間),大韓民國(南韓),其他亞洲地區,1,0,1,1,0,1,0,0,0,0,0,0,0,0,0
109,私立,一般大學,1001,東海大學,學士班(日間),馬來西亞,東協,20,7,13,12,4,8,8,3,5,0,0,0,0,0,0
109,私立,一般大學,1001,東海大學,學士班(日間),越南社會主義共和國,東協,1,1,0,1,1,0,0,0,0,0,0,0,0,0,0
109,私立,一般大學,1001,東海大學,學士班(日間),香港,港澳,18,12,6,0,0,0,0,0,0,18,12,6,0,0,0
109,私立,一般大學,1001,東海大學,學士班(日間),澳門,港澳,14,6,8,0,0,0,0,0,0,14,6,8,0,0,0
109,私立,一般大學,1001,東海大學,學士班(日間),蒙古國,其他亞洲地區,3,0,3,3,0,3,0,0,0,0,0,0,0,0,0
109,私立,一般大學,1001,東海大學,學士班(日間),史瓦帝尼王國,非洲,2,0,2,2,0,2,0,0,0,0,0,0,0,0,0
109,私立,一般大學,1001,東海大學,學士班(日間),葡萄牙共和國,歐洲,1,1,0,0,0,0,1,1,0,0,0,0,0,0,0
109,私立,一般大學,1001,東海大學,學士班(日間),薩爾瓦多,中南美洲,1,0,1,1,0,1,0,0,0,0,0,0,0,0,0
109,私立,一般大學,1001,東海大學,學士班(日間),尼加拉瓜,中南美洲,1,1,0,1,1,0,0,0,0,0,0,0,0,0,0
109,私立,一般大學,1001,東海大學,學士班(日間),美國,北美洲,1,1,0,1,1,0,0,0,0,0,0,0,0,0,0
109,私立,一般大學,1001,東海大學,學士班(日間),巴西聯邦共和國,中南美洲,1,1,0,1,1,0,0,0,0,0,0,0,0,0,0
109,私立,一般大學,1001,東海大學,學士班(日間),委內瑞拉共和國,中南美洲,1,1,0,0,0,0,1,1,0,0,0,0,0,0,0
109,私立,一般大學,1001,東海大學,學士班(日間),大陸地區,大陸地區,41,14,27,0,0,0,0,0,0,0,0,0,41,14,27
109,私立,一般大學,1001,東海大學,碩士班(日間),印度,南亞,1,1,0,1,1,0,0,0,0,0,0,0,0,0,0
109,私立,一般大學,1001,東海大學,碩士班(日間),印度尼西亞共和國,東協,4,2,2,4,2,2,0,0,0,0,0,0,0,0,0
109,私立,一般大學,1001,東海大學,碩士班(日間),大韓民國(南韓),其他亞洲地區,1,0,1,1,0,1,0,0,0,0,0,0,0,0,0
109,私立,一般大學,1001,東海大學,碩士班(日間),馬來西亞,東協,5,2,3,4,1,3,1,1,0,0,0,0,0,0,0
109,私立,一般大學,1001,東海大學,碩士班(日間),巴基斯坦,南亞,1,0,1,1,0,1,0,0,0,0,0,0,0,0,0
109,私立,一般大學,1001,東海大學,碩士班(日間),泰國,東協,2,0,2,2,0,2,0,0,0,0,0,0,0,0,0
109,私立,一般大學,1001,東海大學,碩士班(日間),香港,港澳,4,3,1,0,0,0,0,0,0,4,3,1,0,0,0
109,私立,一般大學,1001,東海大學,碩士班(日間),澳門,港澳,1,1,0,0,0,0,0,0,0,1,1,0,0,0,0
109,私立,一般大學,1001,東海大學,碩士班(日間),吉爾吉斯,其他亞洲地區,1,1,0,1,1,0,0,0,0,0,0,0,0,0,0
109,私立,一般大學,1001,東海大學,碩士班(日間),法國,歐洲,1,0,1,1,0,1,0,0,0,0,0,0,0,0,0
109,私立,一般大學,1001,東海大學,碩士班(日間),厄瓜多共和國,中南美洲,1,0,1,1,0,1,0,0,0,0,0,0,0,0,0
109,私立,一般大學,1001,東海大學,碩士班(日間),聖克里斯多福及尼維斯,中南美洲,1,0,1,1,0,1,0,0,0,0,0,0,0,0,0
109,私立,一般大學,1001,東海大學,碩士班(日間),大陸地區,大陸地區,16,5,11,0,0,0,0,0,0,0,0,0,16,5,11
109,私立,一般大學,1001,東海大學,博士班,印度,南亞,2,2,0,2,2,0,0,0,0,0,0,0,0,0,0
109,私立,一般大學,1001,東海大學,博士班,印度尼西亞共和國,東協,3,1,2,3,1,2,0,0,0,0,0,0,0,0,0
109,私立,一般大學,1001,東海大學,博士班,越南社會主義共和國,東協,1,0,1,1,0,1,0,0,0,0,0,0,0,0,0
109,私立,一般大學,1001,東海大學,博士班,大陸地區,大陸地區,6,0,6,0,0,0,0,0,0,0,0,0,6,0,6
109,私立,一般大學,1002,輔仁大學,學士班(日間),印度尼西亞共和國,東協,5,2,3,2,1,1,3,1,2,0,0,0,0,0,0
109,私立,一般大學,1002,輔仁大學,學士班(日間),日本,其他亞洲地區,9,3,6,9,3,6,0,0,0,0,0,0,0,0,0
109,私立,一般大學,1002,輔仁大學,學士班(日間),大韓民國(南韓),其他亞洲地區,4,0,4,4,0,4,0,0,0,0,0,0,0,0,0
109,私立,一般大學,1002,輔仁大學,學士班(日間),馬來西亞,東協,39,14,25,8,2,6,31,12,19,0,0,0,0,0,0
109,私立,一般大學,1002,輔仁大學,學士班(日間),泰國,東協,1,0,1,1,0,1,0,0,0,0,0,0,0,0,0
109,私立,一般大學,1002,輔仁大學,學士班(日間),越南社會主義共和國,東協,5,0,5,5,0,5,0,0,0,0,0,0,0,0,0
109,私立,一般大學,1002,輔仁大學,學士班(日間),香港,港澳,32,18,14,0,0,0,0,0,0,32,18,14,0,0,0
109,私立,一般大學,1002,輔仁大學,學士班(日間),澳門,港澳,40,29,11,0,0,0,0,0,0,40,29,11,0,0,0
109,私立,一般大學,1002,輔仁大學,學士班(日間),澳大利亞,其他亞洲地區,1,0,1,1,0,1,0,0,0,0,0,0,0,0,0
109,私立,一般大學,1002,輔仁大學,學士班(日間),史瓦帝尼王國,非洲,1,0,1,0,0,0,1,0,1,0,0,0,0,0,0
109,私立,一般大學,1002,輔仁大學,學士班(日間),哥斯大黎加共和國,中南美洲,1,0,1,0,0,0,1,0,1,0,0,0,0,0,0
109,私立,一般大學,1002,輔仁大學,學士班(日間),墨西哥合眾國,中南美洲,1,0,1,0,0,0,1,0,1,0,0,0,0,0,0
109,私立,一般大學,1002,輔仁大學,學士班(日間),美國,北美洲,3,3,0,3,3,0,0,0,0,0,0,0,0,0,0
109,私立,一般大學,1002,輔仁大學,學士班(日間),大陸地區,大陸地區,61,20,41,0,0,0,0,0,0,0,0,0,61,20,41
109,私立,一般大學,1002,輔仁大學,碩士班(日間),印度,南亞,2,1,1,2,1,1,0,0,0,0,0,0,0,0,0
109,私立,一般大學,1002,輔仁大學,碩士班(日間),印度尼西亞共和國,東協,2,2,0,1,1,0,1,1,0,0,0,0,0,0,0
109,私立,一般大學,1002,輔仁大學,碩士班(日間),日本,其他亞洲地區,1,0,1,1,0,1,0,0,0,0,0,0,0,0,0
109,私立,一般大學,1002,輔仁大學,碩士班(日間),馬來西亞,東協,4,2,2,2,2,0,2,0,2,0,0,0,0,0,0
109,私立,一般大學,1002,輔仁大學,碩士班(日間),菲律賓共和國,東協,1,0,1,1,0,1,0,0,0,0,0,0,0,0,0
109,私立,一般大學,1002,輔仁大學,碩士班(日間),泰國,東協,2,1,1,2,1,1,0,0,0,0,0,0,0,0,0
109,私立,一般大學,1002,輔仁大學,碩士班(日間),越南社會主義共和國,東協,4,1,3,4,1,3,0,0,0,0,0,0,0,0,0
109,私立,一般大學,1002,輔仁大學,碩士班(日間),香港,港澳,2,0,2,0,0,0,0,0,0,2,0,2,0,0,0
109,私立,一般大學,1002,輔仁大學,碩士班(日間),澳門,港澳,2,1,1,0,0,0,0,0,0,2,1,1,0,0,0
109,私立,一般大學,1002,輔仁大學,碩士班(日間),法國,歐洲,1,0,1,1,0,1,0,0,0,0,0,0,0,0,0
109,私立,一般大學,1002,輔仁大學,碩士班(日間),義大利共和國,歐洲,1,1,0,1,1,0,0,0,0,0,0,0,0,0,0
109,私立,一般大學,1002,輔仁大學,碩士班(日間),大陸地區,大陸地區,74,36,38,0,0,0,0,0,0,0,0,0,74,36,38
109,私立,一般大學,1002,輔仁大學,博士班,印度,南亞,1,0,1,1,0,1,0,0,0,0,0,0,0,0,0
109,私立,一般大學,1002,輔仁大學,博士班,日本,其他亞洲地區,1,1,0,1,1,0,0,0,0,0,0,0,0,0,0
109,私立,一般大學,1002,輔仁大學,博士班,香港,港澳,1,0,1,0,0,0,0,0,0,1,0,1,0,0,0
109,私立,一般大學,1002,輔仁大學,博士班,大陸地區,大陸地區,7,6,1,0,0,0,0,0,0,0,0,0,7,6,1
109,私立,一般大學,1003,東吳大學,學士班(日間),印度尼西亞共和國,東協,1,0,1,0,0,0,1,0,1,0,0,0,0,0,0
109,私立,一般大學,1003,東吳大學,學士班(日間),日本,其他亞洲地區,2,0,2,2,0,2,0,0,0,0,0,0,0,0,0
109,私立,一般大學,1003,東吳大學,學士班(日間),大韓民國(南韓),其他亞洲地區,3,1,2,2,1,1,1,0,1,0,0,0,0,0,0
109,私立,一般大學,1003,東吳大學,學士班(日間),馬來西亞,東協,9,3,6,2,1,1,7,2,5,0,0,0,0,0,0
109,私立,一般大學,1003,東吳大學,學士班(日間),泰國,東協,1,1,0,0,0,0,1,1,0,0,0,0,0,0,0
109,私立,一般大學,1003,東吳大學,學士班(日間),土耳其共和國,其他亞洲地區,1,1,0,1,1,0,0,0,0,0,0,0,0,0,0
109,私立,一般大學,1003,東吳大學,學士班(日間),越南社會主義共和國,東協,3,1,2,3,1,2,0,0,0,0,0,0,0,0,0
109,私立,一般大學,1003,東吳大學,學士班(日間),香港,港澳,37,18,19,0,0,0,0,0,0,37,18,19,0,0,0
109,私立,一般大學,1003,東吳大學,學士班(日間),澳門,港澳,23,9,14,0,0,0,0,0,0,23,9,14,0,0,0
109,私立,一般大學,1003,東吳大學,學士班(日間),奈及利亞聯邦共和國,非洲,1,0,1,0,0,0,1,0,1,0,0,0,0,0,0
109,私立,一般大學,1003,東吳大學,學士班(日間),德意志聯邦共和國,歐洲,1,1,0,1,1,0,0,0,0,0,0,0,0,0,0
109,私立,一般大學,1003,東吳大學,學士班(日間),大陸地區,大陸地區,29,7,22,0,0,0,0,0,0,0,0,0,29,7,22
109,私立,一般大學,1003,東吳大學,碩士班(日間),印度尼西亞共和國,東協,1,0,1,1,0,1,0,0,0,0,0,0,0,0,0
109,私立,一般大學,1003,東吳大學,碩士班(日間),日本,其他亞洲地區,2,1,1,2,1,1,0,0,0,0,0,0,0,0,0
109,私立,一般大學,1003,東吳大學,碩士班(日間),馬來西亞,東協,2,2,0,0,0,0,2,2,0,0,0,0,0,0,0
109,私立,一般大學,1003,東吳大學,碩士班(日間),越南社會主義共和國,東協,1,1,0,1,1,0,0,0,0,0,0,0,0,0,0
109,私立,一般大學,1003,東吳大學,碩士班(日間),香港,港澳,1,0,1,0,0,0,0,0,0,1,0,1,0,0,0
109,私立,一般大學,1003,東吳大學,碩士班(日間),波蘭共和國,歐洲,1,1,0,1,1,0,0,0,0,0,0,0,0,0,0
109,私立,一般大學,1003,東吳大學,碩士班(日間),大陸地區,大陸地區,24,12,12,0,0,0,0,0,0,0,0,0,24,12,12
109,私立,一般大學,1003,東吳大學,博士班,日本,其他亞洲地區,1,0,1,1,0,1,0,0,0,0,0,0,0,0,0
109,私立,一般大學,1003,東吳大學,博士班,大陸地區,大陸地區,2,2,0,0,0,0,0,0,0,0,0,0,2,2,0
109,私立,一般大學,1004,中原大學,學士班(日間),印度尼西亞共和國,東協,12,4,8,4,2,2,8,2,6,0,0,0,0,0,0
109,私立,一般大學,1004,中原大學,學士班(日間),日本,其他亞洲地區,6,1,5,6,1,5,0,0,0,0,0,0,0,0,0
109,私立,一般大學,1004,中原大學,學士班(日間),大韓民國(南韓),其他亞洲地區,1,0,1,1,0,1,0,0,0,0,0,0,0,0,0
109,私立,一般大學,1004,中原大學,學士班(日間),馬來西亞,東協,47,24,23,19,9,10,28,15,13,0,0,0,0,0,0
109,私立,一般大學,1004,中原大學,學士班(日間),泰國,東協,1,1,0,0,0,0,1,1,0,0,0,0,0,0,0
109,私立,一般大學,1004,中原大學,學士班(日間),越南社會主義共和國,東協,5,1,4,4,0,4,1,1,0,0,0,0,0,0,0
109,私立,一般大學,1004,中原大學,學士班(日間),香港,港澳,43,29,14,0,0,0,0,0,0,43,29,14,0,0,0
109,私立,一般大學,1004,中原大學,學士班(日間),澳門,港澳,23,9,14,0,0,0,0,0,0,23,9,14,0,0,0
109,私立,一般大學,1004,中原大學,學士班(日間),大陸地區,大陸地區,45,18,27,0,0,0,0,0,0,0,0,0,45,18,27
109,私立,一般大學,1004,中原大學,碩士班(日間),印度尼西亞共和國,東協,25,8,17,24,8,16,1,0,1,0,0,0,0,0,0
109,私立,一般大學,1004,中原大學,碩士班(日間),馬來西亞,東協,3,0,3,1,0,1,2,0,2,0,0,0,0,0,0
109,私立,一般大學,1004,中原大學,碩士班(日間),巴基斯坦,南亞,5,4,1,5,4,1,0,0,0,0,0,0,0,0,0
109,私立,一般大學,1004,中原大學,碩士班(日間),菲律賓共和國,東協,1,0,1,1,0,1,0,0,0,0,0,0,0,0,0
109,私立,一般大學,1004,中原大學,碩士班(日間),泰國,東協,3,0,3,3,0,3,0,0,0,0,0,0,0,0,0
109,私立,一般大學,1004,中原大學,碩士班(日間),越南社會主義共和國,東協,6,3,3,6,3,3,0,0,0,0,0,0,0,0,0
109,私立,一般大學,1004,中原大學,碩士班(日間),香港,港澳,4,2,2,0,0,0,0,0,0,4,2,2,0,0,0
109,私立,一般大學,1004,中原大學,碩士班(日間),辛巴威共和國,非洲,1,0,1,1,0,1,0,0,0,0,0,0,0,0,0
109,私立,一般大學,1004,中原大學,碩士班(日間),海地共和國,中南美洲,1,1,0,1,1,0,0,0,0,0,0,0,0,0,0
109,私立,一般大學,1004,中原大學,碩士班(日間),大陸地區,大陸地區,13,9,4,0,0,0,0,0,0,0,0,0,13,9,4
109,私立,一般大學,1004,中原大學,博士班,印度,南亞,3,2,1,3,2,1,0,0,0,0,0,0,0,0,0
109,私立,一般大學,1004,中原大學,博士班,印度尼西亞共和國,東協,3,3,0,3,3,0,0,0,0,0,0,0,0,0,0
109,私立,一般大學,1004,中原大學,博士班,伊朗伊斯蘭共和國,其他亞洲地區,1,1,0,1,1,0,0,0,0,0,0,0,0,0,0
109,私立,一般大學,1004,中原大學,博士班,巴基斯坦,南亞,1,1,0,1,1,0,0,0,0,0,0,0,0,0,0
109,私立,一般大學,1004,中原大學,博士班,菲律賓共和國,東協,2,0,2,2,0,2,0,0,0,0,0,0,0,0,0
109,私立,一般大學,1004,中原大學,博士班,越南社會主義共和國,東協,1,1,0,1,1,0,0,0,0,0,0,0,0,0,0
109,私立,一般大學,1004,中原大學,博士班,蒙古國,其他亞洲地區,1,1,0,1,1,0,0,0,0,0,0,0,0,0,0
109,私立,一般大學,1004,中原大學,博士班,海地共和國,中南美洲,1,1,0,1,1,0,0,0,0,0,0,0,0,0,0
109,私立,一般大學,1004,中原大學,博士班,大陸地區,大陸地區,4,2,2,0,0,0,0,0,0,0,0,0,4,2,2
109,私立,一般大學,1005,淡江大學學校財團法人淡江大學,學士班(日間),印度,南亞,2,1,1,2,1,1,0,0,0,0,0,0,0,0,0
109,私立,一般大學,1005,淡江大學學校財團法人淡江大學,學士班(日間),印度尼西亞共和國,東協,39,14,25,25,8,17,14,6,8,0,0,0,0,0,0
109,私立,一般大學,1005,淡江大學學校財團法人淡江大學,學士班(日間),日本,其他亞洲地區,15,4,11,13,4,9,2,0,2,0,0,0,0,0,0
109,私立,一般大學,1005,淡江大學學校財團法人淡江大學,學士班(日間),大韓民國(南韓),其他亞洲地區,11,2,9,10,1,9,1,1,0,0,0,0,0,0,0
109,私立,一般大學,1005,淡江大學學校財團法人淡江大學,學士班(日間),馬來西亞,東協,34,9,25,9,3,6,25,6,19,0,0,0,0,0,0
109,私立,一般大學,1005,淡江大學學校財團法人淡江大學,學士班(日間),菲律賓共和國,東協,2,0,2,0,0,0,2,0,2,0,0,0,0,0,0
109,私立,一般大學,1005,淡江大學學校財團法人淡江大學,學士班(日間),斯里蘭卡民主社會主義共和國,南亞,1,0,1,0,0,0,1,0,1,0,0,0,0,0,0
109,私立,一般大學,1005,淡江大學學校財團法人淡江大學,學士班(日間),泰國,東協,1,0,1,1,0,1,0,0,0,0,0,0,0,0,0
109,私立,一般大學,1005,淡江大學學校財團法人淡江大學,學士班(日間),土耳其共和國,其他亞洲地區,1,0,1,1,0,1,0,0,0,0,0,0,0,0,0
109,私立,一般大學,1005,淡江大學學校財團法人淡江大學,學士班(日間),越南社會主義共和國,東協,6,3,3,4,2,2,2,1,1,0,0,0,0,0,0
109,私立,一般大學,1005,淡江大學學校財團法人淡江大學,學士班(日間),香港,港澳,71,33,38,0,0,0,0,0,0,71,33,38,0,0,0
109,私立,一般大學,1005,淡江大學學校財團法人淡江大學,學士班(日間),澳門,港澳,39,20,19,0,0,0,0,0,0,39,20,19,0,0,0
109,私立,一般大學,1005,淡江大學學校財團法人淡江大學,學士班(日間),蒙古國,其他亞洲地區,3,1,2,3,1,2,0,0,0,0,0,0,0,0,0
109,私立,一般大學,1005,淡江大學學校財團法人淡江大學,學士班(日間),俄羅斯聯邦,其他亞洲地區,2,0,2,2,0,2,0,0,0,0,0,0,0,0,0
109,私立,一般大學,1005,淡江大學學校財團法人淡江大學,學士班(日間),澳大利亞,其他亞洲地區,1,1,0,1,1,0,0,0,0,0,0,0,0,0,0
109,私立,一般大學,1005,淡江大學學校財團法人淡江大學,學士班(日間),諾魯共和國,其他亞洲地區,1,0,1,1,0,1,0,0,0,0,0,0,0,0,0
109,私立,一般大學,1005,淡江大學學校財團法人淡江大學,學士班(日間),索羅門群島,其他亞洲地區,2,1,1,2,1,1,0,0,0,0,0,0,0,0,0
109,私立,一般大學,1005,淡江大學學校財團法人淡江大學,學士班(日間),帛琉共和國,其他亞洲地區,1,0,1,1,0,1,0,0,0,0,0,0,0,0,0
109,私立,一般大學,1005,淡江大學學校財團法人淡江大學,學士班(日間),馬紹爾群島共和國,其他亞洲地區,1,0,1,1,0,1,0,0,0,0,0,0,0,0,0
109,私立,一般大學,1005,淡江大學學校財團法人淡江大學,學士班(日間),幾內亞共和國,非洲,1,1,0,1,1,0,0,0,0,0,0,0,0,0,0
109,私立,一般大學,1005,淡江大學學校財團法人淡江大學,學士班(日間),南非共和國,非洲,1,0,1,1,0,1,0,0,0,0,0,0,0,0,0
109,私立,一般大學,1005,淡江大學學校財團法人淡江大學,學士班(日間),布吉納法索,非洲,1,1,0,1,1,0,0,0,0,0,0,0,0,0,0
109,私立,一般大學,1005,淡江大學學校財團法人淡江大學,學士班(日間),史瓦帝尼王國,非洲,5,3,2,5,3,2,0,0,0,0,0,0,0,0,0
109,私立,一般大學,1005,淡江大學學校財團法人淡江大學,學士班(日間),法國,歐洲,2,2,0,2,2,0,0,0,0,0,0,0,0,0,0
109,私立,一般大學,1005,淡江大學學校財團法人淡江大學,學士班(日間),波蘭共和國,歐洲,1,0,1,1,0,1,0,0,0,0,0,0,0,0,0
109,私立,一般大學,1005,淡江大學學校財團法人淡江大學,學士班(日間),英國,歐洲,1,0,1,1,0,1,0,0,0,0,0,0,0,0,0
109,私立,一般大學,1005,淡江大學學校財團法人淡江大學,學士班(日間),德意志聯邦共和國,歐洲,1,1,0,1,1,0,0,0,0,0,0,0,0,0,0
109,私立,一般大學,1005,淡江大學學校財團法人淡江大學,學士班(日間),白俄羅斯共和國,其他亞洲地區,1,1,0,1,1,0,0,0,0,0,0,0,0,0,0
109,私立,一般大學,1005,淡江大學學校財團法人淡江大學,學士班(日間),加拿大,北美洲,3,3,0,2,2,0,1,1,0,0,0,0,0,0,0
109,私立,一般大學,1005,淡江大學學校財團法人淡江大學,學士班(日間),薩爾瓦多,中南美洲,2,1,1,2,1,1,0,0,0,0,0,0,0,0,0
109,私立,一般大學,1005,淡江大學學校財團法人淡江大學,學士班(日間),宏都拉斯共和國,中南美洲,1,1,0,1,1,0,0,0,0,0,0,0,0,0,0
109,私立,一般大學,1005,淡江大學學校財團法人淡江大學,學士班(日間),巴拿馬共和國,中南美洲,5,2,3,5,2,3,0,0,0,0,0,0,0,0,0
109,私立,一般大學,1005,淡江大學學校財團法人淡江大學,學士班(日間),貝里斯,中南美洲,1,0,1,1,0,1,0,0,0,0,0,0,0,0,0
109,私立,一般大學,1005,淡江大學學校財團法人淡江大學,學士班(日間),聖文森(及格瑞那丁),中南美洲,1,0,1,1,0,1,0,0,0,0,0,0,0,0,0
109,私立,一般大學,1005,淡江大學學校財團法人淡江大學,學士班(日間),美國,北美洲,3,2,1,3,2,1,0,0,0,0,0,0,0,0,0
109,私立,一般大學,1005,淡江大學學校財團法人淡江大學,學士班(日間),巴西聯邦共和國,中南美洲,4,1,3,2,1,1,2,0,2,0,0,0,0,0,0
109,私立,一般大學,1005,淡江大學學校財團法人淡江大學,學士班(日間),智利,中南美洲,1,0,1,0,0,0,1,0,1,0,0,0,0,0,0
109,私立,一般大學,1005,淡江大學學校財團法人淡江大學,學士班(日間),巴拉圭,中南美洲,3,1,2,2,1,1,1,0,1,0,0,0,0,0,0
109,私立,一般大學,1005,淡江大學學校財團法人淡江大學,學士班(日間),秘魯共和國,中南美洲,2,2,0,2,2,0,0,0,0,0,0,0,0,0,0
109,私立,一般大學,1005,淡江大學學校財團法人淡江大學,學士班(日間),聖克里斯多福及尼維斯,中南美洲,1,0,1,1,0,1,0,0,0,0,0,0,0,0,0
109,私立,一般大學,1005,淡江大學學校財團法人淡江大學,學士班(日間),大陸地區,大陸地區,66,32,34,0,0,0,0,0,0,0,0,0,66,32,34
109,私立,一般大學,1005,淡江大學學校財團法人淡江大學,碩士班(日間),印度,南亞,1,1,0,1,1,0,0,0,0,0,0,0,0,0,0
109,私立,一般大學,1005,淡江大學學校財團法人淡江大學,碩士班(日間),印度尼西亞共和國,東協,1,0,1,1,0,1,0,0,0,0,0,0,0,0,0
109,私立,一般大學,1005,淡江大學學校財團法人淡江大學,碩士班(日間),伊朗伊斯蘭共和國,其他亞洲地區,1,1,0,1,1,0,0,0,0,0,0,0,0,0,0
109,私立,一般大學,1005,淡江大學學校財團法人淡江大學,碩士班(日間),以色列,其他亞洲地區,1,0,1,1,0,1,0,0,0,0,0,0,0,0,0
109,私立,一般大學,1005,淡江大學學校財團法人淡江大學,碩士班(日間),日本,其他亞洲地區,1,1,0,0,0,0,1,1,0,0,0,0,0,0,0
109,私立,一般大學,1005,淡江大學學校財團法人淡江大學,碩士班(日間),大韓民國(南韓),其他亞洲地區,2,1,1,2,1,1,0,0,0,0,0,0,0,0,0
109,私立,一般大學,1005,淡江大學學校財團法人淡江大學,碩士班(日間),科威特,其他亞洲地區,1,1,0,0,0,0,1,1,0,0,0,0,0,0,0
109,私立,一般大學,1005,淡江大學學校財團法人淡江大學,碩士班(日間),馬來西亞,東協,2,0,2,2,0,2,0,0,0,0,0,0,0,0,0
109,私立,一般大學,1005,淡江大學學校財團法人淡江大學,碩士班(日間),菲律賓共和國,東協,1,1,0,1,1,0,0,0,0,0,0,0,0,0,0
109,私立,一般大學,1005,淡江大學學校財團法人淡江大學,碩士班(日間),沙烏地阿拉伯王國,其他亞洲地區,2,2,0,2,2,0,0,0,0,0,0,0,0,0,0
109,私立,一般大學,1005,淡江大學學校財團法人淡江大學,碩士班(日間),泰國,東協,5,1,4,5,1,4,0,0,0,0,0,0,0,0,0
109,私立,一般大學,1005,淡江大學學校財團法人淡江大學,碩士班(日間),越南社會主義共和國,東協,2,1,1,2,1,1,0,0,0,0,0,0,0,0,0
109,私立,一般大學,1005,淡江大學學校財團法人淡江大學,碩士班(日間),香港,港澳,5,1,4,0,0,0,0,0,0,5,1,4,0,0,0
109,私立,一般大學,1005,淡江大學學校財團法人淡江大學,碩士班(日間),澳門,港澳,6,4,2,0,0,0,0,0,0,6,4,2,0,0,0
109,私立,一般大學,1005,淡江大學學校財團法人淡江大學,碩士班(日間),蒙古國,其他亞洲地區,1,1,0,1,1,0,0,0,0,0,0,0,0,0,0
109,私立,一般大學,1005,淡江大學學校財團法人淡江大學,碩士班(日間),布吉納法索,非洲,1,1,0,1,1,0,0,0,0,0,0,0,0,0,0
109,私立,一般大學,1005,淡江大學學校財團法人淡江大學,碩士班(日間),西班牙王國,歐洲,1,1,0,1,1,0,0,0,0,0,0,0,0,0,0
109,私立,一般大學,1005,淡江大學學校財團法人淡江大學,碩士班(日間),英國,歐洲,1,1,0,1,1,0,0,0,0,0,0,0,0,0,0
109,私立,一般大學,1005,淡江大學學校財團法人淡江大學,碩士班(日間),瓜地馬拉共和國,中南美洲,1,0,1,1,0,1,0,0,0,0,0,0,0,0,0
109,私立,一般大學,1005,淡江大學學校財團法人淡江大學,碩士班(日間),海地共和國,中南美洲,1,0,1,1,0,1,0,0,0,0,0,0,0,0,0
109,私立,一般大學,1005,淡江大學學校財團法人淡江大學,碩士班(日間),尼加拉瓜,中南美洲,1,0,1,1,0,1,0,0,0,0,0,0,0,0,0
109,私立,一般大學,1005,淡江大學學校財團法人淡江大學,碩士班(日間),聖文森(及格瑞那丁),中南美洲,1,0,1,1,0,1,0,0,0,0,0,0,0,0,0
109,私立,一般大學,1005,淡江大學學校財團法人淡江大學,碩士班(日間),美國,北美洲,2,0,2,1,0,1,1,0,1,0,0,0,0,0,0
109,私立,一般大學,1005,淡江大學學校財團法人淡江大學,碩士班(日間),巴拉圭,中南美洲,1,0,1,1,0,1,0,0,0,0,0,0,0,0,0
109,私立,一般大學,1005,淡江大學學校財團法人淡江大學,碩士班(日間),大陸地區,大陸地區,24,17,7,0,0,0,0,0,0,0,0,0,24,17,7
109,私立,一般大學,1005,淡江大學學校財團法人淡江大學,博士班,日本,其他亞洲地區,1,1,0,1,1,0,0,0,0,0,0,0,0,0,0
109,私立,一般大學,1005,淡江大學學校財團法人淡江大學,博士班,法國,歐洲,1,0,1,1,0,1,0,0,0,0,0,0,0,0,0
109,私立,一般大學,1005,淡江大學學校財團法人淡江大學,博士班,匈牙利共和國,歐洲,1,0,1,1,0,1,0,0,0,0,0,0,0,0,0
109,私立,一般大學,1005,淡江大學學校財團法人淡江大學,博士班,義大利共和國,歐洲,1,1,0,1,1,0,0,0,0,0,0,0,0,0,0
109,私立,一般大學,1005,淡江大學學校財團法人淡江大學,博士班,大陸地區,大陸地區,3,1,2,0,0,0,0,0,0,0,0,0,3,1,2
109,私立,一般大學,1006,中國文化大學,學士班(日間),印度尼西亞共和國,東協,8,4,4,7,4,3,1,0,1,0,0,0,0,0,0
109,私立,一般大學,1006,中國文化大學,學士班(日間),日本,其他亞洲地區,10,3,7,10,3,7,0,0,0,0,0,0,0,0,0
109,私立,一般大學,1006,中國文化大學,學士班(日間),大韓民國(南韓),其他亞洲地區,8,3,5,7,2,5,1,1,0,0,0,0,0,0,0
109,私立,一般大學,1006,中國文化大學,學士班(日間),馬來西亞,東協,41,12,29,23,7,16,18,5,13,0,0,0,0,0,0
109,私立,一般大學,1006,中國文化大學,學士班(日間),新加坡共和國,東協,2,0,2,2,0,2,0,0,0,0,0,0,0,0,0
109,私立,一般大學,1006,中國文化大學,學士班(日間),香港,港澳,57,25,32,0,0,0,0,0,0,57,25,32,0,0,0
109,私立,一般大學,1006,中國文化大學,學士班(日間),澳門,港澳,19,11,8,0,0,0,0,0,0,19,11,8,0,0,0
109,私立,一般大學,1006,中國文化大學,學士班(日間),蒙古國,其他亞洲地區,5,1,4,5,1,4,0,0,0,0,0,0,0,0,0
109,私立,一般大學,1006,中國文化大學,學士班(日間),南非共和國,非洲,1,1,0,0,0,0,1,1,0,0,0,0,0,0,0
109,私立,一般大學,1006,中國文化大學,學士班(日間),布吉納法索,非洲,1,1,0,1,1,0,0,0,0,0,0,0,0,0,0
109,私立,一般大學,1006,中國文化大學,學士班(日間),加拿大,北美洲,1,0,1,0,0,0,1,0,1,0,0,0,0,0,0
109,私立,一般大學,1006,中國文化大學,學士班(日間),美國,北美洲,4,1,3,3,1,2,1,0,1,0,0,0,0,0,0
109,私立,一般大學,1006,中國文化大學,學士班(日間),大陸地區,大陸地區,70,29,41,0,0,0,0,0,0,0,0,0,70,29,41
109,私立,一般大學,1006,中國文化大學,碩士班(日間),印度尼西亞共和國,東協,1,0,1,1,0,1,0,0,0,0,0,0,0,0,0
109,私立,一般大學,1006,中國文化大學,碩士班(日間),大韓民國(南韓),其他亞洲地區,5,1,4,5,1,4,0,0,0,0,0,0,0,0,0
109,私立,一般大學,1006,中國文化大學,碩士班(日間),馬來西亞,東協,4,2,2,3,1,2,1,1,0,0,0,0,0,0,0
109,私立,一般大學,1006,中國文化大學,碩士班(日間),泰國,東協,2,0,2,2,0,2,0,0,0,0,0,0,0,0,0
109,私立,一般大學,1006,中國文化大學,碩士班(日間),越南社會主義共和國,東協,8,3,5,8,3,5,0,0,0,0,0,0,0,0,0
109,私立,一般大學,1006,中國文化大學,碩士班(日間),香港,港澳,3,2,1,0,0,0,0,0,0,3,2,1,0,0,0
109,私立,一般大學,1006,中國文化大學,碩士班(日間),澳門,港澳,1,1,0,0,0,0,0,0,0,1,1,0,0,0,0
109,私立,一般大學,1006,中國文化大學,碩士班(日間),蒙古國,其他亞洲地區,1,0,1,1,0,1,0,0,0,0,0,0,0,0,0
109,私立,一般大學,1006,中國文化大學,碩士班(日間),薩爾瓦多,中南美洲,1,0,1,1,0,1,0,0,0,0,0,0,0,0,0
109,私立,一般大學,1006,中國文化大學,碩士班(日間),宏都拉斯共和國,中南美洲,1,1,0,1,1,0,0,0,0,0,0,0,0,0,0
109,私立,一般大學,1006,中國文化大學,碩士班(日間),大陸地區,大陸地區,22,18,4,0,0,0,0,0,0,0,0,0,22,18,4
109,私立,一般大學,1006,中國文化大學,博士班,越南社會主義共和國,東協,1,1,0,1,1,0,0,0,0,0,0,0,0,0,0
109,私立,一般大學,1006,中國文化大學,博士班,大陸地區,大陸地區,5,3,2,0,0,0,0,0,0,0,0,0,5,3,2
109,私立,一般大學,1007,逢甲大學,學士班(日間),印度尼西亞共和國,東協,16,7,9,14,7,7,2,0,2,0,0,0,0,0,0
109,私立,一般大學,1007,逢甲大學,學士班(日間),日本,其他亞洲地區,9,3,6,9,3,6,0,0,0,0,0,0,0,0,0
109,私立,一般大學,1007,逢甲大學,學士班(日間),大韓民國(南韓),其他亞洲地區,2,1,1,2,1,1,0,0,0,0,0,0,0,0,0
109,私立,一般大學,1007,逢甲大學,學士班(日間),馬來西亞,東協,61,44,17,30,24,6,31,20,11,0,0,0,0,0,0
109,私立,一般大學,1007,逢甲大學,學士班(日間),泰國,東協,8,2,6,8,2,6,0,0,0,0,0,0,0,0,0
109,私立,一般大學,1007,逢甲大學,學士班(日間),土耳其共和國,其他亞洲地區,1,1,0,1,1,0,0,0,0,0,0,0,0,0,0
109,私立,一般大學,1007,逢甲大學,學士班(日間),越南社會主義共和國,東協,6,1,5,6,1,5,0,0,0,0,0,0,0,0,0
109,私立,一般大學,1007,逢甲大學,學士班(日間),香港,港澳,66,47,19,0,0,0,0,0,0,66,47,19,0,0,0
109,私立,一般大學,1007,逢甲大學,學士班(日間),澳門,港澳,21,19,2,0,0,0,0,0,0,21,19,2,0,0,0
109,私立,一般大學,1007,逢甲大學,學士班(日間),蒙古國,其他亞洲地區,3,1,2,3,1,2,0,0,0,0,0,0,0,0,0
109,私立,一般大學,1007,逢甲大學,學士班(日間),巴布亞紐幾內亞獨立國,其他亞洲地區,1,1,0,1,1,0,0,0,0,0,0,0,0,0,0
109,私立,一般大學,1007,逢甲大學,學士班(日間),帛琉共和國,其他亞洲地區,1,1,0,1,1,0,0,0,0,0,0,0,0,0,0
109,私立,一般大學,1007,逢甲大學,學士班(日間),南非共和國,非洲,2,2,0,2,2,0,0,0,0,0,0,0,0,0,0
109,私立,一般大學,1007,逢甲大學,學士班(日間),布吉納法索,非洲,1,1,0,1,1,0,0,0,0,0,0,0,0,0,0
109,私立,一般大學,1007,逢甲大學,學士班(日間),法國,歐洲,1,0,1,1,0,1,0,0,0,0,0,0,0,0,0
109,私立,一般大學,1007,逢甲大學,學士班(日間),英國,歐洲,2,2,0,1,1,0,1,1,0,0,0,0,0,0,0
109,私立,一般大學,1007,逢甲大學,學士班(日間),克羅埃西亞共和國,歐洲,1,1,0,1,1,0,0,0,0,0,0,0,0,0,0
109,私立,一般大學,1007,逢甲大學,學士班(日間),美國,北美洲,1,1,0,0,0,0,1,1,0,0,0,0,0,0,0
109,私立,一般大學,1007,逢甲大學,學士班(日間),智利,中南美洲,1,1,0,0,0,0,1,1,0,0,0,0,0,0,0
109,私立,一般大學,1007,逢甲大學,學士班(日間),大陸地區,大陸地區,60,28,32,0,0,0,0,0,0,0,0,0,60,28,32
109,私立,一般大學,1007,逢甲大學,碩士班(日間),印度,南亞,1,1,0,1,1,0,0,0,0,0,0,0,0,0,0
109,私立,一般大學,1007,逢甲大學,碩士班(日間),印度尼西亞共和國,東協,4,1,3,4,1,3,0,0,0,0,0,0,0,0,0
109,私立,一般大學,1007,逢甲大學,碩士班(日間),馬來西亞,東協,3,2,1,1,1,0,2,1,1,0,0,0,0,0,0
109,私立,一般大學,1007,逢甲大學,碩士班(日間),泰國,東協,6,1,5,6,1,5,0,0,0,0,0,0,0,0,0
109,私立,一般大學,1007,逢甲大學,碩士班(日間),越南社會主義共和國,東協,6,4,2,6,4,2,0,0,0,0,0,0,0,0,0
109,私立,一般大學,1007,逢甲大學,碩士班(日間),香港,港澳,2,2,0,0,0,0,0,0,0,2,2,0,0,0,0
109,私立,一般大學,1007,逢甲大學,碩士班(日間),澳門,港澳,1,1,0,0,0,0,0,0,0,1,1,0,0,0,0
109,私立,一般大學,1007,逢甲大學,碩士班(日間),蒙古國,其他亞洲地區,1,1,0,1,1,0,0,0,0,0,0,0,0,0,0
109,私立,一般大學,1007,逢甲大學,碩士班(日間),巴布亞紐幾內亞獨立國,其他亞洲地區,1,1,0,1,1,0,0,0,0,0,0,0,0,0,0
109,私立,一般大學,1007,逢甲大學,碩士班(日間),葡萄牙共和國,歐洲,1,1,0,1,1,0,0,0,0,0,0,0,0,0,0
109,私立,一般大學,1007,逢甲大學,碩士班(日間),大陸地區,大陸地區,16,6,10,0,0,0,0,0,0,0,0,0,16,6,10
109,私立,一般大學,1007,逢甲大學,博士班,印度,南亞,2,2,0,2,2,0,0,0,0,0,0,0,0,0,0
109,私立,一般大學,1007,逢甲大學,博士班,馬來西亞,東協,1,1,0,1,1,0,0,0,0,0,0,0,0,0,0
109,私立,一般大學,1007,逢甲大學,博士班,泰國,東協,2,0,2,2,0,2,0,0,0,0,0,0,0,0,0
109,私立,一般大學,1007,逢甲大學,博士班,越南社會主義共和國,東協,14,12,2,14,12,2,0,0,0,0,0,0,0,0,0
109,私立,一般大學,1007,逢甲大學,博士班,大陸地區,大陸地區,3,1,2,0,0,0,0,0,0,0,0,0,3,1,2
109,私立,一般大學,1008,靜宜大學,學士班(日間),印度尼西亞共和國,東協,1,0,1,1,0,1,0,0,0,0,0,0,0,0,0
109,私立,一般大學,1008,靜宜大學,學士班(日間),日本,其他亞洲地區,14,2,12,14,2,12,0,0,0,0,0,0,0,0,0
109,私立,一般大學,1008,靜宜大學,學士班(日間),大韓民國(南韓),其他亞洲地區,2,0,2,2,0,2,0,0,0,0,0,0,0,0,0
109,私立,一般大學,1008,靜宜大學,學士班(日間),馬來西亞,東協,30,12,18,20,10,10,10,2,8,0,0,0,0,0,0
109,私立,一般大學,1008,靜宜大學,學士班(日間),越南社會主義共和國,東協,3,2,1,3,2,1,0,0,0,0,0,0,0,0,0
109,私立,一般大學,1008,靜宜大學,學士班(日間),香港,港澳,20,8,12,0,0,0,0,0,0,20,8,12,0,0,0
109,私立,一般大學,1008,靜宜大學,學士班(日間),澳門,港澳,2,0,2,0,0,0,0,0,0,2,0,2,0,0,0
109,私立,一般大學,1008,靜宜大學,學士班(日間),俄羅斯聯邦,其他亞洲地區,1,0,1,1,0,1,0,0,0,0,0,0,0,0,0
109,私立,一般大學,1008,靜宜大學,學士班(日間),保加利亞共和國,歐洲,1,0,1,1,0,1,0,0,0,0,0,0,0,0,0
109,私立,一般大學,1008,靜宜大學,學士班(日間),葡萄牙共和國,歐洲,1,1,0,1,1,0,0,0,0,0,0,0,0,0,0
109,私立,一般大學,1008,靜宜大學,學士班(日間),墨西哥合眾國,中南美洲,1,1,0,1,1,0,0,0,0,0,0,0,0,0,0
109,私立,一般大學,1008,靜宜大學,學士班(日間),美國,北美洲,1,1,0,1,1,0,0,0,0,0,0,0,0,0,0
109,私立,一般大學,1008,靜宜大學,學士班(日間),大陸地區,大陸地區,44,23,21,0,0,0,0,0,0,0,0,0,44,23,21
109,私立,一般大學,1008,靜宜大學,碩士班(日間),印度尼西亞共和國,東協,7,4,3,7,4,3,0,0,0,0,0,0,0,0,0
109,私立,一般大學,1008,靜宜大學,碩士班(日間),日本,其他亞洲地區,2,1,1,2,1,1,0,0,0,0,0,0,0,0,0
109,私立,一般大學,1008,靜宜大學,碩士班(日間),菲律賓共和國,東協,1,0,1,1,0,1,0,0,0,0,0,0,0,0,0
109,私立,一般大學,1008,靜宜大學,碩士班(日間),泰國,東協,4,1,3,4,1,3,0,0,0,0,0,0,0,0,0
109,私立,一般大學,1008,靜宜大學,碩士班(日間),土耳其共和國,其他亞洲地區,1,1,0,1,1,0,0,0,0,0,0,0,0,0,0
109,私立,一般大學,1008,靜宜大學,碩士班(日間),越南社會主義共和國,東協,2,0,2,2,0,2,0,0,0,0,0,0,0,0,0
109,私立,一般大學,1008,靜宜大學,碩士班(日間),香港,港澳,1,1,0,0,0,0,0,0,0,1,1,0,0,0,0
109,私立,一般大學,1008,靜宜大學,碩士班(日間),澳門,港澳,1,0,1,0,0,0,0,0,0,1,0,1,0,0,0
109,私立,一般大學,1008,靜宜大學,碩士班(日間),蒙古國,其他亞洲地區,1,0,1,1,0,1,0,0,0,0,0,0,0,0,0
109,私立,一般大學,1008,靜宜大學,碩士班(日間),俄羅斯聯邦,其他亞洲地區,1,0,1,1,0,1,0,0,0,0,0,0,0,0,0
109,私立,一般大學,1008,靜宜大學,碩士班(日間),埃及阿拉伯共和國,非洲,1,1,0,1,1,0,0,0,0,0,0,0,0,0,0
109,私立,一般大學,1008,靜宜大學,碩士班(日間),奧地利共和國,歐洲,4,3,1,4,3,1,0,0,0,0,0,0,0,0,0
109,私立,一般大學,1008,靜宜大學,碩士班(日間),比利時王國,歐洲,1,1,0,1,1,0,0,0,0,0,0,0,0,0,0
109,私立,一般大學,1008,靜宜大學,碩士班(日間),法國,歐洲,2,2,0,2,2,0,0,0,0,0,0,0,0,0,0
109,私立,一般大學,1008,靜宜大學,碩士班(日間),德意志聯邦共和國,歐洲,2,1,1,2,1,1,0,0,0,0,0,0,0,0,0
109,私立,一般大學,1008,靜宜大學,碩士班(日間),立陶宛共和國,歐洲,1,0,1,1,0,1,0,0,0,0,0,0,0,0,0
109,私立,一般大學,1008,靜宜大學,碩士班(日間),墨西哥合眾國,中南美洲,3,0,3,3,0,3,0,0,0,0,0,0,0,0,0
109,私立,一般大學,1008,靜宜大學,碩士班(日間),大陸地區,大陸地區,6,3,3,0,0,0,0,0,0,0,0,0,6,3,3
109,私立,一般大學,1009,長庚大學,學士班(日間),大韓民國(南韓),其他亞洲地區,1,1,0,0,0,0,1,1,0,0,0,0,0,0,0
109,私立,一般大學,1009,長庚大學,學士班(日間),馬來西亞,東協,7,3,4,0,0,0,7,3,4,0,0,0,0,0,0
109,私立,一般大學,1009,長庚大學,學士班(日間),香港,港澳,6,2,4,0,0,0,0,0,0,6,2,4,0,0,0
109,私立,一般大學,1009,長庚大學,學士班(日間),澳門,港澳,4,0,4,0,0,0,0,0,0,4,0,4,0,0,0
109,私立,一般大學,1009,長庚大學,學士班(日間),美國,北美洲,1,1,0,0,0,0,1,1,0,0,0,0,0,0,0
109,私立,一般大學,1009,長庚大學,學士班(日間),大陸地區,大陸地區,13,6,7,0,0,0,0,0,0,0,0,0,13,6,7
109,私立,一般大學,1009,長庚大學,碩士班(日間),印度,南亞,5,5,0,5,5,0,0,0,0,0,0,0,0,0,0
109,私立,一般大學,1009,長庚大學,碩士班(日間),印度尼西亞共和國,東協,1,1,0,1,1,0,0,0,0,0,0,0,0,0,0
109,私立,一般大學,1009,長庚大學,碩士班(日間),大韓民國(南韓),其他亞洲地區,1,1,0,1,1,0,0,0,0,0,0,0,0,0,0
109,私立,一般大學,1009,長庚大學,碩士班(日間),馬來西亞,東協,2,0,2,0,0,0,2,0,2,0,0,0,0,0,0
109,私立,一般大學,1009,長庚大學,碩士班(日間),新加坡共和國,東協,4,4,0,4,4,0,0,0,0,0,0,0,0,0,0
109,私立,一般大學,1009,長庚大學,碩士班(日間),泰國,東協,7,3,4,6,2,4,1,1,0,0,0,0,0,0,0
109,私立,一般大學,1009,長庚大學,碩士班(日間),越南社會主義共和國,東協,8,2,6,8,2,6,0,0,0,0,0,0,0,0,0
109,私立,一般大學,1009,長庚大學,碩士班(日間),澳門,港澳,3,3,0,0,0,0,0,0,0,3,3,0,0,0,0
109,私立,一般大學,1009,長庚大學,碩士班(日間),甘比亞共和國,非洲,2,2,0,2,2,0,0,0,0,0,0,0,0,0,0
109,私立,一般大學,1009,長庚大學,碩士班(日間),烏干達共和國,非洲,1,0,1,1,0,1,0,0,0,0,0,0,0,0,0
109,私立,一般大學,1009,長庚大學,碩士班(日間),義大利共和國,歐洲,1,1,0,1,1,0,0,0,0,0,0,0,0,0,0
109,私立,一般大學,1009,長庚大學,碩士班(日間),秘魯共和國,中南美洲,1,1,0,1,1,0,0,0,0,0,0,0,0,0,0
109,私立,一般大學,1009,長庚大學,碩士班(日間),大陸地區,大陸地區,3,3,0,0,0,0,0,0,0,0,0,0,3,3,0
109,私立,一般大學,1009,長庚大學,博士班,印度,南亞,5,4,1,5,4,1,0,0,0,0,0,0,0,0,0
109,私立,一般大學,1009,長庚大學,博士班,印度尼西亞共和國,東協,1,1,0,1,1,0,0,0,0,0,0,0,0,0,0
109,私立,一般大學,1009,長庚大學,博士班,越南社會主義共和國,東協,2,1,1,2,1,1,0,0,0,0,0,0,0,0,0
109,私立,一般大學,1010,元智大學,學士班(日間),印度尼西亞共和國,東協,1,0,1,1,0,1,0,0,0,0,0,0,0,0,0
109,私立,一般大學,1010,元智大學,學士班(日間),日本,其他亞洲地區,4,2,2,4,2,2,0,0,0,0,0,0,0,0,0
109,私立,一般大學,1010,元智大學,學士班(日間),馬來西亞,東協,8,2,6,4,1,3,4,1,3,0,0,0,0,0,0
109,私立,一般大學,1010,元智大學,學士班(日間),越南社會主義共和國,東協,2,1,1,2,1,1,0,0,0,0,0,0,0,0,0
109,私立,一般大學,1010,元智大學,學士班(日間),香港,港澳,20,14,6,0,0,0,0,0,0,20,14,6,0,0,0
109,私立,一般大學,1010,元智大學,學士班(日間),索羅門群島,其他亞洲地區,1,0,1,1,0,1,0,0,0,0,0,0,0,0,0
109,私立,一般大學,1010,元智大學,學士班(日間),甘比亞共和國,非洲,3,3,0,3,3,0,0,0,0,0,0,0,0,0,0
109,私立,一般大學,1010,元智大學,學士班(日間),德意志聯邦共和國,歐洲,4,3,1,4,3,1,0,0,0,0,0,0,0,0,0
109,私立,一般大學,1010,元智大學,學士班(日間),海地共和國,中南美洲,3,1,2,3,1,2,0,0,0,0,0,0,0,0,0
109,私立,一般大學,1010,元智大學,學士班(日間),宏都拉斯共和國,中南美洲,1,0,1,1,0,1,0,0,0,0,0,0,0,0,0
109,私立,一般大學,1010,元智大學,學士班(日間),美國,北美洲,1,0,1,0,0,0,1,0,1,0,0,0,0,0,0
109,私立,一般大學,1010,元智大學,學士班(日間),大陸地區,大陸地區,34,19,15,0,0,0,0,0,0,0,0,0,34,19,15
109,私立,一般大學,1010,元智大學,碩士班(日間),印度,南亞,6,5,1,6,5,1,0,0,0,0,0,0,0,0,0
109,私立,一般大學,1010,元智大學,碩士班(日間),印度尼西亞共和國,東協,7,3,4,7,3,4,0,0,0,0,0,0,0,0,0
109,私立,一般大學,1010,元智大學,碩士班(日間),馬來西亞,東協,3,1,2,3,1,2,0,0,0,0,0,0,0,0,0
109,私立,一般大學,1010,元智大學,碩士班(日間),巴基斯坦,南亞,3,3,0,3,3,0,0,0,0,0,0,0,0,0,0
109,私立,一般大學,1010,元智大學,碩士班(日間),菲律賓共和國,東協,1,0,1,1,0,1,0,0,0,0,0,0,0,0,0
109,私立,一般大學,1010,元智大學,碩士班(日間),泰國,東協,3,2,1,3,2,1,0,0,0,0,0,0,0,0,0
109,私立,一般大學,1010,元智大學,碩士班(日間),越南社會主義共和國,東協,12,6,6,11,6,5,1,0,1,0,0,0,0,0,0
109,私立,一般大學,1010,元智大學,碩士班(日間),香港,港澳,2,2,0,0,0,0,0,0,0,2,2,0,0,0,0
109,私立,一般大學,1010,元智大學,碩士班(日間),俄羅斯聯邦,其他亞洲地區,1,0,1,1,0,1,0,0,0,0,0,0,0,0,0
109,私立,一般大學,1010,元智大學,碩士班(日間),土庫曼,其他亞洲地區,1,1,0,1,1,0,0,0,0,0,0,0,0,0,0
109,私立,一般大學,1010,元智大學,碩士班(日間),埃及阿拉伯共和國,非洲,1,0,1,1,0,1,0,0,0,0,0,0,0,0,0
109,私立,一般大學,1010,元智大學,碩士班(日間),甘比亞共和國,非洲,3,3,0,3,3,0,0,0,0,0,0,0,0,0,0
109,私立,一般大學,1010,元智大學,碩士班(日間),瓜地馬拉共和國,中南美洲,1,1,0,1,1,0,0,0,0,0,0,0,0,0,0
109,私立,一般大學,1010,元智大學,碩士班(日間),宏都拉斯共和國,中南美洲,2,1,1,2,1,1,0,0,0,0,0,0,0,0,0
109,私立,一般大學,1010,元智大學,碩士班(日間),墨西哥合眾國,中南美洲,1,1,0,1,1,0,0,0,0,0,0,0,0,0,0
109,私立,一般大學,1010,元智大學,碩士班(日間),尼加拉瓜,中南美洲,1,1,0,1,1,0,0,0,0,0,0,0,0,0,0
109,私立,一般大學,1010,元智大學,碩士班(日間),聖露西亞,中南美洲,1,1,0,1,1,0,0,0,0,0,0,0,0,0,0
109,私立,一般大學,1010,元智大學,碩士班(日間),聖克里斯多福及尼維斯,中南美洲,1,1,0,1,1,0,0,0,0,0,0,0,0,0,0
109,私立,一般大學,1010,元智大學,碩士班(日間),大陸地區,大陸地區,3,3,0,0,0,0,0,0,0,0,0,0,3,3,0
109,私立,一般大學,1010,元智大學,博士班,印度,南亞,1,1,0,1,1,0,0,0,0,0,0,0,0,0,0
109,私立,一般大學,1010,元智大學,博士班,印度尼西亞共和國,東協,1,1,0,1,1,0,0,0,0,0,0,0,0,0,0
109,私立,一般大學,1010,元智大學,博士班,泰國,東協,1,0,1,1,0,1,0,0,0,0,0,0,0,0,0
109,私立,一般大學,1010,元智大學,博士班,越南社會主義共和國,東協,3,1,2,3,1,2,0,0,0,0,0,0,0,0,0
109,私立,一般大學,1010,元智大學,博士班,貝里斯,中南美洲,2,2,0,2,2,0,0,0,0,0,0,0,0,0,0
109,私立,一般大學,1010,元智大學,博士班,大陸地區,大陸地區,2,1,1,0,0,0,0,0,0,0,0,0,2,1,1
109,私立,一般大學,1011,中華大學學校財團法人中華大學,學士班(日間),日本,其他亞洲地區,1,1,0,1,1,0,0,0,0,0,0,0,0,0,0
109,私立,一般大學,1011,中華大學學校財團法人中華大學,學士班(日間),大韓民國(南韓),其他亞洲地區,1,0,1,1,0,1,0,0,0,0,0,0,0,0,0
109,私立,一般大學,1011,中華大學學校財團法人中華大學,學士班(日間),馬來西亞,東協,24,10,14,23,10,13,1,0,1,0,0,0,0,0,0
109,私立,一般大學,1011,中華大學學校財團法人中華大學,學士班(日間),越南社會主義共和國,東協,2,1,1,2,1,1,0,0,0,0,0,0,0,0,0
109,私立,一般大學,1011,中華大學學校財團法人中華大學,學士班(日間),蒙古國,其他亞洲地區,1,0,1,1,0,1,0,0,0,0,0,0,0,0,0
109,私立,一般大學,1011,中華大學學校財團法人中華大學,學士班(日間),烏茲別克共和國,其他亞洲地區,1,0,1,1,0,1,0,0,0,0,0,0,0,0,0
109,私立,一般大學,1011,中華大學學校財團法人中華大學,學士班(日間),南非共和國,非洲,1,0,1,1,0,1,0,0,0,0,0,0,0,0,0
109,私立,一般大學,1011,中華大學學校財團法人中華大學,學士班(日間),貝里斯,中南美洲,1,0,1,0,0,0,1,0,1,0,0,0,0,0,0
109,私立,一般大學,1011,中華大學學校財團法人中華大學,學士班(日間),秘魯共和國,中南美洲,1,0,1,1,0,1,0,0,0,0,0,0,0,0,0
109,私立,一般大學,1011,中華大學學校財團法人中華大學,學士班(日間),大陸地區,大陸地區,4,4,0,0,0,0,0,0,0,0,0,0,4,4,0
109,私立,一般大學,1011,中華大學學校財團法人中華大學,碩士班(日間),印度,南亞,1,1,0,1,1,0,0,0,0,0,0,0,0,0,0
109,私立,一般大學,1011,中華大學學校財團法人中華大學,碩士班(日間),菲律賓共和國,東協,1,1,0,1,1,0,0,0,0,0,0,0,0,0,0
109,私立,一般大學,1011,中華大學學校財團法人中華大學,碩士班(日間),泰國,東協,5,1,4,5,1,4,0,0,0,0,0,0,0,0,0
109,私立,一般大學,1011,中華大學學校財團法人中華大學,碩士班(日間),越南社會主義共和國,東協,3,0,3,3,0,3,0,0,0,0,0,0,0,0,0
109,私立,一般大學,1011,中華大學學校財團法人中華大學,碩士班(日間),蒙古國,其他亞洲地區,2,0,2,2,0,2,0,0,0,0,0,0,0,0,0
109,私立,一般大學,1011,中華大學學校財團法人中華大學,博士班,大陸地區,大陸地區,1,0,1,0,0,0,0,0,0,0,0,0,1,0,1
109,私立,一般大學,1012,大葉大學,學士班(日間),印度尼西亞共和國,東協,2,0,2,2,0,2,0,0,0,0,0,0,0,0,0
109,私立,一般大學,1012,大葉大學,學士班(日間),日本,其他亞洲地區,3,0,3,3,0,3,0,0,0,0,0,0,0,0,0
109,私立,一般大學,1012,大葉大學,學士班(日間),馬來西亞,東協,39,16,23,36,15,21,3,1,2,0,0,0,0,0,0
109,私立,一般大學,1012,大葉大學,學士班(日間),越南社會主義共和國,東協,8,1,7,8,1,7,0,0,0,0,0,0,0,0,0
109,私立,一般大學,1012,大葉大學,學士班(日間),香港,港澳,59,31,28,0,0,0,0,0,0,59,31,28,0,0,0
109,私立,一般大學,1012,大葉大學,學士班(日間),澳門,港澳,1,1,0,0,0,0,0,0,0,1,1,0,0,0,0
109,私立,一般大學,1012,大葉大學,學士班(日間),蒙古國,其他亞洲地區,4,0,4,4,0,4,0,0,0,0,0,0,0,0,0
109,私立,一般大學,1012,大葉大學,學士班(日間),大陸地區,大陸地區,6,3,3,0,0,0,0,0,0,0,0,0,6,3,3
109,私立,一般大學,1012,大葉大學,碩士班(日間),印度尼西亞共和國,東協,4,3,1,4,3,1,0,0,0,0,0,0,0,0,0
109,私立,一般大學,1012,大葉大學,碩士班(日間),馬來西亞,東協,3,0,3,2,0,2,1,0,1,0,0,0,0,0,0
109,私立,一般大學,1012,大葉大學,碩士班(日間),越南社會主義共和國,東協,1,0,1,1,0,1,0,0,0,0,0,0,0,0,0
109,私立,一般大學,1012,大葉大學,碩士班(日間),澳門,港澳,1,0,1,0,0,0,0,0,0,1,0,1,0,0,0
109,私立,一般大學,1012,大葉大學,碩士班(日間),蒙古國,其他亞洲地區,16,2,14,16,2,14,0,0,0,0,0,0,0,0,0
109,私立,一般大學,1012,大葉大學,博士班,印度,南亞,1,1,0,1,1,0,0,0,0,0,0,0,0,0,0
109,私立,一般大學,1012,大葉大學,博士班,泰國,東協,1,1,0,1,1,0,0,0,0,0,0,0,0,0,0
109,私立,一般大學,1012,大葉大學,博士班,越南社會主義共和國,東協,1,0,1,1,0,1,0,0,0,0,0,0,0,0,0
109,私立,一般大學,1012,大葉大學,博士班,蒙古國,其他亞洲地區,2,0,2,2,0,2,0,0,0,0,0,0,0,0,0
109,私立,一般大學,1013,華梵大學,學士班(日間),印度尼西亞共和國,東協,1,0,1,0,0,0,1,0,1,0,0,0,0,0,0
109,私立,一般大學,1013,華梵大學,學士班(日間),大韓民國(南韓),其他亞洲地區,1,1,0,1,1,0,0,0,0,0,0,0,0,0,0
109,私立,一般大學,1013,華梵大學,學士班(日間),馬來西亞,東協,2,1,1,1,1,0,1,0,1,0,0,0,0,0,0
109,私立,一般大學,1013,華梵大學,學士班(日間),越南社會主義共和國,東協,1,1,0,1,1,0,0,0,0,0,0,0,0,0,0
109,私立,一般大學,1013,華梵大學,學士班(日間),香港,港澳,8,5,3,0,0,0,0,0,0,8,5,3,0,0,0
109,私立,一般大學,1013,華梵大學,學士班(日間),大陸地區,大陸地區,4,1,3,0,0,0,0,0,0,0,0,0,4,1,3
109,私立,一般大學,1013,華梵大學,碩士班(日間),馬來西亞,東協,1,0,1,1,0,1,0,0,0,0,0,0,0,0,0
109,私立,一般大學,1013,華梵大學,碩士班(日間),泰國,東協,1,1,0,0,0,0,1,1,0,0,0,0,0,0,0
109,私立,一般大學,1013,華梵大學,碩士班(日間),越南社會主義共和國,東協,1,0,1,1,0,1,0,0,0,0,0,0,0,0,0
109,私立,一般大學,1013,華梵大學,碩士班(日間),大陸地區,大陸地區,1,1,0,0,0,0,0,0,0,0,0,0,1,1,0
109,私立,一般大學,1013,華梵大學,博士班,加拿大,北美洲,1,1,0,1,1,0,0,0,0,0,0,0,0,0,0
109,私立,一般大學,1014,義守大學,學士班(日間),印度尼西亞共和國,東協,16,7,9,15,7,8,1,0,1,0,0,0,0,0,0
109,私立,一般大學,1014,義守大學,學士班(日間),日本,其他亞洲地區,17,6,11,17,6,11,0,0,0,0,0,0,0,0,0
109,私立,一般大學,1014,義守大學,學士班(日間),大韓民國(南韓),其他亞洲地區,1,0,1,0,0,0,1,0,1,0,0,0,0,0,0
109,私立,一般大學,1014,義守大學,學士班(日間),馬來西亞,東協,64,26,38,58,23,35,6,3,3,0,0,0,0,0,0
109,私立,一般大學,1014,義守大學,學士班(日間),越南社會主義共和國,東協,12,3,9,11,3,8,1,0,1,0,0,0,0,0,0
109,私立,一般大學,1014,義守大學,學士班(日間),香港,港澳,64,26,38,0,0,0,0,0,0,64,26,38,0,0,0
109,私立,一般大學,1014,義守大學,學士班(日間),澳門,港澳,26,13,13,0,0,0,0,0,0,26,13,13,0,0,0
109,私立,一般大學,1014,義守大學,學士班(日間),蒙古國,其他亞洲地區,4,1,3,4,1,3,0,0,0,0,0,0,0,0,0
109,私立,一般大學,1014,義守大學,學士班(日間),紐西蘭,其他亞洲地區,1,1,0,0,0,0,1,1,0,0,0,0,0,0,0
109,私立,一般大學,1014,義守大學,學士班(日間),索羅門群島,其他亞洲地區,1,1,0,1,1,0,0,0,0,0,0,0,0,0,0
109,私立,一般大學,1014,義守大學,學士班(日間),帛琉共和國,其他亞洲地區,1,1,0,1,1,0,0,0,0,0,0,0,0,0,0
109,私立,一般大學,1014,義守大學,學士班(日間),馬紹爾群島共和國,其他亞洲地區,2,1,1,2,1,1,0,0,0,0,0,0,0,0,0
109,私立,一般大學,1014,義守大學,學士班(日間),吉里巴斯共和國,其他亞洲地區,5,2,3,5,2,3,0,0,0,0,0,0,0,0,0
109,私立,一般大學,1014,義守大學,學士班(日間),史瓦帝尼王國,非洲,15,6,9,15,6,9,0,0,0,0,0,0,0,0,0
109,私立,一般大學,1014,義守大學,學士班(日間),葡萄牙共和國,歐洲,2,2,0,2,2,0,0,0,0,0,0,0,0,0,0
109,私立,一般大學,1014,義守大學,學士班(日間),英國,歐洲,1,1,0,1,1,0,0,0,0,0,0,0,0,0,0
109,私立,一般大學,1014,義守大學,學士班(日間),海地共和國,中南美洲,1,1,0,1,1,0,0,0,0,0,0,0,0,0,0
109,私立,一般大學,1014,義守大學,學士班(日間),宏都拉斯共和國,中南美洲,1,0,1,1,0,1,0,0,0,0,0,0,0,0,0
109,私立,一般大學,1014,義守大學,學士班(日間),貝里斯,中南美洲,4,3,1,4,3,1,0,0,0,0,0,0,0,0,0
109,私立,一般大學,1014,義守大學,學士班(日間),聖文森(及格瑞那丁),中南美洲,1,0,1,1,0,1,0,0,0,0,0,0,0,0,0
109,私立,一般大學,1014,義守大學,學士班(日間),聖露西亞,中南美洲,4,1,3,4,1,3,0,0,0,0,0,0,0,0,0
109,私立,一般大學,1014,義守大學,學士班(日間),巴拉圭,中南美洲,1,0,1,1,0,1,0,0,0,0,0,0,0,0,0
109,私立,一般大學,1014,義守大學,學士班(日間),聖克里斯多福及尼維斯,中南美洲,2,1,1,2,1,1,0,0,0,0,0,0,0,0,0
109,私立,一般大學,1014,義守大學,學士班(日間),大陸地區,大陸地區,17,9,8,0,0,0,0,0,0,0,0,0,17,9,8
109,私立,一般大學,1014,義守大學,碩士班(日間),印度尼西亞共和國,東協,4,2,2,4,2,2,0,0,0,0,0,0,0,0,0
109,私立,一般大學,1014,義守大學,碩士班(日間),日本,其他亞洲地區,1,1,0,1,1,0,0,0,0,0,0,0,0,0,0
109,私立,一般大學,1014,義守大學,碩士班(日間),馬來西亞,東協,5,2,3,4,2,2,1,0,1,0,0,0,0,0,0
109,私立,一般大學,1014,義守大學,碩士班(日間),泰國,東協,2,0,2,2,0,2,0,0,0,0,0,0,0,0,0
109,私立,一般大學,1014,義守大學,碩士班(日間),越南社會主義共和國,東協,20,7,13,20,7,13,0,0,0,0,0,0,0,0,0
109,私立,一般大學,1014,義守大學,碩士班(日間),香港,港澳,5,5,0,0,0,0,0,0,0,5,5,0,0,0,0
109,私立,一般大學,1014,義守大學,碩士班(日間),蒙古國,其他亞洲地區,1,1,0,1,1,0,0,0,0,0,0,0,0,0,0
109,私立,一般大學,1014,義守大學,碩士班(日間),烏茲別克共和國,其他亞洲地區,1,0,1,1,0,1,0,0,0,0,0,0,0,0,0
109,私立,一般大學,1014,義守大學,碩士班(日間),宏都拉斯共和國,中南美洲,2,1,1,2,1,1,0,0,0,0,0,0,0,0,0
109,私立,一般大學,1014,義守大學,碩士班(日間),大陸地區,大陸地區,7,5,2,0,0,0,0,0,0,0,0,0,7,5,2
109,私立,一般大學,1014,義守大學,博士班,大陸地區,大陸地區,1,1,0,0,0,0,0,0,0,0,0,0,1,1,0
109,私立,一般大學,1015,世新大學,學士班(日間),緬甸,東協,1,0,1,1,0,1,0,0,0,0,0,0,0,0,0
109,私立,一般大學,1015,世新大學,學士班(日間),印度尼西亞共和國,東協,3,3,0,0,0,0,3,3,0,0,0,0,0,0,0
109,私立,一般大學,1015,世新大學,學士班(日間),日本,其他亞洲地區,7,3,4,5,1,4,2,2,0,0,0,0,0,0,0
109,私立,一般大學,1015,世新大學,學士班(日間),大韓民國(南韓),其他亞洲地區,1,0,1,1,0,1,0,0,0,0,0,0,0,0,0
109,私立,一般大學,1015,世新大學,學士班(日間),馬來西亞,東協,65,20,45,33,12,21,32,8,24,0,0,0,0,0,0
109,私立,一般大學,1015,世新大學,學士班(日間),香港,港澳,10,5,5,0,0,0,0,0,0,10,5,5,0,0,0
109,私立,一般大學,1015,世新大學,學士班(日間),澳門,港澳,20,9,11,0,0,0,0,0,0,20,9,11,0,0,0
109,私立,一般大學,1015,世新大學,學士班(日間),加拿大,北美洲,1,1,0,0,0,0,1,1,0,0,0,0,0,0,0
109,私立,一般大學,1015,世新大學,學士班(日間),大陸地區,大陸地區,38,8,30,0,0,0,0,0,0,0,0,0,38,8,30
109,私立,一般大學,1015,世新大學,碩士班(日間),大韓民國(南韓),其他亞洲地區,1,0,1,1,0,1,0,0,0,0,0,0,0,0,0
109,私立,一般大學,1015,世新大學,碩士班(日間),馬來西亞,東協,2,0,2,1,0,1,1,0,1,0,0,0,0,0,0
109,私立,一般大學,1015,世新大學,碩士班(日間),越南社會主義共和國,東協,1,0,1,1,0,1,0,0,0,0,0,0,0,0,0
109,私立,一般大學,1015,世新大學,碩士班(日間),香港,港澳,2,1,1,0,0,0,0,0,0,2,1,1,0,0,0
109,私立,一般大學,1015,世新大學,碩士班(日間),澳門,港澳,1,0,1,0,0,0,0,0,0,1,0,1,0,0,0
109,私立,一般大學,1015,世新大學,碩士班(日間),俄羅斯聯邦,其他亞洲地區,1,0,1,1,0,1,0,0,0,0,0,0,0,0,0
109,私立,一般大學,1015,世新大學,碩士班(日間),大陸地區,大陸地區,20,3,17,0,0,0,0,0,0,0,0,0,20,3,17
109,私立,一般大學,1015,世新大學,博士班,大陸地區,大陸地區,7,4,3,0,0,0,0,0,0,0,0,0,7,4,3
109,私立,一般大學,1016,銘傳大學,學士班(日間),印度,南亞,1,1,0,1,1,0,0,0,0,0,0,0,0,0,0
109,私立,一般大學,1016,銘傳大學,學士班(日間),印度尼西亞共和國,東協,21,9,12,7,4,3,14,5,9,0,0,0,0,0,0
109,私立,一般大學,1016,銘傳大學,學士班(日間),日本,其他亞洲地區,7,2,5,7,2,5,0,0,0,0,0,0,0,0,0
109,私立,一般大學,1016,銘傳大學,學士班(日間),大韓民國(南韓),其他亞洲地區,2,2,0,1,1,0,1,1,0,0,0,0,0,0,0
109,私立,一般大學,1016,銘傳大學,學士班(日間),馬來西亞,東協,137,41,96,86,32,54,51,9,42,0,0,0,0,0,0
109,私立,一般大學,1016,銘傳大學,學士班(日間),泰國,東協,7,2,5,7,2,5,0,0,0,0,0,0,0,0,0
109,私立,一般大學,1016,銘傳大學,學士班(日間),越南社會主義共和國,東協,57,20,37,57,20,37,0,0,0,0,0,0,0,0,0
109,私立,一般大學,1016,銘傳大學,學士班(日間),香港,港澳,38,18,20,0,0,0,0,0,0,38,18,20,0,0,0
109,私立,一般大學,1016,銘傳大學,學士班(日間),澳門,港澳,28,7,21,0,0,0,0,0,0,28,7,21,0,0,0
109,私立,一般大學,1016,銘傳大學,學士班(日間),蒙古國,其他亞洲地區,2,0,2,2,0,2,0,0,0,0,0,0,0,0,0
109,私立,一般大學,1016,銘傳大學,學士班(日間),澳大利亞,其他亞洲地區,1,0,1,0,0,0,1,0,1,0,0,0,0,0,0
109,私立,一般大學,1016,銘傳大學,學士班(日間),巴布亞紐幾內亞獨立國,其他亞洲地區,1,0,1,1,0,1,0,0,0,0,0,0,0,0,0
109,私立,一般大學,1016,銘傳大學,學士班(日間),索羅門群島,其他亞洲地區,1,1,0,1,1,0,0,0,0,0,0,0,0,0,0
109,私立,一般大學,1016,銘傳大學,學士班(日間),帛琉共和國,其他亞洲地區,1,0,1,1,0,1,0,0,0,0,0,0,0,0,0
109,私立,一般大學,1016,銘傳大學,學士班(日間),南非共和國,非洲,1,0,1,1,0,1,0,0,0,0,0,0,0,0,0
109,私立,一般大學,1016,銘傳大學,學士班(日間),史瓦帝尼王國,非洲,3,2,1,3,2,1,0,0,0,0,0,0,0,0,0
109,私立,一般大學,1016,銘傳大學,學士班(日間),法國,歐洲,1,1,0,1,1,0,0,0,0,0,0,0,0,0,0
109,私立,一般大學,1016,銘傳大學,學士班(日間),英國,歐洲,1,0,1,1,0,1,0,0,0,0,0,0,0,0,0
109,私立,一般大學,1016,銘傳大學,學士班(日間),多明尼加共和國,中南美洲,1,1,0,1,1,0,0,0,0,0,0,0,0,0,0
109,私立,一般大學,1016,銘傳大學,學士班(日間),薩爾瓦多,中南美洲,7,3,4,7,3,4,0,0,0,0,0,0,0,0,0
109,私立,一般大學,1016,銘傳大學,學士班(日間),瓜地馬拉共和國,中南美洲,1,0,1,1,0,1,0,0,0,0,0,0,0,0,0
109,私立,一般大學,1016,銘傳大學,學士班(日間),宏都拉斯共和國,中南美洲,4,4,0,4,4,0,0,0,0,0,0,0,0,0,0
109,私立,一般大學,1016,銘傳大學,學士班(日間),墨西哥合眾國,中南美洲,1,1,0,1,1,0,0,0,0,0,0,0,0,0,0
109,私立,一般大學,1016,銘傳大學,學士班(日間),貝里斯,中南美洲,1,0,1,1,0,1,0,0,0,0,0,0,0,0,0
109,私立,一般大學,1016,銘傳大學,學士班(日間),聖文森(及格瑞那丁),中南美洲,1,0,1,1,0,1,0,0,0,0,0,0,0,0,0
109,私立,一般大學,1016,銘傳大學,學士班(日間),美國,北美洲,1,1,0,1,1,0,0,0,0,0,0,0,0,0,0
109,私立,一般大學,1016,銘傳大學,學士班(日間),聖克里斯多福及尼維斯,中南美洲,2,2,0,2,2,0,0,0,0,0,0,0,0,0,0
109,私立,一般大學,1016,銘傳大學,學士班(日間),大陸地區,大陸地區,68,23,45,0,0,0,0,0,0,0,0,0,68,23,45
109,私立,一般大學,1016,銘傳大學,碩士班(日間),印度尼西亞共和國,東協,2,1,1,2,1,1,0,0,0,0,0,0,0,0,0
109,私立,一般大學,1016,銘傳大學,碩士班(日間),馬來西亞,東協,3,2,1,1,1,0,2,1,1,0,0,0,0,0,0
109,私立,一般大學,1016,銘傳大學,碩士班(日間),菲律賓共和國,東協,1,0,1,1,0,1,0,0,0,0,0,0,0,0,0
109,私立,一般大學,1016,銘傳大學,碩士班(日間),泰國,東協,5,0,5,5,0,5,0,0,0,0,0,0,0,0,0
109,私立,一般大學,1016,銘傳大學,碩士班(日間),越南社會主義共和國,東協,4,1,3,4,1,3,0,0,0,0,0,0,0,0,0
109,私立,一般大學,1016,銘傳大學,碩士班(日間),香港,港澳,1,0,1,0,0,0,0,0,0,1,0,1,0,0,0
109,私立,一般大學,1016,銘傳大學,碩士班(日間),澳門,港澳,1,1,0,0,0,0,0,0,0,1,1,0,0,0,0
109,私立,一般大學,1016,銘傳大學,碩士班(日間),哈薩克共和國,其他亞洲地區,1,1,0,1,1,0,0,0,0,0,0,0,0,0,0
109,私立,一般大學,1016,銘傳大學,碩士班(日間),烏干達共和國,非洲,1,0,1,1,0,1,0,0,0,0,0,0,0,0,0
109,私立,一般大學,1016,銘傳大學,碩士班(日間),布吉納法索,非洲,1,1,0,1,1,0,0,0,0,0,0,0,0,0,0
109,私立,一般大學,1016,銘傳大學,碩士班(日間),史瓦帝尼王國,非洲,1,0,1,1,0,1,0,0,0,0,0,0,0,0,0
109,私立,一般大學,1016,銘傳大學,碩士班(日間),多明尼加共和國,中南美洲,1,0,1,1,0,1,0,0,0,0,0,0,0,0,0
109,私立,一般大學,1016,銘傳大學,碩士班(日間),瓜地馬拉共和國,中南美洲,1,0,1,1,0,1,0,0,0,0,0,0,0,0,0
109,私立,一般大學,1016,銘傳大學,碩士班(日間),海地共和國,中南美洲,1,0,1,1,0,1,0,0,0,0,0,0,0,0,0
109,私立,一般大學,1016,銘傳大學,碩士班(日間),墨西哥合眾國,中南美洲,1,0,1,1,0,1,0,0,0,0,0,0,0,0,0
109,私立,一般大學,1016,銘傳大學,碩士班(日間),貝里斯,中南美洲,3,2,1,3,2,1,0,0,0,0,0,0,0,0,0
109,私立,一般大學,1016,銘傳大學,碩士班(日間),聖文森(及格瑞那丁),中南美洲,1,0,1,1,0,1,0,0,0,0,0,0,0,0,0
109,私立,一般大學,1016,銘傳大學,碩士班(日間),聖露西亞,中南美洲,1,0,1,1,0,1,0,0,0,0,0,0,0,0,0
109,私立,一般大學,1016,銘傳大學,碩士班(日間),巴拉圭,中南美洲,1,1,0,1,1,0,0,0,0,0,0,0,0,0,0
109,私立,一般大學,1016,銘傳大學,碩士班(日間),大陸地區,大陸地區,14,11,3,0,0,0,0,0,0,0,0,0,14,11,3
109,私立,一般大學,1016,銘傳大學,博士班,大陸地區,大陸地區,3,1,2,0,0,0,0,0,0,0,0,0,3,1,2
109,私立,一般大學,1017,實踐大學,學士班(日間),印度尼西亞共和國,東協,11,4,7,7,4,3,4,0,4,0,0,0,0,0,0
109,私立,一般大學,1017,實踐大學,學士班(日間),日本,其他亞洲地區,8,3,5,6,3,3,2,0,2,0,0,0,0,0,0
109,私立,一般大學,1017,實踐大學,學士班(日間),大韓民國(南韓),其他亞洲地區,1,0,1,1,0,1,0,0,0,0,0,0,0,0,0
109,私立,一般大學,1017,實踐大學,學士班(日間),馬來西亞,東協,13,2,11,2,0,2,11,2,9,0,0,0,0,0,0
109,私立,一般大學,1017,實踐大學,學士班(日間),香港,港澳,28,12,16,0,0,0,0,0,0,28,12,16,0,0,0
109,私立,一般大學,1017,實踐大學,學士班(日間),澳門,港澳,28,16,12,0,0,0,0,0,0,28,16,12,0,0,0
109,私立,一般大學,1017,實踐大學,學士班(日間),德意志聯邦共和國,歐洲,3,1,2,3,1,2,0,0,0,0,0,0,0,0,0
109,私立,一般大學,1017,實踐大學,學士班(日間),美國,北美洲,1,1,0,1,1,0,0,0,0,0,0,0,0,0,0
109,私立,一般大學,1017,實踐大學,學士班(日間),大陸地區,大陸地區,29,8,21,0,0,0,0,0,0,0,0,0,29,8,21
109,私立,一般大學,1017,實踐大學,碩士班(日間),緬甸,東協,1,0,1,1,0,1,0,0,0,0,0,0,0,0,0
109,私立,一般大學,1017,實踐大學,碩士班(日間),馬來西亞,東協,2,1,1,2,1,1,0,0,0,0,0,0,0,0,0
109,私立,一般大學,1017,實踐大學,碩士班(日間),泰國,東協,3,1,2,3,1,2,0,0,0,0,0,0,0,0,0
109,私立,一般大學,1017,實踐大學,碩士班(日間),香港,港澳,1,0,1,0,0,0,0,0,0,1,0,1,0,0,0
109,私立,一般大學,1017,實踐大學,碩士班(日間),澳門,港澳,1,1,0,0,0,0,0,0,0,1,1,0,0,0,0
109,私立,一般大學,1017,實踐大學,碩士班(日間),史瓦帝尼王國,非洲,1,0,1,1,0,1,0,0,0,0,0,0,0,0,0
109,私立,一般大學,1017,實踐大學,碩士班(日間),美國,北美洲,1,1,0,0,0,0,1,1,0,0,0,0,0,0,0
109,私立,一般大學,1017,實踐大學,碩士班(日間),大陸地區,大陸地區,11,5,6,0,0,0,0,0,0,0,0,0,11,5,6
109,私立,一般大學,1017,實踐大學,博士班,大陸地區,大陸地區,1,0,1,0,0,0,0,0,0,0,0,0,1,0,1
109,私立,技專校院,1018,朝陽科技大學,學士班(日間),印度尼西亞共和國,東協,1,0,1,1,0,1,0,0,0,0,0,0,0,0,0
109,私立,技專校院,1018,朝陽科技大學,學士班(日間),馬來西亞,東協,26,11,15,21,10,11,5,1,4,0,0,0,0,0,0
109,私立,技專校院,1018,朝陽科技大學,學士班(日間),越南社會主義共和國,東協,6,0,6,6,0,6,0,0,0,0,0,0,0,0,0
109,私立,技專校院,1018,朝陽科技大學,學士班(日間),香港,港澳,23,12,11,0,0,0,0,0,0,23,12,11,0,0,0
109,私立,技專校院,1018,朝陽科技大學,學士班(日間),澳門,港澳,6,3,3,0,0,0,0,0,0,6,3,3,0,0,0
109,私立,技專校院,1018,朝陽科技大學,學士班(日間),大陸地區,大陸地區,58,26,32,0,0,0,0,0,0,0,0,0,58,26,32
109,私立,技專校院,1018,朝陽科技大學,碩士班(日間),印度尼西亞共和國,東協,11,10,1,11,10,1,0,0,0,0,0,0,0,0,0
109,私立,技專校院,1018,朝陽科技大學,碩士班(日間),大韓民國(南韓),其他亞洲地區,1,1,0,1,1,0,0,0,0,0,0,0,0,0,0
109,私立,技專校院,1018,朝陽科技大學,碩士班(日間),馬來西亞,東協,1,1,0,1,1,0,0,0,0,0,0,0,0,0,0
109,私立,技專校院,1018,朝陽科技大學,碩士班(日間),越南社會主義共和國,東協,6,2,4,6,2,4,0,0,0,0,0,0,0,0,0
109,私立,技專校院,1018,朝陽科技大學,碩士班(日間),大陸地區,大陸地區,4,2,2,0,0,0,0,0,0,0,0,0,4,2,2
109,私立,技專校院,1018,朝陽科技大學,博士班,印度尼西亞共和國,東協,2,1,1,2,1,1,0,0,0,0,0,0,0,0,0
109,私立,技專校院,1018,朝陽科技大學,博士班,尼泊爾聯邦民主共和國,南亞,1,1,0,1,1,0,0,0,0,0,0,0,0,0,0
109,私立,一般大學,1019,高雄醫學大學,學士班(日間),印度尼西亞共和國,東協,5,2,3,0,0,0,5,2,3,0,0,0,0,0,0
109,私立,一般大學,1019,高雄醫學大學,學士班(日間),大韓民國(南韓),其他亞洲地區,1,0,1,1,0,1,0,0,0,0,0,0,0,0,0
109,私立,一般大學,1019,高雄醫學大學,學士班(日間),馬來西亞,東協,26,4,22,8,1,7,18,3,15,0,0,0,0,0,0
109,私立,一般大學,1019,高雄醫學大學,學士班(日間),新加坡共和國,東協,1,0,1,1,0,1,0,0,0,0,0,0,0,0,0
109,私立,一般大學,1019,高雄醫學大學,學士班(日間),香港,港澳,6,4,2,0,0,0,0,0,0,6,4,2,0,0,0
109,私立,一般大學,1019,高雄醫學大學,學士班(日間),澳門,港澳,8,1,7,0,0,0,0,0,0,8,1,7,0,0,0
109,私立,一般大學,1019,高雄醫學大學,學士班(日間),諾魯共和國,其他亞洲地區,1,0,1,1,0,1,0,0,0,0,0,0,0,0,0
109,私立,一般大學,1019,高雄醫學大學,學士班(日間),索羅門群島,其他亞洲地區,2,0,2,2,0,2,0,0,0,0,0,0,0,0,0
109,私立,一般大學,1019,高雄醫學大學,學士班(日間),帛琉共和國,其他亞洲地區,3,2,1,3,2,1,0,0,0,0,0,0,0,0,0
109,私立,一般大學,1019,高雄醫學大學,學士班(日間),馬紹爾群島共和國,其他亞洲地區,1,1,0,1,1,0,0,0,0,0,0,0,0,0,0
109,私立,一般大學,1019,高雄醫學大學,學士班(日間),吉里巴斯共和國,其他亞洲地區,1,0,1,1,0,1,0,0,0,0,0,0,0,0,0
109,私立,一般大學,1019,高雄醫學大學,學士班(日間),史瓦帝尼王國,非洲,1,0,1,1,0,1,0,0,0,0,0,0,0,0,0
109,私立,一般大學,1019,高雄醫學大學,學士班(日間),薩爾瓦多,中南美洲,1,0,1,0,0,0,1,0,1,0,0,0,0,0,0
109,私立,一般大學,1019,高雄醫學大學,學士班(日間),瓜地馬拉共和國,中南美洲,2,0,2,2,0,2,0,0,0,0,0,0,0,0,0
109,私立,一般大學,1019,高雄醫學大學,學士班(日間),宏都拉斯共和國,中南美洲,2,1,1,2,1,1,0,0,0,0,0,0,0,0,0
109,私立,一般大學,1019,高雄醫學大學,學士班(日間),貝里斯,中南美洲,4,1,3,3,0,3,1,1,0,0,0,0,0,0,0
109,私立,一般大學,1019,高雄醫學大學,學士班(日間),聖文森(及格瑞那丁),中南美洲,1,0,1,1,0,1,0,0,0,0,0,0,0,0,0
109,私立,一般大學,1019,高雄醫學大學,學士班(日間),美國,北美洲,3,2,1,2,1,1,1,1,0,0,0,0,0,0,0
109,私立,一般大學,1019,高雄醫學大學,學士班(日間),聖露西亞,中南美洲,1,1,0,1,1,0,0,0,0,0,0,0,0,0,0
109,私立,一般大學,1019,高雄醫學大學,學士班(日間),厄瓜多共和國,中南美洲,1,0,1,1,0,1,0,0,0,0,0,0,0,0,0
109,私立,一般大學,1019,高雄醫學大學,學士班(日間),聖克里斯多福及尼維斯,中南美洲,1,1,0,1,1,0,0,0,0,0,0,0,0,0,0
109,私立,一般大學,1019,高雄醫學大學,學士班(日間),大陸地區,大陸地區,3,2,1,0,0,0,0,0,0,0,0,0,3,2,1
109,私立,一般大學,1019,高雄醫學大學,碩士班(日間),孟加拉人民共和國,南亞,1,1,0,1,1,0,0,0,0,0,0,0,0,0,0
109,私立,一般大學,1019,高雄醫學大學,碩士班(日間),印度尼西亞共和國,東協,3,0,3,2,0,2,1,0,1,0,0,0,0,0,0
109,私立,一般大學,1019,高雄醫學大學,碩士班(日間),馬來西亞,東協,3,0,3,0,0,0,3,0,3,0,0,0,0,0,0
109,私立,一般大學,1019,高雄醫學大學,碩士班(日間),巴基斯坦,南亞,1,1,0,1,1,0,0,0,0,0,0,0,0,0,0
109,私立,一般大學,1019,高雄醫學大學,碩士班(日間),海地共和國,中南美洲,1,1,0,1,1,0,0,0,0,0,0,0,0,0,0
109,私立,一般大學,1019,高雄醫學大學,碩士班(日間),宏都拉斯共和國,中南美洲,1,0,1,1,0,1,0,0,0,0,0,0,0,0,0
109,私立,一般大學,1019,高雄醫學大學,碩士班(日間),貝里斯,中南美洲,1,0,1,1,0,1,0,0,0,0,0,0,0,0,0
109,私立,一般大學,1019,高雄醫學大學,碩士班(日間),美國,北美洲,1,1,0,1,1,0,0,0,0,0,0,0,0,0,0
109,私立,一般大學,1019,高雄醫學大學,博士班,印度,南亞,4,3,1,4,3,1,0,0,0,0,0,0,0,0,0
109,私立,一般大學,1019,高雄醫學大學,博士班,印度尼西亞共和國,東協,1,1,0,1,1,0,0,0,0,0,0,0,0,0,0
109,私立,一般大學,1019,高雄醫學大學,博士班,越南社會主義共和國,東協,1,1,0,1,1,0,0,0,0,0,0,0,0,0,0
109,私立,一般大學,1020,南華大學,學士班(日間),印度,南亞,3,1,2,3,1,2,0,0,0,0,0,0,0,0,0
109,私立,一般大學,1020,南華大學,學士班(日間),印度尼西亞共和國,東協,2,1,1,1,0,1,1,1,0,0,0,0,0,0,0
109,私立,一般大學,1020,南華大學,學士班(日間),大韓民國(南韓),其他亞洲地區,1,1,0,1,1,0,0,0,0,0,0,0,0,0,0
109,私立,一般大學,1020,南華大學,學士班(日間),馬來西亞,東協,8,3,5,5,2,3,3,1,2,0,0,0,0,0,0
109,私立,一般大學,1020,南華大學,學士班(日間),尼泊爾聯邦民主共和國,南亞,1,0,1,1,0,1,0,0,0,0,0,0,0,0,0
109,私立,一般大學,1020,南華大學,學士班(日間),越南社會主義共和國,東協,3,1,2,3,1,2,0,0,0,0,0,0,0,0,0
109,私立,一般大學,1020,南華大學,學士班(日間),香港,港澳,3,0,3,0,0,0,0,0,0,3,0,3,0,0,0
109,私立,一般大學,1020,南華大學,學士班(日間),澳門,港澳,1,1,0,0,0,0,0,0,0,1,1,0,0,0,0
109,私立,一般大學,1020,南華大學,學士班(日間),蒙古國,其他亞洲地區,12,5,7,12,5,7,0,0,0,0,0,0,0,0,0
109,私立,一般大學,1020,南華大學,學士班(日間),吉爾吉斯,其他亞洲地區,1,1,0,1,1,0,0,0,0,0,0,0,0,0,0
109,私立,一般大學,1020,南華大學,學士班(日間),大陸地區,大陸地區,1,1,0,0,0,0,0,0,0,0,0,0,1,1,0
109,私立,一般大學,1020,南華大學,碩士班(日間),孟加拉人民共和國,南亞,2,2,0,2,2,0,0,0,0,0,0,0,0,0,0
109,私立,一般大學,1020,南華大學,碩士班(日間),柬埔寨王國,東協,4,1,3,4,1,3,0,0,0,0,0,0,0,0,0
109,私立,一般大學,1020,南華大學,碩士班(日間),印度,南亞,7,6,1,7,6,1,0,0,0,0,0,0,0,0,0
109,私立,一般大學,1020,南華大學,碩士班(日間),馬來西亞,東協,5,3,2,4,3,1,1,0,1,0,0,0,0,0,0
109,私立,一般大學,1020,南華大學,碩士班(日間),菲律賓共和國,東協,5,4,1,5,4,1,0,0,0,0,0,0,0,0,0
109,私立,一般大學,1020,南華大學,碩士班(日間),越南社會主義共和國,東協,6,1,5,6,1,5,0,0,0,0,0,0,0,0,0
109,私立,一般大學,1020,南華大學,碩士班(日間),蒙古國,其他亞洲地區,2,0,2,2,0,2,0,0,0,0,0,0,0,0,0
109,私立,一般大學,1020,南華大學,碩士班(日間),加拿大,北美洲,1,0,1,1,0,1,0,0,0,0,0,0,0,0,0
109,私立,一般大學,1020,南華大學,博士班,越南社會主義共和國,東協,2,1,1,2,1,1,0,0,0,0,0,0,0,0,0
109,私立,一般大學,1021,真理大學,學士班(日間),日本,其他亞洲地區,5,2,3,5,2,3,0,0,0,0,0,0,0,0,0
109,私立,一般大學,1021,真理大學,學士班(日間),香港,港澳,8,6,2,0,0,0,0,0,0,8,6,2,0,0,0
109,私立,一般大學,1021,真理大學,學士班(日間),澳門,港澳,2,2,0,0,0,0,0,0,0,2,2,0,0,0,0
109,私立,一般大學,1021,真理大學,碩士班(日間),馬來西亞,東協,1,0,1,0,0,0,1,0,1,0,0,0,0,0,0
109,私立,一般大學,1021,真理大學,碩士班(日間),菲律賓共和國,東協,1,0,1,1,0,1,0,0,0,0,0,0,0,0,0
109,私立,一般大學,1021,真理大學,碩士班(日間),越南社會主義共和國,東協,1,1,0,1,1,0,0,0,0,0,0,0,0,0,0
109,私立,一般大學,1021,真理大學,碩士班(日間),香港,港澳,1,1,0,0,0,0,0,0,0,1,1,0,0,0,0
109,私立,一般大學,1022,大同大學,學士班(日間),香港,港澳,3,2,1,0,0,0,0,0,0,3,2,1,0,0,0
109,私立,一般大學,1022,大同大學,學士班(日間),澳門,港澳,2,2,0,0,0,0,0,0,0,2,2,0,0,0,0
109,私立,一般大學,1022,大同大學,學士班(日間),大陸地區,大陸地區,5,5,0,0,0,0,0,0,0,0,0,0,5,5,0
109,私立,一般大學,1022,大同大學,碩士班(日間),德意志聯邦共和國,歐洲,2,1,1,2,1,1,0,0,0,0,0,0,0,0,0
109,私立,一般大學,1022,大同大學,碩士班(日間),大陸地區,大陸地區,2,2,0,0,0,0,0,0,0,0,0,0,2,2,0
109,私立,一般大學,1022,大同大學,博士班,大陸地區,大陸地區,6,3,3,0,0,0,0,0,0,0,0,0,6,3,3
109,私立,技專校院,1023,南臺學校財團法人南臺科技大學,學士班(日間),印度尼西亞共和國,東協,1,1,0,1,1,0,0,0,0,0,0,0,0,0,0
109,私立,技專校院,1023,南臺學校財團法人南臺科技大學,學士班(日間),日本,其他亞洲地區,2,2,0,2,2,0,0,0,0,0,0,0,0,0,0
109,私立,技專校院,1023,南臺學校財團法人南臺科技大學,學士班(日間),馬來西亞,東協,18,11,7,14,10,4,4,1,3,0,0,0,0,0,0
109,私立,技專校院,1023,南臺學校財團法人南臺科技大學,學士班(日間),泰國,東協,1,0,1,1,0,1,0,0,0,0,0,0,0,0,0
109,私立,技專校院,1023,南臺學校財團法人南臺科技大學,學士班(日間),越南社會主義共和國,東協,21,20,1,21,20,1,0,0,0,0,0,0,0,0,0
109,私立,技專校院,1023,南臺學校財團法人南臺科技大學,學士班(日間),香港,港澳,9,7,2,0,0,0,0,0,0,9,7,2,0,0,0
109,私立,技專校院,1023,南臺學校財團法人南臺科技大學,學士班(日間),澳門,港澳,4,2,2,0,0,0,0,0,0,4,2,2,0,0,0
109,私立,技專校院,1023,南臺學校財團法人南臺科技大學,學士班(日間),蒙古國,其他亞洲地區,5,2,3,5,2,3,0,0,0,0,0,0,0,0,0
109,私立,技專校院,1023,南臺學校財團法人南臺科技大學,學士班(日間),史瓦帝尼王國,非洲,3,1,2,3,1,2,0,0,0,0,0,0,0,0,0
109,私立,技專校院,1023,南臺學校財團法人南臺科技大學,學士班(日間),克羅埃西亞共和國,歐洲,1,1,0,1,1,0,0,0,0,0,0,0,0,0,0
109,私立,技專校院,1023,南臺學校財團法人南臺科技大學,學士班(日間),斯洛伐克共和國,歐洲,2,2,0,2,2,0,0,0,0,0,0,0,0,0,0
109,私立,技專校院,1023,南臺學校財團法人南臺科技大學,學士班(日間),薩爾瓦多,中南美洲,3,1,2,3,1,2,0,0,0,0,0,0,0,0,0
109,私立,技專校院,1023,南臺學校財團法人南臺科技大學,學士班(日間),宏都拉斯共和國,中南美洲,2,1,1,2,1,1,0,0,0,0,0,0,0,0,0
109,私立,技專校院,1023,南臺學校財團法人南臺科技大學,學士班(日間),巴拉圭,中南美洲,1,0,1,1,0,1,0,0,0,0,0,0,0,0,0
109,私立,技專校院,1023,南臺學校財團法人南臺科技大學,學士班(日間),大陸地區,大陸地區,14,9,5,0,0,0,0,0,0,0,0,0,14,9,5
109,私立,技專校院,1023,南臺學校財團法人南臺科技大學,碩士班(日間),印度,南亞,2,1,1,2,1,1,0,0,0,0,0,0,0,0,0
109,私立,技專校院,1023,南臺學校財團法人南臺科技大學,碩士班(日間),印度尼西亞共和國,東協,1,1,0,1,1,0,0,0,0,0,0,0,0,0,0
109,私立,技專校院,1023,南臺學校財團法人南臺科技大學,碩士班(日間),約旦哈什米王國,其他亞洲地區,1,1,0,1,1,0,0,0,0,0,0,0,0,0,0
109,私立,技專校院,1023,南臺學校財團法人南臺科技大學,碩士班(日間),大韓民國(南韓),其他亞洲地區,1,0,1,1,0,1,0,0,0,0,0,0,0,0,0
109,私立,技專校院,1023,南臺學校財團法人南臺科技大學,碩士班(日間),馬來西亞,東協,7,5,2,7,5,2,0,0,0,0,0,0,0,0,0
109,私立,技專校院,1023,南臺學校財團法人南臺科技大學,碩士班(日間),菲律賓共和國,東協,5,1,4,5,1,4,0,0,0,0,0,0,0,0,0
109,私立,技專校院,1023,南臺學校財團法人南臺科技大學,碩士班(日間),泰國,東協,1,0,1,1,0,1,0,0,0,0,0,0,0,0,0
109,私立,技專校院,1023,南臺學校財團法人南臺科技大學,碩士班(日間),越南社會主義共和國,東協,5,3,2,5,3,2,0,0,0,0,0,0,0,0,0
109,私立,技專校院,1023,南臺學校財團法人南臺科技大學,碩士班(日間),蒙古國,其他亞洲地區,2,0,2,2,0,2,0,0,0,0,0,0,0,0,0
109,私立,技專校院,1023,南臺學校財團法人南臺科技大學,碩士班(日間),奧地利共和國,歐洲,1,1,0,1,1,0,0,0,0,0,0,0,0,0,0
109,私立,技專校院,1023,南臺學校財團法人南臺科技大學,碩士班(日間),法國,歐洲,6,1,5,6,1,5,0,0,0,0,0,0,0,0,0
109,私立,技專校院,1023,南臺學校財團法人南臺科技大學,碩士班(日間),美國,北美洲,1,1,0,1,1,0,0,0,0,0,0,0,0,0,0
109,私立,技專校院,1023,南臺學校財團法人南臺科技大學,碩士班(日間),大陸地區,大陸地區,6,3,3,0,0,0,0,0,0,0,0,0,6,3,3
109,私立,技專校院,1023,南臺學校財團法人南臺科技大學,博士班,印度,南亞,1,1,0,1,1,0,0,0,0,0,0,0,0,0,0
109,私立,技專校院,1023,南臺學校財團法人南臺科技大學,博士班,印度尼西亞共和國,東協,6,5,1,6,5,1,0,0,0,0,0,0,0,0,0
109,私立,技專校院,1023,南臺學校財團法人南臺科技大學,博士班,約旦哈什米王國,其他亞洲地區,1,1,0,1,1,0,0,0,0,0,0,0,0,0,0
109,私立,技專校院,1023,南臺學校財團法人南臺科技大學,博士班,泰國,東協,2,1,1,2,1,1,0,0,0,0,0,0,0,0,0
109,私立,技專校院,1023,南臺學校財團法人南臺科技大學,博士班,越南社會主義共和國,東協,4,3,1,4,3,1,0,0,0,0,0,0,0,0,0
109,私立,技專校院,1023,南臺學校財團法人南臺科技大學,博士班,埃及阿拉伯共和國,非洲,1,1,0,1,1,0,0,0,0,0,0,0,0,0,0
109,私立,技專校院,1023,南臺學校財團法人南臺科技大學,博士班,南非共和國,非洲,1,0,1,1,0,1,0,0,0,0,0,0,0,0,0
109,私立,技專校院,1023,南臺學校財團法人南臺科技大學,博士班,法國,歐洲,1,0,1,1,0,1,0,0,0,0,0,0,0,0,0
109,私立,技專校院,1023,南臺學校財團法人南臺科技大學,博士班,克羅埃西亞共和國,歐洲,1,1,0,1,1,0,0,0,0,0,0,0,0,0,0
109,私立,技專校院,1023,南臺學校財團法人南臺科技大學,博士班,美國,北美洲,1,1,0,1,1,0,0,0,0,0,0,0,0,0,0
109,私立,技專校院,1024,崑山科技大學,學士班(日間),印度尼西亞共和國,東協,15,11,4,15,11,4,0,0,0,0,0,0,0,0,0
109,私立,技專校院,1024,崑山科技大學,學士班(日間),日本,其他亞洲地區,4,0,4,4,0,4,0,0,0,0,0,0,0,0,0
109,私立,技專校院,1024,崑山科技大學,學士班(日間),馬來西亞,東協,11,10,1,10,9,1,1,1,0,0,0,0,0,0,0
109,私立,技專校院,1024,崑山科技大學,學士班(日間),香港,港澳,1,0,1,0,0,0,0,0,0,1,0,1,0,0,0
109,私立,技專校院,1024,崑山科技大學,學士班(日間),史瓦帝尼王國,非洲,1,0,1,1,0,1,0,0,0,0,0,0,0,0,0
109,私立,技專校院,1024,崑山科技大學,學士班(日間),瓜地馬拉共和國,中南美洲,1,1,0,1,1,0,0,0,0,0,0,0,0,0,0
109,私立,技專校院,1024,崑山科技大學,學士班(日間),宏都拉斯共和國,中南美洲,2,2,0,2,2,0,0,0,0,0,0,0,0,0,0
109,私立,技專校院,1024,崑山科技大學,學士班(日間),貝里斯,中南美洲,3,2,1,3,2,1,0,0,0,0,0,0,0,0,0
109,私立,技專校院,1024,崑山科技大學,學士班(日間),聖文森(及格瑞那丁),中南美洲,1,0,1,1,0,1,0,0,0,0,0,0,0,0,0
109,私立,技專校院,1024,崑山科技大學,學士班(日間),聖露西亞,中南美洲,1,1,0,1,1,0,0,0,0,0,0,0,0,0,0
109,私立,技專校院,1024,崑山科技大學,學士班(日間),巴拉圭,中南美洲,1,1,0,1,1,0,0,0,0,0,0,0,0,0,0
109,私立,技專校院,1024,崑山科技大學,學士班(日間),秘魯共和國,中南美洲,1,0,1,1,0,1,0,0,0,0,0,0,0,0,0
109,私立,技專校院,1024,崑山科技大學,學士班(日間),聖克里斯多福及尼維斯,中南美洲,1,1,0,1,1,0,0,0,0,0,0,0,0,0,0
109,私立,技專校院,1024,崑山科技大學,學士班(日間),大陸地區,大陸地區,7,2,5,0,0,0,0,0,0,0,0,0,7,2,5
109,私立,技專校院,1024,崑山科技大學,碩士班(日間),印度,南亞,1,1,0,1,1,0,0,0,0,0,0,0,0,0,0
109,私立,技專校院,1024,崑山科技大學,碩士班(日間),土耳其共和國,其他亞洲地區,1,1,0,1,1,0,0,0,0,0,0,0,0,0,0
109,私立,技專校院,1024,崑山科技大學,碩士班(日間),越南社會主義共和國,東協,1,0,1,1,0,1,0,0,0,0,0,0,0,0,0
109,私立,技專校院,1024,崑山科技大學,碩士班(日間),貝里斯,中南美洲,1,1,0,1,1,0,0,0,0,0,0,0,0,0,0
109,私立,技專校院,1024,崑山科技大學,碩士班(日間),大陸地區,大陸地區,4,3,1,0,0,0,0,0,0,0,0,0,4,3,1
109,私立,技專校院,1025,嘉藥學校財團法人嘉南藥理大學,學士班(日間),印度尼西亞共和國,東協,73,70,3,73,70,3,0,0,0,0,0,0,0,0,0
109,私立,技專校院,1025,嘉藥學校財團法人嘉南藥理大學,學士班(日間),大韓民國(南韓),其他亞洲地區,1,1,0,0,0,0,1,1,0,0,0,0,0,0,0
109,私立,技專校院,1025,嘉藥學校財團法人嘉南藥理大學,學士班(日間),馬來西亞,東協,1,0,1,0,0,0,1,0,1,0,0,0,0,0,0
109,私立,技專校院,1025,嘉藥學校財團法人嘉南藥理大學,學士班(日間),香港,港澳,7,4,3,0,0,0,0,0,0,7,4,3,0,0,0
109,私立,技專校院,1025,嘉藥學校財團法人嘉南藥理大學,學士班(日間),澳門,港澳,1,1,0,0,0,0,0,0,0,1,1,0,0,0,0
109,私立,技專校院,1025,嘉藥學校財團法人嘉南藥理大學,碩士班(日間),泰國,東協,1,0,1,1,0,1,0,0,0,0,0,0,0,0,0
109,私立,技專校院,1026,樹德科技大學,學士班(日間),印度,南亞,1,0,1,1,0,1,0,0,0,0,0,0,0,0,0
109,私立,技專校院,1026,樹德科技大學,學士班(日間),印度尼西亞共和國,東協,5,0,5,4,0,4,1,0,1,0,0,0,0,0,0
109,私立,技專校院,1026,樹德科技大學,學士班(日間),日本,其他亞洲地區,6,0,6,6,0,6,0,0,0,0,0,0,0,0,0
109,私立,技專校院,1026,樹德科技大學,學士班(日間),大韓民國(南韓),其他亞洲地區,1,1,0,1,1,0,0,0,0,0,0,0,0,0,0
109,私立,技專校院,1026,樹德科技大學,學士班(日間),馬來西亞,東協,41,21,20,19,9,10,22,12,10,0,0,0,0,0,0
109,私立,技專校院,1026,樹德科技大學,學士班(日間),越南社會主義共和國,東協,1,1,0,1,1,0,0,0,0,0,0,0,0,0,0
109,私立,技專校院,1026,樹德科技大學,學士班(日間),香港,港澳,34,20,14,0,0,0,0,0,0,34,20,14,0,0,0
109,私立,技專校院,1026,樹德科技大學,學士班(日間),大陸地區,大陸地區,27,10,17,0,0,0,0,0,0,0,0,0,27,10,17
109,私立,技專校院,1026,樹德科技大學,碩士班(日間),越南社會主義共和國,東協,2,1,1,2,1,1,0,0,0,0,0,0,0,0,0
109,私立,技專校院,1026,樹德科技大學,碩士班(日間),大陸地區,大陸地區,7,5,2,0,0,0,0,0,0,0,0,0,7,5,2
109,私立,一般大學,1027,慈濟學校財團法人慈濟大學,學士班(日間),緬甸,東協,1,0,1,1,0,1,0,0,0,0,0,0,0,0,0
109,私立,一般大學,1027,慈濟學校財團法人慈濟大學,學士班(日間),印度尼西亞共和國,東協,11,2,9,9,2,7,2,0,2,0,0,0,0,0,0
109,私立,一般大學,1027,慈濟學校財團法人慈濟大學,學士班(日間),大韓民國(南韓),其他亞洲地區,3,1,2,3,1,2,0,0,0,0,0,0,0,0,0
109,私立,一般大學,1027,慈濟學校財團法人慈濟大學,學士班(日間),馬來西亞,東協,44,15,29,31,8,23,13,7,6,0,0,0,0,0,0
109,私立,一般大學,1027,慈濟學校財團法人慈濟大學,學士班(日間),新加坡共和國,東協,1,0,1,1,0,1,0,0,0,0,0,0,0,0,0
109,私立,一般大學,1027,慈濟學校財團法人慈濟大學,學士班(日間),泰國,東協,3,2,1,3,2,1,0,0,0,0,0,0,0,0,0
109,私立,一般大學,1027,慈濟學校財團法人慈濟大學,學士班(日間),越南社會主義共和國,東協,2,0,2,2,0,2,0,0,0,0,0,0,0,0,0
109,私立,一般大學,1027,慈濟學校財團法人慈濟大學,學士班(日間),香港,港澳,1,1,0,0,0,0,0,0,0,1,1,0,0,0,0
109,私立,一般大學,1027,慈濟學校財團法人慈濟大學,學士班(日間),英國,歐洲,1,1,0,1,1,0,0,0,0,0,0,0,0,0,0
109,私立,一般大學,1027,慈濟學校財團法人慈濟大學,學士班(日間),美國,北美洲,1,1,0,0,0,0,1,1,0,0,0,0,0,0,0
109,私立,一般大學,1027,慈濟學校財團法人慈濟大學,學士班(日間),大陸地區,大陸地區,3,2,1,0,0,0,0,0,0,0,0,0,3,2,1
109,私立,一般大學,1027,慈濟學校財團法人慈濟大學,碩士班(日間),印度,南亞,7,2,5,7,2,5,0,0,0,0,0,0,0,0,0
109,私立,一般大學,1027,慈濟學校財團法人慈濟大學,碩士班(日間),印度尼西亞共和國,東協,2,2,0,2,2,0,0,0,0,0,0,0,0,0,0
109,私立,一般大學,1027,慈濟學校財團法人慈濟大學,碩士班(日間),馬來西亞,東協,3,2,1,2,1,1,1,1,0,0,0,0,0,0,0
109,私立,一般大學,1027,慈濟學校財團法人慈濟大學,碩士班(日間),尼泊爾聯邦民主共和國,南亞,1,1,0,1,1,0,0,0,0,0,0,0,0,0,0
109,私立,一般大學,1027,慈濟學校財團法人慈濟大學,碩士班(日間),澳門,港澳,2,1,1,0,0,0,0,0,0,2,1,1,0,0,0
109,私立,一般大學,1027,慈濟學校財團法人慈濟大學,碩士班(日間),蒙古國,其他亞洲地區,3,0,3,3,0,3,0,0,0,0,0,0,0,0,0
109,私立,一般大學,1027,慈濟學校財團法人慈濟大學,碩士班(日間),南非共和國,非洲,1,0,1,1,0,1,0,0,0,0,0,0,0,0,0
109,私立,一般大學,1027,慈濟學校財團法人慈濟大學,碩士班(日間),美國,北美洲,1,1,0,0,0,0,1,1,0,0,0,0,0,0,0
109,私立,一般大學,1027,慈濟學校財團法人慈濟大學,博士班,緬甸,東協,1,0,1,1,0,1,0,0,0,0,0,0,0,0,0
109,私立,一般大學,1027,慈濟學校財團法人慈濟大學,博士班,印度尼西亞共和國,東協,1,1,0,1,1,0,0,0,0,0,0,0,0,0,0
109,私立,一般大學,1027,慈濟學校財團法人慈濟大學,博士班,尼泊爾聯邦民主共和國,南亞,2,2,0,2,2,0,0,0,0,0,0,0,0,0,0
109,私立,一般大學,1027,慈濟學校財團法人慈濟大學,博士班,泰國,東協,2,1,1,2,1,1,0,0,0,0,0,0,0,0,0
109,私立,一般大學,1027,慈濟學校財團法人慈濟大學,博士班,越南社會主義共和國,東協,1,1,0,1,1,0,0,0,0,0,0,0,0,0,0
109,私立,一般大學,1028,臺北醫學大學,學士班(日間),印度尼西亞共和國,東協,5,3,2,0,0,0,5,3,2,0,0,0,0,0,0
109,私立,一般大學,1028,臺北醫學大學,學士班(日間),日本,其他亞洲地區,1,1,0,1,1,0,0,0,0,0,0,0,0,0,0
109,私立,一般大學,1028,臺北醫學大學,學士班(日間),大韓民國(南韓),其他亞洲地區,4,1,3,0,0,0,4,1,3,0,0,0,0,0,0
109,私立,一般大學,1028,臺北醫學大學,學士班(日間),馬來西亞,東協,27,5,22,4,0,4,23,5,18,0,0,0,0,0,0
109,私立,一般大學,1028,臺北醫學大學,學士班(日間),新加坡共和國,東協,1,0,1,0,0,0,1,0,1,0,0,0,0,0,0
109,私立,一般大學,1028,臺北醫學大學,學士班(日間),香港,港澳,3,3,0,0,0,0,0,0,0,3,3,0,0,0,0
109,私立,一般大學,1028,臺北醫學大學,學士班(日間),澳門,港澳,10,3,7,0,0,0,0,0,0,10,3,7,0,0,0
109,私立,一般大學,1028,臺北醫學大學,學士班(日間),紐西蘭,其他亞洲地區,1,1,0,0,0,0,1,1,0,0,0,0,0,0,0
109,私立,一般大學,1028,臺北醫學大學,學士班(日間),加拿大,北美洲,2,2,0,0,0,0,2,2,0,0,0,0,0,0,0
109,私立,一般大學,1028,臺北醫學大學,學士班(日間),美國,北美洲,7,5,2,5,3,2,2,2,0,0,0,0,0,0,0
109,私立,一般大學,1028,臺北醫學大學,學士班(日間),大陸地區,大陸地區,8,2,6,0,0,0,0,0,0,0,0,0,8,2,6
109,私立,一般大學,1028,臺北醫學大學,碩士班(日間),緬甸,東協,1,0,1,1,0,1,0,0,0,0,0,0,0,0,0
109,私立,一般大學,1028,臺北醫學大學,碩士班(日間),印度,南亞,1,0,1,1,0,1,0,0,0,0,0,0,0,0,0
109,私立,一般大學,1028,臺北醫學大學,碩士班(日間),印度尼西亞共和國,東協,9,3,6,9,3,6,0,0,0,0,0,0,0,0,0
109,私立,一般大學,1028,臺北醫學大學,碩士班(日間),馬來西亞,東協,2,1,1,1,0,1,1,1,0,0,0,0,0,0,0
109,私立,一般大學,1028,臺北醫學大學,碩士班(日間),菲律賓共和國,東協,1,1,0,1,1,0,0,0,0,0,0,0,0,0,0
109,私立,一般大學,1028,臺北醫學大學,碩士班(日間),泰國,東協,1,1,0,1,1,0,0,0,0,0,0,0,0,0,0
109,私立,一般大學,1028,臺北醫學大學,碩士班(日間),越南社會主義共和國,東協,6,3,3,6,3,3,0,0,0,0,0,0,0,0,0
109,私立,一般大學,1028,臺北醫學大學,碩士班(日間),香港,港澳,2,2,0,0,0,0,0,0,0,2,2,0,0,0,0
109,私立,一般大學,1028,臺北醫學大學,碩士班(日間),澳門,港澳,2,1,1,0,0,0,0,0,0,2,1,1,0,0,0
109,私立,一般大學,1028,臺北醫學大學,碩士班(日間),蒙古國,其他亞洲地區,2,0,2,2,0,2,0,0,0,0,0,0,0,0,0
109,私立,一般大學,1028,臺北醫學大學,碩士班(日間),馬紹爾群島共和國,其他亞洲地區,1,0,1,1,0,1,0,0,0,0,0,0,0,0,0
109,私立,一般大學,1028,臺北醫學大學,碩士班(日間),馬拉威共和國,非洲,1,0,1,1,0,1,0,0,0,0,0,0,0,0,0
109,私立,一般大學,1028,臺北醫學大學,碩士班(日間),史瓦帝尼王國,非洲,1,1,0,1,1,0,0,0,0,0,0,0,0,0,0
109,私立,一般大學,1028,臺北醫學大學,碩士班(日間),瓜地馬拉共和國,中南美洲,2,1,1,2,1,1,0,0,0,0,0,0,0,0,0
109,私立,一般大學,1028,臺北醫學大學,碩士班(日間),海地共和國,中南美洲,2,1,1,2,1,1,0,0,0,0,0,0,0,0,0
109,私立,一般大學,1028,臺北醫學大學,碩士班(日間),宏都拉斯共和國,中南美洲,1,0,1,1,0,1,0,0,0,0,0,0,0,0,0
109,私立,一般大學,1028,臺北醫學大學,碩士班(日間),尼加拉瓜,中南美洲,1,1,0,1,1,0,0,0,0,0,0,0,0,0,0
109,私立,一般大學,1028,臺北醫學大學,碩士班(日間),美國,北美洲,1,1,0,1,1,0,0,0,0,0,0,0,0,0,0
109,私立,一般大學,1028,臺北醫學大學,碩士班(日間),聖露西亞,中南美洲,1,0,1,1,0,1,0,0,0,0,0,0,0,0,0
109,私立,一般大學,1028,臺北醫學大學,博士班,孟加拉人民共和國,南亞,1,1,0,1,1,0,0,0,0,0,0,0,0,0,0
109,私立,一般大學,1028,臺北醫學大學,博士班,印度,南亞,4,1,3,4,1,3,0,0,0,0,0,0,0,0,0
109,私立,一般大學,1028,臺北醫學大學,博士班,印度尼西亞共和國,東協,11,7,4,11,7,4,0,0,0,0,0,0,0,0,0
109,私立,一般大學,1028,臺北醫學大學,博士班,馬來西亞,東協,1,1,0,1,1,0,0,0,0,0,0,0,0,0,0
109,私立,一般大學,1028,臺北醫學大學,博士班,泰國,東協,1,1,0,1,1,0,0,0,0,0,0,0,0,0,0
109,私立,一般大學,1028,臺北醫學大學,博士班,越南社會主義共和國,東協,10,7,3,10,7,3,0,0,0,0,0,0,0,0,0
109,私立,一般大學,1028,臺北醫學大學,博士班,香港,港澳,1,1,0,0,0,0,0,0,0,1,1,0,0,0,0
109,私立,一般大學,1028,臺北醫學大學,博士班,蒙古國,其他亞洲地區,3,0,3,3,0,3,0,0,0,0,0,0,0,0,0
109,私立,一般大學,1028,臺北醫學大學,博士班,甘比亞共和國,非洲,1,1,0,1,1,0,0,0,0,0,0,0,0,0,0
109,私立,一般大學,1028,臺北醫學大學,博士班,馬拉威共和國,非洲,2,2,0,2,2,0,0,0,0,0,0,0,0,0,0
109,私立,一般大學,1028,臺北醫學大學,博士班,奈及利亞聯邦共和國,非洲,1,1,0,1,1,0,0,0,0,0,0,0,0,0,0
109,私立,一般大學,1028,臺北醫學大學,博士班,布吉納法索,非洲,2,2,0,2,2,0,0,0,0,0,0,0,0,0,0
109,私立,一般大學,1029,中山醫學大學,學士班(日間),大韓民國(南韓),其他亞洲地區,1,0,1,0,0,0,1,0,1,0,0,0,0,0,0
109,私立,一般大學,1029,中山醫學大學,學士班(日間),馬來西亞,東協,13,3,10,1,0,1,12,3,9,0,0,0,0,0,0
109,私立,一般大學,1029,中山醫學大學,學士班(日間),香港,港澳,9,2,7,0,0,0,0,0,0,9,2,7,0,0,0
109,私立,一般大學,1029,中山醫學大學,學士班(日間),澳門,港澳,18,6,12,0,0,0,0,0,0,18,6,12,0,0,0
109,私立,一般大學,1029,中山醫學大學,學士班(日間),南非共和國,非洲,1,1,0,0,0,0,1,1,0,0,0,0,0,0,0
109,私立,一般大學,1029,中山醫學大學,學士班(日間),加拿大,北美洲,1,1,0,0,0,0,1,1,0,0,0,0,0,0,0
109,私立,一般大學,1029,中山醫學大學,學士班(日間),大陸地區,大陸地區,2,0,2,0,0,0,0,0,0,0,0,0,2,0,2
109,私立,一般大學,1029,中山醫學大學,碩士班(日間),馬來西亞,東協,3,2,1,0,0,0,3,2,1,0,0,0,0,0,0
109,私立,一般大學,1029,中山醫學大學,碩士班(日間),澳門,港澳,1,1,0,0,0,0,0,0,0,1,1,0,0,0,0
109,私立,一般大學,1029,中山醫學大學,碩士班(日間),大陸地區,大陸地區,2,1,1,0,0,0,0,0,0,0,0,0,2,1,1
109,私立,一般大學,1029,中山醫學大學,博士班,印度尼西亞共和國,東協,1,1,0,0,0,0,1,1,0,0,0,0,0,0,0
109,私立,一般大學,1029,中山醫學大學,博士班,馬來西亞,東協,1,1,0,0,0,0,1,1,0,0,0,0,0,0,0
109,私立,一般大學,1029,中山醫學大學,博士班,俄羅斯聯邦,其他亞洲地區,1,0,1,1,0,1,0,0,0,0,0,0,0,0,0
109,私立,技專校院,1030,龍華科技大學,學士班(日間),印度尼西亞共和國,東協,3,2,1,2,1,1,1,1,0,0,0,0,0,0,0
109,私立,技專校院,1030,龍華科技大學,學士班(日間),大韓民國(南韓),其他亞洲地區,1,0,1,1,0,1,0,0,0,0,0,0,0,0,0
109,私立,技專校院,1030,龍華科技大學,學士班(日間),馬來西亞,東協,14,11,3,12,9,3,2,2,0,0,0,0,0,0,0
109,私立,技專校院,1030,龍華科技大學,學士班(日間),越南社會主義共和國,東協,13,8,5,13,8,5,0,0,0,0,0,0,0,0,0
109,私立,技專校院,1030,龍華科技大學,學士班(日間),香港,港澳,6,3,3,0,0,0,0,0,0,6,3,3,0,0,0
109,私立,技專校院,1030,龍華科技大學,學士班(日間),大陸地區,大陸地區,12,10,2,0,0,0,0,0,0,0,0,0,12,10,2
109,私立,技專校院,1030,龍華科技大學,碩士班(日間),馬來西亞,東協,1,1,0,1,1,0,0,0,0,0,0,0,0,0,0
109,私立,技專校院,1030,龍華科技大學,碩士班(日間),越南社會主義共和國,東協,5,2,3,5,2,3,0,0,0,0,0,0,0,0,0
109,私立,技專校院,1030,龍華科技大學,碩士班(日間),香港,港澳,1,0,1,0,0,0,0,0,0,1,0,1,0,0,0
109,私立,技專校院,1030,龍華科技大學,碩士班(日間),大陸地區,大陸地區,1,1,0,0,0,0,0,0,0,0,0,0,1,1,0
109,私立,技專校院,1031,輔英科技大學,學士班(日間),馬來西亞,東協,5,1,4,0,0,0,5,1,4,0,0,0,0,0,0
109,私立,技專校院,1031,輔英科技大學,學士班(日間),香港,港澳,7,4,3,0,0,0,0,0,0,7,4,3,0,0,0
109,私立,技專校院,1031,輔英科技大學,學士班(日間),澳門,港澳,5,3,2,0,0,0,0,0,0,5,3,2,0,0,0
109,私立,技專校院,1031,輔英科技大學,學士班(日間),馬拉威共和國,非洲,2,0,2,2,0,2,0,0,0,0,0,0,0,0,0
109,私立,技專校院,1031,輔英科技大學,碩士班(日間),越南社會主義共和國,東協,1,1,0,1,1,0,0,0,0,0,0,0,0,0,0
109,私立,技專校院,1032,明新學校財團法人明新科技大學,學士班(日間),印度尼西亞共和國,東協,1,1,0,0,0,0,1,1,0,0,0,0,0,0,0
109,私立,技專校院,1032,明新學校財團法人明新科技大學,學士班(日間),日本,其他亞洲地區,4,2,2,4,2,2,0,0,0,0,0,0,0,0,0
109,私立,技專校院,1032,明新學校財團法人明新科技大學,學士班(日間),大韓民國(南韓),其他亞洲地區,3,0,3,3,0,3,0,0,0,0,0,0,0,0,0
109,私立,技專校院,1032,明新學校財團法人明新科技大學,學士班(日間),馬來西亞,東協,6,4,2,5,3,2,1,1,0,0,0,0,0,0,0
109,私立,技專校院,1032,明新學校財團法人明新科技大學,學士班(日間),越南社會主義共和國,東協,166,74,92,149,68,81,17,6,11,0,0,0,0,0,0
109,私立,技專校院,1032,明新學校財團法人明新科技大學,學士班(日間),香港,港澳,1,0,1,0,0,0,0,0,0,1,0,1,0,0,0
109,私立,技專校院,1032,明新學校財團法人明新科技大學,學士班(日間),蒙古國,其他亞洲地區,1,0,1,1,0,1,0,0,0,0,0,0,0,0,0
109,私立,技專校院,1032,明新學校財團法人明新科技大學,學士班(日間),大陸地區,大陸地區,1,1,0,0,0,0,0,0,0,0,0,0,1,1,0
109,私立,技專校院,1032,明新學校財團法人明新科技大學,碩士班(日間),菲律賓共和國,東協,1,1,0,1,1,0,0,0,0,0,0,0,0,0,0
109,私立,技專校院,1032,明新學校財團法人明新科技大學,碩士班(日間),越南社會主義共和國,東協,10,5,5,10,5,5,0,0,0,0,0,0,0,0,0
109,私立,技專校院,1032,明新學校財團法人明新科技大學,碩士班(日間),俄羅斯聯邦,其他亞洲地區,1,0,1,1,0,1,0,0,0,0,0,0,0,0,0
109,私立,技專校院,1032,明新學校財團法人明新科技大學,碩士班(日間),烏克蘭,其他亞洲地區,1,0,1,1,0,1,0,0,0,0,0,0,0,0,0
109,私立,一般大學,1033,長榮大學,學士班(日間),印度尼西亞共和國,東協,15,3,12,0,0,0,15,3,12,0,0,0,0,0,0
109,私立,一般大學,1033,長榮大學,學士班(日間),日本,其他亞洲地區,6,1,5,6,1,5,0,0,0,0,0,0,0,0,0
109,私立,一般大學,1033,長榮大學,學士班(日間),大韓民國(南韓),其他亞洲地區,1,1,0,1,1,0,0,0,0,0,0,0,0,0,0
109,私立,一般大學,1033,長榮大學,學士班(日間),馬來西亞,東協,23,9,14,5,2,3,18,7,11,0,0,0,0,0,0
109,私立,一般大學,1033,長榮大學,學士班(日間),香港,港澳,9,5,4,0,0,0,0,0,0,9,5,4,0,0,0
109,私立,一般大學,1033,長榮大學,學士班(日間),澳門,港澳,5,2,3,0,0,0,0,0,0,5,2,3,0,0,0
109,私立,一般大學,1033,長榮大學,學士班(日間),阿爾及利亞人民民主共和國,非洲,1,1,0,1,1,0,0,0,0,0,0,0,0,0,0
109,私立,一般大學,1033,長榮大學,學士班(日間),蒲隆地共和國,非洲,9,7,2,9,7,2,0,0,0,0,0,0,0,0,0
109,私立,一般大學,1033,長榮大學,學士班(日間),坦尚尼亞聯合共和國,非洲,8,5,3,8,5,3,0,0,0,0,0,0,0,0,0
109,私立,一般大學,1033,長榮大學,學士班(日間),烏干達共和國,非洲,2,2,0,2,2,0,0,0,0,0,0,0,0,0,0
109,私立,一般大學,1033,長榮大學,學士班(日間),史瓦帝尼王國,非洲,1,1,0,1,1,0,0,0,0,0,0,0,0,0,0
109,私立,一般大學,1033,長榮大學,學士班(日間),義大利共和國,歐洲,1,1,0,1,1,0,0,0,0,0,0,0,0,0,0
109,私立,一般大學,1033,長榮大學,學士班(日間),美國,北美洲,1,0,1,1,0,1,0,0,0,0,0,0,0,0,0
109,私立,一般大學,1033,長榮大學,學士班(日間),大陸地區,大陸地區,6,2,4,0,0,0,0,0,0,0,0,0,6,2,4
109,私立,一般大學,1033,長榮大學,碩士班(日間),印度,南亞,1,1,0,1,1,0,0,0,0,0,0,0,0,0,0
109,私立,一般大學,1033,長榮大學,碩士班(日間),泰國,東協,1,0,1,1,0,1,0,0,0,0,0,0,0,0,0
109,私立,一般大學,1033,長榮大學,碩士班(日間),越南社會主義共和國,東協,3,1,2,3,1,2,0,0,0,0,0,0,0,0,0
109,私立,一般大學,1033,長榮大學,碩士班(日間),馬拉威共和國,非洲,1,1,0,1,1,0,0,0,0,0,0,0,0,0,0
109,私立,一般大學,1033,長榮大學,博士班,孟加拉人民共和國,南亞,1,1,0,1,1,0,0,0,0,0,0,0,0,0,0
109,私立,一般大學,1033,長榮大學,博士班,大陸地區,大陸地區,1,1,0,0,0,0,0,0,0,0,0,0,1,1,0
109,私立,技專校院,1034,弘光科技大學,學士班(日間),馬來西亞,東協,47,20,27,25,9,16,22,11,11,0,0,0,0,0,0
109,私立,技專校院,1034,弘光科技大學,學士班(日間),香港,港澳,18,9,9,0,0,0,0,0,0,18,9,9,0,0,0
109,私立,技專校院,1034,弘光科技大學,學士班(日間),澳門,港澳,10,4,6,0,0,0,0,0,0,10,4,6,0,0,0
109,私立,技專校院,1034,弘光科技大學,學士班(日間),大陸地區,大陸地區,2,2,0,0,0,0,0,0,0,0,0,0,2,2,0
109,私立,技專校院,1034,弘光科技大學,碩士班(日間),馬來西亞,東協,1,0,1,1,0,1,0,0,0,0,0,0,0,0,0
109,私立,技專校院,1034,弘光科技大學,博士班,越南社會主義共和國,東協,1,1,0,1,1,0,0,0,0,0,0,0,0,0,0
109,私立,一般大學,1035,中國醫藥大學,學士班(日間),緬甸,東協,1,1,0,0,0,0,1,1,0,0,0,0,0,0,0
109,私立,一般大學,1035,中國醫藥大學,學士班(日間),日本,其他亞洲地區,5,2,3,4,2,2,1,0,1,0,0,0,0,0,0
109,私立,一般大學,1035,中國醫藥大學,學士班(日間),大韓民國(南韓),其他亞洲地區,4,1,3,0,0,0,4,1,3,0,0,0,0,0,0
109,私立,一般大學,1035,中國醫藥大學,學士班(日間),馬來西亞,東協,25,11,14,4,0,4,21,11,10,0,0,0,0,0,0
109,私立,一般大學,1035,中國醫藥大學,學士班(日間),新加坡共和國,東協,2,2,0,1,1,0,1,1,0,0,0,0,0,0,0
109,私立,一般大學,1035,中國醫藥大學,學士班(日間),越南社會主義共和國,東協,1,0,1,1,0,1,0,0,0,0,0,0,0,0,0
109,私立,一般大學,1035,中國醫藥大學,學士班(日間),香港,港澳,9,2,7,0,0,0,0,0,0,9,2,7,0,0,0
109,私立,一般大學,1035,中國醫藥大學,學士班(日間),澳門,港澳,17,11,6,0,0,0,0,0,0,17,11,6,0,0,0
109,私立,一般大學,1035,中國醫藥大學,學士班(日間),加拿大,北美洲,2,2,0,0,0,0,2,2,0,0,0,0,0,0,0
109,私立,一般大學,1035,中國醫藥大學,學士班(日間),大陸地區,大陸地區,7,2,5,0,0,0,0,0,0,0,0,0,7,2,5
109,私立,一般大學,1035,中國醫藥大學,碩士班(日間),印度,南亞,1,0,1,1,0,1,0,0,0,0,0,0,0,0,0
109,私立,一般大學,1035,中國醫藥大學,碩士班(日間),印度尼西亞共和國,東協,1,0,1,1,0,1,0,0,0,0,0,0,0,0,0
109,私立,一般大學,1035,中國醫藥大學,碩士班(日間),越南社會主義共和國,東協,9,4,5,9,4,5,0,0,0,0,0,0,0,0,0
109,私立,一般大學,1035,中國醫藥大學,碩士班(日間),香港,港澳,1,0,1,0,0,0,0,0,0,1,0,1,0,0,0
109,私立,一般大學,1035,中國醫藥大學,碩士班(日間),墨西哥合眾國,中南美洲,1,1,0,1,1,0,0,0,0,0,0,0,0,0,0
109,私立,一般大學,1035,中國醫藥大學,碩士班(日間),美國,北美洲,1,1,0,1,1,0,0,0,0,0,0,0,0,0,0
109,私立,一般大學,1035,中國醫藥大學,碩士班(日間),智利,中南美洲,1,0,1,1,0,1,0,0,0,0,0,0,0,0,0
109,私立,一般大學,1035,中國醫藥大學,碩士班(日間),哥倫比亞共和國,中南美洲,1,0,1,1,0,1,0,0,0,0,0,0,0,0,0
109,私立,一般大學,1035,中國醫藥大學,碩士班(日間),聖克里斯多福及尼維斯,中南美洲,1,1,0,1,1,0,0,0,0,0,0,0,0,0,0
109,私立,一般大學,1035,中國醫藥大學,碩士班(日間),大陸地區,大陸地區,1,0,1,0,0,0,0,0,0,0,0,0,1,0,1
109,私立,一般大學,1035,中國醫藥大學,博士班,印度,南亞,1,1,0,1,1,0,0,0,0,0,0,0,0,0,0
109,私立,一般大學,1035,中國醫藥大學,博士班,以色列,其他亞洲地區,1,1,0,1,1,0,0,0,0,0,0,0,0,0,0
109,私立,一般大學,1035,中國醫藥大學,博士班,巴基斯坦,南亞,1,1,0,1,1,0,0,0,0,0,0,0,0,0,0
109,私立,一般大學,1035,中國醫藥大學,博士班,越南社會主義共和國,東協,2,1,1,2,1,1,0,0,0,0,0,0,0,0,0
109,私立,一般大學,1035,中國醫藥大學,博士班,南非共和國,非洲,1,0,1,1,0,1,0,0,0,0,0,0,0,0,0
109,私立,一般大學,1035,中國醫藥大學,博士班,剛果民主共和國,非洲,1,0,1,1,0,1,0,0,0,0,0,0,0,0,0
109,私立,技專校院,1036,健行學校財團法人健行科技大學,學士班(日間),印度尼西亞共和國,東協,1,0,1,0,0,0,1,0,1,0,0,0,0,0,0
109,私立,技專校院,1036,健行學校財團法人健行科技大學,學士班(日間),馬來西亞,東協,19,10,9,19,10,9,0,0,0,0,0,0,0,0,0
109,私立,技專校院,1036,健行學校財團法人健行科技大學,學士班(日間),越南社會主義共和國,東協,1,0,1,1,0,1,0,0,0,0,0,0,0,0,0
109,私立,技專校院,1036,健行學校財團法人健行科技大學,學士班(日間),香港,港澳,2,2,0,0,0,0,0,0,0,2,2,0,0,0,0
109,私立,技專校院,1036,健行學校財團法人健行科技大學,學士班(日間),俄羅斯聯邦,其他亞洲地區,1,0,1,1,0,1,0,0,0,0,0,0,0,0,0
109,私立,技專校院,1036,健行學校財團法人健行科技大學,學士班(日間),聖文森(及格瑞那丁),中南美洲,1,1,0,1,1,0,0,0,0,0,0,0,0,0,0
109,私立,技專校院,1036,健行學校財團法人健行科技大學,碩士班(日間),馬來西亞,東協,1,0,1,1,0,1,0,0,0,0,0,0,0,0,0
109,私立,技專校院,1036,健行學校財團法人健行科技大學,碩士班(日間),越南社會主義共和國,東協,2,1,1,2,1,1,0,0,0,0,0,0,0,0,0
109,私立,技專校院,1037,正修學校財團法人正修科技大學,學士班(日間),印度尼西亞共和國,東協,21,16,5,12,12,0,9,4,5,0,0,0,0,0,0
109,私立,技專校院,1037,正修學校財團法人正修科技大學,學士班(日間),馬來西亞,東協,7,4,3,1,1,0,6,3,3,0,0,0,0,0,0
109,私立,技專校院,1037,正修學校財團法人正修科技大學,學士班(日間),泰國,東協,4,1,3,2,1,1,2,0,2,0,0,0,0,0,0
109,私立,技專校院,1037,正修學校財團法人正修科技大學,學士班(日間),越南社會主義共和國,東協,47,19,28,10,6,4,37,13,24,0,0,0,0,0,0
109,私立,技專校院,1037,正修學校財團法人正修科技大學,學士班(日間),香港,港澳,2,0,2,0,0,0,0,0,0,2,0,2,0,0,0
109,私立,技專校院,1037,正修學校財團法人正修科技大學,學士班(日間),大陸地區,大陸地區,3,2,1,0,0,0,0,0,0,0,0,0,3,2,1
109,私立,技專校院,1037,正修學校財團法人正修科技大學,碩士班(日間),泰國,東協,1,0,1,1,0,1,0,0,0,0,0,0,0,0,0
109,私立,技專校院,1038,萬能學校財團法人萬能科技大學,學士班(日間),印度尼西亞共和國,東協,2,2,0,1,1,0,1,1,0,0,0,0,0,0,0
109,私立,技專校院,1038,萬能學校財團法人萬能科技大學,學士班(日間),馬來西亞,東協,36,23,13,35,22,13,1,1,0,0,0,0,0,0,0
109,私立,技專校院,1038,萬能學校財團法人萬能科技大學,學士班(日間),泰國,東協,12,8,4,12,8,4,0,0,0,0,0,0,0,0,0
109,私立,技專校院,1038,萬能學校財團法人萬能科技大學,學士班(日間),越南社會主義共和國,東協,1,0,1,1,0,1,0,0,0,0,0,0,0,0,0
109,私立,技專校院,1038,萬能學校財團法人萬能科技大學,學士班(日間),香港,港澳,6,4,2,0,0,0,0,0,0,6,4,2,0,0,0
109,私立,技專校院,1038,萬能學校財團法人萬能科技大學,碩士班(日間),馬來西亞,東協,4,3,1,4,3,1,0,0,0,0,0,0,0,0,0
109,私立,技專校院,1038,萬能學校財團法人萬能科技大學,碩士班(日間),越南社會主義共和國,東協,1,1,0,1,1,0,0,0,0,0,0,0,0,0,0
109,私立,一般大學,1039,玄奘大學,學士班(日間),馬來西亞,東協,20,6,14,15,4,11,5,2,3,0,0,0,0,0,0
109,私立,一般大學,1039,玄奘大學,學士班(日間),香港,港澳,11,10,1,0,0,0,0,0,0,11,10,1,0,0,0
109,私立,一般大學,1039,玄奘大學,碩士班(日間),馬來西亞,東協,2,1,1,1,1,0,1,0,1,0,0,0,0,0,0
109,私立,一般大學,1039,玄奘大學,碩士班(日間),大陸地區,大陸地區,1,1,0,0,0,0,0,0,0,0,0,0,1,1,0
109,私立,技專校院,1040,建國科技大學,學士班(日間),日本,其他亞洲地區,4,0,4,4,0,4,0,0,0,0,0,0,0,0,0
109,私立,技專校院,1040,建國科技大學,學士班(日間),大韓民國(南韓),其他亞洲地區,1,1,0,1,1,0,0,0,0,0,0,0,0,0,0
109,私立,技專校院,1040,建國科技大學,學士班(日間),馬來西亞,東協,47,41,6,46,40,6,1,1,0,0,0,0,0,0,0
109,私立,技專校院,1040,建國科技大學,學士班(日間),香港,港澳,1,0,1,0,0,0,0,0,0,1,0,1,0,0,0
109,私立,技專校院,1040,建國科技大學,學士班(日間),蒙古國,其他亞洲地區,19,10,9,19,10,9,0,0,0,0,0,0,0,0,0
109,私立,技專校院,1040,建國科技大學,學士班(日間),大陸地區,大陸地區,1,1,0,0,0,0,0,0,0,0,0,0,1,1,0
109,私立,技專校院,1041,明志科技大學,學士班(日間),大韓民國(南韓),其他亞洲地區,1,1,0,0,0,0,1,1,0,0,0,0,0,0,0
109,私立,技專校院,1041,明志科技大學,學士班(日間),馬來西亞,東協,1,0,1,1,0,1,0,0,0,0,0,0,0,0,0
109,私立,技專校院,1041,明志科技大學,學士班(日間),大陸地區,大陸地區,7,5,2,0,0,0,0,0,0,0,0,0,7,5,2
109,私立,技專校院,1041,明志科技大學,碩士班(日間),印度,南亞,8,6,2,8,6,2,0,0,0,0,0,0,0,0,0
109,私立,技專校院,1041,明志科技大學,碩士班(日間),印度尼西亞共和國,東協,11,5,6,11,5,6,0,0,0,0,0,0,0,0,0
109,私立,技專校院,1041,明志科技大學,碩士班(日間),泰國,東協,5,2,3,5,2,3,0,0,0,0,0,0,0,0,0
109,私立,技專校院,1041,明志科技大學,碩士班(日間),越南社會主義共和國,東協,7,2,5,7,2,5,0,0,0,0,0,0,0,0,0
109,私立,技專校院,1041,明志科技大學,碩士班(日間),法國,歐洲,1,1,0,1,1,0,0,0,0,0,0,0,0,0,0
109,私立,技專校院,1041,明志科技大學,博士班,印度,南亞,2,1,1,2,1,1,0,0,0,0,0,0,0,0,0
109,私立,技專校院,1041,明志科技大學,博士班,衣索比亞聯邦民主共和國,非洲,1,1,0,1,1,0,0,0,0,0,0,0,0,0,0
109,私立,技專校院,1042,高苑科技大學,學士班(日間),馬來西亞,東協,4,4,0,3,3,0,1,1,0,0,0,0,0,0,0
109,私立,技專校院,1042,高苑科技大學,學士班(日間),泰國,東協,1,0,1,1,0,1,0,0,0,0,0,0,0,0,0
109,私立,技專校院,1042,高苑科技大學,學士班(日間),越南社會主義共和國,東協,13,6,7,0,0,0,13,6,7,0,0,0,0,0,0
109,私立,技專校院,1042,高苑科技大學,學士班(日間),香港,港澳,1,1,0,0,0,0,0,0,0,1,1,0,0,0,0
109,私立,技專校院,1042,高苑科技大學,學士班(日間),澳門,港澳,1,0,1,0,0,0,0,0,0,1,0,1,0,0,0
109,私立,技專校院,1042,高苑科技大學,碩士班(日間),越南社會主義共和國,東協,1,0,1,1,0,1,0,0,0,0,0,0,0,0,0
109,私立,技專校院,1043,大仁科技大學,學士班(日間),印度尼西亞共和國,東協,1,1,0,0,0,0,1,1,0,0,0,0,0,0,0
109,私立,技專校院,1043,大仁科技大學,學士班(日間),馬來西亞,東協,6,1,5,4,1,3,2,0,2,0,0,0,0,0,0
109,私立,技專校院,1043,大仁科技大學,學士班(日間),香港,港澳,13,3,10,0,0,0,0,0,0,13,3,10,0,0,0
109,私立,技專校院,1043,大仁科技大學,學士班(日間),澳門,港澳,1,1,0,0,0,0,0,0,0,1,1,0,0,0,0
109,私立,技專校院,1043,大仁科技大學,學士班(日間),大陸地區,大陸地區,1,0,1,0,0,0,0,0,0,0,0,0,1,0,1
109,私立,技專校院,1044,聖約翰科技大學,學士班(日間),日本,其他亞洲地區,1,1,0,0,0,0,1,1,0,0,0,0,0,0,0
109,私立,技專校院,1044,聖約翰科技大學,學士班(日間),馬來西亞,東協,15,12,3,14,12,2,1,0,1,0,0,0,0,0,0
109,私立,技專校院,1044,聖約翰科技大學,學士班(日間),越南社會主義共和國,東協,25,9,16,25,9,16,0,0,0,0,0,0,0,0,0
109,私立,技專校院,1044,聖約翰科技大學,學士班(日間),香港,港澳,7,6,1,0,0,0,0,0,0,7,6,1,0,0,0
109,私立,技專校院,1044,聖約翰科技大學,學士班(日間),大陸地區,大陸地區,5,4,1,0,0,0,0,0,0,0,0,0,5,4,1
109,私立,技專校院,1044,聖約翰科技大學,碩士班(日間),馬來西亞,東協,3,3,0,3,3,0,0,0,0,0,0,0,0,0,0
109,私立,技專校院,1044,聖約翰科技大學,碩士班(日間),越南社會主義共和國,東協,2,1,1,2,1,1,0,0,0,0,0,0,0,0,0
109,私立,技專校院,1045,嶺東科技大學,學士班(日間),印度尼西亞共和國,東協,1,0,1,0,0,0,1,0,1,0,0,0,0,0,0
109,私立,技專校院,1045,嶺東科技大學,學士班(日間),馬來西亞,東協,6,2,4,5,1,4,1,1,0,0,0,0,0,0,0
109,私立,技專校院,1045,嶺東科技大學,學士班(日間),香港,港澳,2,2,0,0,0,0,0,0,0,2,2,0,0,0,0
109,私立,技專校院,1045,嶺東科技大學,學士班(日間),澳門,港澳,1,0,1,0,0,0,0,0,0,1,0,1,0,0,0
109,私立,技專校院,1045,嶺東科技大學,學士班(日間),大陸地區,大陸地區,14,4,10,0,0,0,0,0,0,0,0,0,14,4,10
109,私立,技專校院,1045,嶺東科技大學,碩士班(日間),越南社會主義共和國,東協,1,0,1,1,0,1,0,0,0,0,0,0,0,0,0
109,私立,技專校院,1045,嶺東科技大學,碩士班(日間),大陸地區,大陸地區,5,3,2,0,0,0,0,0,0,0,0,0,5,3,2
109,私立,技專校院,1046,中國科技大學,學士班(日間),印度尼西亞共和國,東協,1,1,0,0,0,0,1,1,0,0,0,0,0,0,0
109,私立,技專校院,1046,中國科技大學,學士班(日間),日本,其他亞洲地區,1,0,1,1,0,1,0,0,0,0,0,0,0,0,0
109,私立,技專校院,1046,中國科技大學,學士班(日間),馬來西亞,東協,14,8,6,14,8,6,0,0,0,0,0,0,0,0,0
109,私立,技專校院,1046,中國科技大學,學士班(日間),越南社會主義共和國,東協,2,1,1,1,0,1,1,1,0,0,0,0,0,0,0
109,私立,技專校院,1046,中國科技大學,學士班(日間),香港,港澳,2,1,1,0,0,0,0,0,0,2,1,1,0,0,0
109,私立,技專校院,1046,中國科技大學,學士班(日間),澳門,港澳,1,1,0,0,0,0,0,0,0,1,1,0,0,0,0
109,私立,技專校院,1046,中國科技大學,學士班(日間),大陸地區,大陸地區,13,5,8,0,0,0,0,0,0,0,0,0,13,5,8
109,私立,技專校院,1046,中國科技大學,碩士班(日間),馬來西亞,東協,1,0,1,1,0,1,0,0,0,0,0,0,0,0,0
109,私立,技專校院,1047,中臺科技大學,二專(日間),越南社會主義共和國,東協,17,7,10,17,7,10,0,0,0,0,0,0,0,0,0
109,私立,技專校院,1047,中臺科技大學,學士班(日間),馬來西亞,東協,2,1,1,2,1,1,0,0,0,0,0,0,0,0,0
109,私立,技專校院,1047,中臺科技大學,學士班(日間),大陸地區,大陸地區,2,1,1,0,0,0,0,0,0,0,0,0,2,1,1
109,私立,一般大學,1048,亞洲大學,學士班(日間),印度尼西亞共和國,東協,12,4,8,12,4,8,0,0,0,0,0,0,0,0,0
109,私立,一般大學,1048,亞洲大學,學士班(日間),日本,其他亞洲地區,10,4,6,10,4,6,0,0,0,0,0,0,0,0,0
109,私立,一般大學,1048,亞洲大學,學士班(日間),馬來西亞,東協,12,2,10,2,1,1,10,1,9,0,0,0,0,0,0
109,私立,一般大學,1048,亞洲大學,學士班(日間),泰國,東協,1,0,1,1,0,1,0,0,0,0,0,0,0,0,0
109,私立,一般大學,1048,亞洲大學,學士班(日間),香港,港澳,8,2,6,0,0,0,0,0,0,8,2,6,0,0,0
109,私立,一般大學,1048,亞洲大學,學士班(日間),澳門,港澳,8,3,5,0,0,0,0,0,0,8,3,5,0,0,0
109,私立,一般大學,1048,亞洲大學,學士班(日間),蒙古國,其他亞洲地區,33,8,25,33,8,25,0,0,0,0,0,0,0,0,0
109,私立,一般大學,1048,亞洲大學,學士班(日間),瓜地馬拉共和國,中南美洲,1,0,1,1,0,1,0,0,0,0,0,0,0,0,0
109,私立,一般大學,1048,亞洲大學,學士班(日間),大陸地區,大陸地區,9,7,2,0,0,0,0,0,0,0,0,0,9,7,2
109,私立,一般大學,1048,亞洲大學,碩士班(日間),印度,南亞,5,4,1,5,4,1,0,0,0,0,0,0,0,0,0
109,私立,一般大學,1048,亞洲大學,碩士班(日間),印度尼西亞共和國,東協,22,11,11,22,11,11,0,0,0,0,0,0,0,0,0
109,私立,一般大學,1048,亞洲大學,碩士班(日間),菲律賓共和國,東協,1,0,1,1,0,1,0,0,0,0,0,0,0,0,0
109,私立,一般大學,1048,亞洲大學,碩士班(日間),泰國,東協,3,0,3,3,0,3,0,0,0,0,0,0,0,0,0
109,私立,一般大學,1048,亞洲大學,碩士班(日間),越南社會主義共和國,東協,2,0,2,2,0,2,0,0,0,0,0,0,0,0,0
109,私立,一般大學,1048,亞洲大學,碩士班(日間),香港,港澳,1,0,1,0,0,0,0,0,0,1,0,1,0,0,0
109,私立,一般大學,1048,亞洲大學,碩士班(日間),澳門,港澳,1,0,1,0,0,0,0,0,0,1,0,1,0,0,0
109,私立,一般大學,1048,亞洲大學,碩士班(日間),蒙古國,其他亞洲地區,1,0,1,1,0,1,0,0,0,0,0,0,0,0,0
109,私立,一般大學,1048,亞洲大學,碩士班(日間),甘比亞共和國,非洲,1,1,0,1,1,0,0,0,0,0,0,0,0,0,0
109,私立,一般大學,1048,亞洲大學,碩士班(日間),盧安達共和國,非洲,1,1,0,1,1,0,0,0,0,0,0,0,0,0,0
109,私立,一般大學,1048,亞洲大學,碩士班(日間),美國,北美洲,1,1,0,1,1,0,0,0,0,0,0,0,0,0,0
109,私立,一般大學,1048,亞洲大學,碩士班(日間),大陸地區,大陸地區,4,3,1,0,0,0,0,0,0,0,0,0,4,3,1
109,私立,一般大學,1048,亞洲大學,博士班,印度尼西亞共和國,東協,4,3,1,4,3,1,0,0,0,0,0,0,0,0,0
109,私立,一般大學,1048,亞洲大學,博士班,泰國,東協,1,0,1,1,0,1,0,0,0,0,0,0,0,0,0
109,私立,一般大學,1048,亞洲大學,博士班,衣索比亞聯邦民主共和國,非洲,1,1,0,1,1,0,0,0,0,0,0,0,0,0,0
109,私立,一般大學,1048,亞洲大學,博士班,大陸地區,大陸地區,1,0,1,0,0,0,0,0,0,0,0,0,1,0,1
109,私立,一般大學,1049,開南大學,學士班(日間),印度尼西亞共和國,東協,2,1,1,1,0,1,1,1,0,0,0,0,0,0,0
109,私立,一般大學,1049,開南大學,學士班(日間),日本,其他亞洲地區,9,5,4,9,5,4,0,0,0,0,0,0,0,0,0
109,私立,一般大學,1049,開南大學,學士班(日間),馬來西亞,東協,3,2,1,0,0,0,3,2,1,0,0,0,0,0,0
109,私立,一般大學,1049,開南大學,學士班(日間),菲律賓共和國,東協,1,0,1,1,0,1,0,0,0,0,0,0,0,0,0
109,私立,一般大學,1049,開南大學,學士班(日間),泰國,東協,2,0,2,2,0,2,0,0,0,0,0,0,0,0,0
109,私立,一般大學,1049,開南大學,學士班(日間),越南社會主義共和國,東協,64,17,47,60,14,46,4,3,1,0,0,0,0,0,0
109,私立,一般大學,1049,開南大學,學士班(日間),蒙古國,其他亞洲地區,10,8,2,10,8,2,0,0,0,0,0,0,0,0,0
109,私立,一般大學,1049,開南大學,學士班(日間),俄羅斯聯邦,其他亞洲地區,1,0,1,1,0,1,0,0,0,0,0,0,0,0,0
109,私立,一般大學,1049,開南大學,學士班(日間),帛琉共和國,其他亞洲地區,2,2,0,2,2,0,0,0,0,0,0,0,0,0,0
109,私立,一般大學,1049,開南大學,學士班(日間),海地共和國,中南美洲,6,5,1,6,5,1,0,0,0,0,0,0,0,0,0
109,私立,一般大學,1049,開南大學,學士班(日間),美國,北美洲,1,1,0,1,1,0,0,0,0,0,0,0,0,0,0
109,私立,一般大學,1049,開南大學,學士班(日間),大陸地區,大陸地區,1,1,0,0,0,0,0,0,0,0,0,0,1,1,0
109,私立,一般大學,1049,開南大學,碩士班(日間),越南社會主義共和國,東協,1,1,0,1,1,0,0,0,0,0,0,0,0,0,0
109,私立,一般大學,1050,佛光大學,學士班(日間),印度尼西亞共和國,東協,7,1,6,3,0,3,4,1,3,0,0,0,0,0,0
109,私立,一般大學,1050,佛光大學,學士班(日間),馬來西亞,東協,12,4,8,1,0,1,11,4,7,0,0,0,0,0,0
109,私立,一般大學,1050,佛光大學,學士班(日間),越南社會主義共和國,東協,2,0,2,2,0,2,0,0,0,0,0,0,0,0,0
109,私立,一般大學,1050,佛光大學,學士班(日間),香港,港澳,2,0,2,0,0,0,0,0,0,2,0,2,0,0,0
109,私立,一般大學,1050,佛光大學,學士班(日間),澳門,港澳,1,1,0,0,0,0,0,0,0,1,1,0,0,0,0
109,私立,一般大學,1050,佛光大學,學士班(日間),大陸地區,大陸地區,2,0,2,0,0,0,0,0,0,0,0,0,2,0,2
109,私立,一般大學,1050,佛光大學,碩士班(日間),馬來西亞,東協,1,1,0,1,1,0,0,0,0,0,0,0,0,0,0
109,私立,一般大學,1050,佛光大學,碩士班(日間),越南社會主義共和國,東協,1,1,0,1,1,0,0,0,0,0,0,0,0,0,0
109,私立,一般大學,1050,佛光大學,碩士班(日間),吉爾吉斯,其他亞洲地區,1,0,1,1,0,1,0,0,0,0,0,0,0,0,0
109,私立,一般大學,1050,佛光大學,碩士班(日間),大陸地區,大陸地區,1,0,1,0,0,0,0,0,0,0,0,0,1,0,1
109,私立,技專校院,1051,台南家專學校財團法人台南應用科技大學,學士班(日間),馬來西亞,東協,9,0,9,4,0,4,5,0,5,0,0,0,0,0,0
109,私立,技專校院,1051,台南家專學校財團法人台南應用科技大學,學士班(日間),香港,港澳,5,0,5,0,0,0,0,0,0,5,0,5,0,0,0
109,私立,技專校院,1051,台南家專學校財團法人台南應用科技大學,學士班(日間),澳門,港澳,1,1,0,0,0,0,0,0,0,1,1,0,0,0,0
109,私立,技專校院,1051,台南家專學校財團法人台南應用科技大學,學士班(日間),大陸地區,大陸地區,6,1,5,0,0,0,0,0,0,0,0,0,6,1,5
109,私立,技專校院,1051,台南家專學校財團法人台南應用科技大學,碩士班(日間),大陸地區,大陸地區,4,2,2,0,0,0,0,0,0,0,0,0,4,2,2
109,私立,技專校院,1052,遠東科技大學,學士班(日間),印度尼西亞共和國,東協,51,35,16,51,35,16,0,0,0,0,0,0,0,0,0
109,私立,技專校院,1052,遠東科技大學,學士班(日間),大韓民國(南韓),其他亞洲地區,2,2,0,2,2,0,0,0,0,0,0,0,0,0,0
109,私立,技專校院,1052,遠東科技大學,學士班(日間),馬來西亞,東協,6,5,1,6,5,1,0,0,0,0,0,0,0,0,0
109,私立,技專校院,1052,遠東科技大學,學士班(日間),香港,港澳,1,1,0,0,0,0,0,0,0,1,1,0,0,0,0
109,私立,技專校院,1052,遠東科技大學,學士班(日間),大陸地區,大陸地區,1,0,1,0,0,0,0,0,0,0,0,0,1,0,1
109,私立,技專校院,1052,遠東科技大學,碩士班(日間),越南社會主義共和國,東協,1,1,0,1,1,0,0,0,0,0,0,0,0,0,0
109,私立,技專校院,1053,光宇學校財團法人元培醫事科技大學,學士班(日間),日本,其他亞洲地區,1,1,0,1,1,0,0,0,0,0,0,0,0,0,0
109,私立,技專校院,1053,光宇學校財團法人元培醫事科技大學,學士班(日間),馬來西亞,東協,7,5,2,7,5,2,0,0,0,0,0,0,0,0,0
109,私立,技專校院,1053,光宇學校財團法人元培醫事科技大學,學士班(日間),香港,港澳,4,3,1,0,0,0,0,0,0,4,3,1,0,0,0
109,私立,技專校院,1053,光宇學校財團法人元培醫事科技大學,學士班(日間),加拿大,北美洲,1,1,0,1,1,0,0,0,0,0,0,0,0,0,0
109,私立,技專校院,1053,光宇學校財團法人元培醫事科技大學,學士班(日間),美國,北美洲,1,0,1,0,0,0,1,0,1,0,0,0,0,0,0
109,私立,技專校院,1054,景文科技大學,學士班(日間),日本,其他亞洲地區,3,1,2,2,1,1,1,0,1,0,0,0,0,0,0
109,私立,技專校院,1054,景文科技大學,學士班(日間),馬來西亞,東協,8,2,6,5,1,4,3,1,2,0,0,0,0,0,0
109,私立,技專校院,1054,景文科技大學,學士班(日間),越南社會主義共和國,東協,35,11,24,34,10,24,1,1,0,0,0,0,0,0,0
109,私立,技專校院,1054,景文科技大學,學士班(日間),香港,港澳,17,7,10,0,0,0,0,0,0,17,7,10,0,0,0
109,私立,技專校院,1054,景文科技大學,學士班(日間),澳門,港澳,5,2,3,0,0,0,0,0,0,5,2,3,0,0,0
109,私立,技專校院,1054,景文科技大學,學士班(日間),蒙古國,其他亞洲地區,1,1,0,1,1,0,0,0,0,0,0,0,0,0,0
109,私立,技專校院,1054,景文科技大學,學士班(日間),大陸地區,大陸地區,7,2,5,0,0,0,0,0,0,0,0,0,7,2,5
109,私立,技專校院,1055,中華醫事科技大學,學士班(日間),馬來西亞,東協,1,0,1,1,0,1,0,0,0,0,0,0,0,0,0
109,私立,技專校院,1055,中華醫事科技大學,學士班(日間),越南社會主義共和國,東協,2,0,2,2,0,2,0,0,0,0,0,0,0,0,0
109,私立,技專校院,1056,東南科技大學,學士班(日間),馬來西亞,東協,16,10,6,3,3,0,13,7,6,0,0,0,0,0,0
109,私立,技專校院,1056,東南科技大學,學士班(日間),越南社會主義共和國,東協,3,1,2,2,0,2,1,1,0,0,0,0,0,0,0
109,私立,技專校院,1056,東南科技大學,學士班(日間),香港,港澳,2,0,2,0,0,0,0,0,0,2,0,2,0,0,0
109,私立,技專校院,1056,東南科技大學,學士班(日間),澳門,港澳,2,1,1,0,0,0,0,0,0,2,1,1,0,0,0
109,私立,技專校院,1057,德明財經科技大學,學士班(日間),印度尼西亞共和國,東協,2,0,2,2,0,2,0,0,0,0,0,0,0,0,0
109,私立,技專校院,1057,德明財經科技大學,學士班(日間),日本,其他亞洲地區,1,1,0,1,1,0,0,0,0,0,0,0,0,0,0
109,私立,技專校院,1057,德明財經科技大學,學士班(日間),馬來西亞,東協,2,1,1,1,0,1,1,1,0,0,0,0,0,0,0
109,私立,技專校院,1057,德明財經科技大學,學士班(日間),越南社會主義共和國,東協,35,12,23,35,12,23,0,0,0,0,0,0,0,0,0
109,私立,技專校院,1057,德明財經科技大學,碩士班(日間),越南社會主義共和國,東協,2,2,0,2,2,0,0,0,0,0,0,0,0,0,0
109,私立,一般大學,1058,明道學校財團法人明道大學,學士班(日間),印度尼西亞共和國,東協,2,0,2,2,0,2,0,0,0,0,0,0,0,0,0
109,私立,一般大學,1058,明道學校財團法人明道大學,學士班(日間),日本,其他亞洲地區,3,0,3,3,0,3,0,0,0,0,0,0,0,0,0
109,私立,一般大學,1058,明道學校財團法人明道大學,學士班(日間),大韓民國(南韓),其他亞洲地區,3,2,1,3,2,1,0,0,0,0,0,0,0,0,0
109,私立,一般大學,1058,明道學校財團法人明道大學,學士班(日間),馬來西亞,東協,14,9,5,8,4,4,6,5,1,0,0,0,0,0,0
109,私立,一般大學,1058,明道學校財團法人明道大學,學士班(日間),香港,港澳,10,8,2,0,0,0,0,0,0,10,8,2,0,0,0
109,私立,一般大學,1058,明道學校財團法人明道大學,學士班(日間),澳門,港澳,2,1,1,0,0,0,0,0,0,2,1,1,0,0,0
109,私立,一般大學,1058,明道學校財團法人明道大學,學士班(日間),英國,歐洲,1,1,0,1,1,0,0,0,0,0,0,0,0,0,0
109,私立,一般大學,1058,明道學校財團法人明道大學,學士班(日間),大陸地區,大陸地區,2,1,1,0,0,0,0,0,0,0,0,0,2,1,1
109,私立,一般大學,1058,明道學校財團法人明道大學,碩士班(日間),大韓民國(南韓),其他亞洲地區,1,1,0,1,1,0,0,0,0,0,0,0,0,0,0
109,私立,一般大學,1058,明道學校財團法人明道大學,碩士班(日間),馬來西亞,東協,1,1,0,0,0,0,1,1,0,0,0,0,0,0,0
109,私立,一般大學,1058,明道學校財團法人明道大學,碩士班(日間),泰國,東協,1,0,1,1,0,1,0,0,0,0,0,0,0,0,0
109,私立,一般大學,1058,明道學校財團法人明道大學,碩士班(日間),越南社會主義共和國,東協,1,1,0,1,1,0,0,0,0,0,0,0,0,0,0
109,私立,一般大學,1058,明道學校財團法人明道大學,碩士班(日間),蒙古國,其他亞洲地區,7,0,7,7,0,7,0,0,0,0,0,0,0,0,0
109,私立,一般大學,1058,明道學校財團法人明道大學,博士班,大陸地區,大陸地區,1,1,0,0,0,0,0,0,0,0,0,0,1,1,0
109,私立,技專校院,1060,南開科技大學,學士班(日間),印度尼西亞共和國,東協,1,1,0,0,0,0,1,1,0,0,0,0,0,0,0
109,私立,技專校院,1060,南開科技大學,學士班(日間),馬來西亞,東協,39,35,4,3,3,0,36,32,4,0,0,0,0,0,0
109,私立,技專校院,1060,南開科技大學,學士班(日間),越南社會主義共和國,東協,1,1,0,0,0,0,1,1,0,0,0,0,0,0,0
109,私立,技專校院,1060,南開科技大學,學士班(日間),澳門,港澳,4,4,0,0,0,0,0,0,0,4,4,0,0,0,0
109,私立,技專校院,1061,中華學校財團法人中華科技大學,學士班(日間),大陸地區,大陸地區,2,2,0,0,0,0,0,0,0,0,0,0,2,2,0
109,私立,技專校院,1062,僑光科技大學,學士班(日間),印度尼西亞共和國,東協,36,27,9,36,27,9,0,0,0,0,0,0,0,0,0
109,私立,技專校院,1062,僑光科技大學,學士班(日間),馬來西亞,東協,22,13,9,19,12,7,3,1,2,0,0,0,0,0,0
109,私立,技專校院,1062,僑光科技大學,學士班(日間),泰國,東協,1,1,0,1,1,0,0,0,0,0,0,0,0,0,0
109,私立,技專校院,1062,僑光科技大學,學士班(日間),澳門,港澳,1,0,1,0,0,0,0,0,0,1,0,1,0,0,0
109,私立,技專校院,1062,僑光科技大學,學士班(日間),大陸地區,大陸地區,1,1,0,0,0,0,0,0,0,0,0,0,1,1,0
109,私立,技專校院,1063,廣亞學校財團法人育達科技大學,學士班(日間),馬來西亞,東協,1,1,0,0,0,0,1,1,0,0,0,0,0,0,0
109,私立,技專校院,1063,廣亞學校財團法人育達科技大學,學士班(日間),越南社會主義共和國,東協,1,0,1,1,0,1,0,0,0,0,0,0,0,0,0
109,私立,技專校院,1063,廣亞學校財團法人育達科技大學,碩士班(日間),菲律賓共和國,東協,4,1,3,4,1,3,0,0,0,0,0,0,0,0,0
109,私立,技專校院,1064,美和學校財團法人美和科技大學,學士班(日間),印度尼西亞共和國,東協,26,10,16,26,10,16,0,0,0,0,0,0,0,0,0
109,私立,技專校院,1064,美和學校財團法人美和科技大學,學士班(日間),馬來西亞,東協,1,1,0,0,0,0,1,1,0,0,0,0,0,0,0
109,私立,技專校院,1064,美和學校財團法人美和科技大學,學士班(日間),香港,港澳,1,0,1,0,0,0,0,0,0,1,0,1,0,0,0
109,私立,技專校院,1065,吳鳳科技大學,學士班(日間),馬來西亞,東協,1,0,1,0,0,0,1,0,1,0,0,0,0,0,0
109,私立,技專校院,1066,環球學校財團法人環球科技大學,學士班(日間),印度尼西亞共和國,東協,63,44,19,62,43,19,1,1,0,0,0,0,0,0,0
109,私立,技專校院,1066,環球學校財團法人環球科技大學,學士班(日間),日本,其他亞洲地區,2,0,2,2,0,2,0,0,0,0,0,0,0,0,0
109,私立,技專校院,1066,環球學校財團法人環球科技大學,學士班(日間),馬來西亞,東協,53,31,22,42,26,16,11,5,6,0,0,0,0,0,0
109,私立,技專校院,1066,環球學校財團法人環球科技大學,學士班(日間),新加坡共和國,東協,1,0,1,1,0,1,0,0,0,0,0,0,0,0,0
109,私立,技專校院,1066,環球學校財團法人環球科技大學,學士班(日間),泰國,東協,1,0,1,1,0,1,0,0,0,0,0,0,0,0,0
109,私立,技專校院,1066,環球學校財團法人環球科技大學,學士班(日間),汶萊和平之國,東協,1,0,1,0,0,0,1,0,1,0,0,0,0,0,0
109,私立,技專校院,1066,環球學校財團法人環球科技大學,學士班(日間),香港,港澳,4,1,3,0,0,0,0,0,0,4,1,3,0,0,0
109,私立,技專校院,1066,環球學校財團法人環球科技大學,碩士班(日間),馬來西亞,東協,5,3,2,5,3,2,0,0,0,0,0,0,0,0,0
109,私立,技專校院,1066,環球學校財團法人環球科技大學,碩士班(日間),菲律賓共和國,東協,3,1,2,3,1,2,0,0,0,0,0,0,0,0,0
109,私立,一般大學,1067,台灣首府學校財團法人台灣首府大學,學士班(日間),印度尼西亞共和國,東協,18,7,11,4,2,2,14,5,9,0,0,0,0,0,0
109,私立,一般大學,1067,台灣首府學校財團法人台灣首府大學,學士班(日間),馬來西亞,東協,12,5,7,4,2,2,8,3,5,0,0,0,0,0,0
109,私立,一般大學,1067,台灣首府學校財團法人台灣首府大學,學士班(日間),泰國,東協,1,0,1,1,0,1,0,0,0,0,0,0,0,0,0
109,私立,一般大學,1067,台灣首府學校財團法人台灣首府大學,學士班(日間),香港,港澳,2,1,1,0,0,0,0,0,0,2,1,1,0,0,0
109,私立,一般大學,1067,台灣首府學校財團法人台灣首府大學,學士班(日間),澳門,港澳,9,3,6,0,0,0,0,0,0,9,3,6,0,0,0
109,私立,一般大學,1067,台灣首府學校財團法人台灣首府大學,學士班(日間),大陸地區,大陸地區,1,0,1,0,0,0,0,0,0,0,0,0,1,0,1
109,私立,一般大學,1067,台灣首府學校財團法人台灣首府大學,碩士班(日間),印度尼西亞共和國,東協,1,0,1,0,0,0,1,0,1,0,0,0,0,0,0
109,私立,技專校院,1068,中州學校財團法人中州科技大學,學士班(日間),馬來西亞,東協,17,11,6,17,11,6,0,0,0,0,0,0,0,0,0
109,私立,技專校院,1068,中州學校財團法人中州科技大學,學士班(日間),越南社會主義共和國,東協,3,1,2,3,1,2,0,0,0,0,0,0,0,0,0
109,私立,技專校院,1068,中州學校財團法人中州科技大學,學士班(日間),蒙古國,其他亞洲地區,5,1,4,5,1,4,0,0,0,0,0,0,0,0,0
109,私立,技專校院,1068,中州學校財團法人中州科技大學,學士班(日間),史瓦帝尼王國,非洲,2,1,1,2,1,1,0,0,0,0,0,0,0,0,0
109,私立,技專校院,1069,修平學校財團法人修平科技大學,學士班(日間),日本,其他亞洲地區,1,1,0,0,0,0,1,1,0,0,0,0,0,0,0
109,私立,技專校院,1069,修平學校財團法人修平科技大學,學士班(日間),馬來西亞,東協,8,8,0,8,8,0,0,0,0,0,0,0,0,0,0
109,私立,技專校院,1069,修平學校財團法人修平科技大學,學士班(日間),越南社會主義共和國,東協,1,0,1,1,0,1,0,0,0,0,0,0,0,0,0
109,私立,技專校院,1069,修平學校財團法人修平科技大學,碩士班(日間),印度尼西亞共和國,東協,1,1,0,1,1,0,0,0,0,0,0,0,0,0,0
109,私立,技專校院,1070,長庚學校財團法人長庚科技大學,學士班(日間),香港,港澳,12,6,6,0,0,0,0,0,0,12,6,6,0,0,0
109,私立,技專校院,1070,長庚學校財團法人長庚科技大學,學士班(日間),澳門,港澳,3,1,2,0,0,0,0,0,0,3,1,2,0,0,0
109,私立,技專校院,1070,長庚學校財團法人長庚科技大學,學士班(日間),大陸地區,大陸地區,1,0,1,0,0,0,0,0,0,0,0,0,1,0,1
109,私立,技專校院,1071,城市學校財團法人臺北城市科技大學,學士班(日間),馬來西亞,東協,3,2,1,3,2,1,0,0,0,0,0,0,0,0,0
109,私立,技專校院,1071,城市學校財團法人臺北城市科技大學,學士班(日間),香港,港澳,1,0,1,0,0,0,0,0,0,1,0,1,0,0,0
109,私立,技專校院,1071,城市學校財團法人臺北城市科技大學,學士班(日間),澳門,港澳,2,0,2,0,0,0,0,0,0,2,0,2,0,0,0
109,私立,技專校院,1071,城市學校財團法人臺北城市科技大學,學士班(日間),馬拉威共和國,非洲,2,2,0,2,2,0,0,0,0,0,0,0,0,0,0
109,私立,技專校院,1072,大華學校財團法人敏實科技大學,學士班(日間),印度尼西亞共和國,東協,1,0,1,0,0,0,1,0,1,0,0,0,0,0,0
109,私立,技專校院,1072,大華學校財團法人敏實科技大學,學士班(日間),馬來西亞,東協,10,2,8,10,2,8,0,0,0,0,0,0,0,0,0
109,私立,技專校院,1073,醒吾學校財團法人醒吾科技大學,學士班(日間),印度尼西亞共和國,東協,39,5,34,38,4,34,1,1,0,0,0,0,0,0,0
109,私立,技專校院,1073,醒吾學校財團法人醒吾科技大學,學士班(日間),馬來西亞,東協,6,3,3,3,2,1,3,1,2,0,0,0,0,0,0
109,私立,技專校院,1073,醒吾學校財團法人醒吾科技大學,學士班(日間),越南社會主義共和國,東協,79,33,46,79,33,46,0,0,0,0,0,0,0,0,0
109,私立,技專校院,1073,醒吾學校財團法人醒吾科技大學,學士班(日間),香港,港澳,3,0,3,0,0,0,0,0,0,3,0,3,0,0,0
109,私立,技專校院,1073,醒吾學校財團法人醒吾科技大學,學士班(日間),澳門,港澳,1,0,1,0,0,0,0,0,0,1,0,1,0,0,0
109,私立,技專校院,1073,醒吾學校財團法人醒吾科技大學,學士班(日間),紐西蘭,其他亞洲地區,1,1,0,0,0,0,1,1,0,0,0,0,0,0,0
109,私立,技專校院,1073,醒吾學校財團法人醒吾科技大學,學士班(日間),大陸地區,大陸地區,2,0,2,0,0,0,0,0,0,0,0,0,2,0,2
109,私立,技專校院,1073,醒吾學校財團法人醒吾科技大學,碩士班(日間),馬來西亞,東協,1,0,1,1,0,1,0,0,0,0,0,0,0,0,0
109,私立,技專校院,1075,文藻學校財團法人文藻外語大學,五專,日本,其他亞洲地區,2,0,2,0,0,0,2,0,2,0,0,0,0,0,0
109,私立,技專校院,1075,文藻學校財團法人文藻外語大學,五專,越南社會主義共和國,東協,1,0,1,0,0,0,1,0,1,0,0,0,0,0,0
109,私立,技專校院,1075,文藻學校財團法人文藻外語大學,五專,義大利共和國,歐洲,1,0,1,1,0,1,0,0,0,0,0,0,0,0,0
109,私立,技專校院,1075,文藻學校財團法人文藻外語大學,五專,哥斯大黎加共和國,中南美洲,1,0,1,0,0,0,1,0,1,0,0,0,0,0,0
109,私立,技專校院,1075,文藻學校財團法人文藻外語大學,學士班(日間),印度,南亞,2,0,2,2,0,2,0,0,0,0,0,0,0,0,0
109,私立,技專校院,1075,文藻學校財團法人文藻外語大學,學士班(日間),印度尼西亞共和國,東協,9,0,9,9,0,9,0,0,0,0,0,0,0,0,0
109,私立,技專校院,1075,文藻學校財團法人文藻外語大學,學士班(日間),日本,其他亞洲地區,12,0,12,12,0,12,0,0,0,0,0,0,0,0,0
109,私立,技專校院,1075,文藻學校財團法人文藻外語大學,學士班(日間),馬來西亞,東協,3,0,3,1,0,1,2,0,2,0,0,0,0,0,0
109,私立,技專校院,1075,文藻學校財團法人文藻外語大學,學士班(日間),泰國,東協,2,0,2,1,0,1,1,0,1,0,0,0,0,0,0
109,私立,技專校院,1075,文藻學校財團法人文藻外語大學,學士班(日間),越南社會主義共和國,東協,11,3,8,10,2,8,1,1,0,0,0,0,0,0,0
109,私立,技專校院,1075,文藻學校財團法人文藻外語大學,學士班(日間),香港,港澳,5,1,4,0,0,0,0,0,0,5,1,4,0,0,0
109,私立,技專校院,1075,文藻學校財團法人文藻外語大學,學士班(日間),蒙古國,其他亞洲地區,1,1,0,1,1,0,0,0,0,0,0,0,0,0,0
109,私立,技專校院,1075,文藻學校財團法人文藻外語大學,學士班(日間),法國,歐洲,1,1,0,1,1,0,0,0,0,0,0,0,0,0,0
109,私立,技專校院,1075,文藻學校財團法人文藻外語大學,學士班(日間),義大利共和國,歐洲,1,1,0,1,1,0,0,0,0,0,0,0,0,0,0
109,私立,技專校院,1075,文藻學校財團法人文藻外語大學,學士班(日間),葡萄牙共和國,歐洲,1,1,0,1,1,0,0,0,0,0,0,0,0,0,0
109,私立,技專校院,1075,文藻學校財團法人文藻外語大學,學士班(日間),美國,北美洲,1,0,1,1,0,1,0,0,0,0,0,0,0,0,0
109,私立,技專校院,1075,文藻學校財團法人文藻外語大學,學士班(日間),巴西聯邦共和國,中南美洲,1,1,0,1,1,0,0,0,0,0,0,0,0,0,0
109,私立,技專校院,1075,文藻學校財團法人文藻外語大學,學士班(日間),大陸地區,大陸地區,10,2,8,0,0,0,0,0,0,0,0,0,10,2,8
109,私立,技專校院,1075,文藻學校財團法人文藻外語大學,碩士班(日間),印度尼西亞共和國,東協,1,0,1,1,0,1,0,0,0,0,0,0,0,0,0
109,私立,技專校院,1075,文藻學校財團法人文藻外語大學,碩士班(日間),日本,其他亞洲地區,2,0,2,2,0,2,0,0,0,0,0,0,0,0,0
109,私立,技專校院,1075,文藻學校財團法人文藻外語大學,碩士班(日間),西班牙王國,歐洲,3,2,1,3,2,1,0,0,0,0,0,0,0,0,0
109,私立,技專校院,1076,華夏學校財團法人華夏科技大學,學士班(日間),印度尼西亞共和國,東協,1,0,1,1,0,1,0,0,0,0,0,0,0,0,0
109,私立,技專校院,1076,華夏學校財團法人華夏科技大學,學士班(日間),馬來西亞,東協,2,0,2,1,0,1,1,0,1,0,0,0,0,0,0
109,私立,技專校院,1076,華夏學校財團法人華夏科技大學,學士班(日間),香港,港澳,1,0,1,0,0,0,0,0,0,1,0,1,0,0,0
109,私立,技專校院,1076,華夏學校財團法人華夏科技大學,學士班(日間),澳門,港澳,1,0,1,0,0,0,0,0,0,1,0,1,0,0,0
109,私立,技專校院,1076,華夏學校財團法人華夏科技大學,學士班(日間),大陸地區,大陸地區,1,1,0,0,0,0,0,0,0,0,0,0,1,1,0
109,私立,技專校院,1077,慈濟學校財團法人慈濟科技大學,二專(日間),菲律賓共和國,東協,18,8,10,18,8,10,0,0,0,0,0,0,0,0,0
109,私立,技專校院,1077,慈濟學校財團法人慈濟科技大學,五專,馬來西亞,東協,1,0,1,1,0,1,0,0,0,0,0,0,0,0,0
109,私立,技專校院,1077,慈濟學校財團法人慈濟科技大學,學士班(日間),印度尼西亞共和國,東協,1,1,0,1,1,0,0,0,0,0,0,0,0,0,0
109,私立,技專校院,1077,慈濟學校財團法人慈濟科技大學,學士班(日間),馬來西亞,東協,41,23,18,40,22,18,1,1,0,0,0,0,0,0,0
109,私立,技專校院,1077,慈濟學校財團法人慈濟科技大學,學士班(日間),越南社會主義共和國,東協,1,0,1,1,0,1,0,0,0,0,0,0,0,0,0
109,私立,技專校院,1077,慈濟學校財團法人慈濟科技大學,學士班(日間),香港,港澳,5,3,2,0,0,0,0,0,0,5,3,2,0,0,0
109,私立,技專校院,1078,致理學校財團法人致理科技大學,學士班(日間),馬來西亞,東協,3,1,2,3,1,2,0,0,0,0,0,0,0,0,0
109,私立,技專校院,1078,致理學校財團法人致理科技大學,學士班(日間),泰國,東協,1,1,0,1,1,0,0,0,0,0,0,0,0,0,0
109,私立,技專校院,1078,致理學校財團法人致理科技大學,學士班(日間),越南社會主義共和國,東協,20,4,16,20,4,16,0,0,0,0,0,0,0,0,0
109,私立,技專校院,1078,致理學校財團法人致理科技大學,學士班(日間),香港,港澳,10,0,10,0,0,0,0,0,0,10,0,10,0,0,0
109,私立,技專校院,1078,致理學校財團法人致理科技大學,學士班(日間),大陸地區,大陸地區,7,4,3,0,0,0,0,0,0,0,0,0,7,4,3
109,私立,技專校院,1078,致理學校財團法人致理科技大學,碩士班(日間),越南社會主義共和國,東協,2,0,2,2,0,2,0,0,0,0,0,0,0,0,0
109,私立,一般大學,1079,康寧學校財團法人康寧大學,學士班(日間),緬甸,東協,4,0,4,4,0,4,0,0,0,0,0,0,0,0,0
109,私立,一般大學,1079,康寧學校財團法人康寧大學,學士班(日間),馬來西亞,東協,2,1,1,1,0,1,1,1,0,0,0,0,0,0,0
109,私立,一般大學,1079,康寧學校財團法人康寧大學,學士班(日間),斯里蘭卡民主社會主義共和國,南亞,4,4,0,4,4,0,0,0,0,0,0,0,0,0,0
109,私立,一般大學,1079,康寧學校財團法人康寧大學,碩士班(日間),越南社會主義共和國,東協,1,0,1,1,0,1,0,0,0,0,0,0,0,0,0
109,私立,技專校院,1080,宏國學校財團法人宏國德霖科技大學,學士班(日間),澳門,港澳,1,1,0,0,0,0,0,0,0,1,1,0,0,0,0
109,私立,技專校院,1081,東方學校財團法人東方設計大學,學士班(日間),印度尼西亞共和國,東協,3,1,2,3,1,2,0,0,0,0,0,0,0,0,0
109,私立,技專校院,1081,東方學校財團法人東方設計大學,學士班(日間),越南社會主義共和國,東協,3,2,1,3,2,1,0,0,0,0,0,0,0,0,0
109,私立,技專校院,1081,東方學校財團法人東方設計大學,學士班(日間),澳門,港澳,1,1,0,0,0,0,0,0,0,1,1,0,0,0,0
109,私立,技專校院,1081,東方學校財團法人東方設計大學,學士班(日間),大陸地區,大陸地區,1,1,0,0,0,0,0,0,0,0,0,0,1,1,0
109,私立,技專校院,1081,東方學校財團法人東方設計大學,碩士班(日間),越南社會主義共和國,東協,1,0,1,1,0,1,0,0,0,0,0,0,0,0,0
109,私立,技專校院,1081,東方學校財團法人東方設計大學,博士班,大陸地區,大陸地區,4,2,2,0,0,0,0,0,0,0,0,0,4,2,2
109,私立,技專校院,1082,崇右學校財團法人崇右影藝科技大學,學士班(日間),印度尼西亞共和國,東協,2,1,1,1,1,0,1,0,1,0,0,0,0,0,0
109,私立,技專校院,1082,崇右學校財團法人崇右影藝科技大學,學士班(日間),馬來西亞,東協,2,2,0,1,1,0,1,1,0,0,0,0,0,0,0
109,私立,技專校院,1082,崇右學校財團法人崇右影藝科技大學,學士班(日間),菲律賓共和國,東協,1,1,0,0,0,0,1,1,0,0,0,0,0,0,0
109,私立,技專校院,1082,崇右學校財團法人崇右影藝科技大學,學士班(日間),泰國,東協,1,1,0,0,0,0,1,1,0,0,0,0,0,0,0
109,私立,技專校院,1082,崇右學校財團法人崇右影藝科技大學,學士班(日間),越南社會主義共和國,東協,59,20,39,42,13,29,17,7,10,0,0,0,0,0,0
109,私立,技專校院,1082,崇右學校財團法人崇右影藝科技大學,學士班(日間),香港,港澳,1,1,0,0,0,0,0,0,0,1,1,0,0,0,0
109,私立,技專校院,1082,崇右學校財團法人崇右影藝科技大學,學士班(日間),澳門,港澳,1,0,1,0,0,0,0,0,0,1,0,1,0,0,0
109,私立,技專校院,1083,台北海洋學校財團法人台北海洋科技大學,學士班(日間),馬來西亞,東協,2,1,1,0,0,0,2,1,1,0,0,0,0,0,0
109,私立,技專校院,1083,台北海洋學校財團法人台北海洋科技大學,學士班(日間),越南社會主義共和國,東協,1,0,1,1,0,1,0,0,0,0,0,0,0,0,0
109,私立,技專校院,1083,台北海洋學校財團法人台北海洋科技大學,學士班(日間),香港,港澳,1,0,1,0,0,0,0,0,0,1,0,1,0,0,0
109,私立,一般大學,1125,中信學校財團法人中信金融管理學院,學士班(日間),日本,其他亞洲地區,2,1,1,2,1,1,0,0,0,0,0,0,0,0,0
109,私立,一般大學,1125,中信學校財團法人中信金融管理學院,學士班(日間),大陸地區,大陸地區,1,1,0,0,0,0,0,0,0,0,0,0,1,1,0
109,私立,一般大學,1125,中信學校財團法人中信金融管理學院,碩士班(日間),菲律賓共和國,東協,1,0,1,1,0,1,0,0,0,0,0,0,0,0,0
109,私立,技專校院,1159,和春技術學院,學士班(日間),越南社會主義共和國,東協,1,0,1,1,0,1,0,0,0,0,0,0,0,0,0
109,私立,技專校院,1168,南亞科技學校財團法人南亞技術學院,學士班(日間),越南社會主義共和國,東協,2,0,2,2,0,2,0,0,0,0,0,0,0,0,0
109,私立,技專校院,1182,蘭陽技術學院,學士班(日間),越南社會主義共和國,東協,1,0,1,1,0,1,0,0,0,0,0,0,0,0,0
109,私立,技專校院,1183,黎明技術學院,學士班(日間),馬來西亞,東協,3,1,2,3,1,2,0,0,0,0,0,0,0,0,0
109,私立,技專校院,1183,黎明技術學院,學士班(日間),越南社會主義共和國,東協,45,45,0,45,45,0,0,0,0,0,0,0,0,0,0
109,私立,技專校院,1183,黎明技術學院,學士班(日間),香港,港澳,1,0,1,0,0,0,0,0,0,1,0,1,0,0,0
109,私立,技專校院,1185,經國管理暨健康學院,學士班(日間),馬來西亞,東協,4,3,1,2,1,1,2,2,0,0,0,0,0,0,0
109,私立,技專校院,1188,大同技術學院,學士班(日間),馬來西亞,東協,1,0,1,0,0,0,1,0,1,0,0,0,0,0,0
109,私立,技專校院,1188,大同技術學院,學士班(日間),越南社會主義共和國,東協,2,0,2,0,0,0,2,0,2,0,0,0,0,0,0
109,私立,一般大學,1195,馬偕學校財團法人馬偕醫學院,學士班(日間),香港,港澳,2,1,1,0,0,0,0,0,0,2,1,1,0,0,0
109,私立,一般大學,1196,法鼓學校財團法人法鼓文理學院,學士班(日間),印度尼西亞共和國,東協,1,0,1,1,0,1,0,0,0,0,0,0,0,0,0
109,私立,一般大學,1196,法鼓學校財團法人法鼓文理學院,學士班(日間),越南社會主義共和國,東協,1,1,0,1,1,0,0,0,0,0,0,0,0,0,0
109,私立,一般大學,1196,法鼓學校財團法人法鼓文理學院,學士班(日間),香港,港澳,1,1,0,0,0,0,0,0,0,1,1,0,0,0,0
109,私立,一般大學,1196,法鼓學校財團法人法鼓文理學院,碩士班(日間),越南社會主義共和國,東協,1,0,1,1,0,1,0,0,0,0,0,0,0,0,0
109,私立,一般大學,1196,法鼓學校財團法人法鼓文理學院,碩士班(日間),愛爾蘭共和國,歐洲,1,1,0,1,1,0,0,0,0,0,0,0,0,0,0
109,私立,技專校院,1286,耕莘健康管理專科學校,五專,越南社會主義共和國,東協,1,0,1,0,0,0,1,0,1,0,0,0,0,0,0
109,私立,宗教研修學院,1R02,學校財團法人中華浸信會基督教台灣浸會神學院,碩士班(日間),大韓民國(南韓),其他亞洲地區,1,0,1,1,0,1,0,0,0,0,0,0,0,0,0
109,私立,宗教研修學院,1R03,臺北基督學院,學士班(日間),日本,其他亞洲地區,1,1,0,1,1,0,0,0,0,0,0,0,0,0,0
109,私立,宗教研修學院,1R03,臺北基督學院,學士班(日間),馬來西亞,東協,1,0,1,1,0,1,0,0,0,0,0,0,0,0,0
109,私立,宗教研修學院,1R06,一貫道崇德學院,碩士班(日間),馬來西亞,東協,2,2,0,0,0,0,2,2,0,0,0,0,0,0,0
109,私立,宗教研修學院,1R06,一貫道崇德學院,碩士班(日間),泰國,東協,1,1,0,1,1,0,0,0,0,0,0,0,0,0,0
109,公立,一般大學,3002,臺北市立大學,學士班(日間),緬甸,東協,2,1,1,0,0,0,2,1,1,0,0,0,0,0,0
109,公立,一般大學,3002,臺北市立大學,學士班(日間),印度尼西亞共和國,東協,1,1,0,1,1,0,0,0,0,0,0,0,0,0,0
109,公立,一般大學,3002,臺北市立大學,學士班(日間),日本,其他亞洲地區,2,2,0,1,1,0,1,1,0,0,0,0,0,0,0
109,公立,一般大學,3002,臺北市立大學,學士班(日間),馬來西亞,東協,12,5,7,0,0,0,12,5,7,0,0,0,0,0,0
109,公立,一般大學,3002,臺北市立大學,學士班(日間),越南社會主義共和國,東協,1,0,1,0,0,0,1,0,1,0,0,0,0,0,0
109,公立,一般大學,3002,臺北市立大學,學士班(日間),香港,港澳,4,2,2,0,0,0,0,0,0,4,2,2,0,0,0
109,公立,一般大學,3002,臺北市立大學,學士班(日間),澳門,港澳,10,5,5,0,0,0,0,0,0,10,5,5,0,0,0
109,公立,一般大學,3002,臺北市立大學,學士班(日間),大陸地區,大陸地區,1,0,1,0,0,0,0,0,0,0,0,0,1,0,1
109,公立,一般大學,3002,臺北市立大學,碩士班(日間),印度尼西亞共和國,東協,1,0,1,1,0,1,0,0,0,0,0,0,0,0,0
109,公立,一般大學,3002,臺北市立大學,碩士班(日間),馬來西亞,東協,1,1,0,0,0,0,1,1,0,0,0,0,0,0,0
109,公立,一般大學,3002,臺北市立大學,碩士班(日間),澳門,港澳,1,0,1,0,0,0,0,0,0,1,0,1,0,0,0
109,公立,一般大學,3002,臺北市立大學,碩士班(日間),大陸地區,大陸地區,2,1,1,0,0,0,0,0,0,0,0,0,2,1,1
