學年度,設立別,學校類別,學校統計處代碼,學校名稱,兼任教師數-教師總數,兼任教師數-教師總數男,兼任教師數-教師總數女,兼任教師數-教授男,兼任教師數-教授女,兼任教師數-副教授男,兼任教師數-副教授女,兼任教師數-助理教授男,兼任教師數-助理教授女,兼任教師數-講師男,兼任教師數-講師女,兼任教師數-其他教師男,兼任教師數-其他教師女,兼任助理教授以上總人數,兼任助理教授以上總人數男,兼任助理教授以上總人數女,兼任講師以上總人數,兼任講師以上總人數男,兼任講師以上總人數女
106,公立,一般大學,0001,國立政治大學,430,302,128,137,21,53,17,47,38,65,52,0,0,313,237,76,430,302,128
106,公立,一般大學,0002,國立清華大學,571,306,265,65,15,30,27,80,85,131,138,0,0,302,175,127,571,306,265
106,公立,一般大學,0003,國立臺灣大學,1328,985,343,343,66,188,48,252,99,202,130,0,0,996,783,213,1328,985,343
106,公立,一般大學,0004,國立臺灣師範大學,532,334,198,104,41,66,33,79,63,85,61,0,0,386,249,137,532,334,198
106,公立,一般大學,0005,國立成功大學,684,523,161,214,23,105,23,131,43,73,72,0,0,539,450,89,684,523,161
106,公立,一般大學,0006,國立中興大學,310,219,91,81,12,41,12,56,26,41,41,0,0,228,178,50,310,219,91
106,公立,一般大學,0007,國立陽明交通大學,245,158,87,52,9,24,4,49,27,33,47,0,0,165,125,40,245,158,87
106,公立,一般大學,0008,國立中央大學,341,263,78,124,12,57,11,53,22,29,33,0,0,279,234,45,341,263,78
106,公立,一般大學,0009,國立中山大學,198,118,80,44,6,18,11,33,32,23,31,0,0,144,95,49,198,118,80
106,公立,一般大學,0012,國立臺灣海洋大學,295,228,67,64,6,47,15,68,22,49,24,0,0,222,179,43,295,228,67
106,公立,一般大學,0013,國立中正大學,203,152,51,30,6,20,3,61,23,41,19,0,0,143,111,32,203,152,51
106,公立,一般大學,0014,國立高雄師範大學,279,173,106,22,2,24,12,72,49,55,43,0,0,181,118,63,279,173,106
106,公立,一般大學,0015,國立彰化師範大學,191,125,66,33,9,22,5,40,20,30,32,0,0,129,95,34,191,125,66
106,公立,一般大學,0016,國立陽明大學,540,395,145,88,11,91,26,118,37,98,71,0,0,371,297,74,540,395,145
106,公立,一般大學,0017,國立臺北大學,284,195,89,57,8,46,20,55,31,37,30,0,0,217,158,59,284,195,89
106,公立,一般大學,0018,國立嘉義大學,196,105,91,16,1,9,4,44,46,36,40,0,0,120,69,51,196,105,91
106,公立,一般大學,0019,國立高雄大學,183,127,56,13,2,10,3,53,16,51,35,0,0,97,76,21,183,127,56
106,公立,一般大學,0020,國立東華大學,149,88,61,5,1,5,3,12,17,66,40,0,0,43,22,21,149,88,61
106,公立,一般大學,0021,國立暨南國際大學,247,158,89,17,2,18,6,45,20,78,61,0,0,108,80,28,247,158,89
106,公立,技專校院,0022,國立臺灣科技大學,428,304,124,69,8,66,10,93,40,76,66,0,0,286,228,58,428,304,124
106,公立,技專校院,0023,國立雲林科技大學,248,162,86,9,1,18,4,37,17,98,64,0,0,86,64,22,248,162,86
106,公立,技專校院,0024,國立屏東科技大學,195,150,45,17,1,10,2,28,9,95,33,0,0,67,55,12,195,150,45
106,公立,技專校院,0025,國立臺北科技大學,598,454,144,51,5,84,19,163,52,156,68,0,0,374,298,76,598,454,144
106,公立,技專校院,0026,國立高雄第一科技大學,238,146,92,14,0,16,0,36,21,80,71,0,0,87,66,21,238,146,92
106,公立,技專校院,0027,國立高雄應用科技大學,332,227,105,19,0,42,5,65,23,101,77,0,0,154,126,28,332,227,105
106,公立,一般大學,0028,國立臺北藝術大學,342,192,150,28,15,34,23,43,33,87,79,0,0,176,105,71,342,192,150
106,公立,一般大學,0029,國立臺灣藝術大學,637,338,299,28,9,26,30,90,93,194,167,0,0,276,144,132,637,338,299
106,公立,一般大學,0030,國立臺東大學,104,60,44,5,0,6,0,17,12,32,32,0,0,40,28,12,104,60,44
106,公立,一般大學,0031,國立宜蘭大學,134,87,47,14,0,16,6,37,16,20,25,0,0,89,67,22,134,87,47
106,公立,一般大學,0032,國立聯合大學,241,183,58,11,0,17,3,57,14,98,41,0,0,102,85,17,241,183,58
106,公立,技專校院,0033,國立虎尾科技大學,224,153,71,4,2,18,4,44,17,87,48,0,0,89,66,23,224,153,71
106,公立,技專校院,0034,國立高雄海洋科技大學,262,182,80,8,0,24,5,51,13,99,62,0,0,101,83,18,262,182,80
106,公立,一般大學,0035,國立臺南藝術大學,126,52,74,3,2,2,4,14,28,33,40,0,0,53,19,34,126,52,74
106,公立,一般大學,0036,國立臺南大學,222,117,105,8,3,18,8,59,51,32,43,0,0,147,85,62,222,117,105
106,公立,一般大學,0037,國立臺北教育大學,233,123,110,17,11,30,21,33,35,43,43,0,0,147,80,67,233,123,110
106,公立,一般大學,0039,國立臺中教育大學,284,143,141,15,6,19,13,54,44,55,78,0,0,151,88,63,284,143,141
106,公立,技專校院,0042,國立澎湖科技大學,36,24,12,1,0,2,0,2,3,19,9,0,0,8,5,3,36,24,12
106,公立,技專校院,0043,國立勤益科技大學,491,365,126,23,1,36,9,189,54,117,62,0,0,312,248,64,491,365,126
106,公立,一般大學,0044,國立體育大學,74,52,22,7,0,3,0,13,6,29,16,0,0,29,23,6,74,52,22
106,公立,技專校院,0046,國立臺北護理健康大學,275,117,158,10,5,16,9,42,49,49,95,0,0,131,68,63,275,117,158
106,公立,技專校院,0047,國立高雄餐旅大學,178,96,82,5,0,5,1,25,11,61,70,0,0,47,35,12,178,96,82
106,公立,一般大學,0048,國立金門大學,141,103,38,7,0,6,1,21,8,69,29,0,0,43,34,9,141,103,38
106,公立,一般大學,0049,國立臺灣體育運動大學,152,96,56,4,0,6,2,7,8,79,46,0,0,27,17,10,152,96,56
106,公立,技專校院,0050,國立臺中科技大學,632,356,276,12,6,42,19,90,48,212,203,0,0,217,144,73,632,356,276
106,公立,技專校院,0051,國立臺北商業大學,477,271,206,6,3,25,22,73,58,167,123,0,0,187,104,83,477,271,206
106,公立,一般大學,0052,國立屏東大學,234,117,117,8,2,9,7,39,40,61,68,0,0,105,56,49,234,117,117
106,公立,技專校院,0144,國立臺灣戲曲學院,147,75,72,3,1,4,2,8,6,60,63,0,0,24,15,9,147,75,72
106,公立,技專校院,0221,國立臺南護理專科學校,76,31,45,0,0,1,0,6,7,24,38,0,0,14,7,7,76,31,45
106,公立,技專校院,0222,國立臺東專科學校,110,75,35,2,0,1,0,11,6,61,29,0,0,20,14,6,110,75,35
106,私立,一般大學,1001,東海大學,681,421,260,66,12,75,22,127,68,153,158,0,0,370,268,102,681,421,260
106,私立,一般大學,1002,輔仁大學,1314,792,522,115,31,113,64,220,122,344,305,0,0,665,448,217,1314,792,522
106,私立,一般大學,1003,東吳大學,841,494,347,104,18,84,34,140,95,166,200,0,0,475,328,147,841,494,347
106,私立,一般大學,1004,中原大學,653,432,221,46,4,50,6,153,59,183,152,0,0,318,249,69,653,432,221
106,私立,一般大學,1005,淡江大學學校財團法人淡江大學,585,362,223,56,6,48,19,101,57,157,141,0,0,287,205,82,585,362,223
106,私立,一般大學,1006,中國文化大學,864,523,341,87,16,92,49,168,115,176,161,0,0,527,347,180,864,523,341
106,私立,一般大學,1007,逢甲大學,603,459,144,68,5,79,13,211,71,101,55,0,0,447,358,89,603,459,144
106,私立,一般大學,1008,靜宜大學,457,257,200,25,5,27,12,67,45,138,138,0,0,181,119,62,457,257,200
106,私立,一般大學,1009,長庚大學,584,455,129,77,8,136,14,170,43,72,64,0,0,448,383,65,584,455,129
106,私立,一般大學,1010,元智大學,287,189,98,23,2,23,4,83,35,60,57,0,0,170,129,41,287,189,98
106,私立,一般大學,1011,中華大學學校財團法人中華大學,191,147,44,11,1,11,0,30,8,95,35,0,0,61,52,9,191,147,44
106,私立,一般大學,1012,大葉大學,372,219,153,11,0,12,7,57,33,139,113,0,0,120,80,40,372,219,153
106,私立,一般大學,1013,華梵大學,78,53,25,4,1,6,1,6,9,37,14,0,0,27,16,11,78,53,25
106,私立,一般大學,1014,義守大學,370,250,120,12,0,9,0,55,19,174,101,0,0,95,76,19,370,250,120
106,私立,一般大學,1015,世新大學,433,285,148,29,5,42,12,70,41,144,90,0,0,199,141,58,433,285,148
106,私立,一般大學,1016,銘傳大學,595,385,210,30,4,46,10,110,47,199,149,0,0,247,186,61,595,385,210
106,私立,一般大學,1017,實踐大學,704,425,279,21,7,56,26,123,49,225,197,0,0,282,200,82,704,425,279
106,私立,技專校院,1018,朝陽科技大學,558,362,196,14,0,26,5,73,34,249,157,0,0,152,113,39,558,362,196
106,私立,一般大學,1019,高雄醫學大學,128,66,62,4,2,9,2,23,26,30,32,0,0,66,36,30,128,66,62
106,私立,一般大學,1020,南華大學,264,139,125,6,5,5,0,31,29,97,91,0,0,76,42,34,264,139,125
106,私立,一般大學,1021,真理大學,161,87,74,8,2,19,1,16,19,44,52,0,0,65,43,22,161,87,74
106,私立,一般大學,1022,大同大學,163,123,40,22,1,17,3,37,13,47,23,0,0,93,76,17,163,123,40
106,私立,技專校院,1023,南臺學校財團法人南臺科技大學,341,187,154,6,1,13,4,47,24,121,125,0,0,95,66,29,341,187,154
106,私立,技專校院,1024,崑山科技大學,265,203,62,16,1,11,1,52,6,124,54,0,0,87,79,8,265,203,62
106,私立,技專校院,1025,嘉藥學校財團法人嘉南藥理大學,322,184,138,6,1,8,2,42,14,128,121,0,0,73,56,17,322,184,138
106,私立,技專校院,1026,樹德科技大學,388,217,171,5,0,13,4,49,20,150,147,0,0,91,67,24,388,217,171
106,私立,一般大學,1027,慈濟學校財團法人慈濟大學,408,332,76,44,3,72,5,95,27,121,41,0,0,246,211,35,408,332,76
106,私立,一般大學,1028,臺北醫學大學,292,165,127,29,4,23,12,46,30,67,81,0,0,144,98,46,292,165,127
106,私立,一般大學,1029,中山醫學大學,229,138,91,28,8,16,5,39,7,55,71,0,0,103,83,20,229,138,91
106,私立,技專校院,1030,龍華科技大學,358,242,116,4,0,9,4,63,24,166,88,0,0,104,76,28,358,242,116
106,私立,技專校院,1031,輔英科技大學,164,73,91,2,0,11,2,24,15,36,74,0,0,54,37,17,164,73,91
106,私立,技專校院,1032,明新學校財團法人明新科技大學,325,199,126,4,0,8,4,46,16,141,106,0,0,78,58,20,325,199,126
106,私立,一般大學,1033,長榮大學,313,191,122,24,2,19,6,63,34,85,80,0,0,148,106,42,313,191,122
106,私立,技專校院,1034,弘光科技大學,472,269,203,15,1,12,7,97,43,145,152,0,0,175,124,51,472,269,203
106,私立,一般大學,1035,中國醫藥大學,304,222,82,46,4,38,12,77,32,61,34,0,0,209,161,48,304,222,82
106,私立,技專校院,1036,健行學校財團法人健行科技大學,235,143,92,5,0,8,1,42,17,88,74,0,0,73,55,18,235,143,92
106,私立,技專校院,1037,正修學校財團法人正修科技大學,545,343,202,9,1,27,2,90,30,217,169,0,0,159,126,33,545,343,202
106,私立,技專校院,1038,萬能學校財團法人萬能科技大學,342,212,130,1,0,10,0,41,10,160,120,0,0,62,52,10,342,212,130
106,私立,一般大學,1039,玄奘大學,172,115,57,5,1,5,1,36,18,69,37,0,0,66,46,20,172,115,57
106,私立,技專校院,1040,建國科技大學,222,152,70,3,0,3,1,30,11,116,58,0,0,48,36,12,222,152,70
106,私立,技專校院,1041,明志科技大學,161,98,63,4,0,9,2,25,17,60,44,0,0,57,38,19,161,98,63
106,私立,技專校院,1042,高苑科技大學,39,26,13,3,0,2,0,4,0,17,13,0,0,9,9,0,39,26,13
106,私立,技專校院,1043,大仁科技大學,145,92,53,4,0,6,2,17,3,65,48,0,0,32,27,5,145,92,53
106,私立,技專校院,1044,聖約翰科技大學,69,43,26,1,0,2,0,7,2,33,24,0,0,12,10,2,69,43,26
106,私立,技專校院,1045,嶺東科技大學,302,177,125,5,0,3,3,20,12,149,110,0,0,43,28,15,302,177,125
106,私立,技專校院,1046,中國科技大學,385,262,123,2,0,7,3,27,12,226,108,0,0,51,36,15,385,262,123
106,私立,技專校院,1047,中臺科技大學,237,162,75,11,0,10,3,43,10,98,62,0,0,77,64,13,237,162,75
106,私立,一般大學,1048,亞洲大學,477,316,161,91,8,37,15,58,42,130,96,0,0,251,186,65,477,316,161
106,私立,一般大學,1049,開南大學,123,75,48,12,2,17,3,32,8,14,35,0,0,74,61,13,123,75,48
106,私立,一般大學,1050,佛光大學,123,87,36,17,1,8,1,29,18,33,16,0,0,74,54,20,123,87,36
106,私立,技專校院,1051,台南家專學校財團法人台南應用科技大學,441,185,256,2,0,8,6,38,59,137,191,0,0,113,48,65,441,185,256
106,私立,技專校院,1052,遠東科技大學,154,90,64,3,0,4,0,20,5,63,59,0,0,32,27,5,154,90,64
106,私立,技專校院,1053,光宇學校財團法人元培醫事科技大學,199,111,88,3,0,10,0,41,16,57,72,0,0,70,54,16,199,111,88
106,私立,技專校院,1054,景文科技大學,71,46,25,1,0,0,0,9,5,36,20,0,0,15,10,5,71,46,25
106,私立,技專校院,1055,中華醫事科技大學,340,190,150,1,0,18,8,45,23,126,119,0,0,95,64,31,340,190,150
106,私立,技專校院,1056,東南科技大學,183,134,49,0,0,4,1,28,10,102,38,0,0,43,32,11,183,134,49
106,私立,技專校院,1057,德明財經科技大學,266,178,88,11,0,18,5,41,25,107,58,1,0,100,70,30,265,177,88
106,私立,一般大學,1058,明道學校財團法人明道大學,133,93,40,5,0,7,0,29,11,52,29,0,0,52,41,11,133,93,40
106,私立,技專校院,1060,南開科技大學,105,64,41,3,0,1,1,13,7,47,33,0,0,25,17,8,105,64,41
106,私立,技專校院,1061,中華學校財團法人中華科技大學,47,40,7,0,0,5,0,6,1,29,6,0,0,12,11,1,47,40,7
106,私立,技專校院,1062,僑光科技大學,230,148,82,3,0,2,6,29,10,114,66,0,0,50,34,16,230,148,82
106,私立,技專校院,1063,廣亞學校財團法人育達科技大學,74,54,20,4,0,2,1,11,4,37,15,0,0,22,17,5,74,54,20
106,私立,技專校院,1064,美和學校財團法人美和科技大學,265,116,149,3,1,4,1,16,14,93,133,0,0,39,23,16,265,116,149
106,私立,技專校院,1065,吳鳳科技大學,65,44,21,1,0,4,0,1,1,38,20,0,0,7,6,1,65,44,21
106,私立,技專校院,1066,環球學校財團法人環球科技大學,139,82,57,0,0,0,0,25,7,57,50,0,0,32,25,7,139,82,57
106,私立,一般大學,1067,台灣首府學校財團法人台灣首府大學,110,61,49,1,0,1,1,10,5,49,43,0,0,18,12,6,110,61,49
106,私立,技專校院,1068,中州學校財團法人中州科技大學,58,34,24,2,0,3,0,15,5,14,19,0,0,25,20,5,58,34,24
106,私立,技專校院,1069,修平學校財團法人修平科技大學,141,92,49,5,0,6,1,21,6,60,42,0,0,39,32,7,141,92,49
106,私立,技專校院,1070,長庚學校財團法人長庚科技大學,131,59,72,2,0,4,1,24,13,29,58,0,0,44,30,14,131,59,72
106,私立,技專校院,1071,城市學校財團法人臺北城市科技大學,301,205,96,3,0,11,2,37,17,154,77,0,0,70,51,19,301,205,96
106,私立,技專校院,1072,大華學校財團法人敏實科技大學,69,53,16,0,0,2,0,7,0,44,16,0,0,9,9,0,69,53,16
106,私立,技專校院,1073,醒吾學校財團法人醒吾科技大學,212,127,85,5,0,10,1,33,11,79,73,0,0,60,48,12,212,127,85
106,私立,技專校院,1074,南榮學校財團法人南榮科技大學,15,9,6,0,0,1,0,2,2,6,4,0,0,5,3,2,15,9,6
106,私立,技專校院,1075,文藻學校財團法人文藻外語大學,247,110,137,1,1,4,2,24,26,81,108,0,0,58,29,29,247,110,137
106,私立,技專校院,1076,華夏學校財團法人華夏科技大學,130,84,46,2,0,1,0,20,2,61,44,0,0,25,23,2,130,84,46
106,私立,技專校院,1077,慈濟學校財團法人慈濟科技大學,116,49,67,0,0,4,0,19,7,26,60,0,0,30,23,7,116,49,67
106,私立,技專校院,1078,致理學校財團法人致理科技大學,345,220,125,13,1,18,3,50,25,139,96,0,0,110,81,29,345,220,125
106,私立,一般大學,1079,康寧學校財團法人康寧大學,222,121,101,1,0,3,3,22,6,95,92,0,0,35,26,9,222,121,101
106,私立,技專校院,1080,宏國學校財團法人宏國德霖科技大學,198,131,67,4,0,9,1,24,16,94,50,0,0,54,37,17,198,131,67
106,私立,技專校院,1081,東方學校財團法人東方設計大學,98,55,43,3,0,2,0,11,4,39,39,0,0,20,16,4,98,55,43
106,私立,技專校院,1082,崇右學校財團法人崇右影藝科技大學,57,31,26,1,0,1,0,13,4,16,22,0,0,19,15,4,57,31,26
106,私立,技專校院,1083,台北海洋學校財團法人台北海洋科技大學,185,132,53,3,0,14,0,41,21,74,32,0,0,79,58,21,185,132,53
106,私立,一般大學,1125,中信學校財團法人中信金融管理學院,26,17,9,3,1,0,0,2,0,12,8,0,0,6,5,1,26,17,9
106,私立,技專校院,1148,大漢技術學院,28,22,6,0,0,0,0,0,0,22,6,0,0,0,0,0,28,22,6
106,私立,技專校院,1159,和春技術學院,59,43,16,0,0,0,0,2,1,41,15,0,0,3,2,1,59,43,16
106,私立,技專校院,1166,亞東技術學院,136,86,50,4,0,13,3,43,16,26,31,0,0,79,60,19,136,86,50
106,私立,技專校院,1168,南亞科技學校財團法人南亞技術學院,97,56,41,1,0,9,2,12,7,34,32,0,0,31,22,9,97,56,41
106,私立,一般大學,1176,稻江科技暨管理學院,82,41,41,1,0,0,0,5,4,35,37,0,0,10,6,4,82,41,41
106,私立,技專校院,1182,蘭陽技術學院,24,15,9,0,0,0,0,2,1,13,8,0,0,3,2,1,24,15,9
106,私立,技專校院,1183,黎明技術學院,166,94,72,4,0,3,0,16,11,71,61,0,0,34,23,11,166,94,72
106,私立,技專校院,1185,經國管理暨健康學院,137,64,73,0,0,3,0,9,6,52,67,0,0,18,12,6,137,64,73
106,私立,技專校院,1188,大同技術學院,79,38,41,2,0,4,0,3,2,29,39,0,0,11,9,2,79,38,41
106,私立,技專校院,1189,亞太學校財團法人亞太創意技術學院,7,2,5,1,0,0,0,0,1,1,4,0,0,2,1,1,7,2,5
106,私立,技專校院,1192,臺灣觀光學院,10,5,5,0,0,0,0,0,0,5,5,0,0,0,0,0,10,5,5
106,私立,一般大學,1195,馬偕學校財團法人馬偕醫學院,185,124,61,17,1,14,1,40,21,53,38,0,0,94,71,23,185,124,61
106,私立,一般大學,1196,法鼓學校財團法人法鼓文理學院,30,16,14,2,1,5,2,6,10,3,1,0,0,26,13,13,30,16,14
106,私立,技專校院,1282,馬偕學校財團法人馬偕醫護管理專科學校,169,81,88,0,0,6,1,11,13,64,74,0,0,31,17,14,169,81,88
106,私立,技專校院,1283,仁德醫護管理專科學校,238,141,97,1,1,3,1,25,10,112,85,0,0,41,29,12,238,141,97
106,私立,技專校院,1284,樹人醫護管理專科學校,353,194,159,2,0,9,1,31,8,152,150,0,0,51,42,9,353,194,159
106,私立,技專校院,1285,慈惠醫護管理專科學校,184,111,73,0,0,0,0,2,0,109,73,0,0,2,2,0,184,111,73
106,私立,技專校院,1286,耕莘健康管理專科學校,272,124,148,0,0,3,2,20,8,101,138,0,0,33,23,10,272,124,148
106,私立,技專校院,1287,敏惠醫護管理專科學校,151,83,68,0,0,1,0,14,7,68,61,0,0,22,15,7,151,83,68
106,私立,技專校院,1288,高美醫護管理專科學校,41,22,19,0,0,1,0,1,1,20,18,0,0,3,2,1,41,22,19
106,私立,技專校院,1289,育英醫護管理專科學校,60,22,38,0,0,3,0,7,7,12,31,0,0,17,10,7,60,22,38
106,私立,技專校院,1290,崇仁醫護管理專科學校,107,44,63,0,0,2,1,6,4,36,58,0,0,13,8,5,107,44,63
106,私立,技專校院,1291,聖母醫護管理專科學校,149,70,79,1,0,2,1,18,5,49,73,0,0,27,21,6,149,70,79
106,私立,技專校院,1292,新生醫護管理專科學校,213,92,121,0,0,2,0,24,14,66,107,0,0,40,26,14,213,92,121
106,私立,宗教研修學院,1R02,學校財團法人中華浸信會基督教台灣浸會神學院,1,1,0,1,0,0,0,0,0,0,0,0,0,1,1,0,1,1,0
106,私立,宗教研修學院,1R03,臺北基督學院,48,26,22,1,0,2,1,5,5,18,16,0,0,14,8,6,48,26,22
106,私立,宗教研修學院,1R04,財團法人一貫道天皇基金會一貫道天皇學院,12,6,6,1,1,2,0,0,0,3,5,0,0,4,3,1,12,6,6
106,私立,宗教研修學院,1R05,台神學校財團法人台灣神學研究學院,9,4,5,1,2,0,1,3,2,0,0,0,0,9,4,5,9,4,5
106,私立,宗教研修學院,1R06,一貫道崇德學院,1,0,1,0,0,0,0,0,1,0,0,0,0,1,0,1,1,0,1
106,公立,一般大學,3002,臺北市立大學,508,275,233,31,11,31,26,85,72,128,124,0,0,256,147,109,508,275,233
107,公立,一般大學,0001,國立政治大學,446,315,131,146,22,57,25,47,33,65,51,0,0,330,250,80,446,315,131
107,公立,一般大學,0002,國立清華大學,556,311,245,55,9,30,25,81,86,145,125,0,0,286,166,120,556,311,245
107,公立,一般大學,0003,國立臺灣大學,1305,962,343,320,60,184,55,256,98,202,130,0,0,973,760,213,1305,962,343
107,公立,一般大學,0004,國立臺灣師範大學,560,354,206,112,41,78,36,80,65,84,64,0,0,412,270,142,560,354,206
107,公立,一般大學,0005,國立成功大學,728,545,183,215,26,110,24,147,58,73,75,0,0,580,472,108,728,545,183
107,公立,一般大學,0006,國立中興大學,293,202,91,72,10,44,11,47,27,39,43,0,0,211,163,48,293,202,91
107,公立,一般大學,0007,國立陽明交通大學,215,146,69,44,4,22,2,47,24,33,39,0,0,143,113,30,215,146,69
107,公立,一般大學,0008,國立中央大學,365,287,78,142,13,56,10,56,24,33,31,0,0,301,254,47,365,287,78
107,公立,一般大學,0009,國立中山大學,193,127,66,45,4,18,11,37,25,27,26,0,0,140,100,40,193,127,66
107,公立,一般大學,0012,國立臺灣海洋大學,244,183,61,48,2,38,13,61,22,36,24,0,0,184,147,37,244,183,61
107,公立,一般大學,0013,國立中正大學,162,123,39,18,2,13,3,51,19,41,15,0,0,106,82,24,162,123,39
107,公立,一般大學,0014,國立高雄師範大學,322,192,130,16,4,24,12,81,57,71,57,0,0,194,121,73,322,192,130
107,公立,一般大學,0015,國立彰化師範大學,201,138,63,33,8,22,4,47,19,36,32,0,0,133,102,31,201,138,63
107,公立,一般大學,0016,國立陽明大學,547,397,150,82,12,91,29,122,53,102,56,0,0,389,295,94,547,397,150
107,公立,一般大學,0017,國立臺北大學,281,186,95,61,10,46,19,49,35,30,31,0,0,220,156,64,281,186,95
107,公立,一般大學,0018,國立嘉義大學,196,108,88,20,1,8,4,45,44,35,39,0,0,122,73,49,196,108,88
107,公立,一般大學,0019,國立高雄大學,158,107,51,9,2,5,1,44,14,49,34,0,0,75,58,17,158,107,51
107,公立,一般大學,0020,國立東華大學,145,81,64,6,1,4,2,13,20,58,41,0,0,46,23,23,145,81,64
107,公立,一般大學,0021,國立暨南國際大學,241,156,85,16,3,15,3,48,24,77,55,0,0,109,79,30,241,156,85
107,公立,技專校院,0022,國立臺灣科技大學,405,291,114,73,8,65,9,86,36,67,61,0,0,277,224,53,405,291,114
107,公立,技專校院,0023,國立雲林科技大學,228,151,77,11,0,18,4,32,18,90,55,0,0,83,61,22,228,151,77
107,公立,技專校院,0024,國立屏東科技大學,173,132,41,12,0,10,1,34,8,76,32,0,0,65,56,9,173,132,41
107,公立,技專校院,0025,國立臺北科技大學,565,432,133,46,4,80,14,136,46,170,69,0,0,326,262,64,565,432,133
107,公立,一般大學,0028,國立臺北藝術大學,355,197,158,21,18,30,20,47,38,99,82,0,0,174,98,76,355,197,158
107,公立,一般大學,0029,國立臺灣藝術大學,623,334,289,30,7,28,31,90,90,186,161,0,0,276,148,128,623,334,289
107,公立,一般大學,0030,國立臺東大學,110,59,51,4,0,7,0,13,16,35,35,0,0,40,24,16,110,59,51
107,公立,一般大學,0031,國立宜蘭大學,135,90,45,10,0,17,6,44,16,19,23,0,0,93,71,22,135,90,45
107,公立,一般大學,0032,國立聯合大學,241,179,62,12,1,11,2,61,18,95,41,0,0,105,84,21,241,179,62
107,公立,技專校院,0033,國立虎尾科技大學,209,139,70,4,2,15,4,46,15,74,49,0,0,86,65,21,209,139,70
107,公立,一般大學,0035,國立臺南藝術大學,122,51,71,2,0,3,3,14,26,32,42,0,0,48,19,29,122,51,71
107,公立,一般大學,0036,國立臺南大學,225,127,98,8,2,20,9,58,48,41,39,0,0,145,86,59,225,127,98
107,公立,一般大學,0037,國立臺北教育大學,217,115,102,17,11,27,20,37,33,34,38,0,0,145,81,64,217,115,102
107,公立,一般大學,0039,國立臺中教育大學,264,129,135,10,3,14,16,47,42,58,74,0,0,132,71,61,264,129,135
107,公立,技專校院,0042,國立澎湖科技大學,47,30,17,1,0,1,0,6,6,22,11,0,0,14,8,6,47,30,17
107,公立,技專校院,0043,國立勤益科技大學,473,349,124,27,0,37,8,172,56,113,60,0,0,300,236,64,473,349,124
107,公立,一般大學,0044,國立體育大學,83,55,28,6,0,4,1,16,7,29,20,0,0,34,26,8,83,55,28
107,公立,技專校院,0046,國立臺北護理健康大學,286,124,162,11,8,20,8,43,40,50,106,0,0,130,74,56,286,124,162
107,公立,技專校院,0047,國立高雄餐旅大學,152,80,72,2,0,5,1,20,10,53,61,0,0,38,27,11,152,80,72
107,公立,一般大學,0048,國立金門大學,136,103,33,4,0,3,0,20,5,76,28,0,0,32,27,5,136,103,33
107,公立,一般大學,0049,國立臺灣體育運動大學,154,87,67,2,0,2,1,9,11,74,55,0,0,25,13,12,154,87,67
107,公立,技專校院,0050,國立臺中科技大學,610,341,269,18,7,38,16,86,56,199,190,0,0,221,142,79,610,341,269
107,公立,技專校院,0051,國立臺北商業大學,371,225,146,6,3,21,14,60,45,138,84,0,0,149,87,62,371,225,146
107,公立,一般大學,0052,國立屏東大學,189,94,95,10,2,5,6,31,30,48,57,0,0,84,46,38,189,94,95
107,公立,技專校院,0053,國立高雄科技大學,778,505,273,33,0,55,8,153,57,264,208,0,0,306,241,65,778,505,273
107,公立,技專校院,0144,國立臺灣戲曲學院,174,95,79,3,1,4,2,9,5,79,71,0,0,24,16,8,174,95,79
107,公立,技專校院,0221,國立臺南護理專科學校,88,36,52,1,0,4,0,5,11,26,41,0,0,21,10,11,88,36,52
107,公立,技專校院,0222,國立臺東專科學校,82,54,28,1,0,0,0,8,6,45,22,0,0,15,9,6,82,54,28
107,私立,一般大學,1001,東海大學,682,427,255,69,10,70,23,148,70,140,152,0,0,390,287,103,682,427,255
107,私立,一般大學,1002,輔仁大學,1271,773,498,122,31,127,63,221,115,303,289,0,0,679,470,209,1271,773,498
107,私立,一般大學,1003,東吳大學,842,496,346,101,21,86,36,138,90,171,199,0,0,472,325,147,842,496,346
107,私立,一般大學,1004,中原大學,634,421,213,44,2,51,8,141,60,185,143,0,0,306,236,70,634,421,213
107,私立,一般大學,1005,淡江大學學校財團法人淡江大學,592,368,224,58,4,48,20,99,52,163,148,0,0,281,205,76,592,368,224
107,私立,一般大學,1006,中國文化大學,893,546,347,92,14,110,49,177,122,167,162,0,0,564,379,185,893,546,347
107,私立,一般大學,1007,逢甲大學,610,457,153,67,5,77,13,216,77,97,58,0,0,455,360,95,610,457,153
107,私立,一般大學,1008,靜宜大學,438,246,192,23,5,23,14,75,43,125,130,0,0,183,121,62,438,246,192
107,私立,一般大學,1009,長庚大學,584,461,123,90,6,135,14,176,47,60,56,0,0,468,401,67,584,461,123
107,私立,一般大學,1010,元智大學,272,177,95,21,1,21,5,80,31,55,58,0,0,159,122,37,272,177,95
107,私立,一般大學,1011,中華大學學校財團法人中華大學,164,124,40,11,1,13,1,22,8,78,30,0,0,56,46,10,164,124,40
107,私立,一般大學,1012,大葉大學,340,205,135,7,0,14,4,56,33,128,98,0,0,114,77,37,340,205,135
107,私立,一般大學,1013,華梵大學,78,54,24,2,0,9,1,9,11,34,12,0,0,32,20,12,78,54,24
107,私立,一般大學,1014,義守大學,383,251,132,11,0,13,1,53,21,174,110,0,0,99,77,22,383,251,132
107,私立,一般大學,1015,世新大學,388,258,130,30,5,33,13,60,41,135,71,0,0,182,123,59,388,258,130
107,私立,一般大學,1016,銘傳大學,613,390,223,35,7,44,10,112,52,199,154,0,0,260,191,69,613,390,223
107,私立,一般大學,1017,實踐大學,665,405,260,18,7,50,25,116,48,221,180,0,0,264,184,80,665,405,260
107,私立,技專校院,1018,朝陽科技大學,567,362,205,13,1,27,6,65,38,257,160,0,0,150,105,45,567,362,205
107,私立,一般大學,1019,高雄醫學大學,128,69,59,2,2,12,2,28,23,27,32,0,0,69,42,27,128,69,59
107,私立,一般大學,1020,南華大學,272,151,121,5,3,7,0,35,29,104,89,0,0,79,47,32,272,151,121
107,私立,一般大學,1021,真理大學,135,69,66,7,2,12,2,14,19,36,43,0,0,56,33,23,135,69,66
107,私立,一般大學,1022,大同大學,177,138,39,29,0,12,3,41,13,56,23,0,0,98,82,16,177,138,39
107,私立,技專校院,1023,南臺學校財團法人南臺科技大學,348,195,153,12,1,18,4,46,23,119,125,0,0,104,76,28,348,195,153
107,私立,技專校院,1024,崑山科技大學,276,207,69,17,1,14,1,42,5,134,62,0,0,80,73,7,276,207,69
107,私立,技專校院,1025,嘉藥學校財團法人嘉南藥理大學,315,180,135,8,2,7,3,39,17,126,113,0,0,76,54,22,315,180,135
107,私立,技專校院,1026,樹德科技大學,401,221,180,6,2,11,3,50,25,154,150,0,0,97,67,30,401,221,180
107,私立,一般大學,1027,慈濟學校財團法人慈濟大學,392,321,71,43,2,73,4,90,28,115,37,0,0,240,206,34,392,321,71
107,私立,一般大學,1028,臺北醫學大學,504,301,203,58,10,34,16,84,43,125,134,0,0,245,176,69,504,301,203
107,私立,一般大學,1029,中山醫學大學,259,170,89,35,9,17,5,48,9,70,66,0,0,123,100,23,259,170,89
107,私立,技專校院,1030,龍華科技大學,332,223,109,7,1,8,6,61,18,147,84,0,0,101,76,25,332,223,109
107,私立,技專校院,1031,輔英科技大學,197,81,116,3,0,14,1,25,21,39,94,0,0,64,42,22,197,81,116
107,私立,技專校院,1032,明新學校財團法人明新科技大學,283,166,117,1,0,4,3,44,25,117,89,0,0,77,49,28,283,166,117
107,私立,一般大學,1033,長榮大學,286,172,114,16,0,17,5,61,29,78,80,0,0,128,94,34,286,172,114
107,私立,技專校院,1034,弘光科技大學,493,284,209,15,0,9,9,98,45,162,155,0,0,176,122,54,493,284,209
107,私立,一般大學,1035,中國醫藥大學,279,194,85,38,5,35,15,70,32,51,33,0,0,195,143,52,279,194,85
107,私立,技專校院,1036,健行學校財團法人健行科技大學,198,114,84,3,1,7,2,28,11,76,70,0,0,52,38,14,198,114,84
107,私立,技專校院,1037,正修學校財團法人正修科技大學,607,380,227,16,1,32,3,112,37,220,186,0,0,201,160,41,607,380,227
107,私立,技專校院,1038,萬能學校財團法人萬能科技大學,354,217,137,4,0,9,1,44,7,160,129,0,0,65,57,8,354,217,137
107,私立,一般大學,1039,玄奘大學,147,90,57,4,0,3,2,24,18,59,37,0,0,51,31,20,147,90,57
107,私立,技專校院,1040,建國科技大學,185,125,60,4,0,6,0,20,8,95,52,0,0,38,30,8,185,125,60
107,私立,技專校院,1041,明志科技大學,177,115,62,3,0,12,2,36,17,64,43,0,0,70,51,19,177,115,62
107,私立,技專校院,1042,高苑科技大學,45,32,13,3,1,3,0,5,0,21,12,0,0,12,11,1,45,32,13
107,私立,技專校院,1043,大仁科技大學,173,102,71,5,1,8,2,27,6,62,62,0,0,49,40,9,173,102,71
107,私立,技專校院,1044,聖約翰科技大學,69,45,24,1,0,1,0,5,1,38,23,0,0,8,7,1,69,45,24
107,私立,技專校院,1045,嶺東科技大學,292,168,124,5,0,5,2,24,10,134,112,0,0,46,34,12,292,168,124
107,私立,技專校院,1046,中國科技大學,351,231,120,6,0,9,1,29,13,187,106,0,0,58,44,14,351,231,120
107,私立,技專校院,1047,中臺科技大學,229,146,83,9,0,10,1,51,11,76,71,0,0,82,70,12,229,146,83
107,私立,一般大學,1048,亞洲大學,556,357,199,102,9,38,19,86,62,131,109,0,0,316,226,90,556,357,199
107,私立,一般大學,1049,開南大學,140,81,59,12,3,21,6,27,10,21,40,0,0,79,60,19,140,81,59
107,私立,一般大學,1050,佛光大學,105,75,30,8,0,10,1,28,13,29,16,0,0,60,46,14,105,75,30
107,私立,技專校院,1051,台南家專學校財團法人台南應用科技大學,441,178,263,1,0,4,6,36,56,137,201,0,0,103,41,62,441,178,263
107,私立,技專校院,1052,遠東科技大學,168,107,61,3,0,4,0,24,7,76,54,0,0,38,31,7,168,107,61
107,私立,技專校院,1053,光宇學校財團法人元培醫事科技大學,199,114,85,3,1,8,1,45,14,58,69,0,0,72,56,16,199,114,85
107,私立,技專校院,1054,景文科技大學,84,46,38,3,2,1,1,13,7,29,28,0,0,27,17,10,84,46,38
107,私立,技專校院,1055,中華醫事科技大學,316,181,135,3,1,15,7,49,21,114,106,0,0,96,67,29,316,181,135
107,私立,技專校院,1056,東南科技大學,150,109,41,0,0,6,3,27,5,76,33,0,0,41,33,8,150,109,41
107,私立,技專校院,1057,德明財經科技大學,252,173,79,11,0,22,3,42,20,98,56,0,0,98,75,23,252,173,79
107,私立,一般大學,1058,明道學校財團法人明道大學,95,63,32,4,0,4,0,15,13,40,19,0,0,36,23,13,95,63,32
107,私立,技專校院,1060,南開科技大學,68,43,25,3,0,0,0,8,6,32,19,0,0,17,11,6,68,43,25
107,私立,技專校院,1061,中華學校財團法人中華科技大學,56,46,10,0,0,3,0,11,2,32,8,0,0,16,14,2,56,46,10
107,私立,技專校院,1062,僑光科技大學,225,147,78,3,1,5,4,24,9,115,64,0,0,46,32,14,225,147,78
107,私立,技專校院,1063,廣亞學校財團法人育達科技大學,126,84,42,6,0,5,2,19,10,54,30,0,0,42,30,12,126,84,42
107,私立,技專校院,1064,美和學校財團法人美和科技大學,234,101,133,3,0,2,2,16,12,80,119,0,0,35,21,14,234,101,133
107,私立,技專校院,1065,吳鳳科技大學,63,44,19,1,0,5,1,1,2,37,16,0,0,10,7,3,63,44,19
107,私立,技專校院,1066,環球學校財團法人環球科技大學,107,68,39,0,0,1,1,19,5,48,33,0,0,26,20,6,107,68,39
107,私立,一般大學,1067,台灣首府學校財團法人台灣首府大學,70,39,31,0,0,1,0,7,6,31,25,0,0,14,8,6,70,39,31
107,私立,技專校院,1068,中州學校財團法人中州科技大學,48,28,20,1,0,2,0,13,5,12,15,0,0,21,16,5,48,28,20
107,私立,技專校院,1069,修平學校財團法人修平科技大學,137,85,52,5,0,7,2,22,9,51,41,0,0,45,34,11,137,85,52
107,私立,技專校院,1070,長庚學校財團法人長庚科技大學,115,52,63,1,0,3,2,16,10,32,51,0,0,32,20,12,115,52,63
107,私立,技專校院,1071,城市學校財團法人臺北城市科技大學,264,183,81,2,0,8,2,36,15,137,64,0,0,63,46,17,264,183,81
107,私立,技專校院,1072,大華學校財團法人敏實科技大學,82,65,17,1,0,2,3,10,2,52,12,0,0,18,13,5,82,65,17
107,私立,技專校院,1073,醒吾學校財團法人醒吾科技大學,226,138,88,6,0,10,3,32,11,90,74,0,0,62,48,14,226,138,88
107,私立,技專校院,1074,南榮學校財團法人南榮科技大學,17,12,5,0,1,1,0,3,1,8,3,0,0,6,4,2,17,12,5
107,私立,技專校院,1075,文藻學校財團法人文藻外語大學,244,112,132,2,1,2,2,30,23,78,106,0,0,60,34,26,244,112,132
107,私立,技專校院,1076,華夏學校財團法人華夏科技大學,113,75,38,3,0,1,1,13,2,58,35,0,0,20,17,3,113,75,38
107,私立,技專校院,1077,慈濟學校財團法人慈濟科技大學,102,45,57,1,0,6,0,16,7,22,50,0,0,30,23,7,102,45,57
107,私立,技專校院,1078,致理學校財團法人致理科技大學,352,223,129,12,1,14,5,50,22,147,101,0,0,104,76,28,352,223,129
107,私立,一般大學,1079,康寧學校財團法人康寧大學,159,87,72,2,0,3,2,12,12,70,58,0,0,31,17,14,159,87,72
107,私立,技專校院,1080,宏國學校財團法人宏國德霖科技大學,165,107,58,3,0,7,1,24,13,73,44,0,0,48,34,14,165,107,58
107,私立,技專校院,1081,東方學校財團法人東方設計大學,100,53,47,4,0,4,0,11,5,34,42,0,0,24,19,5,100,53,47
107,私立,技專校院,1082,崇右學校財團法人崇右影藝科技大學,48,31,17,1,0,3,0,8,4,19,13,0,0,16,12,4,48,31,17
107,私立,技專校院,1083,台北海洋學校財團法人台北海洋科技大學,153,110,43,0,0,13,0,41,10,56,33,0,0,64,54,10,153,110,43
107,私立,一般大學,1125,中信學校財團法人中信金融管理學院,18,15,3,1,0,0,0,2,0,12,3,0,0,3,3,0,18,15,3
107,私立,技專校院,1148,大漢技術學院,27,20,7,0,0,0,0,1,0,19,7,0,0,1,1,0,27,20,7
107,私立,技專校院,1159,和春技術學院,62,51,11,0,0,3,1,3,0,45,10,0,0,7,6,1,62,51,11
107,私立,技專校院,1166,亞東技術學院,135,84,51,4,2,11,3,38,20,31,26,0,0,78,53,25,135,84,51
107,私立,技專校院,1168,南亞科技學校財團法人南亞技術學院,103,60,43,1,0,9,3,6,7,44,33,0,0,26,16,10,103,60,43
107,私立,一般大學,1176,稻江科技暨管理學院,95,47,48,1,0,0,1,8,6,38,41,0,0,16,9,7,95,47,48
107,私立,技專校院,1182,蘭陽技術學院,22,14,8,0,0,0,0,2,1,12,7,0,0,3,2,1,22,14,8
107,私立,技專校院,1183,黎明技術學院,191,126,65,1,0,7,1,28,7,90,57,0,0,44,36,8,191,126,65
107,私立,技專校院,1185,經國管理暨健康學院,122,65,57,0,0,3,0,12,7,50,50,0,0,22,15,7,122,65,57
107,私立,技專校院,1188,大同技術學院,72,34,38,1,0,3,0,3,2,27,36,0,0,9,7,2,72,34,38
107,私立,技專校院,1192,臺灣觀光學院,31,17,14,1,1,0,0,2,3,14,10,0,0,7,3,4,31,17,14
107,私立,一般大學,1195,馬偕學校財團法人馬偕醫學院,163,104,59,16,1,10,0,32,20,46,38,0,0,79,58,21,163,104,59
107,私立,一般大學,1196,法鼓學校財團法人法鼓文理學院,27,13,14,2,1,4,2,4,9,3,2,0,0,22,10,12,27,13,14
107,私立,技專校院,1282,馬偕學校財團法人馬偕醫護管理專科學校,187,98,89,0,0,9,1,11,11,78,77,0,0,32,20,12,187,98,89
107,私立,技專校院,1283,仁德醫護管理專科學校,250,161,89,1,0,4,2,37,9,119,78,0,0,53,42,11,250,161,89
107,私立,技專校院,1284,樹人醫護管理專科學校,371,211,160,2,0,10,1,32,10,167,149,0,0,55,44,11,371,211,160
107,私立,技專校院,1285,慈惠醫護管理專科學校,164,90,74,0,0,0,0,0,1,90,73,0,0,1,0,1,164,90,74
107,私立,技專校院,1286,耕莘健康管理專科學校,316,133,183,0,0,3,2,22,13,108,168,0,0,40,25,15,316,133,183
107,私立,技專校院,1287,敏惠醫護管理專科學校,153,81,72,0,0,0,0,16,7,65,65,0,0,23,16,7,153,81,72
107,私立,技專校院,1289,育英醫護管理專科學校,58,20,38,1,0,3,0,6,5,10,33,0,0,15,10,5,58,20,38
107,私立,技專校院,1291,聖母醫護管理專科學校,137,65,72,1,0,1,1,16,5,47,66,0,0,24,18,6,137,65,72
107,私立,技專校院,1292,新生醫護管理專科學校,246,109,137,0,0,2,0,24,14,83,123,0,0,40,26,14,246,109,137
107,私立,技專校院,1293,崇仁醫護管理專科學校,104,51,53,0,0,2,0,9,4,40,49,0,0,15,11,4,104,51,53
107,私立,宗教研修學院,1R02,學校財團法人中華浸信會基督教台灣浸會神學院,2,2,0,1,0,0,0,1,0,0,0,0,0,2,2,0,2,2,0
107,私立,宗教研修學院,1R03,臺北基督學院,49,22,27,0,0,2,1,5,7,15,19,0,0,15,7,8,49,22,27
107,私立,宗教研修學院,1R04,財團法人一貫道天皇基金會一貫道天皇學院,18,10,8,0,0,1,1,3,0,6,7,0,0,5,4,1,18,10,8
107,私立,宗教研修學院,1R05,台神學校財團法人台灣神學研究學院,9,3,6,0,1,0,1,3,4,0,0,0,0,9,3,6,9,3,6
107,私立,宗教研修學院,1R07,台灣基督長老教會南神神學院,7,4,3,1,0,0,0,3,2,0,1,0,0,6,4,2,7,4,3
107,公立,一般大學,3002,臺北市立大學,473,239,234,27,11,24,27,69,81,119,115,0,0,239,120,119,473,239,234
108,公立,一般大學,0001,國立政治大學,428,301,127,129,24,57,17,52,35,63,51,0,0,314,238,76,428,301,127
108,公立,一般大學,0002,國立清華大學,537,300,237,60,12,33,23,86,78,121,124,0,0,292,179,113,537,300,237
108,公立,一般大學,0003,國立臺灣大學,1334,980,354,346,67,167,59,268,106,199,122,0,0,1013,781,232,1334,980,354
108,公立,一般大學,0004,國立臺灣師範大學,627,395,232,118,37,84,46,109,80,84,69,0,0,474,311,163,627,395,232
108,公立,一般大學,0005,國立成功大學,715,536,179,215,30,109,25,147,56,65,68,0,0,582,471,111,715,536,179
108,公立,一般大學,0006,國立中興大學,283,194,89,71,6,48,9,41,25,34,49,0,0,200,160,40,283,194,89
108,公立,一般大學,0007,國立陽明交通大學,223,157,66,56,4,21,1,50,21,30,40,0,0,153,127,26,223,157,66
108,公立,一般大學,0008,國立中央大學,382,303,79,146,13,58,13,64,27,35,26,0,0,321,268,53,382,303,79
108,公立,一般大學,0009,國立中山大學,212,139,73,52,6,20,9,36,26,31,32,0,0,149,108,41,212,139,73
108,公立,一般大學,0012,國立臺灣海洋大學,239,186,53,51,1,40,13,54,19,41,20,0,0,178,145,33,239,186,53
108,公立,一般大學,0013,國立中正大學,184,138,46,26,3,16,5,53,19,43,19,0,0,122,95,27,184,138,46
108,公立,一般大學,0014,國立高雄師範大學,320,184,136,16,2,21,16,83,66,64,52,0,0,204,120,84,320,184,136
108,公立,一般大學,0015,國立彰化師範大學,202,141,61,32,7,23,3,52,25,34,26,0,0,142,107,35,202,141,61
108,公立,一般大學,0016,國立陽明大學,564,413,151,85,15,86,28,132,50,110,58,0,0,396,303,93,564,413,151
108,公立,一般大學,0017,國立臺北大學,270,190,80,59,8,47,16,54,26,30,30,0,0,210,160,50,270,190,80
108,公立,一般大學,0018,國立嘉義大學,174,97,77,16,1,8,3,36,41,37,32,0,0,105,60,45,174,97,77
108,公立,一般大學,0019,國立高雄大學,161,106,55,8,2,6,1,49,19,43,33,0,0,85,63,22,161,106,55
108,公立,一般大學,0020,國立東華大學,150,87,63,7,1,2,2,14,20,64,40,0,0,46,23,23,150,87,63
108,公立,一般大學,0021,國立暨南國際大學,238,158,80,23,2,12,2,57,25,66,51,0,0,121,92,29,238,158,80
108,公立,技專校院,0022,國立臺灣科技大學,370,260,110,66,8,55,12,85,33,54,57,0,0,259,206,53,370,260,110
108,公立,技專校院,0023,國立雲林科技大學,218,138,80,12,1,16,3,42,21,68,55,0,0,95,70,25,218,138,80
108,公立,技專校院,0024,國立屏東科技大學,198,143,55,15,2,11,2,35,11,82,40,0,0,76,61,15,198,143,55
108,公立,技專校院,0025,國立臺北科技大學,549,419,130,46,6,85,14,130,38,158,72,0,0,319,261,58,549,419,130
108,公立,一般大學,0028,國立臺北藝術大學,356,198,158,21,18,29,18,50,44,98,78,0,0,180,100,80,356,198,158
108,公立,一般大學,0029,國立臺灣藝術大學,617,323,294,19,10,29,31,94,98,181,155,0,0,281,142,139,617,323,294
108,公立,一般大學,0030,國立臺東大學,125,67,58,3,0,6,0,15,19,43,39,0,0,43,24,19,125,67,58
108,公立,一般大學,0031,國立宜蘭大學,133,88,45,13,1,14,6,42,15,19,23,0,0,91,69,22,133,88,45
108,公立,一般大學,0032,國立聯合大學,228,173,55,11,0,16,2,61,22,85,31,0,0,112,88,24,228,173,55
108,公立,技專校院,0033,國立虎尾科技大學,226,157,69,7,1,13,5,50,15,87,48,0,0,91,70,21,226,157,69
108,公立,一般大學,0035,國立臺南藝術大學,115,51,64,1,1,2,0,17,25,31,38,0,0,46,20,26,115,51,64
108,公立,一般大學,0036,國立臺南大學,230,122,108,6,1,23,10,55,56,38,41,0,0,151,84,67,230,122,108
108,公立,一般大學,0037,國立臺北教育大學,209,112,97,17,10,30,18,39,32,26,37,0,0,146,86,60,209,112,97
108,公立,一般大學,0039,國立臺中教育大學,245,117,128,9,5,10,13,43,40,55,70,0,0,120,62,58,245,117,128
108,公立,技專校院,0042,國立澎湖科技大學,53,34,19,0,0,2,0,7,4,25,15,0,0,13,9,4,53,34,19
108,公立,技專校院,0043,國立勤益科技大學,451,322,129,32,0,36,11,155,58,99,60,0,0,292,223,69,451,322,129
108,公立,一般大學,0044,國立體育大學,84,54,30,10,0,3,1,10,7,31,22,0,0,31,23,8,84,54,30
108,公立,技專校院,0046,國立臺北護理健康大學,288,120,168,9,3,19,9,44,47,48,109,0,0,131,72,59,288,120,168
108,公立,技專校院,0047,國立高雄餐旅大學,141,82,59,2,0,8,1,18,7,54,51,0,0,36,28,8,141,82,59
108,公立,一般大學,0048,國立金門大學,133,93,40,4,0,5,0,22,5,62,35,0,0,36,31,5,133,93,40
108,公立,一般大學,0049,國立臺灣體育運動大學,177,104,73,3,0,2,3,12,10,87,60,0,0,30,17,13,177,104,73
108,公立,技專校院,0050,國立臺中科技大學,627,363,264,17,4,46,16,89,50,211,193,0,1,222,152,70,626,363,263
108,公立,技專校院,0051,國立臺北商業大學,335,206,129,6,3,19,9,55,41,126,76,0,0,133,80,53,335,206,129
108,公立,一般大學,0052,國立屏東大學,181,101,80,12,2,5,5,38,23,46,50,0,0,85,55,30,181,101,80
108,公立,技專校院,0053,國立高雄科技大學,736,473,263,29,1,57,5,146,54,241,203,0,0,292,232,60,736,473,263
108,公立,技專校院,0144,國立臺灣戲曲學院,133,84,49,2,1,6,2,7,5,69,41,0,0,23,15,8,133,84,49
108,公立,技專校院,0221,國立臺南護理專科學校,86,32,54,1,0,2,0,8,12,21,42,0,0,23,11,12,86,32,54
108,公立,技專校院,0222,國立臺東專科學校,77,49,28,2,0,0,0,9,7,38,21,0,0,18,11,7,77,49,28
108,私立,一般大學,1001,東海大學,707,437,270,76,12,79,24,142,78,140,156,0,0,411,297,114,707,437,270
108,私立,一般大學,1002,輔仁大學,1273,775,498,112,30,133,68,238,126,292,274,0,0,707,483,224,1273,775,498
108,私立,一般大學,1003,東吳大學,883,509,374,104,21,78,39,154,100,173,214,0,0,496,336,160,883,509,374
108,私立,一般大學,1004,中原大學,671,444,227,45,2,54,9,145,63,200,153,0,0,318,244,74,671,444,227
108,私立,一般大學,1005,淡江大學學校財團法人淡江大學,572,354,218,50,8,41,18,107,53,156,139,0,0,277,198,79,572,354,218
108,私立,一般大學,1006,中國文化大學,886,542,344,91,18,104,50,175,119,172,157,0,0,557,370,187,886,542,344
108,私立,一般大學,1007,逢甲大學,577,421,156,62,5,70,17,204,74,85,60,0,0,432,336,96,577,421,156
108,私立,一般大學,1008,靜宜大學,454,259,195,25,5,25,12,91,37,118,141,0,0,195,141,54,454,259,195
108,私立,一般大學,1009,長庚大學,611,461,150,95,10,135,14,172,53,59,73,0,0,479,402,77,611,461,150
108,私立,一般大學,1010,元智大學,276,173,103,21,2,26,6,73,30,53,65,0,0,158,120,38,276,173,103
108,私立,一般大學,1011,中華大學學校財團法人中華大學,144,105,39,8,1,13,1,28,11,56,26,0,0,62,49,13,144,105,39
108,私立,一般大學,1012,大葉大學,359,217,142,13,2,21,3,69,37,114,100,0,0,145,103,42,359,217,142
108,私立,一般大學,1013,華梵大學,66,50,16,7,2,4,1,10,9,29,4,0,0,33,21,12,66,50,16
108,私立,一般大學,1014,義守大學,458,301,157,19,1,8,4,66,24,208,128,0,0,122,93,29,458,301,157
108,私立,一般大學,1015,世新大學,362,227,135,27,7,35,15,54,37,111,76,0,0,175,116,59,362,227,135
108,私立,一般大學,1016,銘傳大學,655,406,249,34,10,46,12,108,64,218,163,0,0,274,188,86,655,406,249
108,私立,一般大學,1017,實踐大學,665,401,264,30,9,51,20,97,50,223,185,0,0,257,178,79,665,401,264
108,私立,技專校院,1018,朝陽科技大學,566,351,215,10,1,24,7,74,43,243,164,0,0,159,108,51,566,351,215
108,私立,一般大學,1019,高雄醫學大學,138,77,61,6,2,11,5,33,21,27,33,0,0,78,50,28,138,77,61
108,私立,一般大學,1020,南華大學,266,147,119,3,3,6,1,35,28,103,87,0,0,76,44,32,266,147,119
108,私立,一般大學,1021,真理大學,116,62,54,0,0,6,2,18,16,38,36,0,0,42,24,18,116,62,54
108,私立,一般大學,1022,大同大學,173,130,43,26,0,13,2,36,14,55,27,0,0,91,75,16,173,130,43
108,私立,技專校院,1023,南臺學校財團法人南臺科技大學,332,194,138,9,2,16,5,46,20,123,111,0,0,98,71,27,332,194,138
108,私立,技專校院,1024,崑山科技大學,277,204,73,16,1,12,1,47,6,129,65,0,0,83,75,8,277,204,73
108,私立,技專校院,1025,嘉藥學校財團法人嘉南藥理大學,251,152,99,6,0,6,2,32,12,108,85,0,0,58,44,14,251,152,99
108,私立,技專校院,1026,樹德科技大學,407,214,193,6,1,9,6,53,29,146,157,0,0,104,68,36,407,214,193
108,私立,一般大學,1027,慈濟學校財團法人慈濟大學,424,335,89,51,2,72,6,91,32,121,49,0,0,254,214,40,424,335,89
108,私立,一般大學,1028,臺北醫學大學,481,275,206,60,12,37,17,80,44,98,133,0,0,250,177,73,481,275,206
108,私立,一般大學,1029,中山醫學大學,258,168,90,38,7,17,6,48,11,65,66,0,0,127,103,24,258,168,90
108,私立,技專校院,1030,龍華科技大學,366,255,111,6,0,14,6,63,24,172,81,0,0,113,83,30,366,255,111
108,私立,技專校院,1031,輔英科技大學,211,91,120,2,0,14,1,29,24,46,95,0,0,70,45,25,211,91,120
108,私立,技專校院,1032,明新學校財團法人明新科技大學,328,207,121,3,0,12,4,55,24,137,93,0,0,98,70,28,328,207,121
108,私立,一般大學,1033,長榮大學,262,159,103,16,0,17,4,53,27,73,72,0,0,117,86,31,262,159,103
108,私立,技專校院,1034,弘光科技大學,465,266,199,11,0,10,12,97,49,148,138,0,0,179,118,61,465,266,199
108,私立,一般大學,1035,中國醫藥大學,291,208,83,53,6,36,13,70,32,49,32,0,0,210,159,51,291,208,83
108,私立,技專校院,1036,健行學校財團法人健行科技大學,237,138,99,4,0,14,2,40,12,80,85,0,0,72,58,14,237,138,99
108,私立,技專校院,1037,正修學校財團法人正修科技大學,624,384,240,15,1,23,4,113,38,233,197,0,0,194,151,43,624,384,240
108,私立,技專校院,1038,萬能學校財團法人萬能科技大學,357,221,136,1,0,6,1,46,13,168,122,0,0,67,53,14,357,221,136
108,私立,一般大學,1039,玄奘大學,102,64,38,1,0,8,2,21,14,34,22,0,0,46,30,16,102,64,38
108,私立,技專校院,1040,建國科技大學,186,117,69,2,0,5,1,23,9,87,59,0,0,40,30,10,186,117,69
108,私立,技專校院,1041,明志科技大學,172,110,62,4,0,11,2,39,17,56,43,0,0,73,54,19,172,110,62
108,私立,技專校院,1042,高苑科技大學,101,75,26,4,0,11,1,21,2,39,23,0,0,39,36,3,101,75,26
108,私立,技專校院,1043,大仁科技大學,153,97,56,3,1,10,3,28,6,56,46,0,0,51,41,10,153,97,56
108,私立,技專校院,1044,聖約翰科技大學,57,36,21,1,0,2,0,3,2,30,19,0,0,8,6,2,57,36,21
108,私立,技專校院,1045,嶺東科技大學,282,157,125,3,0,5,2,19,8,130,115,0,0,37,27,10,282,157,125
108,私立,技專校院,1046,中國科技大學,335,221,114,1,0,9,1,34,18,177,95,0,0,63,44,19,335,221,114
108,私立,技專校院,1047,中臺科技大學,214,132,82,6,0,9,1,48,22,69,59,0,0,86,63,23,214,132,82
108,私立,一般大學,1048,亞洲大學,571,360,211,122,12,33,23,82,72,123,104,0,0,344,237,107,571,360,211
108,私立,一般大學,1049,開南大學,132,74,58,11,2,18,2,19,11,26,43,0,0,63,48,15,132,74,58
108,私立,一般大學,1050,佛光大學,94,70,24,8,0,11,0,27,11,24,13,0,0,57,46,11,94,70,24
108,私立,技專校院,1051,台南家專學校財團法人台南應用科技大學,462,194,268,1,0,2,5,45,56,146,207,0,0,109,48,61,462,194,268
108,私立,技專校院,1052,遠東科技大學,135,93,42,1,0,6,1,20,6,66,35,0,0,34,27,7,135,93,42
108,私立,技專校院,1053,光宇學校財團法人元培醫事科技大學,203,112,91,4,1,10,2,44,17,54,71,0,0,78,58,20,203,112,91
108,私立,技專校院,1054,景文科技大學,99,59,40,3,2,3,0,14,10,39,28,0,0,32,20,12,99,59,40
108,私立,技專校院,1055,中華醫事科技大學,315,179,136,6,1,11,6,52,20,110,109,0,0,96,69,27,315,179,136
108,私立,技專校院,1056,東南科技大學,112,78,34,0,0,3,1,16,5,59,28,0,0,25,19,6,112,78,34
108,私立,技專校院,1057,德明財經科技大學,238,161,77,9,0,16,3,43,20,93,54,0,0,91,68,23,238,161,77
108,私立,一般大學,1058,明道學校財團法人明道大學,113,71,42,3,0,7,1,14,10,47,31,0,0,35,24,11,113,71,42
108,私立,技專校院,1060,南開科技大學,97,58,39,2,0,4,1,14,8,38,30,0,0,29,20,9,97,58,39
108,私立,技專校院,1061,中華學校財團法人中華科技大學,81,65,16,0,0,11,1,13,1,41,14,0,0,26,24,2,81,65,16
108,私立,技專校院,1062,僑光科技大學,232,150,82,6,0,1,4,23,11,120,67,0,0,45,30,15,232,150,82
108,私立,技專校院,1063,廣亞學校財團法人育達科技大學,99,69,30,2,0,3,2,16,7,48,21,0,0,30,21,9,99,69,30
108,私立,技專校院,1064,美和學校財團法人美和科技大學,260,111,149,4,2,7,1,16,13,84,133,0,0,43,27,16,260,111,149
108,私立,技專校院,1065,吳鳳科技大學,60,43,17,1,0,4,0,2,1,36,16,0,0,8,7,1,60,43,17
108,私立,技專校院,1066,環球學校財團法人環球科技大學,103,72,31,1,0,1,1,18,2,52,28,0,0,23,20,3,103,72,31
108,私立,一般大學,1067,台灣首府學校財團法人台灣首府大學,51,28,23,0,0,1,0,5,1,22,22,0,0,7,6,1,51,28,23
108,私立,技專校院,1068,中州學校財團法人中州科技大學,49,23,26,1,0,3,0,6,1,13,25,0,0,11,10,1,49,23,26
108,私立,技專校院,1069,修平學校財團法人修平科技大學,127,87,40,4,0,7,2,22,11,54,27,0,0,46,33,13,127,87,40
108,私立,技專校院,1070,長庚學校財團法人長庚科技大學,115,53,62,1,0,5,1,18,7,29,54,0,0,32,24,8,115,53,62
108,私立,技專校院,1071,城市學校財團法人臺北城市科技大學,264,168,96,1,0,10,3,36,15,121,78,0,0,65,47,18,264,168,96
108,私立,技專校院,1072,大華學校財團法人敏實科技大學,75,48,27,0,1,6,9,13,4,29,13,0,0,33,19,14,75,48,27
108,私立,技專校院,1073,醒吾學校財團法人醒吾科技大學,349,200,149,6,1,13,3,47,25,134,120,0,0,95,66,29,349,200,149
108,私立,技專校院,1075,文藻學校財團法人文藻外語大學,243,105,138,3,1,2,2,26,26,74,109,0,0,60,31,29,243,105,138
108,私立,技專校院,1076,華夏學校財團法人華夏科技大學,109,73,36,2,0,4,2,9,3,58,31,0,0,20,15,5,109,73,36
108,私立,技專校院,1077,慈濟學校財團法人慈濟科技大學,94,37,57,2,0,6,0,12,9,17,48,0,0,29,20,9,94,37,57
108,私立,技專校院,1078,致理學校財團法人致理科技大學,402,248,154,11,0,13,4,62,26,162,124,0,0,116,86,30,402,248,154
108,私立,一般大學,1079,康寧學校財團法人康寧大學,145,80,65,0,0,4,2,10,6,66,57,0,0,22,14,8,145,80,65
108,私立,技專校院,1080,宏國學校財團法人宏國德霖科技大學,172,115,57,3,0,11,1,34,13,67,43,0,0,62,48,14,172,115,57
108,私立,技專校院,1081,東方學校財團法人東方設計大學,77,39,38,4,0,1,0,7,4,27,34,0,0,16,12,4,77,39,38
108,私立,技專校院,1082,崇右學校財團法人崇右影藝科技大學,65,42,23,2,0,2,1,11,5,27,17,0,0,21,15,6,65,42,23
108,私立,技專校院,1083,台北海洋學校財團法人台北海洋科技大學,171,124,47,0,0,22,0,44,12,58,35,0,0,78,66,12,171,124,47
108,私立,一般大學,1125,中信學校財團法人中信金融管理學院,18,15,3,3,0,0,0,2,1,10,2,0,0,6,5,1,18,15,3
108,私立,技專校院,1148,大漢技術學院,27,19,8,0,0,1,0,1,1,17,7,0,0,3,2,1,27,19,8
108,私立,技專校院,1159,和春技術學院,75,52,23,0,0,0,0,0,0,52,23,0,0,0,0,0,75,52,23
108,私立,技專校院,1166,亞東技術學院,156,93,63,4,1,13,4,44,18,32,40,0,0,84,61,23,156,93,63
108,私立,技專校院,1168,南亞科技學校財團法人南亞技術學院,115,64,51,2,0,10,1,10,8,42,42,0,0,31,22,9,115,64,51
108,私立,一般大學,1176,稻江科技暨管理學院,64,34,30,1,0,0,0,6,7,27,23,0,0,14,7,7,64,34,30
108,私立,技專校院,1182,蘭陽技術學院,25,14,11,0,0,0,0,1,1,13,10,0,0,2,1,1,25,14,11
108,私立,技專校院,1183,黎明技術學院,226,149,77,1,0,10,1,34,10,104,66,0,0,56,45,11,226,149,77
108,私立,技專校院,1185,經國管理暨健康學院,119,57,62,0,0,1,1,13,6,43,55,0,0,21,14,7,119,57,62
108,私立,技專校院,1188,大同技術學院,54,26,28,2,0,3,0,2,2,19,26,0,0,9,7,2,54,26,28
108,私立,技專校院,1192,臺灣觀光學院,45,23,22,0,0,1,0,5,5,17,17,0,0,11,6,5,45,23,22
108,私立,一般大學,1195,馬偕學校財團法人馬偕醫學院,200,137,63,19,3,17,2,46,20,55,38,0,0,107,82,25,200,137,63
108,私立,一般大學,1196,法鼓學校財團法人法鼓文理學院,25,11,14,2,1,1,2,5,9,3,2,0,0,20,8,12,25,11,14
108,私立,技專校院,1282,馬偕學校財團法人馬偕醫護管理專科學校,171,86,85,2,0,5,1,14,12,65,72,0,0,34,21,13,171,86,85
108,私立,技專校院,1283,仁德醫護管理專科學校,221,152,69,0,0,3,2,30,4,119,63,0,0,39,33,6,221,152,69
108,私立,技專校院,1284,樹人醫護管理專科學校,382,202,180,3,0,8,1,32,11,159,168,0,0,55,43,12,382,202,180
108,私立,技專校院,1285,慈惠醫護管理專科學校,186,97,89,0,0,0,0,2,0,95,89,0,0,2,2,0,186,97,89
108,私立,技專校院,1286,耕莘健康管理專科學校,329,124,205,0,1,3,2,25,12,96,190,0,0,43,28,15,329,124,205
108,私立,技專校院,1287,敏惠醫護管理專科學校,145,68,77,1,0,0,0,16,8,51,69,0,0,25,17,8,145,68,77
108,私立,技專校院,1289,育英醫護管理專科學校,63,17,46,1,0,2,0,4,6,10,40,0,0,13,7,6,63,17,46
108,私立,技專校院,1291,聖母醫護管理專科學校,131,61,70,1,0,1,1,15,3,44,66,0,0,21,17,4,131,61,70
108,私立,技專校院,1292,新生醫護管理專科學校,237,94,143,0,0,1,0,18,11,75,132,0,0,30,19,11,237,94,143
108,私立,技專校院,1293,崇仁醫護管理專科學校,101,45,56,0,0,1,0,7,7,37,49,0,0,15,8,7,101,45,56
108,私立,宗教研修學院,1R02,學校財團法人中華浸信會基督教台灣浸會神學院,2,2,0,1,0,0,0,1,0,0,0,0,0,2,2,0,2,2,0
108,私立,宗教研修學院,1R03,臺北基督學院,52,24,28,0,0,2,1,6,6,16,21,0,0,15,8,7,52,24,28
108,私立,宗教研修學院,1R04,財團法人一貫道天皇基金會一貫道天皇學院,21,10,11,0,0,1,0,1,2,8,9,0,0,4,2,2,21,10,11
108,私立,宗教研修學院,1R05,台神學校財團法人台灣神學研究學院,9,2,7,0,3,0,0,2,4,0,0,0,0,9,2,7,9,2,7
108,私立,宗教研修學院,1R07,台灣基督長老教會南神神學院,10,5,5,1,1,0,2,4,2,0,0,0,0,10,5,5,10,5,5
108,公立,一般大學,3002,臺北市立大學,444,227,217,21,12,24,23,64,75,118,107,0,0,219,109,110,444,227,217
109,公立,一般大學,0001,國立政治大學,432,305,127,138,28,52,21,54,35,61,43,0,0,328,244,84,432,305,127
109,公立,一般大學,0002,國立清華大學,531,307,224,63,12,28,20,90,78,126,114,0,0,291,181,110,531,307,224
109,公立,一般大學,0003,國立臺灣大學,1314,959,355,333,66,174,52,268,108,184,129,0,0,1001,775,226,1314,959,355
109,公立,一般大學,0004,國立臺灣師範大學,638,390,248,117,36,77,48,114,98,82,66,0,0,490,308,182,638,390,248
109,公立,一般大學,0005,國立成功大學,734,545,189,222,32,106,29,145,54,72,74,0,0,588,473,115,734,545,189
109,公立,一般大學,0006,國立中興大學,306,218,88,85,8,46,6,46,27,41,47,0,0,218,177,41,306,218,88
109,公立,一般大學,0007,國立陽明交通大學,227,160,67,55,3,30,5,46,19,29,40,0,0,158,131,27,227,160,67
109,公立,一般大學,0008,國立中央大學,373,293,80,139,14,63,16,59,24,32,26,0,0,315,261,54,373,293,80
109,公立,一般大學,0009,國立中山大學,210,140,70,50,7,22,9,36,26,32,28,0,0,150,108,42,210,140,70
109,公立,一般大學,0012,國立臺灣海洋大學,247,190,57,50,2,44,14,57,20,39,21,0,0,187,151,36,247,190,57
109,公立,一般大學,0013,國立中正大學,190,144,46,31,5,15,4,59,20,39,17,0,0,134,105,29,190,144,46
109,公立,一般大學,0014,國立高雄師範大學,345,197,148,19,4,18,17,82,67,78,60,0,0,207,119,88,345,197,148
109,公立,一般大學,0015,國立彰化師範大學,207,143,64,30,7,20,5,57,22,36,30,0,0,141,107,34,207,143,64
109,公立,一般大學,0016,國立陽明大學,634,456,178,100,19,91,31,145,54,120,74,0,0,440,336,104,634,456,178
109,公立,一般大學,0017,國立臺北大學,276,192,84,57,10,47,17,54,30,34,27,0,0,215,158,57,276,192,84
109,公立,一般大學,0018,國立嘉義大學,160,86,74,13,1,7,3,33,37,33,33,0,0,94,53,41,160,86,74
109,公立,一般大學,0019,國立高雄大學,158,97,61,6,2,6,3,40,22,45,34,0,0,79,52,27,158,97,61
109,公立,一般大學,0020,國立東華大學,166,90,76,9,2,7,3,14,21,60,50,0,0,56,30,26,166,90,76
109,公立,一般大學,0021,國立暨南國際大學,250,159,91,18,1,15,6,54,28,72,56,0,0,122,87,35,250,159,91
109,公立,技專校院,0022,國立臺灣科技大學,388,265,123,67,10,53,13,85,41,60,59,0,0,269,205,64,388,265,123
109,公立,技專校院,0023,國立雲林科技大學,215,141,74,13,1,15,4,45,19,68,50,0,0,97,73,24,215,141,74
109,公立,技專校院,0024,國立屏東科技大學,181,126,55,12,0,11,3,36,11,67,41,0,0,73,59,14,181,126,55
109,公立,技專校院,0025,國立臺北科技大學,507,375,132,40,4,73,15,126,39,136,74,0,0,297,239,58,507,375,132
109,公立,一般大學,0028,國立臺北藝術大學,364,196,168,24,18,31,16,53,52,88,82,0,0,194,108,86,364,196,168
109,公立,一般大學,0029,國立臺灣藝術大學,619,326,293,16,11,33,31,94,94,183,157,0,0,279,143,136,619,326,293
109,公立,一般大學,0030,國立臺東大學,127,74,53,4,0,5,0,21,17,44,36,0,0,47,30,17,127,74,53
109,公立,一般大學,0031,國立宜蘭大學,139,89,50,16,1,14,8,36,16,23,25,0,0,91,66,25,139,89,50
109,公立,一般大學,0032,國立聯合大學,225,163,62,12,0,14,2,58,25,79,35,0,0,111,84,27,225,163,62
109,公立,技專校院,0033,國立虎尾科技大學,225,153,72,6,1,11,6,53,15,83,50,0,0,92,70,22,225,153,72
109,公立,一般大學,0035,國立臺南藝術大學,119,47,72,2,2,1,3,17,29,27,38,0,0,54,20,34,119,47,72
109,公立,一般大學,0036,國立臺南大學,245,136,109,8,1,18,9,67,57,43,42,0,0,160,93,67,245,136,109
109,公立,一般大學,0037,國立臺北教育大學,221,131,90,24,7,28,12,44,37,35,34,0,0,152,96,56,221,131,90
109,公立,一般大學,0039,國立臺中教育大學,262,122,140,9,4,10,15,42,50,61,71,0,0,130,61,69,262,122,140
109,公立,技專校院,0042,國立澎湖科技大學,42,29,13,0,0,1,0,8,5,20,8,0,0,14,9,5,42,29,13
109,公立,技專校院,0043,國立勤益科技大學,458,320,138,29,0,36,8,159,64,96,66,0,0,296,224,72,458,320,138
109,公立,一般大學,0044,國立體育大學,84,57,27,11,1,6,0,15,3,25,23,0,0,36,32,4,84,57,27
109,公立,技專校院,0046,國立臺北護理健康大學,262,113,149,6,5,21,10,41,34,45,100,0,0,117,68,49,262,113,149
109,公立,技專校院,0047,國立高雄餐旅大學,141,78,63,2,0,5,2,13,7,58,54,0,0,29,20,9,141,78,63
109,公立,一般大學,0048,國立金門大學,134,95,39,3,0,2,0,27,8,63,31,0,0,40,32,8,134,95,39
109,公立,一般大學,0049,國立臺灣體育運動大學,165,97,68,3,0,3,4,10,8,81,56,0,0,28,16,12,165,97,68
109,公立,技專校院,0050,國立臺中科技大學,881,492,389,17,4,55,25,115,82,305,276,0,2,298,187,111,879,492,387
109,公立,技專校院,0051,國立臺北商業大學,368,221,147,7,5,21,11,60,44,133,87,0,0,148,88,60,368,221,147
109,公立,一般大學,0052,國立屏東大學,170,88,82,11,2,2,5,41,33,34,42,0,0,94,54,40,170,88,82
109,公立,技專校院,0053,國立高雄科技大學,724,461,263,22,0,53,7,143,61,243,195,0,0,286,218,68,724,461,263
109,公立,技專校院,0144,國立臺灣戲曲學院,124,77,47,2,1,7,3,9,5,59,38,0,0,27,18,9,124,77,47
109,公立,技專校院,0221,國立臺南護理專科學校,85,33,52,1,0,3,1,5,9,24,42,0,0,19,9,10,85,33,52
109,公立,技專校院,0222,國立臺東專科學校,72,47,25,2,0,0,0,10,4,35,21,0,0,16,12,4,72,47,25
109,私立,一般大學,1001,東海大學,675,435,240,70,10,89,20,152,70,124,140,0,0,411,311,100,675,435,240
109,私立,一般大學,1002,輔仁大學,1210,741,469,105,28,127,62,219,125,290,254,0,0,666,451,215,1210,741,469
109,私立,一般大學,1003,東吳大學,900,529,371,113,22,80,40,158,111,178,198,0,0,524,351,173,900,529,371
109,私立,一般大學,1004,中原大學,675,454,221,49,2,52,9,154,62,199,148,0,0,328,255,73,675,454,221
109,私立,一般大學,1005,淡江大學學校財團法人淡江大學,684,429,255,52,9,52,23,131,67,194,156,0,0,334,235,99,684,429,255
109,私立,一般大學,1006,中國文化大學,901,532,369,80,20,107,55,180,132,165,162,0,0,574,367,207,901,532,369
109,私立,一般大學,1007,逢甲大學,532,375,157,57,5,63,18,182,78,73,56,0,0,403,302,101,532,375,157
109,私立,一般大學,1008,靜宜大學,485,278,207,36,5,23,11,89,44,130,147,0,0,208,148,60,485,278,207
109,私立,一般大學,1009,長庚大學,623,488,135,103,8,139,13,178,47,68,67,0,0,488,420,68,623,488,135
109,私立,一般大學,1010,元智大學,275,179,96,24,2,25,6,81,31,49,57,0,0,169,130,39,275,179,96
109,私立,一般大學,1011,中華大學學校財團法人中華大學,130,98,32,5,0,9,1,29,7,55,24,0,0,51,43,8,130,98,32
109,私立,一般大學,1012,大葉大學,327,191,136,13,0,21,4,62,35,95,97,0,0,135,96,39,327,191,136
109,私立,一般大學,1013,華梵大學,63,45,18,8,3,3,1,8,9,26,5,0,0,32,19,13,63,45,18
109,私立,一般大學,1014,義守大學,398,265,133,7,0,8,2,60,23,190,108,0,0,100,75,25,398,265,133
109,私立,一般大學,1015,世新大學,372,241,131,31,9,37,10,54,40,119,72,0,0,181,122,59,372,241,131
109,私立,一般大學,1016,銘傳大學,692,428,264,30,11,51,10,117,82,230,161,0,0,301,198,103,692,428,264
109,私立,一般大學,1017,實踐大學,648,378,270,25,9,40,20,99,56,214,185,0,0,249,164,85,648,378,270
109,私立,技專校院,1018,朝陽科技大學,554,348,206,12,2,24,4,70,43,242,157,0,0,155,106,49,554,348,206
109,私立,一般大學,1019,高雄醫學大學,152,89,63,9,1,14,5,40,24,26,33,0,0,93,63,30,152,89,63
109,私立,一般大學,1020,南華大學,267,150,117,4,2,7,0,46,37,93,78,0,0,96,57,39,267,150,117
109,私立,一般大學,1021,真理大學,113,60,53,0,0,4,2,20,13,36,38,0,0,39,24,15,113,60,53
109,私立,一般大學,1022,大同大學,177,129,48,24,0,11,2,41,18,53,28,0,0,96,76,20,177,129,48
109,私立,技專校院,1023,南臺學校財團法人南臺科技大學,327,191,136,9,3,15,8,57,23,110,102,0,0,115,81,34,327,191,136
109,私立,技專校院,1024,崑山科技大學,278,195,83,11,0,15,2,43,14,126,67,0,0,85,69,16,278,195,83
109,私立,技專校院,1025,嘉藥學校財團法人嘉南藥理大學,212,130,82,3,0,8,5,26,9,93,68,0,0,51,37,14,212,130,82
109,私立,技專校院,1026,樹德科技大學,409,218,191,7,1,8,5,55,30,148,155,0,0,106,70,36,409,218,191
109,私立,一般大學,1027,慈濟學校財團法人慈濟大學,448,355,93,52,2,72,4,107,36,124,51,0,0,273,231,42,448,355,93
109,私立,一般大學,1028,臺北醫學大學,403,231,172,39,11,30,13,77,33,85,115,0,0,203,146,57,403,231,172
109,私立,一般大學,1029,中山醫學大學,274,176,98,39,7,21,7,49,14,67,70,0,0,137,109,28,274,176,98
109,私立,技專校院,1030,龍華科技大學,374,269,105,7,0,16,6,67,15,179,84,0,0,111,90,21,374,269,105
109,私立,技專校院,1031,輔英科技大學,234,103,131,1,1,14,3,32,23,56,104,0,0,74,47,27,234,103,131
109,私立,技專校院,1032,明新學校財團法人明新科技大學,350,220,130,4,0,15,5,60,18,141,107,0,0,102,79,23,350,220,130
109,私立,一般大學,1033,長榮大學,253,152,101,15,1,15,4,52,24,70,72,0,0,111,82,29,253,152,101
109,私立,技專校院,1034,弘光科技大學,452,265,187,10,1,16,14,89,38,150,134,0,0,168,115,53,452,265,187
109,私立,一般大學,1035,中國醫藥大學,280,192,88,44,6,35,15,68,39,45,28,0,0,207,147,60,280,192,88
109,私立,技專校院,1036,健行學校財團法人健行科技大學,245,154,91,1,0,15,2,44,13,94,76,0,0,75,60,15,245,154,91
109,私立,技專校院,1037,正修學校財團法人正修科技大學,665,419,246,17,2,24,4,124,46,254,194,0,0,217,165,52,665,419,246
109,私立,技專校院,1038,萬能學校財團法人萬能科技大學,346,210,136,4,0,5,1,42,8,159,127,0,0,60,51,9,346,210,136
109,私立,一般大學,1039,玄奘大學,60,39,21,0,0,5,1,16,9,18,11,0,0,31,21,10,60,39,21
109,私立,技專校院,1040,建國科技大學,195,131,64,2,0,10,1,27,9,92,54,0,0,49,39,10,195,131,64
109,私立,技專校院,1041,明志科技大學,170,109,61,6,1,16,4,40,17,47,39,0,0,84,62,22,170,109,61
109,私立,技專校院,1042,高苑科技大學,97,69,28,4,0,13,1,20,1,32,26,0,0,39,37,2,97,69,28
109,私立,技專校院,1043,大仁科技大學,139,90,49,3,1,12,4,24,4,51,40,0,0,48,39,9,139,90,49
109,私立,技專校院,1044,聖約翰科技大學,44,32,12,0,0,4,0,5,2,23,10,0,0,11,9,2,44,32,12
109,私立,技專校院,1045,嶺東科技大學,267,156,111,3,0,5,0,17,8,131,103,0,0,33,25,8,267,156,111
109,私立,技專校院,1046,中國科技大學,408,283,125,10,0,13,2,50,18,210,105,0,0,93,73,20,408,283,125
109,私立,技專校院,1047,中臺科技大學,245,144,101,8,0,8,2,50,18,78,81,0,0,86,66,20,245,144,101
109,私立,一般大學,1048,亞洲大學,575,382,193,135,14,44,21,90,65,113,93,0,0,369,269,100,575,382,193
109,私立,一般大學,1049,開南大學,136,83,53,8,2,18,3,22,13,35,35,0,0,66,48,18,136,83,53
109,私立,一般大學,1050,佛光大學,104,79,25,6,1,14,1,34,9,25,14,0,0,65,54,11,104,79,25
109,私立,技專校院,1051,台南家專學校財團法人台南應用科技大學,480,218,262,2,0,6,6,49,54,161,202,0,0,117,57,60,480,218,262
109,私立,技專校院,1052,遠東科技大學,168,126,42,1,0,5,0,27,7,93,35,0,0,40,33,7,168,126,42
109,私立,技專校院,1053,光宇學校財團法人元培醫事科技大學,219,126,93,6,1,9,3,42,17,69,72,0,0,78,57,21,219,126,93
109,私立,技專校院,1054,景文科技大學,100,64,36,4,0,3,0,20,10,37,26,0,0,37,27,10,100,64,36
109,私立,技專校院,1055,中華醫事科技大學,270,148,122,5,1,12,6,40,17,91,98,0,0,81,57,24,270,148,122
109,私立,技專校院,1056,東南科技大學,134,96,38,0,0,2,2,15,4,79,32,0,0,23,17,6,134,96,38
109,私立,技專校院,1057,德明財經科技大學,220,150,70,6,0,19,5,37,18,88,47,0,0,85,62,23,220,150,70
109,私立,一般大學,1058,明道學校財團法人明道大學,90,58,32,3,0,7,2,19,9,29,21,0,0,40,29,11,90,58,32
109,私立,技專校院,1060,南開科技大學,94,66,28,2,0,6,1,15,8,43,19,0,0,32,23,9,94,66,28
109,私立,技專校院,1061,中華學校財團法人中華科技大學,90,70,20,1,0,9,0,12,2,48,18,0,0,24,22,2,90,70,20
109,私立,技專校院,1062,僑光科技大學,262,154,108,4,1,2,4,29,16,119,87,0,0,56,35,21,262,154,108
109,私立,技專校院,1063,廣亞學校財團法人育達科技大學,95,60,35,2,0,6,2,12,2,40,31,0,0,24,20,4,95,60,35
109,私立,技專校院,1064,美和學校財團法人美和科技大學,300,147,153,7,0,7,5,18,10,115,138,0,0,47,32,15,300,147,153
109,私立,技專校院,1065,吳鳳科技大學,133,82,51,1,0,6,2,8,3,67,46,0,0,20,15,5,133,82,51
109,私立,技專校院,1066,環球學校財團法人環球科技大學,98,58,40,1,0,1,2,14,3,42,35,0,0,21,16,5,98,58,40
109,私立,一般大學,1067,台灣首府學校財團法人台灣首府大學,33,19,14,0,0,0,0,4,2,15,12,0,0,6,4,2,33,19,14
109,私立,技專校院,1068,中州學校財團法人中州科技大學,73,42,31,0,0,11,1,8,2,23,28,0,0,22,19,3,73,42,31
109,私立,技專校院,1069,修平學校財團法人修平科技大學,118,85,33,4,0,5,2,19,5,57,26,0,0,35,28,7,118,85,33
109,私立,技專校院,1070,長庚學校財團法人長庚科技大學,117,55,62,1,0,7,0,18,10,29,52,0,0,36,26,10,117,55,62
109,私立,技專校院,1071,城市學校財團法人臺北城市科技大學,303,179,124,2,1,9,4,36,24,132,95,0,0,76,47,29,303,179,124
109,私立,技專校院,1072,大華學校財團法人敏實科技大學,54,33,21,0,1,5,7,10,2,18,9,0,2,25,15,10,52,33,19
109,私立,技專校院,1073,醒吾學校財團法人醒吾科技大學,290,152,138,5,1,11,5,31,20,105,112,0,0,73,47,26,290,152,138
109,私立,技專校院,1075,文藻學校財團法人文藻外語大學,220,94,126,3,0,1,3,25,27,65,96,0,0,59,29,30,220,94,126
109,私立,技專校院,1076,華夏學校財團法人華夏科技大學,117,82,35,3,0,6,3,14,1,59,31,0,0,27,23,4,117,82,35
109,私立,技專校院,1077,慈濟學校財團法人慈濟科技大學,117,45,72,1,0,7,1,16,11,21,60,0,0,36,24,12,117,45,72
109,私立,技專校院,1078,致理學校財團法人致理科技大學,365,240,125,13,0,15,3,57,24,155,98,0,0,112,85,27,365,240,125
109,私立,一般大學,1079,康寧學校財團法人康寧大學,140,71,69,0,0,2,2,15,10,54,57,0,0,29,17,12,140,71,69
109,私立,技專校院,1080,宏國學校財團法人宏國德霖科技大學,178,119,59,1,0,10,1,35,16,73,42,0,0,63,46,17,178,119,59
109,私立,技專校院,1081,東方學校財團法人東方設計大學,108,64,44,4,0,1,1,11,3,48,40,0,0,20,16,4,108,64,44
109,私立,技專校院,1082,崇右學校財團法人崇右影藝科技大學,82,52,30,1,0,2,1,14,8,35,21,0,0,26,17,9,82,52,30
109,私立,技專校院,1083,台北海洋學校財團法人台北海洋科技大學,144,106,38,0,0,16,1,42,9,48,28,0,0,68,58,10,144,106,38
109,私立,一般大學,1125,中信學校財團法人中信金融管理學院,26,22,4,3,0,1,0,4,0,14,4,0,0,8,8,0,26,22,4
109,私立,技專校院,1148,大漢技術學院,28,20,8,0,0,1,0,4,1,15,7,0,0,6,5,1,28,20,8
109,私立,技專校院,1159,和春技術學院,16,11,5,0,0,0,1,0,0,9,4,2,0,1,0,1,14,9,5
109,私立,技專校院,1166,亞東技術學院,180,115,65,4,0,19,3,57,22,35,40,0,0,105,80,25,180,115,65
109,私立,技專校院,1168,南亞科技學校財團法人南亞技術學院,124,69,55,3,0,6,1,16,6,44,48,0,0,32,25,7,124,69,55
109,私立,一般大學,1176,稻江科技暨管理學院,16,8,8,0,0,0,0,1,4,7,4,0,0,5,1,4,16,8,8
109,私立,技專校院,1182,蘭陽技術學院,10,5,5,0,0,0,0,0,1,5,4,0,0,1,0,1,10,5,5
109,私立,技專校院,1183,黎明技術學院,204,138,66,2,0,9,0,31,12,96,54,0,0,54,42,12,204,138,66
109,私立,技專校院,1185,經國管理暨健康學院,133,61,72,0,0,1,1,18,11,42,59,0,1,31,19,12,132,61,71
109,私立,技專校院,1188,大同技術學院,48,27,21,1,0,3,0,4,0,19,21,0,0,8,8,0,48,27,21
109,私立,技專校院,1192,臺灣觀光學院,46,24,22,0,0,1,1,2,2,20,19,1,0,6,3,3,45,23,22
109,私立,一般大學,1195,馬偕學校財團法人馬偕醫學院,193,128,65,23,3,13,2,47,22,45,38,0,0,110,83,27,193,128,65
109,私立,一般大學,1196,法鼓學校財團法人法鼓文理學院,25,13,12,3,1,3,2,4,7,3,2,0,0,20,10,10,25,13,12
109,私立,技專校院,1282,馬偕學校財團法人馬偕醫護管理專科學校,166,84,82,1,0,8,1,14,14,61,67,0,0,38,23,15,166,84,82
109,私立,技專校院,1283,仁德醫護管理專科學校,197,131,66,0,0,4,3,29,7,98,56,0,0,43,33,10,197,131,66
109,私立,技專校院,1284,樹人醫護管理專科學校,371,203,168,0,0,7,0,34,14,162,154,0,0,55,41,14,371,203,168
109,私立,技專校院,1285,慈惠醫護管理專科學校,168,87,81,0,0,0,0,0,0,87,81,0,0,0,0,0,168,87,81
109,私立,技專校院,1286,耕莘健康管理專科學校,294,103,191,0,1,3,1,21,11,79,178,0,0,37,24,13,294,103,191
109,私立,技專校院,1287,敏惠醫護管理專科學校,170,70,100,1,0,1,1,19,12,49,87,0,0,34,21,13,170,70,100
109,私立,技專校院,1289,育英醫護管理專科學校,80,26,54,0,0,2,0,7,9,17,45,0,0,18,9,9,80,26,54
109,私立,技專校院,1291,聖母醫護管理專科學校,99,44,55,0,0,0,1,9,4,35,50,0,0,14,9,5,99,44,55
109,私立,技專校院,1292,新生醫護管理專科學校,259,97,162,1,0,1,0,15,10,80,152,0,0,27,17,10,259,97,162
109,私立,技專校院,1293,崇仁醫護管理專科學校,93,42,51,0,0,1,0,6,7,35,44,0,0,14,7,7,93,42,51
109,私立,宗教研修學院,1R02,學校財團法人中華浸信會基督教台灣浸會神學院,1,1,0,0,0,0,0,1,0,0,0,0,0,1,1,0,1,1,0
109,私立,宗教研修學院,1R03,臺北基督學院,49,24,25,0,0,2,1,7,7,15,17,0,0,17,9,8,49,24,25
109,私立,宗教研修學院,1R04,財團法人一貫道天皇基金會一貫道天皇學院,18,9,9,2,0,1,1,2,3,4,5,0,0,9,5,4,18,9,9
109,私立,宗教研修學院,1R05,台神學校財團法人台灣神學研究學院,12,2,10,0,0,0,3,2,7,0,0,0,0,12,2,10,12,2,10
109,私立,宗教研修學院,1R07,台灣基督長老教會南神神學院,3,3,0,1,0,0,0,2,0,0,0,0,0,3,3,0,3,3,0
109,公立,一般大學,3002,臺北市立大學,414,217,197,24,10,26,23,65,62,102,102,0,0,210,115,95,414,217,197
110,公立,一般大學,0001,國立政治大學,461,329,132,146,23,64,27,61,38,58,44,0,0,359,271,88,461,329,132
110,公立,一般大學,0002,國立清華大學,565,318,247,67,9,37,22,95,92,119,124,0,0,322,199,123,565,318,247
110,公立,一般大學,0003,國立臺灣大學,1374,992,382,354,78,185,60,284,118,169,126,0,0,1079,823,256,1374,992,382
110,公立,一般大學,0004,國立臺灣師範大學,641,384,257,113,34,81,39,110,109,80,75,0,0,486,304,182,641,384,257
110,公立,一般大學,0005,國立成功大學,778,587,191,245,36,116,30,151,64,75,61,0,0,642,512,130,778,587,191
110,公立,一般大學,0006,國立中興大學,304,218,86,84,8,40,9,51,28,43,41,0,0,220,175,45,304,218,86
110,公立,一般大學,0007,國立陽明交通大學,945,690,255,169,29,147,31,230,80,144,115,0,0,686,546,140,945,690,255
110,公立,一般大學,0008,國立中央大學,385,298,87,141,11,60,17,62,27,35,32,0,0,318,263,55,385,298,87
110,公立,一般大學,0009,國立中山大學,205,138,67,56,7,16,8,36,28,30,24,0,0,151,108,43,205,138,67
110,公立,一般大學,0012,國立臺灣海洋大學,228,176,52,45,3,37,15,51,14,43,20,0,0,165,133,32,228,176,52
110,公立,一般大學,0013,國立中正大學,187,140,47,31,4,12,6,59,19,38,18,0,0,131,102,29,187,140,47
110,公立,一般大學,0014,國立高雄師範大學,352,203,149,22,5,19,16,84,62,78,66,0,0,208,125,83,352,203,149
110,公立,一般大學,0015,國立彰化師範大學,192,124,68,23,7,21,4,46,22,34,35,0,0,123,90,33,192,124,68
110,公立,一般大學,0017,國立臺北大學,284,196,88,61,10,43,17,62,31,30,30,0,0,224,166,58,284,196,88
110,公立,一般大學,0018,國立嘉義大學,167,90,77,16,1,6,3,38,42,30,31,0,0,106,60,46,167,90,77
110,公立,一般大學,0019,國立高雄大學,174,111,63,9,1,6,3,48,25,48,34,0,0,92,63,29,174,111,63
110,公立,一般大學,0020,國立東華大學,162,92,70,9,1,7,4,14,21,62,44,0,0,56,30,26,162,92,70
110,公立,一般大學,0021,國立暨南國際大學,225,147,78,11,1,11,2,54,30,71,45,0,0,109,76,33,225,147,78
110,公立,技專校院,0022,國立臺灣科技大學,376,258,118,62,12,60,13,76,33,60,60,0,0,256,198,58,376,258,118
110,公立,技專校院,0023,國立雲林科技大學,200,132,68,12,2,12,3,43,16,65,47,0,0,88,67,21,200,132,68
110,公立,技專校院,0024,國立屏東科技大學,208,155,53,18,0,9,3,45,12,83,38,0,0,87,72,15,208,155,53
110,公立,技專校院,0025,國立臺北科技大學,463,339,124,41,6,62,17,112,39,124,62,0,0,277,215,62,463,339,124
110,公立,一般大學,0028,國立臺北藝術大學,365,201,164,29,19,30,16,59,49,83,80,0,0,202,118,84,365,201,164
110,公立,一般大學,0029,國立臺灣藝術大學,608,325,283,18,9,30,29,98,99,179,146,0,0,283,146,137,608,325,283
110,公立,一般大學,0030,國立臺東大學,140,76,64,5,0,5,0,22,20,44,44,0,0,52,32,20,140,76,64
110,公立,一般大學,0031,國立宜蘭大學,136,87,49,12,2,15,9,38,14,22,24,0,0,90,65,25,136,87,49
110,公立,一般大學,0032,國立聯合大學,225,166,59,11,1,16,1,63,25,76,32,0,0,117,90,27,225,166,59
110,公立,技專校院,0033,國立虎尾科技大學,237,166,71,6,2,10,4,57,12,93,53,0,0,91,73,18,237,166,71
110,公立,一般大學,0035,國立臺南藝術大學,125,47,78,4,2,2,2,18,32,23,42,0,0,60,24,36,125,47,78
110,公立,一般大學,0036,國立臺南大學,263,148,115,11,2,18,6,70,58,49,49,0,0,165,99,66,263,148,115
110,公立,一般大學,0037,國立臺北教育大學,222,121,101,25,8,26,12,36,41,34,40,0,0,148,87,61,222,121,101
110,公立,一般大學,0039,國立臺中教育大學,252,112,140,8,4,9,13,41,55,54,68,0,0,130,58,72,252,112,140
110,公立,技專校院,0042,國立澎湖科技大學,49,30,19,0,0,2,0,7,4,21,15,0,0,13,9,4,49,30,19
110,公立,技專校院,0043,國立勤益科技大學,513,363,150,31,1,46,10,189,68,97,71,0,0,345,266,79,513,363,150
110,公立,一般大學,0044,國立體育大學,87,60,27,11,2,7,1,19,4,23,20,0,0,44,37,7,87,60,27
110,公立,技專校院,0046,國立臺北護理健康大學,246,116,130,8,3,19,8,42,33,47,86,0,0,113,69,44,246,116,130
110,公立,技專校院,0047,國立高雄餐旅大學,147,81,66,2,0,7,2,15,6,57,58,0,0,32,24,8,147,81,66
110,公立,一般大學,0048,國立金門大學,127,95,32,3,1,2,0,29,6,61,25,0,0,41,34,7,127,95,32
110,公立,一般大學,0049,國立臺灣體育運動大學,178,102,76,2,0,1,6,12,9,87,61,0,0,30,15,15,178,102,76
110,公立,技專校院,0050,國立臺中科技大學,898,493,405,21,5,48,26,120,92,304,282,0,0,312,189,123,898,493,405
110,公立,技專校院,0051,國立臺北商業大學,360,216,144,8,5,21,12,64,39,123,88,0,0,149,93,56,360,216,144
110,公立,一般大學,0052,國立屏東大學,157,86,71,14,3,7,4,33,24,32,40,0,0,85,54,31,157,86,71
110,公立,技專校院,0053,國立高雄科技大學,760,484,276,24,0,64,9,165,71,231,196,0,0,333,253,80,760,484,276
110,公立,技專校院,0144,國立臺灣戲曲學院,124,72,52,1,1,5,2,9,6,57,43,0,0,24,15,9,124,72,52
110,公立,技專校院,0221,國立臺南護理專科學校,101,39,62,1,0,4,0,8,13,24,49,2,0,26,13,13,99,37,62
110,公立,技專校院,0222,國立臺東專科學校,38,26,12,0,0,0,0,5,3,21,9,0,0,8,5,3,38,26,12
110,私立,一般大學,1001,東海大學,654,412,242,70,15,78,20,153,68,111,139,0,0,404,301,103,654,412,242
110,私立,一般大學,1002,輔仁大學,1255,758,497,110,34,132,71,230,128,286,264,0,0,705,472,233,1255,758,497
110,私立,一般大學,1003,東吳大學,860,514,346,104,18,78,35,158,106,174,187,0,0,499,340,159,860,514,346
110,私立,一般大學,1004,中原大學,671,446,225,53,2,50,9,161,62,182,152,0,0,337,264,73,671,446,225
110,私立,一般大學,1005,淡江大學學校財團法人淡江大學,708,458,250,42,10,61,25,140,69,215,146,0,0,347,243,104,708,458,250
110,私立,一般大學,1006,中國文化大學,902,523,379,80,24,109,55,179,131,155,169,0,0,578,368,210,902,523,379
110,私立,一般大學,1007,逢甲大學,595,425,170,61,4,76,14,220,91,68,61,0,0,466,357,109,595,425,170
110,私立,一般大學,1008,靜宜大學,495,284,211,37,5,23,14,88,45,136,147,0,0,212,148,64,495,284,211
110,私立,一般大學,1009,長庚大學,681,512,169,114,10,140,19,187,66,71,74,0,0,536,441,95,681,512,169
110,私立,一般大學,1010,元智大學,283,187,96,25,2,19,8,89,25,54,61,0,0,168,133,35,283,187,96
110,私立,一般大學,1011,中華大學學校財團法人中華大學,134,101,33,7,1,12,0,28,9,54,23,0,0,57,47,10,134,101,33
110,私立,一般大學,1012,大葉大學,307,179,128,12,1,23,4,50,27,94,96,0,0,117,85,32,307,179,128
110,私立,一般大學,1013,華梵大學,61,42,19,14,3,2,2,8,10,18,4,0,0,39,24,15,61,42,19
110,私立,一般大學,1014,義守大學,384,264,120,5,0,9,4,70,27,180,89,0,0,115,84,31,384,264,120
110,私立,一般大學,1015,世新大學,374,231,143,31,8,28,10,68,46,104,79,0,0,191,127,64,374,231,143
110,私立,一般大學,1016,銘傳大學,710,447,263,37,9,51,11,131,79,228,164,0,0,318,219,99,710,447,263
110,私立,一般大學,1017,實踐大學,637,373,264,24,7,43,21,111,55,195,181,0,0,261,178,83,637,373,264
110,私立,技專校院,1018,朝陽科技大學,529,340,189,9,4,21,3,67,35,243,147,0,0,139,97,42,529,340,189
110,私立,一般大學,1019,高雄醫學大學,175,101,74,12,2,12,6,49,26,28,40,0,0,107,73,34,175,101,74
110,私立,一般大學,1020,南華大學,269,153,116,8,1,10,1,42,30,93,84,0,0,92,60,32,269,153,116
110,私立,一般大學,1021,真理大學,111,61,50,2,1,2,1,20,13,37,35,0,0,39,24,15,111,61,50
110,私立,一般大學,1022,大同大學,165,121,44,18,0,15,3,40,18,48,23,0,0,94,73,21,165,121,44
110,私立,技專校院,1023,南臺學校財團法人南臺科技大學,315,195,120,11,4,19,8,57,18,108,90,0,0,117,87,30,315,195,120
110,私立,技專校院,1024,崑山科技大學,292,206,86,13,0,15,2,45,12,133,72,0,0,87,73,14,292,206,86
110,私立,技專校院,1025,嘉藥學校財團法人嘉南藥理大學,352,199,153,6,1,18,10,44,19,131,123,0,0,98,68,30,352,199,153
110,私立,技專校院,1026,樹德科技大學,405,226,179,9,2,12,1,57,23,148,153,0,0,104,78,26,405,226,179
110,私立,一般大學,1027,慈濟學校財團法人慈濟大學,453,360,93,54,3,74,6,110,32,122,52,0,0,279,238,41,453,360,93
110,私立,一般大學,1028,臺北醫學大學,409,234,175,37,12,37,12,70,37,90,114,0,0,205,144,61,409,234,175
110,私立,一般大學,1029,中山醫學大學,266,168,98,33,7,19,9,61,13,55,69,0,0,142,113,29,266,168,98
110,私立,技專校院,1030,龍華科技大學,408,291,117,4,1,18,5,76,15,193,96,0,0,119,98,21,408,291,117
110,私立,技專校院,1031,輔英科技大學,256,116,140,2,2,14,4,29,28,71,106,0,0,79,45,34,256,116,140
110,私立,技專校院,1032,明新學校財團法人明新科技大學,405,255,150,6,1,13,6,76,27,160,116,0,0,129,95,34,405,255,150
110,私立,一般大學,1033,長榮大學,202,124,78,9,1,18,4,58,28,39,45,0,0,118,85,33,202,124,78
110,私立,技專校院,1034,弘光科技大學,446,265,181,12,3,15,11,88,38,150,129,0,0,167,115,52,446,265,181
110,私立,一般大學,1035,中國醫藥大學,292,206,86,45,8,38,15,77,34,46,29,0,0,217,160,57,292,206,86
110,私立,技專校院,1036,健行學校財團法人健行科技大學,250,157,93,1,0,12,1,41,9,103,83,0,0,64,54,10,250,157,93
110,私立,技專校院,1037,正修學校財團法人正修科技大學,681,435,246,26,1,26,4,127,46,256,195,0,0,230,179,51,681,435,246
110,私立,技專校院,1038,萬能學校財團法人萬能科技大學,321,192,129,3,0,6,3,46,15,137,111,0,0,73,55,18,321,192,129
110,私立,一般大學,1039,玄奘大學,46,25,21,1,0,3,1,9,9,12,11,0,0,23,13,10,46,25,21
110,私立,技專校院,1040,建國科技大學,166,111,55,0,0,10,1,25,7,76,47,0,0,43,35,8,166,111,55
110,私立,技專校院,1041,明志科技大學,166,108,58,5,1,14,2,40,18,49,37,0,0,80,59,21,166,108,58
110,私立,技專校院,1042,高苑科技大學,84,63,21,7,0,10,2,20,1,26,18,0,0,40,37,3,84,63,21
110,私立,技專校院,1043,大仁科技大學,112,67,45,0,1,6,2,27,3,34,39,0,0,39,33,6,112,67,45
110,私立,技專校院,1044,聖約翰科技大學,28,24,4,0,0,2,1,2,1,20,2,0,0,6,4,2,28,24,4
110,私立,技專校院,1045,嶺東科技大學,309,177,132,2,0,6,3,23,13,146,116,0,0,47,31,16,309,177,132
110,私立,技專校院,1046,中國科技大學,422,292,130,6,0,12,2,56,18,218,110,0,0,94,74,20,422,292,130
110,私立,技專校院,1047,中臺科技大學,194,125,69,6,0,12,2,47,13,60,54,0,0,80,65,15,194,125,69
110,私立,一般大學,1048,亞洲大學,588,389,199,137,14,43,18,91,67,118,100,0,0,370,271,99,588,389,199
110,私立,一般大學,1049,開南大學,131,83,48,5,3,23,4,20,10,35,31,0,0,65,48,17,131,83,48
110,私立,一般大學,1050,佛光大學,100,73,27,4,1,13,3,33,10,23,13,0,0,64,50,14,100,73,27
110,私立,技專校院,1051,台南家專學校財團法人台南應用科技大學,444,205,239,4,1,6,7,49,51,146,180,0,0,118,59,59,444,205,239
110,私立,技專校院,1052,遠東科技大學,139,101,38,2,0,5,0,19,4,75,34,0,0,30,26,4,139,101,38
110,私立,技專校院,1053,光宇學校財團法人元培醫事科技大學,225,131,94,9,1,11,3,40,19,71,71,0,0,83,60,23,225,131,94
110,私立,技專校院,1054,景文科技大學,145,77,68,3,0,4,1,20,18,50,49,0,0,46,27,19,145,77,68
110,私立,技專校院,1055,中華醫事科技大學,259,153,106,6,4,14,6,44,22,89,74,0,0,96,64,32,259,153,106
110,私立,技專校院,1056,東南科技大學,130,89,41,0,0,1,2,24,3,64,36,0,0,30,25,5,130,89,41
110,私立,技專校院,1057,德明財經科技大學,175,113,62,6,1,8,4,31,17,68,40,0,0,67,45,22,175,113,62
110,私立,一般大學,1058,明道學校財團法人明道大學,79,51,28,4,0,4,1,17,9,26,18,0,0,35,25,10,79,51,28
110,私立,技專校院,1060,南開科技大學,132,97,35,7,0,10,1,17,7,63,27,0,0,42,34,8,132,97,35
110,私立,技專校院,1061,中華學校財團法人中華科技大學,102,82,20,0,0,9,0,19,2,54,18,0,0,30,28,2,102,82,20
110,私立,技專校院,1062,僑光科技大學,275,158,117,4,1,3,4,31,20,120,92,0,0,63,38,25,275,158,117
110,私立,技專校院,1063,廣亞學校財團法人育達科技大學,114,71,43,1,0,7,2,17,4,46,37,0,0,31,25,6,114,71,43
110,私立,技專校院,1064,美和學校財團法人美和科技大學,295,161,134,4,1,7,2,32,11,118,120,0,0,57,43,14,295,161,134
110,私立,技專校院,1065,吳鳳科技大學,152,92,60,1,0,11,3,15,5,65,52,0,0,35,27,8,152,92,60
110,私立,技專校院,1066,環球學校財團法人環球科技大學,70,39,31,1,0,2,0,10,3,26,28,0,0,16,13,3,70,39,31
110,私立,一般大學,1067,台灣首府學校財團法人台灣首府大學,17,10,7,0,0,0,0,3,0,7,7,0,0,3,3,0,17,10,7
110,私立,技專校院,1068,中州學校財團法人中州科技大學,71,36,35,0,0,7,0,4,4,25,31,0,0,15,11,4,71,36,35
110,私立,技專校院,1069,修平學校財團法人修平科技大學,132,98,34,2,0,9,1,22,5,65,28,0,0,39,33,6,132,98,34
110,私立,技專校院,1070,長庚學校財團法人長庚科技大學,110,47,63,1,0,6,3,14,5,26,55,0,0,29,21,8,110,47,63
110,私立,技專校院,1071,城市學校財團法人臺北城市科技大學,292,180,112,3,2,11,3,42,20,124,87,0,0,81,56,25,292,180,112
110,私立,技專校院,1072,大華學校財團法人敏實科技大學,41,24,17,1,1,6,5,2,2,15,9,0,0,17,9,8,41,24,17
110,私立,技專校院,1073,醒吾學校財團法人醒吾科技大學,229,127,102,2,0,13,4,23,16,89,82,0,0,58,38,20,229,127,102
110,私立,技專校院,1075,文藻學校財團法人文藻外語大學,192,82,110,3,0,2,2,26,21,51,87,0,0,54,31,23,192,82,110
110,私立,技專校院,1076,華夏學校財團法人華夏科技大學,100,67,33,3,1,5,2,12,1,47,29,0,0,24,20,4,100,67,33
110,私立,技專校院,1077,慈濟學校財團法人慈濟科技大學,107,40,67,2,1,7,1,14,12,17,53,0,0,37,23,14,107,40,67
110,私立,技專校院,1078,致理學校財團法人致理科技大學,382,236,146,13,2,11,11,57,17,155,116,0,0,111,81,30,382,236,146
110,私立,一般大學,1079,康寧學校財團法人康寧大學,123,59,64,0,0,2,1,16,5,41,58,0,0,24,18,6,123,59,64
110,私立,技專校院,1080,宏國學校財團法人宏國德霖科技大學,191,127,64,2,0,13,1,35,15,77,48,0,0,66,50,16,191,127,64
110,私立,技專校院,1081,東方學校財團法人東方設計大學,70,44,26,3,0,4,0,7,3,30,23,0,0,17,14,3,70,44,26
110,私立,技專校院,1082,崇右學校財團法人崇右影藝科技大學,27,17,10,1,0,2,1,7,4,7,5,0,0,15,10,5,27,17,10
110,私立,技專校院,1083,台北海洋學校財團法人台北海洋科技大學,174,126,48,1,0,20,1,51,11,54,36,0,0,84,72,12,174,126,48
110,私立,技專校院,1084,亞東學校財團法人亞東科技大學,198,129,69,4,1,21,2,53,24,51,42,0,0,105,78,27,198,129,69
110,私立,一般大學,1125,中信學校財團法人中信金融管理學院,29,25,4,4,0,1,0,5,0,15,4,0,0,10,10,0,29,25,4
110,私立,技專校院,1148,大漢技術學院,24,17,7,0,0,2,0,2,3,13,4,0,0,7,4,3,24,17,7
110,私立,技專校院,1159,和春技術學院,8,5,3,0,0,0,0,0,0,5,3,0,0,0,0,0,8,5,3
110,私立,技專校院,1168,南亞科技學校財團法人南亞技術學院,95,55,40,3,0,9,2,11,5,32,33,0,0,30,23,7,95,55,40
110,私立,技專校院,1182,蘭陽技術學院,10,5,5,0,0,0,0,1,1,4,4,0,0,2,1,1,10,5,5
110,私立,技專校院,1183,黎明技術學院,203,138,65,2,0,8,1,31,9,97,55,0,0,51,41,10,203,138,65
110,私立,技專校院,1185,經國管理暨健康學院,116,45,71,0,0,1,0,13,12,30,59,1,0,26,14,12,115,44,71
110,私立,技專校院,1188,大同技術學院,39,22,17,0,0,3,0,6,1,13,16,0,0,10,9,1,39,22,17
110,私立,一般大學,1195,馬偕學校財團法人馬偕醫學院,232,152,80,24,3,16,4,62,30,50,43,0,0,139,102,37,232,152,80
110,私立,一般大學,1196,法鼓學校財團法人法鼓文理學院,25,14,11,2,2,3,2,6,5,3,2,0,0,20,11,9,25,14,11
110,私立,技專校院,1282,馬偕學校財團法人馬偕醫護管理專科學校,152,76,76,1,0,5,3,17,13,53,60,0,0,39,23,16,152,76,76
110,私立,技專校院,1283,仁德醫護管理專科學校,192,125,67,0,0,4,1,33,5,88,61,0,0,43,37,6,192,125,67
110,私立,技專校院,1284,樹人醫護管理專科學校,345,192,153,0,0,7,1,38,15,147,137,0,0,61,45,16,345,192,153
110,私立,技專校院,1285,慈惠醫護管理專科學校,157,81,76,0,0,0,0,0,0,81,76,0,0,0,0,0,157,81,76
110,私立,技專校院,1286,耕莘健康管理專科學校,265,93,172,0,1,1,1,20,13,72,157,0,0,36,21,15,265,93,172
110,私立,技專校院,1287,敏惠醫護管理專科學校,179,73,106,1,0,2,0,24,12,46,94,0,0,39,27,12,179,73,106
110,私立,技專校院,1289,育英醫護管理專科學校,81,26,55,0,0,0,0,11,9,15,46,0,0,20,11,9,81,26,55
110,私立,技專校院,1291,聖母醫護管理專科學校,73,32,41,0,0,0,1,5,4,27,36,0,0,10,5,5,73,32,41
110,私立,技專校院,1292,新生醫護管理專科學校,265,92,173,1,0,1,0,18,13,72,160,0,0,33,20,13,265,92,173
110,私立,技專校院,1293,崇仁醫護管理專科學校,96,43,53,0,0,1,0,8,6,34,47,0,0,15,9,6,96,43,53
110,私立,宗教研修學院,1R02,學校財團法人中華浸信會基督教台灣浸會神學院,3,1,2,0,0,0,0,1,2,0,0,0,0,3,1,2,3,1,2
110,私立,宗教研修學院,1R03,臺北基督學院,49,22,27,0,0,2,1,11,9,9,17,0,0,23,13,10,49,22,27
110,私立,宗教研修學院,1R04,財團法人一貫道天皇基金會一貫道天皇學院,22,10,12,2,0,1,3,2,5,5,4,0,0,13,5,8,22,10,12
110,私立,宗教研修學院,1R05,台神學校財團法人台灣神學研究學院,13,2,11,0,2,0,2,2,7,0,0,0,0,13,2,11,13,2,11
110,私立,宗教研修學院,1R07,台灣基督長老教會南神神學院,4,4,0,0,0,1,0,3,0,0,0,0,0,4,4,0,4,4,0
110,私立,宗教研修學院,1R08,中華福音神學研究學院,2,1,1,0,0,0,0,1,0,0,1,0,0,1,1,0,2,1,1
110,私立,宗教研修學院,1R09,唯心聖教學院,1,0,1,0,0,0,0,0,0,0,1,0,0,0,0,0,1,0,1
110,公立,一般大學,3002,臺北市立大學,420,221,199,21,9,23,24,68,63,109,103,0,0,208,112,96,420,221,199
