學年度,設立別,學校類別,學校統計處代碼,學校名稱,單位代碼,單位名稱,兼任教師數-教師總數,兼任教師數-教師總數男,兼任教師數-教師總數女,兼任教師數-教授男,兼任教師數-教授女,兼任教師數-副教授男,兼任教師數-副教授女,兼任教師數-助理教授男,兼任教師數-助理教授女,兼任教師數-講師男,兼任教師數-講師女,兼任教師數-其他教師男,兼任教師數-其他教師女,兼任助理教授以上總人數,兼任助理教授以上總人數男,兼任助理教授以上總人數女,兼任講師以上總人數,兼任講師以上總人數男,兼任講師以上總人數女
106,公立,一般大學,0001,國立政治大學,01111001,教育學系,1,1,0,1,0,0,0,0,0,0,0,0,0,1,1,0,1,1,0
106,公立,一般大學,0001,國立政治大學,01131002,華語文教學博士學位學程,1,0,1,0,0,0,0,0,0,0,1,0,0,0,0,0,1,0,1
106,公立,一般大學,0001,國立政治大學,01131002,華語文教學碩士學位學程,6,2,4,2,0,0,1,0,1,0,2,0,0,4,2,2,6,2,4
106,公立,一般大學,0001,國立政治大學,01199Y03,教育學院,5,1,4,1,1,0,1,0,0,0,2,0,0,3,1,2,5,1,4
106,公立,一般大學,0001,國立政治大學,02211019,宗教研究所,1,1,0,0,0,0,0,1,0,0,0,0,0,1,1,0,1,1,0
106,公立,一般大學,0001,國立政治大學,02221020,歷史學系,8,7,1,4,0,0,1,2,0,1,0,0,0,7,6,1,8,7,1
106,公立,一般大學,0001,國立政治大學,02221021,台灣史研究所,7,5,2,0,1,3,0,2,1,0,0,0,0,7,5,2,7,5,2
106,公立,一般大學,0001,國立政治大學,02222031,民族學系,10,7,3,3,1,3,0,0,2,1,0,0,0,9,6,3,10,7,3
106,公立,一般大學,0001,國立政治大學,02231022,哲學系,4,4,0,1,0,0,0,0,0,3,0,0,0,1,1,0,4,4,0
106,公立,一般大學,0001,國立政治大學,02311009,英國語文學系,12,4,8,0,0,0,1,1,2,3,5,0,0,4,1,3,12,4,8
106,公立,一般大學,0001,國立政治大學,02311011,日本語文學系,21,4,17,0,1,1,1,1,3,2,12,0,0,7,2,5,21,4,17
106,公立,一般大學,0001,國立政治大學,02311012,阿拉伯語文學系,1,1,0,0,0,0,0,0,0,1,0,0,0,0,0,0,1,1,0
106,公立,一般大學,0001,國立政治大學,02311014,韓國語文學系,8,6,2,1,0,0,0,1,1,4,1,0,0,3,2,1,8,6,2
106,公立,一般大學,0001,國立政治大學,02311016,歐洲語文學系,7,2,5,1,0,0,0,0,4,1,1,0,0,5,1,4,7,2,5
106,公立,一般大學,0001,國立政治大學,02311017,斯拉夫語文學系,7,2,5,1,1,0,1,0,1,1,2,0,0,4,1,3,7,2,5
106,公立,一般大學,0001,國立政治大學,02311087,東南亞語言與文化學士學位學程,1,0,1,0,0,0,0,0,0,0,1,0,0,0,0,0,1,0,1
106,公立,一般大學,0001,國立政治大學,02321007,台灣文學研究所,4,4,0,3,0,1,0,0,0,0,0,0,0,4,4,0,4,4,0
106,公立,一般大學,0001,國立政治大學,02322008,中國文學系,26,19,7,8,2,0,2,1,0,10,3,0,0,13,9,4,26,19,7
106,公立,一般大學,0001,國立政治大學,03111024,經濟學系,10,10,0,8,0,2,0,0,0,0,0,0,0,10,10,0,10,10,0
106,公立,一般大學,0001,國立政治大學,03121026,政治學系,7,6,1,4,0,2,0,0,1,0,0,0,0,7,6,1,7,6,1
106,公立,一般大學,0001,國立政治大學,03122045,外交學系,1,1,0,0,0,1,0,0,0,0,0,0,0,1,1,0,1,1,0
106,公立,一般大學,0001,國立政治大學,03122Y18,國際事務學院,17,12,5,7,1,3,1,2,3,0,0,0,0,17,12,5,17,12,5
106,公立,一般大學,0001,國立政治大學,03131032,心理學系,19,14,5,6,2,0,1,4,1,4,1,0,0,14,10,4,19,14,5
106,公立,一般大學,0001,國立政治大學,03141030,社會學系,9,6,3,3,1,1,0,2,2,0,0,0,0,9,6,3,9,6,3
106,公立,一般大學,0001,國立政治大學,03143023,中東與中亞研究碩士學位學程,1,1,0,1,0,0,0,0,0,0,0,0,0,1,1,0,1,1,0
106,公立,一般大學,0001,國立政治大學,03191047,國家發展研究所,2,2,0,2,0,0,0,0,0,0,0,0,0,2,2,0,2,2,0
106,公立,一般大學,0001,國立政治大學,03199048,勞工研究所,1,1,0,0,0,1,0,0,0,0,0,0,0,1,1,0,1,1,0
106,公立,一般大學,0001,國立政治大學,03199Y20,社會科學學院,1,1,0,1,0,0,0,0,0,0,0,0,0,1,1,0,1,1,0
106,公立,一般大學,0001,國立政治大學,03211052,廣播電視學系,2,2,0,0,0,0,0,1,0,1,0,0,0,1,1,0,2,2,0
106,公立,一般大學,0001,國立政治大學,03212051,新聞學系,4,4,0,1,0,2,0,0,0,1,0,0,0,3,3,0,4,4,0
106,公立,一般大學,0001,國立政治大學,03222054,圖書資訊與檔案學研究所,2,1,1,1,0,0,0,0,1,0,0,0,0,2,1,1,2,1,1
106,公立,一般大學,0001,國立政治大學,03299056,傳播學院,25,19,6,5,0,2,1,8,2,4,3,0,0,18,15,3,25,19,6
106,公立,一般大學,0001,國立政治大學,04111059,會計學系,21,17,4,9,1,5,1,2,1,1,1,0,0,19,16,3,21,17,4
106,公立,一般大學,0001,國立政治大學,04121065,財務管理學系,8,5,3,4,1,1,1,0,1,0,0,0,0,8,5,3,8,5,3
106,公立,一般大學,0001,國立政治大學,04121068,金融學系,4,4,0,4,0,0,0,0,0,0,0,0,0,4,4,0,4,4,0
106,公立,一般大學,0001,國立政治大學,04122070,財政學系,5,4,1,3,0,1,0,0,0,0,1,0,0,4,4,0,5,4,1
106,公立,一般大學,0001,國立政治大學,04123069,風險管理與保險學系,5,4,1,3,1,1,0,0,0,0,0,0,0,5,4,1,5,4,1
106,公立,一般大學,0001,國立政治大學,04131060,企業管理研究所(MBA學位學程),2,2,0,0,0,1,0,1,0,0,0,0,0,2,2,0,2,2,0
106,公立,一般大學,0001,國立政治大學,04131060,企業管理學系,12,9,3,2,0,0,0,1,0,6,3,0,0,3,3,0,12,9,3
106,公立,一般大學,0001,國立政治大學,04131064,國際經營管理英語碩士學位學程,7,6,1,3,1,1,0,2,0,0,0,0,0,7,6,1,7,6,1
106,公立,一般大學,0001,國立政治大學,04134041,公共行政學系,5,4,1,2,0,1,0,1,1,0,0,0,0,5,4,1,5,4,1
106,公立,一般大學,0001,國立政治大學,04134042,行政管理碩士學程,1,1,0,1,0,0,0,0,0,0,0,0,0,1,1,0,1,1,0
106,公立,一般大學,0001,國立政治大學,04134043,地政學系,5,4,1,3,0,1,0,0,1,0,0,0,0,5,4,1,5,4,1
106,公立,一般大學,0001,國立政治大學,04141067,國際經營與貿易學系,8,6,2,3,0,2,1,0,0,1,1,0,0,6,5,1,8,6,2
106,公立,一般大學,0001,國立政治大學,04143055,廣告學系,4,3,1,0,0,0,0,0,1,3,0,0,0,1,0,1,4,3,1
106,公立,一般大學,0001,國立政治大學,04199072,科技管理與智慧財產研究所,7,6,1,4,0,1,0,1,1,0,0,0,0,7,6,1,7,6,1
106,公立,一般大學,0001,國立政治大學,04199Y27,商學院,8,6,2,1,2,5,0,0,0,0,0,0,0,8,6,2,8,6,2
106,公立,一般大學,0001,國立政治大學,04211073,法律學系,6,6,0,5,0,1,0,0,0,0,0,0,0,6,6,0,6,6,0
106,公立,一般大學,0001,國立政治大學,04299075,法學院,15,14,1,8,0,2,1,3,0,1,0,0,0,14,13,1,15,14,1
106,公立,一般大學,0001,國立政治大學,05331077,應用物理研究所,2,2,0,2,0,0,0,0,0,0,0,0,0,2,2,0,2,2,0
106,公立,一般大學,0001,國立政治大學,05411078,應用數學系,7,5,2,3,0,1,0,1,2,0,0,0,0,7,5,2,7,5,2
106,公立,一般大學,0001,國立政治大學,05421079,統計學系,3,3,0,2,0,0,0,1,0,0,0,0,0,3,3,0,3,3,0
106,公立,一般大學,0001,國立政治大學,06131080,資訊管理學系,5,5,0,1,0,1,0,1,0,2,0,0,0,3,3,0,5,5,0
106,公立,一般大學,0001,國立政治大學,06131081,資訊科學系,1,1,0,0,0,0,0,1,0,0,0,0,0,1,1,0,1,1,0
106,公立,一般大學,0001,國立政治大學,09121083,神經科學研究所,11,8,3,1,1,1,1,3,0,3,1,0,0,7,5,2,11,8,3
106,公立,一般大學,0001,國立政治大學,09231084,社會工作研究所,1,0,1,0,0,0,0,0,1,0,0,0,0,1,0,1,1,0,1
106,公立,一般大學,0001,國立政治大學,99999999,國際關係研究中心,8,5,3,5,1,0,1,0,1,0,0,0,0,8,5,3,8,5,3
106,公立,一般大學,0001,國立政治大學,99999999,選舉研究中心,3,3,0,2,0,1,0,0,0,0,0,0,0,3,3,0,3,3,0
106,公立,一般大學,0001,國立政治大學,99999Z05,師資培育中心,1,0,1,0,1,0,0,0,0,0,0,0,0,1,0,1,1,0,1
106,公立,一般大學,0001,國立政治大學,99999Z07,體育室,15,12,3,1,0,4,0,1,2,6,1,0,0,8,6,2,15,12,3
106,公立,一般大學,0001,國立政治大學,99999Z08,外文中心,19,7,12,0,1,0,0,2,1,5,10,0,0,4,2,2,19,7,12
106,公立,一般大學,0002,國立清華大學,01111084,教育與學習科技學系,19,12,7,0,1,1,0,7,2,4,4,0,0,11,8,3,19,12,7
106,公立,一般大學,0002,國立清華大學,01113095,特殊教育學系,5,1,4,0,1,0,0,0,0,1,3,0,0,1,0,1,5,1,4
106,公立,一般大學,0002,國立清華大學,01121091,幼兒教育學系,12,2,10,0,0,1,1,0,1,1,8,0,0,3,1,2,12,2,10
106,公立,一般大學,0002,國立清華大學,01131085,數理教育研究所,3,2,1,0,0,1,0,1,1,0,0,0,0,3,2,1,3,2,1
106,公立,一般大學,0002,國立清華大學,01131105,英語教學系,5,1,4,0,0,0,0,0,1,1,3,0,0,1,0,1,5,1,4
106,公立,一般大學,0002,國立清華大學,01141090,體育學系,18,16,2,2,0,1,2,0,0,13,0,0,0,5,3,2,18,16,2
106,公立,一般大學,0002,國立清華大學,01199Y02,竹師教育學院,5,2,3,0,0,0,0,0,0,2,3,0,0,0,0,0,5,2,3
106,公立,一般大學,0002,國立清華大學,02131098,藝術與設計學系,20,12,8,1,1,0,0,3,1,8,6,0,0,6,4,2,20,12,8
106,公立,一般大學,0002,國立清華大學,02151096,音樂學系,77,18,59,0,1,6,7,8,25,4,26,0,0,47,14,33,77,18,59
106,公立,一般大學,0002,國立清華大學,02221006,歷史研究所,11,7,4,2,2,0,1,4,1,1,0,0,0,10,6,4,11,7,4
106,公立,一般大學,0002,國立清華大學,02222007,人類學研究所,2,1,1,1,0,0,1,0,0,0,0,0,0,2,1,1,2,1,1
106,公立,一般大學,0002,國立清華大學,02299010,人文社會學院學士班,8,4,4,1,0,2,0,1,2,0,2,0,0,6,4,2,8,4,4
106,公立,一般大學,0002,國立清華大學,02311002,外國語文學系,28,7,21,0,1,0,2,1,7,6,11,0,0,11,1,10,28,7,21
106,公立,一般大學,0002,國立清華大學,02321001,台灣文學研究所,4,3,1,1,0,0,0,1,1,1,0,0,0,3,2,1,4,3,1
106,公立,一般大學,0002,國立清華大學,02322003,中國文學系,32,16,16,2,0,0,0,5,12,9,4,0,0,19,7,12,32,16,16
106,公立,一般大學,0002,國立清華大學,02322109,中國語文學系,4,2,2,1,0,1,0,0,1,0,1,0,0,3,2,1,4,2,2
106,公立,一般大學,0002,國立清華大學,02399005,語言學研究所,2,2,0,2,0,0,0,0,0,0,0,0,0,2,2,0,2,2,0
106,公立,一般大學,0002,國立清華大學,03111011,經濟學系,9,5,4,0,0,1,1,0,0,4,3,0,0,2,1,1,9,5,4
106,公立,一般大學,0002,國立清華大學,03131077,教育心理與諮商學系,11,6,5,2,1,0,3,1,1,3,0,0,0,8,3,5,11,6,5
106,公立,一般大學,0002,國立清華大學,03141012,社會學研究所,6,5,1,1,0,1,0,3,1,0,0,0,0,6,5,1,6,5,1
106,公立,一般大學,0002,國立清華大學,04121020,計量財務金融學系,12,8,4,1,0,2,0,1,4,4,0,0,0,8,4,4,12,8,4
106,公立,一般大學,0002,國立清華大學,04199017,科技管理研究所,10,7,3,7,0,0,1,0,0,0,2,0,0,8,7,1,10,7,3
106,公立,一般大學,0002,國立清華大學,04199022,服務科學研究所,2,2,0,0,0,0,0,2,0,0,0,0,0,2,2,0,2,2,0
106,公立,一般大學,0002,國立清華大學,04212024,科技法律研究所,11,9,2,0,0,1,1,4,1,4,0,0,0,7,5,2,11,9,2
106,公立,一般大學,0002,國立清華大學,05121026,生物科技研究所,1,1,0,1,0,0,0,0,0,0,0,0,0,1,1,0,1,1,0
106,公立,一般大學,0002,國立清華大學,05124072,分子醫學研究所,4,3,1,2,1,0,0,1,0,0,0,0,0,4,3,1,4,3,1
106,公立,一般大學,0002,國立清華大學,05211102,環境與文化資源學系,3,2,1,0,0,0,0,1,1,1,0,0,0,2,1,1,3,2,1
106,公立,一般大學,0002,國立清華大學,05311037,化學系,3,3,0,3,0,0,0,0,0,0,0,0,0,3,3,0,3,3,0
106,公立,一般大學,0002,國立清華大學,05331038,物理學系,4,4,0,2,0,2,0,0,0,0,0,0,0,4,4,0,4,4,0
106,公立,一般大學,0002,國立清華大學,05399040,先進光源科技碩士學位學程,2,1,1,1,1,0,0,0,0,0,0,0,0,2,1,1,2,1,1
106,公立,一般大學,0002,國立清華大學,05411043,數學系,11,9,2,4,1,2,0,2,1,1,0,0,0,10,8,2,11,9,2
106,公立,一般大學,0002,國立清華大學,06131053,資訊工程學系,9,9,0,4,0,1,0,3,0,1,0,0,0,8,8,0,9,9,0
106,公立,一般大學,0002,國立清華大學,06134046,資訊系統與應用研究所,1,1,0,0,0,0,0,1,0,0,0,0,0,1,1,0,1,1,0
106,公立,一般大學,0002,國立清華大學,07111057,化學工程學系,3,3,0,2,0,0,0,1,0,0,0,0,0,3,3,0,3,3,0
106,公立,一般大學,0002,國立清華大學,07112058,材料科學工程學系,5,4,1,4,0,0,0,0,0,0,1,0,0,4,4,0,5,4,1
106,公立,一般大學,0002,國立清華大學,07131068,核子工程與科學研究所,2,1,1,0,0,0,1,1,0,0,0,0,0,2,1,1,2,1,1
106,公立,一般大學,0002,國立清華大學,07132066,工程與系統科學系,4,3,1,2,0,0,0,1,0,0,1,0,0,3,3,0,4,3,1
106,公立,一般大學,0002,國立清華大學,07141049,電機工程學系,5,4,1,1,1,2,0,1,0,0,0,0,0,5,4,1,5,4,1
106,公立,一般大學,0002,國立清華大學,07151056,動力機械工程學系,6,6,0,3,0,1,0,2,0,0,0,0,0,6,6,0,6,6,0
106,公立,一般大學,0002,國立清華大學,07191061,工業工程與工程管理學系,5,4,1,0,0,0,0,4,0,0,1,0,0,4,4,0,5,4,1
106,公立,一般大學,0002,國立清華大學,07193063,生醫工程與環境科學系,3,2,1,2,0,0,0,0,1,0,0,0,0,3,2,1,3,2,1
106,公立,一般大學,0002,國立清華大學,07193065,生物醫學工程研究所,2,2,0,0,0,0,0,2,0,0,0,0,0,2,2,0,2,2,0
106,公立,一般大學,0002,國立清華大學,07194059,奈米工程與微系統研究所,1,1,0,0,0,1,0,0,0,0,0,0,0,1,1,0,1,1,0
106,公立,一般大學,0002,國立清華大學,99999075,清華學院學士班,4,2,2,0,0,0,0,0,0,2,2,0,0,0,0,0,4,2,2
106,公立,一般大學,0002,國立清華大學,99999999,推廣教育中心,1,0,1,0,0,0,0,0,1,0,0,0,0,1,0,1,1,0,1
106,公立,一般大學,0002,國立清華大學,99999Z01,通識教育中心,68,41,27,7,2,1,2,15,12,18,11,0,0,39,23,16,68,41,27
106,公立,一般大學,0002,國立清華大學,99999Z05,師資培育中心,30,14,16,2,0,1,1,0,5,11,10,0,0,9,3,6,30,14,16
106,公立,一般大學,0002,國立清華大學,99999Z07,體育室,33,22,11,1,0,1,2,2,0,18,9,0,0,6,4,2,33,22,11
106,公立,一般大學,0002,國立清華大學,99999Z08,華語中心,11,4,7,0,0,0,0,0,0,4,7,0,0,0,0,0,11,4,7
106,公立,一般大學,0002,國立清華大學,99999Z08,語言中心,34,10,24,0,1,0,1,1,2,9,20,0,0,5,1,4,34,10,24
106,公立,一般大學,0003,國立臺灣大學,01131001,華語教學碩士學位學程,30,2,28,0,0,0,0,0,0,2,28,0,0,0,0,0,30,2,28
106,公立,一般大學,0003,國立臺灣大學,02151002,音樂學研究所,5,3,2,0,1,1,0,2,0,0,1,0,0,4,3,1,5,3,2
106,公立,一般大學,0003,國立臺灣大學,02152003,戲劇學系,15,7,8,1,1,2,0,1,2,3,5,0,0,7,4,3,15,7,8
106,公立,一般大學,0003,國立臺灣大學,02191004,藝術史研究所,6,1,5,0,4,1,1,0,0,0,0,0,0,6,1,5,6,1,5
106,公立,一般大學,0003,國立臺灣大學,02221012,歷史學系,16,12,4,10,1,2,0,0,2,0,1,0,0,15,12,3,16,12,4
106,公立,一般大學,0003,國立臺灣大學,02222013,人類學系,3,2,1,0,0,1,0,1,1,0,0,0,0,3,2,1,3,2,1
106,公立,一般大學,0003,國立臺灣大學,02231014,哲學系,3,3,0,2,0,1,0,0,0,0,0,0,0,3,3,0,3,3,0
106,公立,一般大學,0003,國立臺灣大學,02299Y15,文學院,8,3,5,0,0,0,0,0,2,3,3,0,0,2,0,2,8,3,5
106,公立,一般大學,0003,國立臺灣大學,02311007,外國語文學系,32,12,20,2,0,0,0,6,6,4,14,0,0,14,8,6,32,12,20
106,公立,一般大學,0003,國立臺灣大學,02311009,日本語文學系,23,6,17,4,1,0,0,0,0,2,16,0,0,5,4,1,23,6,17
106,公立,一般大學,0003,國立臺灣大學,02312010,翻譯碩士學位學程,4,1,3,0,0,0,0,0,2,1,1,0,0,2,0,2,4,1,3
106,公立,一般大學,0003,國立臺灣大學,02321005,臺灣文學研究所,1,1,0,1,0,0,0,0,0,0,0,0,0,1,1,0,1,1,0
106,公立,一般大學,0003,國立臺灣大學,02322006,中國文學系,45,26,19,9,4,3,2,13,11,1,2,0,0,42,25,17,45,26,19
106,公立,一般大學,0003,國立臺灣大學,03111015,經濟學系,8,7,1,7,0,0,0,0,0,0,1,0,0,7,7,0,8,7,1
106,公立,一般大學,0003,國立臺灣大學,03121016,政治學系,15,14,1,10,1,1,0,2,0,1,0,0,0,14,13,1,15,14,1
106,公立,一般大學,0003,國立臺灣大學,03131019,心理學系,10,8,2,6,1,0,0,2,1,0,0,0,0,10,8,2,10,8,2
106,公立,一般大學,0003,國立臺灣大學,03141018,社會學系,2,2,0,2,0,0,0,0,0,0,0,0,0,2,2,0,2,2,0
106,公立,一般大學,0003,國立臺灣大學,03142021,地理環境資源學系,2,2,0,2,0,0,0,0,0,0,0,0,0,2,2,0,2,2,0
106,公立,一般大學,0003,國立臺灣大學,03191023,國家發展研究所,7,6,1,3,0,2,0,0,1,1,0,0,0,6,5,1,7,6,1
106,公立,一般大學,0003,國立臺灣大學,03212024,新聞研究所,10,7,3,0,0,6,0,0,3,1,0,0,0,9,6,3,10,7,3
106,公立,一般大學,0003,國立臺灣大學,03222025,圖書資訊學系,3,1,2,0,1,1,1,0,0,0,0,0,0,3,1,2,3,1,2
106,公立,一般大學,0003,國立臺灣大學,04111027,會計學系,5,5,0,3,0,1,0,0,0,1,0,0,0,4,4,0,5,5,0
106,公立,一般大學,0003,國立臺灣大學,04121032,財務金融學系,11,8,3,5,2,1,0,1,1,1,0,0,0,10,7,3,11,8,3
106,公立,一般大學,0003,國立臺灣大學,04131028,管理學院企業管理碩士專班,6,5,1,2,0,1,1,2,0,0,0,0,0,6,5,1,6,5,1
106,公立,一般大學,0003,國立臺灣大學,04131029,工商管理學系,6,6,0,2,0,2,0,1,0,1,0,0,0,5,5,0,6,6,0
106,公立,一般大學,0003,國立臺灣大學,04131031,國際企業學系,11,9,2,4,0,1,1,3,1,1,0,0,0,10,8,2,11,9,2
106,公立,一般大學,0003,國立臺灣大學,04134022,公共事務研究所,1,1,0,0,0,1,0,0,0,0,0,0,0,1,1,0,1,1,0
106,公立,一般大學,0003,國立臺灣大學,04199148,管理學院創業創新管理碩士在職專班,1,1,0,1,0,0,0,0,0,0,0,0,0,1,1,0,1,1,0
106,公立,一般大學,0003,國立臺灣大學,04211035,法律學系,19,19,0,19,0,0,0,0,0,0,0,0,0,19,19,0,19,19,0
106,公立,一般大學,0003,國立臺灣大學,04212036,科際整合法律學研究所,2,2,0,2,0,0,0,0,0,0,0,0,0,2,2,0,2,2,0
106,公立,一般大學,0003,國立臺灣大學,05111038,生命科學系,10,7,3,4,2,3,0,0,1,0,0,0,0,10,7,3,10,7,3
106,公立,一般大學,0003,國立臺灣大學,05111040,植物科學研究所,2,2,0,2,0,0,0,0,0,0,0,0,0,2,2,0,2,2,0
106,公立,一般大學,0003,國立臺灣大學,05111041,昆蟲學系,3,3,0,3,0,0,0,0,0,0,0,0,0,3,3,0,3,3,0
106,公立,一般大學,0003,國立臺灣大學,05121044,生物科技研究所,2,1,1,0,0,1,1,0,0,0,0,0,0,2,1,1,2,1,1
106,公立,一般大學,0003,國立臺灣大學,05121045,生化科學研究所,26,23,3,15,0,2,2,5,1,1,0,0,0,25,22,3,26,23,3
106,公立,一般大學,0003,國立臺灣大學,05121046,分子與細胞生物學研究所,11,8,3,4,2,2,1,2,0,0,0,0,0,11,8,3,11,8,3
106,公立,一般大學,0003,國立臺灣大學,05121047,基因體與系統生物學學位學程,23,16,7,7,4,6,2,3,1,0,0,0,0,23,16,7,23,16,7
106,公立,一般大學,0003,國立臺灣大學,05121151,生化科技學系,10,7,3,6,2,1,1,0,0,0,0,0,0,10,7,3,10,7,3
106,公立,一般大學,0003,國立臺灣大學,05123050,生物化學暨分子生物學研究所,3,1,2,1,1,0,0,0,1,0,0,0,0,3,1,2,3,1,2
106,公立,一般大學,0003,國立臺灣大學,05212043,生態學與演化生物學研究所,7,5,2,4,1,1,1,0,0,0,0,0,0,7,5,2,7,5,2
106,公立,一般大學,0003,國立臺灣大學,05311051,化學系,10,8,2,8,1,0,0,0,1,0,0,0,0,10,8,2,10,8,2
106,公立,一般大學,0003,國立臺灣大學,05321052,地質科學系,7,6,1,6,0,0,0,0,1,0,0,0,0,7,6,1,7,6,1
106,公立,一般大學,0003,國立臺灣大學,05321053,氣候變遷與永續發展國際博士學位學程,1,1,0,0,0,1,0,0,0,0,0,0,0,1,1,0,1,1,0
106,公立,一般大學,0003,國立臺灣大學,05322056,大氣科學系,3,3,0,2,0,1,0,0,0,0,0,0,0,3,3,0,3,3,0
106,公立,一般大學,0003,國立臺灣大學,05323057,海洋研究所,3,3,0,1,0,2,0,0,0,0,0,0,0,3,3,0,3,3,0
106,公立,一般大學,0003,國立臺灣大學,05331054,物理學系,13,13,0,12,0,1,0,0,0,0,0,0,0,13,13,0,13,13,0
106,公立,一般大學,0003,國立臺灣大學,05411059,數學系,27,23,4,9,1,3,0,11,3,0,0,0,0,27,23,4,27,23,4
106,公立,一般大學,0003,國立臺灣大學,06131062,資訊管理學系,4,4,0,0,0,2,0,1,0,1,0,0,0,3,3,0,4,4,0
106,公立,一般大學,0003,國立臺灣大學,06131063,資訊網路與多媒體研究所,3,2,1,1,1,0,0,1,0,0,0,0,0,3,2,1,3,2,1
106,公立,一般大學,0003,國立臺灣大學,06131067,資訊工程學系,5,5,0,5,0,0,0,0,0,0,0,0,0,5,5,0,5,5,0
106,公立,一般大學,0003,國立臺灣大學,07111076,化學工程學系,4,3,1,3,1,0,0,0,0,0,0,0,0,4,3,1,4,3,1
106,公立,一般大學,0003,國立臺灣大學,07111077,高分子科學與工程學研究所,1,1,0,1,0,0,0,0,0,0,0,0,0,1,1,0,1,1,0
106,公立,一般大學,0003,國立臺灣大學,07112078,材料科學與工程學系,2,2,0,2,0,0,0,0,0,0,0,0,0,2,2,0,2,2,0
106,公立,一般大學,0003,國立臺灣大學,07121080,環境工程學研究所,9,8,1,7,0,1,0,0,1,0,0,0,0,9,8,1,9,8,1
106,公立,一般大學,0003,國立臺灣大學,07141064,電機工程學系,6,5,1,5,1,0,0,0,0,0,0,0,0,6,5,1,6,5,1
106,公立,一般大學,0003,國立臺灣大學,07141065,電子工程學研究所,9,9,0,8,0,1,0,0,0,0,0,0,0,9,9,0,9,9,0
106,公立,一般大學,0003,國立臺灣大學,07141068,電信工程學研究所,5,5,0,4,0,1,0,0,0,0,0,0,0,5,5,0,5,5,0
106,公立,一般大學,0003,國立臺灣大學,07151069,機械工程學系,1,1,0,0,0,1,0,0,0,0,0,0,0,1,1,0,1,1,0
106,公立,一般大學,0003,國立臺灣大學,07151072,生物產業機電工程學系,1,1,0,1,0,0,0,0,0,0,0,0,0,1,1,0,1,1,0
106,公立,一般大學,0003,國立臺灣大學,07151082,工程科學及海洋工程學系,4,4,0,2,0,1,0,1,0,0,0,0,0,4,4,0,4,4,0
106,公立,一般大學,0003,國立臺灣大學,07193081,生醫電子與資訊學研究所,2,2,0,1,0,1,0,0,0,0,0,0,0,2,2,0,2,2,0
106,公立,一般大學,0003,國立臺灣大學,07194071,應用力學研究所,2,2,0,1,0,1,0,0,0,0,0,0,0,2,2,0,2,2,0
106,公立,一般大學,0003,國立臺灣大學,07194083,醫學工程學研究所,1,1,0,0,0,1,0,0,0,0,0,0,0,1,1,0,1,1,0
106,公立,一般大學,0003,國立臺灣大學,07211099,食品科技研究所,5,3,2,2,1,0,0,1,1,0,0,0,0,5,3,2,5,3,2
106,公立,一般大學,0003,國立臺灣大學,07313086,建築與城鄉研究所,2,1,1,0,0,0,1,0,0,1,0,0,0,1,0,1,2,1,1
106,公立,一般大學,0003,國立臺灣大學,07321074,土木工程學系,13,13,0,5,0,6,0,1,0,1,0,0,0,12,12,0,13,13,0
106,公立,一般大學,0003,國立臺灣大學,08111087,農藝學系,12,9,3,3,3,3,0,1,0,2,0,0,0,10,7,3,12,9,3
106,公立,一般大學,0003,國立臺灣大學,08112089,動物科學技術學系,1,1,0,0,0,0,0,1,0,0,0,0,0,1,1,0,1,1,0
106,公立,一般大學,0003,國立臺灣大學,08121091,園藝暨景觀學系,10,10,0,6,0,2,0,1,0,1,0,0,0,9,9,0,10,10,0
106,公立,一般大學,0003,國立臺灣大學,08191100,農業化學系,3,3,0,2,0,1,0,0,0,0,0,0,0,3,3,0,3,3,0
106,公立,一般大學,0003,國立臺灣大學,08193096,農業經濟學系,4,3,1,0,1,3,0,0,0,0,0,0,0,4,3,1,4,3,1
106,公立,一般大學,0003,國立臺灣大學,08193098,生物產業傳播暨發展學系,3,2,1,1,0,0,0,0,1,1,0,0,0,2,1,1,3,2,1
106,公立,一般大學,0003,國立臺灣大學,08194094,植物病理與微生物學系,3,1,2,1,2,0,0,0,0,0,0,0,0,3,1,2,3,1,2
106,公立,一般大學,0003,國立臺灣大學,08194095,植物醫學碩士學位學程,1,1,0,1,0,0,0,0,0,0,0,0,0,1,1,0,1,1,0
106,公立,一般大學,0003,國立臺灣大學,08211102,森林環境暨資源學系,4,3,1,1,0,2,0,0,1,0,0,0,0,4,3,1,4,3,1
106,公立,一般大學,0003,國立臺灣大學,08311103,漁業科學研究所,4,4,0,2,0,2,0,0,0,0,0,0,0,4,4,0,4,4,0
106,公立,一般大學,0003,國立臺灣大學,08411104,獸醫學系,4,3,1,1,0,1,0,1,1,0,0,0,0,4,3,1,4,3,1
106,公立,一般大學,0003,國立臺灣大學,08411105,臨床動物醫學研究所,2,2,0,1,0,0,0,0,0,1,0,0,0,1,1,0,2,2,0
106,公立,一般大學,0003,國立臺灣大學,09111137,牙醫學系,22,17,5,0,0,6,0,3,2,8,3,0,0,11,9,2,22,17,5
106,公立,一般大學,0003,國立臺灣大學,09111138,臨床牙醫學研究所,2,1,1,0,0,0,0,1,1,0,0,0,0,2,1,1,2,1,1
106,公立,一般大學,0003,國立臺灣大學,09111139,口腔生物科學研究所,2,1,1,1,0,0,0,0,1,0,0,0,0,2,1,1,2,1,1
106,公立,一般大學,0003,國立臺灣大學,09121048,微生物學研究所,4,2,2,1,0,1,2,0,0,0,0,0,0,4,2,2,4,2,2
106,公立,一般大學,0003,國立臺灣大學,09121107,醫學系,516,423,93,48,3,75,18,157,28,143,44,0,0,329,280,49,516,423,93
106,公立,一般大學,0003,國立臺灣大學,09121108,臨床醫學研究所,6,5,1,1,0,3,0,1,1,0,0,0,0,6,5,1,6,5,1
106,公立,一般大學,0003,國立臺灣大學,09121109,分子醫學研究所,10,5,5,5,5,0,0,0,0,0,0,0,0,10,5,5,10,5,5
106,公立,一般大學,0003,國立臺灣大學,09121110,免疫學研究所,6,4,2,4,2,0,0,0,0,0,0,0,0,6,4,2,6,4,2
106,公立,一般大學,0003,國立臺灣大學,09121111,生理學研究所,1,1,0,1,0,0,0,0,0,0,0,0,0,1,1,0,1,1,0
106,公立,一般大學,0003,國立臺灣大學,09121112,病理學研究所,1,1,0,1,0,0,0,0,0,0,0,0,0,1,1,0,1,1,0
106,公立,一般大學,0003,國立臺灣大學,09121114,解剖學暨細胞生物學研究所,2,2,0,2,0,0,0,0,0,0,0,0,0,2,2,0,2,2,0
106,公立,一般大學,0003,國立臺灣大學,09121118,腫瘤醫學研究所,7,6,1,2,0,0,0,4,1,0,0,0,0,7,6,1,7,6,1
106,公立,一般大學,0003,國立臺灣大學,09121121,醫學教育暨生醫倫理研究所,5,4,1,0,0,1,0,3,0,0,1,0,0,4,4,0,5,4,1
106,公立,一般大學,0003,國立臺灣大學,09121140,法醫學研究所,10,9,1,2,1,6,0,0,0,1,0,0,0,9,8,1,10,9,1
106,公立,一般大學,0003,國立臺灣大學,09131134,護理學系,6,0,6,0,1,0,3,0,1,0,1,0,0,5,0,5,6,0,6
106,公立,一般大學,0003,國立臺灣大學,09141136,醫學檢驗暨生物技術學系,4,3,1,2,0,1,0,0,0,0,1,0,0,3,3,0,4,3,1
106,公立,一般大學,0003,國立臺灣大學,09141143,醫療器材與醫學影像研究所,1,1,0,1,0,0,0,0,0,0,0,0,0,1,1,0,1,1,0
106,公立,一般大學,0003,國立臺灣大學,09151132,物理治療學系,7,1,6,0,1,0,2,1,1,0,2,0,0,5,1,4,7,1,6
106,公立,一般大學,0003,國立臺灣大學,09152133,職能治療學系,4,1,3,0,0,0,1,0,0,1,2,0,0,1,0,1,4,1,3
106,公立,一般大學,0003,國立臺灣大學,09161129,藥學系,12,4,8,2,3,1,0,0,3,1,2,0,0,9,3,6,12,4,8
106,公立,一般大學,0003,國立臺灣大學,09161130,藥理學研究所,3,1,2,1,2,0,0,0,0,0,0,0,0,3,1,2,3,1,2
106,公立,一般大學,0003,國立臺灣大學,09161131,臨床藥學研究所,3,1,2,0,1,0,0,0,0,1,1,0,0,1,0,1,3,1,2
106,公立,一般大學,0003,國立臺灣大學,09191122,公共衛生碩士學位學程,2,1,1,0,0,0,0,1,1,0,0,0,0,2,1,1,2,1,1
106,公立,一般大學,0003,國立臺灣大學,09191122,公共衛生學系,3,2,1,0,1,1,0,0,0,1,0,0,0,2,1,1,3,2,1
106,公立,一般大學,0003,國立臺灣大學,09191123,職業醫學與工業衛生研究所,7,5,2,2,0,1,1,2,1,0,0,0,0,7,5,2,7,5,2
106,公立,一般大學,0003,國立臺灣大學,09191126,流行病學與預防醫學研究所,11,5,6,2,2,1,1,2,3,0,0,0,0,11,5,6,11,5,6
106,公立,一般大學,0003,國立臺灣大學,09191127,健康政策與管理研究所,9,6,3,5,2,1,1,0,0,0,0,0,0,9,6,3,9,6,3
106,公立,一般大學,0003,國立臺灣大學,09191128,健康行為與社區科學研究所,1,1,0,0,0,0,0,1,0,0,0,0,0,1,1,0,1,1,0
106,公立,一般大學,0003,國立臺灣大學,09231144,社會工作學系,2,1,1,1,0,0,0,0,1,0,0,0,0,2,1,1,2,1,1
106,公立,一般大學,0003,國立臺灣大學,10152145,運動設施與健康管理碩士學位學程,2,1,1,0,0,0,1,1,0,0,0,0,0,2,1,1,2,1,1
106,公立,一般大學,0003,國立臺灣大學,99999Z01,共同教育中心,56,44,12,11,1,8,3,11,7,14,1,0,0,41,30,11,56,44,12
106,公立,一般大學,0004,國立臺灣師範大學,01111001,教育學系,9,7,2,6,1,1,0,0,1,0,0,0,0,9,7,2,9,7,2
106,公立,一般大學,0004,國立臺灣師範大學,01113018,特殊教育學系,9,4,5,1,3,1,1,1,1,1,0,0,0,8,3,5,9,4,5
106,公立,一般大學,0004,國立臺灣師範大學,01116014,資訊教育研究所,1,1,0,1,0,0,0,0,0,0,0,0,0,1,1,0,1,1,0
106,公立,一般大學,0004,國立臺灣師範大學,01131004,公民教育與活動領導學系,13,7,6,2,1,1,0,3,0,1,5,0,0,7,6,1,13,7,6
106,公立,一般大學,0004,國立臺灣師範大學,01131009,社會教育學系,8,6,2,3,1,0,1,1,0,2,0,0,0,6,4,2,8,6,2
106,公立,一般大學,0004,國立臺灣師範大學,01141007,人類發展與家庭學系,10,3,7,0,1,1,1,2,2,0,3,0,0,7,3,4,10,3,7
106,公立,一般大學,0004,國立臺灣師範大學,01141010,工業教育學系,15,15,0,3,0,5,0,6,0,1,0,0,0,14,14,0,15,15,0
106,公立,一般大學,0004,國立臺灣師範大學,01141013,環境教育研究所,1,1,0,0,0,1,0,0,0,0,0,0,0,1,1,0,1,1,0
106,公立,一般大學,0004,國立臺灣師範大學,01141015,體育學系,10,7,3,2,1,3,2,1,0,1,0,0,0,9,6,3,10,7,3
106,公立,一般大學,0004,國立臺灣師範大學,01141017,健康促進與衛生教育學系,7,5,2,1,2,2,0,2,0,0,0,0,0,7,5,2,7,5,2
106,公立,一般大學,0004,國立臺灣師範大學,01199021,教育學院,1,1,0,1,0,0,0,0,0,0,0,0,0,1,1,0,1,1,0
106,公立,一般大學,0004,國立臺灣師範大學,01199022,科技應用與人力資源發展學系,9,8,1,1,0,1,1,4,0,2,0,0,0,7,6,1,9,8,1
106,公立,一般大學,0004,國立臺灣師範大學,02122037,設計學系,21,20,1,3,0,1,0,4,0,12,1,0,0,8,8,0,21,20,1
106,公立,一般大學,0004,國立臺灣師範大學,02131023,美術學系,40,28,12,14,3,6,3,6,5,2,1,0,0,37,26,11,40,28,12
106,公立,一般大學,0004,國立臺灣師範大學,02151024,音樂學系,71,31,40,7,12,11,6,7,15,6,7,0,0,58,25,33,71,31,40
106,公立,一般大學,0004,國立臺灣師範大學,02151025,民族音樂研究所,6,5,1,3,0,1,0,1,1,0,0,0,0,6,5,1,6,5,1
106,公立,一般大學,0004,國立臺灣師範大學,02152027,表演藝術研究所,16,9,7,1,1,2,1,3,3,3,2,0,0,11,6,5,16,9,7
106,公立,一般大學,0004,國立臺灣師範大學,02191026,藝術史研究所,3,1,2,0,0,0,1,1,1,0,0,0,0,3,1,2,3,1,2
106,公立,一般大學,0004,國立臺灣師範大學,02199Y06,音樂學院,3,2,1,0,0,0,0,2,1,0,0,0,0,3,2,1,3,2,1
106,公立,一般大學,0004,國立臺灣師範大學,02221035,歷史學系,10,8,2,4,2,4,0,0,0,0,0,0,0,10,8,2,10,8,2
106,公立,一般大學,0004,國立臺灣師範大學,02221036,臺灣史研究所,4,3,1,2,1,1,0,0,0,0,0,0,0,4,3,1,4,3,1
106,公立,一般大學,0004,國立臺灣師範大學,02299Y15,文學院,9,6,3,0,0,1,1,1,1,4,1,0,0,4,2,2,9,6,3
106,公立,一般大學,0004,國立臺灣師範大學,02311033,英語學系,9,3,6,2,0,0,0,0,0,1,6,0,0,2,2,0,9,3,6
106,公立,一般大學,0004,國立臺灣師範大學,02312034,翻譯研究所,3,3,0,0,0,0,0,1,0,2,0,0,0,1,1,0,3,3,0
106,公立,一般大學,0004,國立臺灣師範大學,02313005,華語文教學系,7,3,4,0,0,0,1,1,1,2,2,0,0,3,1,2,7,3,4
106,公立,一般大學,0004,國立臺灣師範大學,02321028,臺灣語文學系,3,2,1,0,0,0,0,1,1,1,0,0,0,2,1,1,3,2,1
106,公立,一般大學,0004,國立臺灣師範大學,02322029,國文學系,9,2,7,2,1,0,3,0,0,0,3,0,0,6,2,4,9,2,7
106,公立,一般大學,0004,國立臺灣師範大學,03131003,教育心理與輔導學系,12,8,4,4,4,3,0,1,0,0,0,0,0,12,8,4,12,8,4
106,公立,一般大學,0004,國立臺灣師範大學,03142041,地理學系,5,4,1,2,0,1,0,1,1,0,0,0,0,5,4,1,5,4,1
106,公立,一般大學,0004,國立臺灣師範大學,03143042,東亞學系,2,1,1,0,0,1,0,0,0,0,1,0,0,1,1,0,2,1,1
106,公立,一般大學,0004,國立臺灣師範大學,03199Y21,國際與社會科學學院,1,0,1,0,0,0,0,0,1,0,0,0,0,1,0,1,1,0,1
106,公立,一般大學,0004,國立臺灣師範大學,03211048,大眾傳播研究所,1,1,0,1,0,0,0,0,0,0,0,0,0,1,1,0,1,1,0
106,公立,一般大學,0004,國立臺灣師範大學,03214050,圖文傳播學系,13,10,3,2,0,3,2,0,0,5,1,0,0,7,5,2,13,10,3
106,公立,一般大學,0004,國立臺灣師範大學,03222049,圖書資訊學研究所,4,1,3,0,2,0,0,1,1,0,0,0,0,4,1,3,4,1,3
106,公立,一般大學,0004,國立臺灣師範大學,04131051,企業管理學系,2,0,2,0,1,0,0,0,1,0,0,0,0,2,0,2,2,0,2
106,公立,一般大學,0004,國立臺灣師範大學,04131053,國際企業管理雙碩士學位學程,4,2,2,1,1,1,0,0,1,0,0,0,0,4,2,2,4,2,2
106,公立,一般大學,0004,國立臺灣師範大學,04199054,國際人力資源發展研究所,3,2,1,1,0,1,1,0,0,0,0,0,0,3,2,1,3,2,1
106,公立,一般大學,0004,國立臺灣師範大學,04199Y31,管理學院,4,3,1,3,0,0,0,0,1,0,0,0,0,4,3,1,4,3,1
106,公立,一般大學,0004,國立臺灣師範大學,05111056,生命科學系,6,5,1,2,0,2,1,1,0,0,0,0,0,6,5,1,6,5,1
106,公立,一般大學,0004,國立臺灣師範大學,05311059,化學系,3,3,0,1,0,2,0,0,0,0,0,0,0,3,3,0,3,3,0
106,公立,一般大學,0004,國立臺灣師範大學,05321060,地球科學系,2,1,1,1,0,0,1,0,0,0,0,0,0,2,1,1,2,1,1
106,公立,一般大學,0004,國立臺灣師範大學,05331061,物理學系,1,1,0,0,0,0,0,0,0,1,0,0,0,0,0,0,1,1,0
106,公立,一般大學,0004,國立臺灣師範大學,05411062,數學系,12,11,1,6,0,3,0,2,1,0,0,0,0,12,11,1,12,11,1
106,公立,一般大學,0004,國立臺灣師範大學,07141063,電機工程學系,3,3,0,2,0,1,0,0,0,0,0,0,0,3,3,0,3,3,0
106,公立,一般大學,0004,國立臺灣師範大學,07141064,光電科技研究所,2,2,0,0,0,0,0,2,0,0,0,0,0,2,2,0,2,2,0
106,公立,一般大學,0004,國立臺灣師範大學,07141065,資訊工程學系,5,5,0,3,0,1,0,1,0,0,0,0,0,5,5,0,5,5,0
106,公立,一般大學,0004,國立臺灣師範大學,07151068,機電工程學系,1,1,0,1,0,0,0,0,0,0,0,0,0,1,1,0,1,1,0
106,公立,一般大學,0004,國立臺灣師範大學,09231071,社會工作學研究所,1,0,1,0,0,0,1,0,0,0,0,0,0,1,0,1,1,0,1
106,公立,一般大學,0004,國立臺灣師範大學,10152077,運動休閒與餐旅管理研究所,2,1,1,1,0,0,0,0,1,0,0,0,0,2,1,1,2,1,1
106,公立,一般大學,0004,國立臺灣師範大學,99999078,管理學院國際時尚高階管理碩士在職專班,7,4,3,4,3,0,0,0,0,0,0,0,0,7,4,3,7,4,3
106,公立,一般大學,0004,國立臺灣師範大學,99999999,教務處,113,66,47,9,0,3,4,17,15,37,28,0,0,48,29,19,113,66,47
106,公立,一般大學,0004,國立臺灣師範大學,99999Y43,師資培育學院,16,8,8,1,0,1,1,5,7,1,0,0,0,15,7,8,16,8,8
106,公立,一般大學,0005,國立成功大學,01111103,教育研究所,4,3,1,3,1,0,0,0,0,0,0,0,0,4,3,1,4,3,1
106,公立,一般大學,0005,國立成功大學,02122112,創意產業設計研究所,2,1,1,0,0,1,0,0,1,0,0,0,0,2,1,1,2,1,1
106,公立,一般大學,0005,國立成功大學,02123113,工業設計學系,11,9,2,4,0,0,1,2,0,3,1,0,0,7,6,1,11,9,2
106,公立,一般大學,0005,國立成功大學,02191104,藝術研究所,3,1,2,0,0,1,2,0,0,0,0,0,0,3,1,2,3,1,2
106,公立,一般大學,0005,國立成功大學,02221110,歷史學系,14,9,5,7,4,1,1,1,0,0,0,0,0,14,9,5,14,9,5
106,公立,一般大學,0005,國立成功大學,02222111,考古學研究所,3,2,1,0,0,0,1,2,0,0,0,0,0,3,2,1,3,2,1
106,公立,一般大學,0005,國立成功大學,02311108,外國語文學系,13,2,11,1,0,0,0,0,1,1,10,0,0,2,1,1,13,2,11
106,公立,一般大學,0005,國立成功大學,02321106,台灣文學系,16,12,4,5,1,4,0,2,0,1,3,0,0,12,11,1,16,12,4
106,公立,一般大學,0005,國立成功大學,02322107,中國文學系,10,9,1,9,1,0,0,0,0,0,0,0,0,10,9,1,10,9,1
106,公立,一般大學,0005,國立成功大學,03111114,經濟學系,5,5,0,2,0,1,0,2,0,0,0,0,0,5,5,0,5,5,0
106,公立,一般大學,0005,國立成功大學,03121116,政治經濟研究所,2,2,0,1,0,1,0,0,0,0,0,0,0,2,2,0,2,2,0
106,公立,一般大學,0005,國立成功大學,03131117,心理學系,1,1,0,1,0,0,0,0,0,0,0,0,0,1,1,0,1,1,0
106,公立,一般大學,0005,國立成功大學,03131118,行為醫學研究所,4,1,3,0,1,0,0,1,2,0,0,0,0,4,1,3,4,1,3
106,公立,一般大學,0005,國立成功大學,04111120,會計學系,13,12,1,2,0,1,0,6,1,3,0,0,0,10,9,1,13,12,1
106,公立,一般大學,0005,國立成功大學,04131058,管理學院,3,2,1,2,0,0,1,0,0,0,0,0,0,3,2,1,3,2,1
106,公立,一般大學,0005,國立成功大學,04131121,企業管理學系,3,2,1,0,0,0,0,2,0,0,1,0,0,2,2,0,3,2,1
106,公立,一般大學,0005,國立成功大學,04131125,國際經營管理研究所(IMBA),3,3,0,1,0,2,0,0,0,0,0,0,0,3,3,0,3,3,0
106,公立,一般大學,0005,國立成功大學,04199056,電信管理研究所,2,2,0,1,0,0,0,1,0,0,0,0,0,2,2,0,2,2,0
106,公立,一般大學,0005,國立成功大學,04211001,法律學系,5,5,0,2,0,1,0,2,0,0,0,0,0,5,5,0,5,5,0
106,公立,一般大學,0005,國立成功大學,05111003,生命科學系,12,8,4,5,3,3,0,0,0,0,1,0,0,11,8,3,12,8,4
106,公立,一般大學,0005,國立成功大學,05111005,熱帶植物科學研究所,9,7,2,3,0,1,0,3,2,0,0,0,0,9,7,2,9,7,2
106,公立,一般大學,0005,國立成功大學,05121008,生物科技與產業科學系,9,9,0,7,0,2,0,0,0,0,0,0,0,9,9,0,9,9,0
106,公立,一般大學,0005,國立成功大學,05122009,微生物及免疫學研究所,4,3,1,1,1,1,0,1,0,0,0,0,0,4,3,1,4,3,1
106,公立,一般大學,0005,國立成功大學,05123010,生物化學暨分子生物學研究所,5,4,1,2,1,0,0,2,0,0,0,0,0,5,4,1,5,4,1
106,公立,一般大學,0005,國立成功大學,05311017,化學系,4,4,0,2,0,2,0,0,0,0,0,0,0,4,4,0,4,4,0
106,公立,一般大學,0005,國立成功大學,05321019,地球科學系,6,6,0,3,0,3,0,0,0,0,0,0,0,6,6,0,6,6,0
106,公立,一般大學,0005,國立成功大學,05331021,物理學系,9,8,1,7,1,0,0,1,0,0,0,0,0,9,8,1,9,8,1
106,公立,一般大學,0005,國立成功大學,05331023,太空與電漿科學研究所,1,1,0,1,0,0,0,0,0,0,0,0,0,1,1,0,1,1,0
106,公立,一般大學,0005,國立成功大學,05411027,數學系,1,0,1,0,0,0,0,0,1,0,0,0,0,1,0,1,1,0,1
106,公立,一般大學,0005,國立成功大學,05421029,統計學系,7,6,1,4,0,1,1,1,0,0,0,0,0,7,6,1,7,6,1
106,公立,一般大學,0005,國立成功大學,06131036,資訊工程學系,10,9,1,4,0,2,1,3,0,0,0,0,0,10,9,1,10,9,1
106,公立,一般大學,0005,國立成功大學,07111050,化學工程學系,7,6,1,4,0,2,1,0,0,0,0,0,0,7,6,1,7,6,1
106,公立,一般大學,0005,國立成功大學,07112063,材料科學及工程學系,6,6,0,4,0,1,0,1,0,0,0,0,0,6,6,0,6,6,0
106,公立,一般大學,0005,國立成功大學,07121070,環境工程學系,6,5,1,3,1,1,0,0,0,1,0,0,0,5,4,1,6,5,1
106,公立,一般大學,0005,國立成功大學,07122026,水利及海洋工程學系,36,34,2,16,0,6,0,12,2,0,0,0,0,36,34,2,36,34,2
106,公立,一般大學,0005,國立成功大學,07141032,電機工程學系,30,28,2,17,0,6,1,3,1,2,0,0,0,28,26,2,30,28,2
106,公立,一般大學,0005,國立成功大學,07141035,光電科學與工程學系,9,7,2,6,1,1,1,0,0,0,0,0,0,9,7,2,9,7,2
106,公立,一般大學,0005,國立成功大學,07141041,製造資訊與系統研究所,1,1,0,1,0,0,0,0,0,0,0,0,0,1,1,0,1,1,0
106,公立,一般大學,0005,國立成功大學,07151042,機械工程學系,14,13,1,11,1,1,0,1,0,0,0,0,0,14,13,1,14,13,1
106,公立,一般大學,0005,國立成功大學,07162043,航空太空工程學系,13,13,0,4,0,5,0,4,0,0,0,0,0,13,13,0,13,13,0
106,公立,一般大學,0005,國立成功大學,07163044,系統及船舶機電工程學系,6,6,0,5,0,1,0,0,0,0,0,0,0,6,6,0,6,6,0
106,公立,一般大學,0005,國立成功大學,07191073,工學院,2,2,0,1,0,1,0,0,0,0,0,0,0,2,2,0,2,2,0
106,公立,一般大學,0005,國立成功大學,07193061,生物醫學工程學系,8,8,0,6,0,0,0,2,0,0,0,0,0,8,8,0,8,8,0
106,公立,一般大學,0005,國立成功大學,07194071,工程科學系,16,16,0,11,0,3,0,2,0,0,0,0,0,16,16,0,16,16,0
106,公立,一般大學,0005,國立成功大學,07241064,資源工程學系,9,9,0,5,0,1,0,3,0,0,0,0,0,9,9,0,9,9,0
106,公立,一般大學,0005,國立成功大學,07311075,建築學系,27,23,4,6,0,3,0,4,0,10,4,0,0,13,13,0,27,23,4
106,公立,一般大學,0005,國立成功大學,07313076,都市計劃學系,6,6,0,1,0,4,0,0,0,1,0,0,0,5,5,0,6,6,0
106,公立,一般大學,0005,國立成功大學,07321049,土木工程學系,8,8,0,3,0,4,0,1,0,0,0,0,0,8,8,0,8,8,0
106,公立,一般大學,0005,國立成功大學,07322067,測量及空間資訊學系,1,1,0,0,0,0,0,0,0,1,0,0,0,0,0,0,1,1,0
106,公立,一般大學,0005,國立成功大學,09111096,口腔醫學研究所,9,7,2,1,0,1,0,2,0,3,2,0,0,4,4,0,9,7,2
106,公立,一般大學,0005,國立成功大學,09121053,基礎醫學研究所,1,1,0,1,0,0,0,0,0,0,0,0,0,1,1,0,1,1,0
106,公立,一般大學,0005,國立成功大學,09121077,醫學系,166,128,38,14,2,25,7,52,16,37,13,0,0,116,91,25,166,128,38
106,公立,一般大學,0005,國立成功大學,09121078,臨床醫學研究所,3,3,0,2,0,1,0,0,0,0,0,0,0,3,3,0,3,3,0
106,公立,一般大學,0005,國立成功大學,09121084,細胞生物與解剖學研究所,2,2,0,0,0,0,0,0,0,2,0,0,0,0,0,0,2,2,0
106,公立,一般大學,0005,國立成功大學,09131090,護理學系,11,0,11,0,0,0,1,0,2,0,8,0,0,3,0,3,11,0,11
106,公立,一般大學,0005,國立成功大學,09131091,健康照護科學研究所,1,0,1,0,1,0,0,0,0,0,0,0,0,1,0,1,1,0,1
106,公立,一般大學,0005,國立成功大學,09141094,醫學檢驗生物技術學系,11,2,9,0,0,0,1,2,4,0,4,0,0,7,2,5,11,2,9
106,公立,一般大學,0005,國立成功大學,09151082,物理治療學系,2,0,2,0,0,0,1,0,0,0,1,0,0,1,0,1,2,0,2
106,公立,一般大學,0005,國立成功大學,09152089,職能治療學系,4,0,4,0,0,0,0,0,1,0,3,0,0,1,0,1,4,0,4
106,公立,一般大學,0005,國立成功大學,09161086,藥學系,25,8,17,1,2,1,2,4,1,2,12,0,0,11,6,5,25,8,17
106,公立,一般大學,0005,國立成功大學,09161087,藥理學研究所,3,3,0,2,0,0,0,0,0,1,0,0,0,2,2,0,3,3,0
106,公立,一般大學,0005,國立成功大學,09161088,臨床藥學與藥物科技研究所,3,3,0,1,0,2,0,0,0,0,0,0,0,3,3,0,3,3,0
106,公立,一般大學,0005,國立成功大學,09191079,公共衛生研究所,3,2,1,1,1,0,0,0,0,1,0,0,0,2,1,1,3,2,1
106,公立,一般大學,0005,國立成功大學,09191085,環境醫學研究所,1,0,1,0,0,0,0,0,1,0,0,0,0,1,0,1,1,0,1
106,公立,一般大學,0005,國立成功大學,09211101,老年學研究所,2,2,0,1,0,1,0,0,0,0,0,0,0,2,2,0,2,2,0
106,公立,一般大學,0005,國立成功大學,10152097,體育健康與休閒研究所,1,1,0,1,0,0,0,0,0,0,0,0,0,1,1,0,1,1,0
106,公立,一般大學,0005,國立成功大學,10411098,交通管理科學系,4,4,0,1,0,2,0,1,0,0,0,0,0,4,4,0,4,4,0
106,公立,一般大學,0005,國立成功大學,99999Z01,通識教育中心,20,11,9,3,0,2,0,3,7,3,2,0,0,15,8,7,20,11,9
106,公立,一般大學,0005,國立成功大學,99999Z05,師資培育中心,2,2,0,1,0,0,0,1,0,0,0,0,0,2,2,0,2,2,0
106,公立,一般大學,0005,國立成功大學,99999Z07,體育室,6,4,2,0,0,2,0,1,0,1,2,0,0,3,3,0,6,4,2
106,公立,一般大學,0005,國立成功大學,99999Z08,華語中心,5,0,5,0,0,0,0,0,0,0,5,0,0,0,0,0,5,0,5
106,公立,一般大學,0006,國立中興大學,02221007,歷史學系,6,6,0,3,0,1,0,2,0,0,0,0,0,6,6,0,6,6,0
106,公立,一般大學,0006,國立中興大學,02299008,文化創意產業學士學位學程,6,4,2,0,0,1,0,2,0,1,2,0,0,3,3,0,6,4,2
106,公立,一般大學,0006,國立中興大學,02299Y15,文學院,27,7,20,0,1,0,3,3,1,4,15,0,0,8,3,5,27,7,20
106,公立,一般大學,0006,國立中興大學,02311006,外國語文學系,25,6,19,0,1,0,3,1,2,5,13,0,0,7,1,6,25,6,19
106,公立,一般大學,0006,國立中興大學,02321003,台灣文學與跨國文化研究所,2,1,1,1,0,0,0,0,1,0,0,0,0,2,1,1,2,1,1
106,公立,一般大學,0006,國立中興大學,02322005,中國文學系,21,14,7,3,2,4,0,3,2,4,3,0,0,14,10,4,21,14,7
106,公立,一般大學,0006,國立中興大學,03111009,應用經濟學系,3,3,0,3,0,0,0,0,0,0,0,0,0,3,3,0,3,3,0
106,公立,一般大學,0006,國立中興大學,03222013,圖書資訊學研究所,2,1,1,1,1,0,0,0,0,0,0,0,0,2,1,1,2,1,1
106,公立,一般大學,0006,國立中興大學,04111015,會計學系,9,9,0,3,0,1,0,1,0,4,0,0,0,5,5,0,9,9,0
106,公立,一般大學,0006,國立中興大學,04121019,財務金融學系,6,3,3,1,0,1,0,1,2,0,1,0,0,5,3,2,6,3,3
106,公立,一般大學,0006,國立中興大學,04131018,創新產業經營學士學位學程,5,3,2,1,1,0,0,0,1,2,0,0,0,3,1,2,5,3,2
106,公立,一般大學,0006,國立中興大學,04199022,高階經理人碩士在職專班,2,2,0,1,0,0,0,0,0,1,0,0,0,1,1,0,2,2,0
106,公立,一般大學,0006,國立中興大學,04199Y31,管理學院,3,3,0,0,0,2,0,1,0,0,0,0,0,3,3,0,3,3,0
106,公立,一般大學,0006,國立中興大學,04211023,法律學系,16,16,0,2,0,3,0,9,0,2,0,0,0,14,14,0,16,16,0
106,公立,一般大學,0006,國立中興大學,05111026,生命科學系,9,6,3,2,1,4,2,0,0,0,0,0,0,9,6,3,9,6,3
106,公立,一般大學,0006,國立中興大學,05111029,昆蟲學系,3,3,0,2,0,0,0,0,0,1,0,0,0,2,2,0,3,3,0
106,公立,一般大學,0006,國立中興大學,05121037,基因體暨生物資訊學研究所,2,2,0,1,0,0,0,1,0,0,0,0,0,2,2,0,2,2,0
106,公立,一般大學,0006,國立中興大學,05123034,生物化學研究所,4,3,1,1,1,1,0,1,0,0,0,0,0,4,3,1,4,3,1
106,公立,一般大學,0006,國立中興大學,05123035,生物醫學研究所,2,2,0,0,0,1,0,1,0,0,0,0,0,2,2,0,2,2,0
106,公立,一般大學,0006,國立中興大學,05292082,水土保持學系,6,5,1,5,1,0,0,0,0,0,0,0,0,6,5,1,6,5,1
106,公立,一般大學,0006,國立中興大學,05311039,化學系,2,2,0,1,0,1,0,0,0,0,0,0,0,2,2,0,2,2,0
106,公立,一般大學,0006,國立中興大學,05331040,物理學系,7,7,0,2,0,4,0,1,0,0,0,0,0,7,7,0,7,7,0
106,公立,一般大學,0006,國立中興大學,05411041,應用數學系,11,7,4,3,0,3,2,1,2,0,0,0,0,11,7,4,11,7,4
106,公立,一般大學,0006,國立中興大學,06131048,資訊科學與工程學系,3,3,0,2,0,1,0,0,0,0,0,0,0,3,3,0,3,3,0
106,公立,一般大學,0006,國立中興大學,07111055,化學工程學系,2,2,0,2,0,0,0,0,0,0,0,0,0,2,2,0,2,2,0
106,公立,一般大學,0006,國立中興大學,07112057,材料科學與工程學系,3,3,0,1,0,1,0,1,0,0,0,0,0,3,3,0,3,3,0
106,公立,一般大學,0006,國立中興大學,07121059,環境工程學系,3,3,0,0,0,0,0,3,0,0,0,0,0,3,3,0,3,3,0
106,公立,一般大學,0006,國立中興大學,07141045,電機工程學系,6,5,1,5,0,0,0,0,1,0,0,0,0,6,5,1,6,5,1
106,公立,一般大學,0006,國立中興大學,07141046,光電工程研究所,1,1,0,1,0,0,0,0,0,0,0,0,0,1,1,0,1,1,0
106,公立,一般大學,0006,國立中興大學,07151050,機械工程學系,4,4,0,3,0,0,0,1,0,0,0,0,0,4,4,0,4,4,0
106,公立,一般大學,0006,國立中興大學,07151051,精密工程研究所,1,0,1,0,1,0,0,0,0,0,0,0,0,1,0,1,1,0,1
106,公立,一般大學,0006,國立中興大學,07193060,生醫工程研究所,1,1,0,1,0,0,0,0,0,0,0,0,0,1,1,0,1,1,0
106,公立,一般大學,0006,國立中興大學,07211081,食品暨應用生物科技學系,3,3,0,1,0,0,0,2,0,0,0,0,0,3,3,0,3,3,0
106,公立,一般大學,0006,國立中興大學,07312061,景觀與遊憩學士學位學程,4,2,2,0,0,0,0,0,2,2,0,0,0,2,0,2,4,2,2
106,公立,一般大學,0006,國立中興大學,08111063,農藝學系,1,1,0,1,0,0,0,0,0,0,0,0,0,1,1,0,1,1,0
106,公立,一般大學,0006,國立中興大學,08111064,國際農學碩士學位學程,4,2,2,1,1,0,0,1,1,0,0,0,0,4,2,2,4,2,2
106,公立,一般大學,0006,國立中興大學,08112066,動物科學系,9,9,0,7,0,1,0,0,0,1,0,0,0,8,8,0,9,9,0
106,公立,一般大學,0006,國立中興大學,08121067,園藝學系,7,7,0,4,0,1,0,0,0,2,0,0,0,5,5,0,7,7,0
106,公立,一般大學,0006,國立中興大學,08191083,土壤環境科學系,4,4,0,3,0,1,0,0,0,0,0,0,0,4,4,0,4,4,0
106,公立,一般大學,0006,國立中興大學,08193076,生物產業管理進修學士學位學程,18,17,1,0,0,3,0,7,1,7,0,0,0,11,10,1,18,17,1
106,公立,一般大學,0006,國立中興大學,08193078,國際農企業學士學位學程,2,2,0,1,0,0,0,0,0,1,0,0,0,1,1,0,2,2,0
106,公立,一般大學,0006,國立中興大學,08194068,植物病理學系,8,7,1,6,0,0,0,1,1,0,0,0,0,8,7,1,8,7,1
106,公立,一般大學,0006,國立中興大學,08194069,植物醫學暨安全農業碩士學位學程,1,0,1,0,1,0,0,0,0,0,0,0,0,1,0,1,1,0,1
106,公立,一般大學,0006,國立中興大學,08211086,森林學系,5,4,1,2,0,1,0,0,0,1,1,0,0,3,3,0,5,4,1
106,公立,一般大學,0006,國立中興大學,08411087,獸醫學系,3,3,0,1,0,1,0,0,0,1,0,0,0,2,2,0,3,3,0
106,公立,一般大學,0006,國立中興大學,08411089,獸醫病理生物學研究所,5,5,0,1,0,1,0,3,0,0,0,0,0,5,5,0,5,5,0
106,公立,一般大學,0006,國立中興大學,08411092,微生物暨公共衛生學研究所,2,2,0,1,0,0,0,1,0,0,0,0,0,2,2,0,2,2,0
106,公立,一般大學,0006,國立中興大學,09121093,轉譯醫學博士學位學程,2,1,1,0,0,0,0,1,1,0,0,0,0,2,1,1,2,1,1
106,公立,一般大學,0006,國立中興大學,99999Z01,通識教育中心,21,7,14,1,0,2,2,4,7,0,5,0,0,16,7,9,21,7,14
106,公立,一般大學,0006,國立中興大學,99999Z05,師資培育中心,5,4,1,0,0,1,0,3,1,0,0,0,0,5,4,1,5,4,1
106,公立,一般大學,0006,國立中興大學,99999Z07,體育室,3,2,1,0,0,0,0,0,0,2,1,0,0,0,0,0,3,2,1
106,公立,一般大學,0007,國立陽明交通大學,01111001,教育研究所,1,0,1,0,1,0,0,0,0,0,0,0,0,1,0,1,1,0,1
106,公立,一般大學,0007,國立陽明交通大學,02122004,應用藝術研究所,7,6,1,2,0,0,0,2,0,2,1,0,0,4,4,0,7,6,1
106,公立,一般大學,0007,國立陽明交通大學,02151003,音樂研究所,22,8,14,2,0,2,1,4,10,0,3,0,0,19,8,11,22,8,14
106,公立,一般大學,0007,國立陽明交通大學,02299008,人文社會學系,2,1,1,0,0,0,0,1,1,0,0,0,0,2,1,1,2,1,1
106,公立,一般大學,0007,國立陽明交通大學,02299010,社會與文化研究所,1,1,0,1,0,0,0,0,0,0,0,0,0,1,1,0,1,1,0
106,公立,一般大學,0007,國立陽明交通大學,02299Y11,人文社會學院,4,3,1,0,0,0,0,1,0,2,1,0,0,1,1,0,4,3,1
106,公立,一般大學,0007,國立陽明交通大學,02311005,外國語文學系,11,3,8,1,0,0,1,1,1,1,6,0,0,4,2,2,11,3,8
106,公立,一般大學,0007,國立陽明交通大學,03211015,傳播與科技學系,1,0,1,0,0,0,0,0,0,0,1,0,0,0,0,0,1,0,1
106,公立,一般大學,0007,國立陽明交通大學,04121020,資訊管理與財務金融學系,6,5,1,4,0,0,1,1,0,0,0,0,0,6,5,1,6,5,1
106,公立,一般大學,0007,國立陽明交通大學,04131017,經營管理研究所,9,8,1,3,1,2,0,3,0,0,0,0,0,9,8,1,9,8,1
106,公立,一般大學,0007,國立陽明交通大學,04131018,管理科學系,1,1,0,0,0,0,0,1,0,0,0,0,0,1,1,0,1,1,0
106,公立,一般大學,0007,國立陽明交通大學,04131026,管理學院碩士在職專班,2,2,0,2,0,0,0,0,0,0,0,0,0,2,2,0,2,2,0
106,公立,一般大學,0007,國立陽明交通大學,04199023,科技管理研究所,7,7,0,3,0,2,0,2,0,0,0,0,0,7,7,0,7,7,0
106,公立,一般大學,0007,國立陽明交通大學,04199024,高階主管管理碩士學程,10,10,0,7,0,1,0,2,0,0,0,0,0,10,10,0,10,10,0
106,公立,一般大學,0007,國立陽明交通大學,04212027,科技法律研究所,14,8,6,1,3,3,0,4,2,0,1,0,0,13,8,5,14,8,6
106,公立,一般大學,0007,國立陽明交通大學,05121028,生物科技學系,2,2,0,0,0,0,0,1,0,1,0,0,0,1,1,0,2,2,0
106,公立,一般大學,0007,國立陽明交通大學,05124034,生物資訊及系統生物研究所,1,0,1,0,0,0,0,0,1,0,0,0,0,1,0,1,1,0,1
106,公立,一般大學,0007,國立陽明交通大學,05311036,應用化學系,1,1,0,0,0,1,0,0,0,0,0,0,0,1,1,0,1,1,0
106,公立,一般大學,0007,國立陽明交通大學,05331040,物理研究所,1,1,0,1,0,0,0,0,0,0,0,0,0,1,1,0,1,1,0
106,公立,一般大學,0007,國立陽明交通大學,05331041,電子物理學系,2,2,0,2,0,0,0,0,0,0,0,0,0,2,2,0,2,2,0
106,公立,一般大學,0007,國立陽明交通大學,05411045,應用數學系,1,1,0,1,0,0,0,0,0,0,0,0,0,1,1,0,1,1,0
106,公立,一般大學,0007,國立陽明交通大學,05421047,統計學研究所,1,1,0,1,0,0,0,0,0,0,0,0,0,1,1,0,1,1,0
106,公立,一般大學,0007,國立陽明交通大學,06131058,資訊工程學系,3,2,1,0,0,0,0,0,1,2,0,0,0,1,0,1,3,2,1
106,公立,一般大學,0007,國立陽明交通大學,06131061,資訊科學與工程研究所,1,1,0,1,0,0,0,0,0,0,0,0,0,1,1,0,1,1,0
106,公立,一般大學,0007,國立陽明交通大學,06132049,多媒體工程研究所,1,1,0,1,0,0,0,0,0,0,0,0,0,1,1,0,1,1,0
106,公立,一般大學,0007,國立陽明交通大學,07121076,環境工程研究所,1,1,0,0,0,1,0,0,0,0,0,0,0,1,1,0,1,1,0
106,公立,一般大學,0007,國立陽明交通大學,07141050,電機工程學系,1,1,0,0,0,0,0,0,0,1,0,0,0,0,0,0,1,1,0
106,公立,一般大學,0007,國立陽明交通大學,07141051,電子工程學系,2,2,0,2,0,0,0,0,0,0,0,0,0,2,2,0,2,2,0
106,公立,一般大學,0007,國立陽明交通大學,07141053,電子研究所,15,14,1,3,1,0,0,3,0,8,0,0,0,7,6,1,15,14,1
106,公立,一般大學,0007,國立陽明交通大學,07141055,光電工程學系,3,2,1,2,1,0,0,0,0,0,0,0,0,3,2,1,3,2,1
106,公立,一般大學,0007,國立陽明交通大學,07141062,電信工程研究所,3,3,0,2,0,0,0,1,0,0,0,0,0,3,3,0,3,3,0
106,公立,一般大學,0007,國立陽明交通大學,07141064,電控工程研究所,1,1,0,0,0,0,0,1,0,0,0,0,0,1,1,0,1,1,0
106,公立,一般大學,0007,國立陽明交通大學,07141065,光電系統研究所,1,1,0,1,0,0,0,0,0,0,0,0,0,1,1,0,1,1,0
106,公立,一般大學,0007,國立陽明交通大學,07141066,國際半導體產業學院,1,1,0,0,0,0,0,1,0,0,0,0,0,1,1,0,1,1,0
106,公立,一般大學,0007,國立陽明交通大學,07151070,機械工程學系,4,4,0,2,0,1,0,1,0,0,0,0,0,4,4,0,4,4,0
106,公立,一般大學,0007,國立陽明交通大學,07191075,工業工程與管理學系,3,2,1,1,1,0,0,1,0,0,0,0,0,3,2,1,3,2,1
106,公立,一般大學,0007,國立陽明交通大學,07193077,生醫工程研究所,2,2,0,0,0,0,0,2,0,0,0,0,0,2,2,0,2,2,0
106,公立,一般大學,0007,國立陽明交通大學,07193079,影像與生醫光電研究所,2,2,0,1,0,1,0,0,0,0,0,0,0,2,2,0,2,2,0
106,公立,一般大學,0007,國立陽明交通大學,07199083,工學院碩士在職專班,8,8,0,2,0,3,0,3,0,0,0,0,0,8,8,0,8,8,0
106,公立,一般大學,0007,國立陽明交通大學,07311085,建築研究所,16,12,4,0,0,1,0,8,3,3,1,0,0,12,9,3,16,12,4
106,公立,一般大學,0007,國立陽明交通大學,07321071,土木工程學系,5,5,0,1,0,1,0,2,0,1,0,0,0,4,4,0,5,5,0
106,公立,一般大學,0007,國立陽明交通大學,10411086,運輸與物流管理學系,5,3,2,1,0,2,1,0,1,0,0,0,0,5,3,2,5,3,2
106,公立,一般大學,0007,國立陽明交通大學,99999Z01,通識教育中心,9,7,2,1,0,3,0,2,2,1,0,0,0,8,6,2,9,7,2
106,公立,一般大學,0007,國立陽明交通大學,99999Z05,師資培育中心,4,2,2,0,1,0,0,1,0,1,1,0,0,2,1,1,4,2,2
106,公立,一般大學,0007,國立陽明交通大學,99999Z07,體育室,12,8,4,0,0,0,0,0,1,8,3,0,0,1,0,1,12,8,4
106,公立,一般大學,0007,國立陽明交通大學,99999Z08,語言教學與研究中心,35,2,33,0,0,0,0,0,4,2,29,0,0,4,0,4,35,2,33
106,公立,一般大學,0008,國立中央大學,01115001,學習與教學研究所,1,1,0,1,0,0,0,0,0,0,0,0,0,1,1,0,1,1,0
106,公立,一般大學,0008,國立中央大學,02191004,藝術學研究所,2,1,1,0,0,1,0,0,0,0,1,0,0,1,1,0,2,1,1
106,公立,一般大學,0008,國立中央大學,02221010,歷史研究所,7,5,2,1,1,1,1,3,0,0,0,0,0,7,5,2,7,5,2
106,公立,一般大學,0008,國立中央大學,02231011,哲學研究所,5,5,0,5,0,0,0,0,0,0,0,0,0,5,5,0,5,5,0
106,公立,一般大學,0008,國立中央大學,02311008,法國語文學系,8,5,3,0,0,2,0,0,0,3,3,0,0,2,2,0,8,5,3
106,公立,一般大學,0008,國立中央大學,02322006,中國文學系,24,10,14,2,2,0,0,2,4,6,8,0,0,10,4,6,24,10,14
106,公立,一般大學,0008,國立中央大學,03111013,經濟學系,6,3,3,0,0,1,1,0,1,2,1,0,0,3,1,2,6,3,3
106,公立,一般大學,0008,國立中央大學,03111014,產業經濟研究所,3,3,0,3,0,0,0,0,0,0,0,0,0,3,3,0,3,3,0
106,公立,一般大學,0008,國立中央大學,03131017,認知神經科學研究所,6,5,1,1,1,4,0,0,0,0,0,0,0,6,5,1,6,5,1
106,公立,一般大學,0008,國立中央大學,03199020,客家語文暨社會科學學系,7,2,5,2,0,0,1,0,2,0,2,0,0,5,2,3,7,2,5
106,公立,一般大學,0008,國立中央大學,04121024,財務金融學系,5,4,1,0,0,2,0,0,1,2,0,0,0,3,2,1,5,4,1
106,公立,一般大學,0008,國立中央大學,04131023,企業管理學系,10,6,4,1,1,1,1,2,2,2,0,0,0,8,4,4,10,6,4
106,公立,一般大學,0008,國立中央大學,04199027,人力資源管理研究所,5,4,1,3,1,1,0,0,0,0,0,0,0,5,4,1,5,4,1
106,公立,一般大學,0008,國立中央大學,04211030,法律與政府研究所,2,1,1,1,0,0,1,0,0,0,0,0,0,2,1,1,2,1,1
106,公立,一般大學,0008,國立中央大學,05111031,生命科學系,7,5,2,3,1,2,0,0,1,0,0,0,0,7,5,2,7,5,2
106,公立,一般大學,0008,國立中央大學,05311035,化學學系,4,4,0,4,0,0,0,0,0,0,0,0,0,4,4,0,4,4,0
106,公立,一般大學,0008,國立中央大學,05321036,地球科學學系,25,23,2,5,0,11,2,7,0,0,0,0,0,25,23,2,25,23,2
106,公立,一般大學,0008,國立中央大學,05321037,應用地質研究所,6,6,0,5,0,1,0,0,0,0,0,0,0,6,6,0,6,6,0
106,公立,一般大學,0008,國立中央大學,05321039,水文與海洋科學研究所,5,4,1,3,0,0,0,1,1,0,0,0,0,5,4,1,5,4,1
106,公立,一般大學,0008,國立中央大學,05322044,大氣科學學系,29,25,4,19,2,4,1,2,1,0,0,0,0,29,25,4,29,25,4
106,公立,一般大學,0008,國立中央大學,05322047,太空科學研究所,6,6,0,5,0,1,0,0,0,0,0,0,0,6,6,0,6,6,0
106,公立,一般大學,0008,國立中央大學,05331042,物理學系,11,10,1,6,0,1,1,1,0,2,0,0,0,9,8,1,11,10,1
106,公立,一般大學,0008,國立中央大學,05332045,天文研究所,1,1,0,0,0,1,0,0,0,0,0,0,0,1,1,0,1,1,0
106,公立,一般大學,0008,國立中央大學,05411051,數學系,23,19,4,12,0,2,1,2,2,3,1,0,0,19,16,3,23,19,4
106,公立,一般大學,0008,國立中央大學,05421052,統計研究所,4,4,0,2,0,2,0,0,0,0,0,0,0,4,4,0,4,4,0
106,公立,一般大學,0008,國立中央大學,06131053,資訊管理學系,6,5,1,1,1,2,0,2,0,0,0,0,0,6,5,1,6,5,1
106,公立,一般大學,0008,國立中央大學,06131059,資訊工程學系,8,8,0,5,0,0,0,2,0,1,0,0,0,7,7,0,8,8,0
106,公立,一般大學,0008,國立中央大學,06132002,網路學習科技研究所,1,0,1,0,0,0,0,0,1,0,0,0,0,1,0,1,1,0,1
106,公立,一般大學,0008,國立中央大學,07111069,化學工程與材料工程學系,4,4,0,3,0,1,0,0,0,0,0,0,0,4,4,0,4,4,0
106,公立,一般大學,0008,國立中央大學,07112070,材料科學與工程研究所,4,4,0,1,0,2,0,1,0,0,0,0,0,4,4,0,4,4,0
106,公立,一般大學,0008,國立中央大學,07121072,環境工程研究所,15,14,1,7,0,4,0,3,1,0,0,0,0,15,14,1,15,14,1
106,公立,一般大學,0008,國立中央大學,07141055,電機工程學系,3,2,1,1,1,0,0,1,0,0,0,0,0,3,2,1,3,2,1
106,公立,一般大學,0008,國立中央大學,07141057,光電科學與工程學系,7,7,0,4,0,0,0,3,0,0,0,0,0,7,7,0,7,7,0
106,公立,一般大學,0008,國立中央大學,07141060,通訊工程學系,1,1,0,1,0,0,0,0,0,0,0,0,0,1,1,0,1,1,0
106,公立,一般大學,0008,國立中央大學,07151064,機械工程學系,2,2,0,2,0,0,0,0,0,0,0,0,0,2,2,0,2,2,0
106,公立,一般大學,0008,國立中央大學,07191026,工業管理研究所,1,1,0,1,0,0,0,0,0,0,0,0,0,1,1,0,1,1,0
106,公立,一般大學,0008,國立中央大學,07193074,生醫科學與工程學系,15,15,0,5,0,4,0,6,0,0,0,0,0,15,15,0,15,15,0
106,公立,一般大學,0008,國立中央大學,07321067,土木工程學系,15,15,0,5,0,2,0,8,0,0,0,0,0,15,15,0,15,15,0
106,公立,一般大學,0008,國立中央大學,07399028,營建管理研究所,2,2,0,1,0,1,0,0,0,0,0,0,0,2,2,0,2,2,0
106,公立,一般大學,0008,國立中央大學,99999999,太空及遙測研究中心,1,1,0,1,0,0,0,0,0,0,0,0,0,1,1,0,1,1,0
106,公立,一般大學,0008,國立中央大學,99999Z01,通識教育中心,17,12,5,2,1,2,0,6,3,2,1,0,0,14,10,4,17,12,5
106,公立,一般大學,0008,國立中央大學,99999Z05,師資培育中心,2,0,2,0,0,0,0,0,0,0,2,0,0,0,0,0,2,0,2
106,公立,一般大學,0008,國立中央大學,99999Z07,體育室,5,4,1,0,0,1,0,0,1,3,0,0,0,2,1,1,5,4,1
106,公立,一般大學,0008,國立中央大學,99999Z08,語言中心,20,4,16,0,0,0,1,1,1,3,14,0,0,3,1,2,20,4,16
106,公立,一般大學,0009,國立中山大學,01111001,教育研究所,3,3,0,2,0,1,0,0,0,0,0,0,0,3,3,0,3,3,0
106,公立,一般大學,0009,國立中山大學,02151002,音樂學系,44,16,28,0,2,1,2,8,13,7,11,0,0,26,9,17,44,16,28
106,公立,一般大學,0009,國立中山大學,02152003,劇場藝術學系,7,3,4,1,0,0,1,0,2,2,1,0,0,4,1,3,7,3,4
106,公立,一般大學,0009,國立中山大學,02231008,哲學研究所,2,2,0,1,0,0,0,1,0,0,0,0,0,2,2,0,2,2,0
106,公立,一般大學,0009,國立中山大學,02311006,外國語文學系,13,4,9,1,0,0,0,1,1,2,8,0,0,3,2,1,13,4,9
106,公立,一般大學,0009,國立中山大學,02322005,中國文學系,8,4,4,1,0,0,1,3,3,0,0,0,0,8,4,4,8,4,4
106,公立,一般大學,0009,國立中山大學,03111009,經濟學研究所,6,5,1,3,0,2,1,0,0,0,0,0,0,6,5,1,6,5,1
106,公立,一般大學,0009,國立中山大學,03121011,政治學研究所,3,3,0,1,0,2,0,0,0,0,0,0,0,3,3,0,3,3,0
106,公立,一般大學,0009,國立中山大學,03121027,海洋事務研究所,2,1,1,0,1,0,0,1,0,0,0,0,0,2,1,1,2,1,1
106,公立,一般大學,0009,國立中山大學,03141013,社會學系,4,3,1,1,0,0,0,0,0,2,1,0,0,1,1,0,4,3,1
106,公立,一般大學,0009,國立中山大學,03143016,中國與亞太區域研究所,4,4,0,2,0,0,0,2,0,0,0,0,0,4,4,0,4,4,0
106,公立,一般大學,0009,國立中山大學,04121024,財務管理學系,6,4,2,1,0,0,0,1,0,2,2,0,0,2,2,0,6,4,2
106,公立,一般大學,0009,國立中山大學,04131021,企業管理學系,13,10,3,5,0,3,1,1,1,1,1,0,0,11,9,2,13,10,3
106,公立,一般大學,0009,國立中山大學,04131022,管理學院國際經營管理碩士學程,2,1,1,0,0,0,0,1,1,0,0,0,0,2,1,1,2,1,1
106,公立,一般大學,0009,國立中山大學,04134010,政治經濟學系,5,5,0,2,0,0,0,3,0,0,0,0,0,5,5,0,5,5,0
106,公立,一般大學,0009,國立中山大學,04141025,行銷傳播管理研究所,1,0,1,0,0,0,0,0,1,0,0,0,0,1,0,1,1,0,1
106,公立,一般大學,0009,國立中山大學,04191028,人力資源管理研究所,1,0,1,0,0,0,1,0,0,0,0,0,0,1,0,1,1,0,1
106,公立,一般大學,0009,國立中山大學,05111033,生物科學系,3,2,1,1,1,1,0,0,0,0,0,0,0,3,2,1,3,2,1
106,公立,一般大學,0009,國立中山大學,05323044,海洋生物科技暨資源學系,3,3,0,1,0,2,0,0,0,0,0,0,0,3,3,0,3,3,0
106,公立,一般大學,0009,國立中山大學,05323047,海洋科學系,4,2,2,2,1,0,0,0,0,0,1,0,0,3,2,1,4,2,2
106,公立,一般大學,0009,國立中山大學,05331038,物理學系,6,6,0,6,0,0,0,0,0,0,0,0,0,6,6,0,6,6,0
106,公立,一般大學,0009,國立中山大學,05399Y35,海洋科學學院,1,1,0,0,0,1,0,0,0,0,0,0,0,1,1,0,1,1,0
106,公立,一般大學,0009,國立中山大學,05411051,應用數學系,4,2,2,1,0,0,1,0,0,1,1,0,0,2,1,1,4,2,2
106,公立,一般大學,0009,國立中山大學,06131052,資訊管理學系,9,3,6,2,1,1,1,0,2,0,2,0,0,7,3,4,9,3,6
106,公立,一般大學,0009,國立中山大學,07121064,環境工程研究所,4,4,0,1,0,1,0,2,0,0,0,0,0,4,4,0,4,4,0
106,公立,一般大學,0009,國立中山大學,07122065,海洋環境及工程學系,4,4,0,1,0,1,0,2,0,0,0,0,0,4,4,0,4,4,0
106,公立,一般大學,0009,國立中山大學,07141053,電機工程學系,4,4,0,2,0,0,0,2,0,0,0,0,0,4,4,0,4,4,0
106,公立,一般大學,0009,國立中山大學,07141055,資訊工程學系,3,3,0,2,0,1,0,0,0,0,0,0,0,3,3,0,3,3,0
106,公立,一般大學,0009,國立中山大學,07151061,機械與機電工程學系,5,5,0,4,0,1,0,0,0,0,0,0,0,5,5,0,5,5,0
106,公立,一般大學,0009,國立中山大學,99999Z01,通識教育中心人文與社會科學教育組,5,2,3,0,0,0,0,2,3,0,0,0,0,5,2,3,5,2,3
106,公立,一般大學,0009,國立中山大學,99999Z01,通識教育中心自然與應用科學教育組,2,1,1,0,0,0,0,1,1,0,0,0,0,2,1,1,2,1,1
106,公立,一般大學,0009,國立中山大學,99999Z01,通識教育中心服務學習教育組,2,1,1,0,0,0,0,1,0,0,1,0,0,1,1,0,2,1,1
106,公立,一般大學,0009,國立中山大學,99999Z01,通識教育中心運動與健康教育組,8,6,2,0,0,0,1,1,0,5,1,0,0,2,1,1,8,6,2
106,公立,一般大學,0009,國立中山大學,99999Z05,師資培育中心,7,1,6,0,0,0,1,0,4,1,1,0,0,5,0,5,7,1,6
106,公立,一般大學,0012,國立臺灣海洋大學,02122005,海洋文創設計產業學士學位學程,3,2,1,0,0,0,0,2,1,0,0,0,0,3,2,1,3,2,1
106,公立,一般大學,0012,國立臺灣海洋大學,02299004,海洋文化研究所,4,2,2,2,1,0,1,0,0,0,0,0,0,4,2,2,4,2,2
106,公立,一般大學,0012,國立臺灣海洋大學,02311003,應用英語研究所,17,4,13,0,0,0,2,0,3,4,8,0,0,5,0,5,17,4,13
106,公立,一般大學,0012,國立臺灣海洋大學,03111006,應用經濟研究所,3,1,2,1,1,0,1,0,0,0,0,0,0,3,1,2,3,1,2
106,公立,一般大學,0012,國立臺灣海洋大學,04199055,海洋觀光管理學士學位學程,6,5,1,0,0,1,0,2,0,2,1,0,0,3,3,0,6,5,1
106,公立,一般大學,0012,國立臺灣海洋大學,04199056,海洋經營管理學士學位學程,3,2,1,0,0,2,1,0,0,0,0,0,0,3,2,1,3,2,1
106,公立,一般大學,0012,國立臺灣海洋大學,04212009,海洋法律研究所,4,4,0,3,0,0,0,1,0,0,0,0,0,4,4,0,4,4,0
106,公立,一般大學,0012,國立臺灣海洋大學,04212010,海洋法政學士學位學程,10,8,2,1,0,1,1,6,1,0,0,0,0,10,8,2,10,8,2
106,公立,一般大學,0012,國立臺灣海洋大學,05121014,生命科學暨生物科技學系,21,16,5,7,1,5,2,4,2,0,0,0,0,21,16,5,21,16,5
106,公立,一般大學,0012,國立臺灣海洋大學,05211008,海洋事務與資源管理研究所,2,2,0,1,0,0,0,1,0,0,0,0,0,2,2,0,2,2,0
106,公立,一般大學,0012,國立臺灣海洋大學,05321057,地球科學研究所,4,4,0,2,0,1,0,1,0,0,0,0,0,4,4,0,4,4,0
106,公立,一般大學,0012,國立臺灣海洋大學,05323017,海洋生物研究所,6,4,2,3,1,1,0,0,1,0,0,0,0,6,4,2,6,4,2
106,公立,一般大學,0012,國立臺灣海洋大學,05323020,海洋環境資訊系,1,1,0,1,0,0,0,0,0,0,0,0,0,1,1,0,1,1,0
106,公立,一般大學,0012,國立臺灣海洋大學,06131028,資訊工程學系,4,4,0,1,0,0,0,2,0,1,0,0,0,3,3,0,4,4,0
106,公立,一般大學,0012,國立臺灣海洋大學,07122040,河海工程學系,10,10,0,3,0,2,0,5,0,0,0,0,0,10,10,0,10,10,0
106,公立,一般大學,0012,國立臺灣海洋大學,07141025,電機工程學系,10,10,0,5,0,2,0,3,0,0,0,0,0,10,10,0,10,10,0
106,公立,一般大學,0012,國立臺灣海洋大學,07141026,光電科學研究所,6,6,0,4,0,1,0,1,0,0,0,0,0,6,6,0,6,6,0
106,公立,一般大學,0012,國立臺灣海洋大學,07151036,機械與機電工程學系,4,3,1,2,0,0,0,0,0,1,1,0,0,2,2,0,4,3,1
106,公立,一般大學,0012,國立臺灣海洋大學,07163033,系統工程暨造船學系,10,10,0,3,0,2,0,1,0,4,0,0,0,6,6,0,10,10,0
106,公立,一般大學,0012,國立臺灣海洋大學,07163035,輪機工程學系,13,12,1,2,0,1,0,2,0,7,1,0,0,5,5,0,13,12,1
106,公立,一般大學,0012,國立臺灣海洋大學,07211042,食品科學系,12,8,4,3,1,3,0,1,3,1,0,0,0,11,7,4,12,8,4
106,公立,一般大學,0012,國立臺灣海洋大學,08311045,環境生物與漁業科學學系,4,4,0,4,0,0,0,0,0,0,0,0,0,4,4,0,4,4,0
106,公立,一般大學,0012,國立臺灣海洋大學,08312046,水產養殖學系,9,9,0,1,0,4,0,4,0,0,0,0,0,9,9,0,9,9,0
106,公立,一般大學,0012,國立臺灣海洋大學,10411050,運輸科學系,11,8,3,1,0,2,2,4,1,1,0,0,0,10,7,3,11,8,3
106,公立,一般大學,0012,國立臺灣海洋大學,10412048,航運管理學系,45,42,3,6,1,12,1,12,0,12,1,0,0,32,30,2,45,42,3
106,公立,一般大學,0012,國立臺灣海洋大學,10414052,商船學系,12,10,2,3,0,1,0,2,0,4,2,0,0,6,6,0,12,10,2
106,公立,一般大學,0012,國立臺灣海洋大學,99999Z01,共同教育中心,60,36,24,5,0,6,4,13,10,12,10,0,0,38,24,14,60,36,24
106,公立,一般大學,0012,國立臺灣海洋大學,99999Z05,師資培育中心,1,1,0,0,0,0,0,1,0,0,0,0,0,1,1,0,1,1,0
106,公立,一般大學,0013,國立中正大學,01111001,教育學研究所,2,2,0,1,0,0,0,1,0,0,0,0,0,2,2,0,2,2,0
106,公立,一般大學,0013,國立中正大學,01112005,成人及繼續教育學系,6,4,2,2,0,0,0,2,2,0,0,0,0,6,4,2,6,4,2
106,公立,一般大學,0013,國立中正大學,01114007,教育領導與管理發展國際碩士學位學程,2,2,0,0,0,2,0,0,0,0,0,0,0,2,2,0,2,2,0
106,公立,一般大學,0013,國立中正大學,02221015,歷史學系,8,7,1,3,1,2,0,2,0,0,0,0,0,8,7,1,8,7,1
106,公立,一般大學,0013,國立中正大學,02231016,哲學系,8,7,1,0,0,0,0,7,1,0,0,0,0,8,7,1,8,7,1
106,公立,一般大學,0013,國立中正大學,02311012,外國語文學系,4,0,4,0,0,0,1,0,0,0,3,0,0,1,0,1,4,0,4
106,公立,一般大學,0013,國立中正大學,02321010,台灣文學與創意應用研究所,2,1,1,0,1,1,0,0,0,0,0,0,0,2,1,1,2,1,1
106,公立,一般大學,0013,國立中正大學,02322011,中國文學系,17,9,8,0,0,0,0,4,5,5,3,0,0,9,4,5,17,9,8
106,公立,一般大學,0013,國立中正大學,02399014,語言學研究所,2,0,2,0,0,0,0,0,2,0,0,0,0,2,0,2,2,0,2
106,公立,一般大學,0013,國立中正大學,03111017,經濟學系,4,4,0,2,0,0,0,2,0,0,0,0,0,4,4,0,4,4,0
106,公立,一般大學,0013,國立中正大學,03121018,政治學系,1,1,0,1,0,0,0,0,0,0,0,0,0,1,1,0,1,1,0
106,公立,一般大學,0013,國立中正大學,03122024,戰略暨國際事務研究所,1,1,0,0,0,0,0,1,0,0,0,0,0,1,1,0,1,1,0
106,公立,一般大學,0013,國立中正大學,03131019,心理學系,6,6,0,2,0,0,0,4,0,0,0,0,0,6,6,0,6,6,0
106,公立,一般大學,0013,國立中正大學,03199025,勞工關係學系,2,2,0,0,0,0,0,0,0,2,0,0,0,0,0,0,2,2,0
106,公立,一般大學,0013,國立中正大學,03199026,犯罪防治學系,8,7,1,2,0,1,0,4,1,0,0,0,0,8,7,1,8,7,1
106,公立,一般大學,0013,國立中正大學,03211028,傳播學系,1,0,1,0,0,0,0,0,0,0,1,0,0,0,0,0,1,0,1
106,公立,一般大學,0013,國立中正大學,04111032,會計與資訊科技學系,12,11,1,2,1,3,0,3,0,3,0,0,0,9,8,1,12,11,1
106,公立,一般大學,0013,國立中正大學,04121034,財務金融學系,3,3,0,0,0,0,0,2,0,1,0,0,0,2,2,0,3,3,0
106,公立,一般大學,0013,國立中正大學,04131033,企業管理學系,8,4,4,0,2,1,0,2,1,1,1,0,0,6,3,3,8,4,4
106,公立,一般大學,0013,國立中正大學,04211039,法律學系,1,1,0,1,0,0,0,0,0,0,0,0,0,1,1,0,1,1,0
106,公立,一般大學,0013,國立中正大學,04212040,財經法律學系,13,10,3,0,0,4,0,5,2,1,1,0,0,11,9,2,13,10,3
106,公立,一般大學,0013,國立中正大學,05121075,生物醫學科學系,3,2,1,0,0,0,0,2,1,0,0,0,0,3,2,1,3,2,1
106,公立,一般大學,0013,國立中正大學,05311045,化學暨生物化學系,2,2,0,2,0,0,0,0,0,0,0,0,0,2,2,0,2,2,0
106,公立,一般大學,0013,國立中正大學,05321047,地球與環境科學系,2,0,2,0,0,0,0,0,2,0,0,0,0,2,0,2,2,0,2
106,公立,一般大學,0013,國立中正大學,05331067,物理學系,1,1,0,1,0,0,0,0,0,0,0,0,0,1,1,0,1,1,0
106,公立,一般大學,0013,國立中正大學,05411049,數學系,3,3,0,2,0,1,0,0,0,0,0,0,0,3,3,0,3,3,0
106,公立,一般大學,0013,國立中正大學,06131053,資訊管理學系,6,6,0,2,0,1,0,2,0,1,0,0,0,5,5,0,6,6,0
106,公立,一般大學,0013,國立中正大學,06131055,資訊工程學系,7,7,0,3,0,1,0,1,0,2,0,0,0,5,5,0,7,7,0
106,公立,一般大學,0013,國立中正大學,07111061,化學工程學系,3,2,1,0,0,1,1,1,0,0,0,0,0,3,2,1,3,2,1
106,公立,一般大學,0013,國立中正大學,07141054,電機工程學系,4,4,0,0,0,1,0,2,0,1,0,0,0,3,3,0,4,4,0
106,公立,一般大學,0013,國立中正大學,07151058,機械工程學系,5,5,0,0,0,1,0,1,0,3,0,0,0,2,2,0,5,5,0
106,公立,一般大學,0013,國立中正大學,07151059,光機電整合工程研究所,1,0,1,0,1,0,0,0,0,0,0,0,0,1,0,1,1,0,1
106,公立,一般大學,0013,國立中正大學,09231063,社會福利學系,7,4,3,1,0,0,0,0,1,3,2,0,0,2,1,1,7,4,3
106,公立,一般大學,0013,國立中正大學,10141064,運動競技學系,10,10,0,2,0,0,0,2,0,6,0,0,0,4,4,0,10,10,0
106,公立,一般大學,0013,國立中正大學,99999999,前瞻製造系統頂尖研究中心,1,1,0,0,0,0,0,1,0,0,0,0,0,1,1,0,1,1,0
106,公立,一般大學,0013,國立中正大學,99999Z01,通識中心,20,12,8,1,0,0,0,8,1,3,7,0,0,10,9,1,20,12,8
106,公立,一般大學,0013,國立中正大學,99999Z05,師資培育中心,3,0,3,0,0,0,1,0,2,0,0,0,0,3,0,3,3,0,3
106,公立,一般大學,0013,國立中正大學,99999Z07,體育中心,14,11,3,0,0,0,0,2,2,9,1,0,0,4,2,2,14,11,3
106,公立,一般大學,0014,國立高雄師範大學,01111001,教育學系,23,14,9,1,0,0,0,12,9,1,0,0,0,22,13,9,23,14,9
106,公立,一般大學,0014,國立高雄師範大學,01112009,成人教育研究所,4,4,0,3,0,1,0,0,0,0,0,0,0,4,4,0,4,4,0
106,公立,一般大學,0014,國立高雄師範大學,01113010,特殊教育學系,5,2,3,2,1,0,1,0,1,0,0,0,0,5,2,3,5,2,3
106,公立,一般大學,0014,國立高雄師範大學,01141003,工業科技教育學系,10,10,0,4,0,2,0,1,0,3,0,0,0,7,7,0,10,10,0
106,公立,一般大學,0014,國立高雄師範大學,01141005,體育學系,24,17,7,0,0,3,0,6,1,8,6,0,0,10,9,1,24,17,7
106,公立,一般大學,0014,國立高雄師範大學,01141006,科學教育暨環境教育研究所,11,8,3,0,0,1,0,7,3,0,0,0,0,11,8,3,11,8,3
106,公立,一般大學,0014,國立高雄師範大學,02112022,視覺設計學系,12,8,4,0,0,1,1,1,2,6,1,0,0,5,2,3,12,8,4
106,公立,一般大學,0014,國立高雄師範大學,02123024,工業設計學系,3,3,0,0,0,0,0,0,0,3,0,0,0,0,0,0,3,3,0
106,公立,一般大學,0014,國立高雄師範大學,02131012,美術學系,25,18,7,2,1,3,0,3,1,10,5,0,0,10,8,2,25,18,7
106,公立,一般大學,0014,國立高雄師範大學,02141055,藝術產業學士原住民專班,5,4,1,0,0,0,0,1,0,3,1,0,0,1,1,0,5,4,1
106,公立,一般大學,0014,國立高雄師範大學,02151013,音樂學系,47,19,28,1,0,0,4,11,14,7,10,0,0,30,12,18,47,19,28
106,公立,一般大學,0014,國立高雄師範大學,02191014,跨領域藝術研究所,1,1,0,1,0,0,0,0,0,0,0,0,0,1,1,0,1,1,0
106,公立,一般大學,0014,國立高雄師範大學,02191047,表演藝術碩士學位學程,2,2,0,1,0,0,0,1,0,0,0,0,0,2,2,0,2,2,0
106,公立,一般大學,0014,國立高雄師範大學,02299020,經學研究所,3,3,0,1,0,2,0,0,0,0,0,0,0,3,3,0,3,3,0
106,公立,一般大學,0014,國立高雄師範大學,02311021,英語學系,10,2,8,0,0,0,0,1,3,1,5,0,0,4,1,3,10,2,8
106,公立,一般大學,0014,國立高雄師範大學,02321015,臺灣歷史文化及語言研究所,3,1,2,0,0,1,2,0,0,0,0,0,0,3,1,2,3,1,2
106,公立,一般大學,0014,國立高雄師範大學,02322019,國文學系,26,13,13,3,0,2,2,5,3,3,8,0,0,15,10,5,26,13,13
106,公立,一般大學,0014,國立高雄師範大學,03142030,地理學系,2,2,0,0,0,0,0,1,0,1,0,0,0,1,1,0,2,2,0
106,公立,一般大學,0014,國立高雄師範大學,04131032,事業經營學系,4,3,1,0,0,0,0,2,1,1,0,0,0,3,2,1,4,3,1
106,公立,一般大學,0014,國立高雄師範大學,04199033,人力與知識管理研究所,3,2,1,0,0,1,0,1,1,0,0,0,0,3,2,1,3,2,1
106,公立,一般大學,0014,國立高雄師範大學,05121034,生物科技系,1,1,0,1,0,0,0,0,0,0,0,0,0,1,1,0,1,1,0
106,公立,一般大學,0014,國立高雄師範大學,05331037,物理學系,4,4,0,1,0,2,0,1,0,0,0,0,0,4,4,0,4,4,0
106,公立,一般大學,0014,國立高雄師範大學,05411038,數學系,4,3,1,1,0,0,1,2,0,0,0,0,0,4,3,1,4,3,1
106,公立,一般大學,0014,國立高雄師範大學,06132039,軟體工程與管理學系,6,6,0,0,0,2,0,3,0,1,0,0,0,5,5,0,6,6,0
106,公立,一般大學,0014,國立高雄師範大學,07141041,電子工程學系,1,1,0,0,0,1,0,0,0,0,0,0,0,1,1,0,1,1,0
106,公立,一般大學,0014,國立高雄師範大學,07141042,光電與通訊工程學系,1,1,0,0,0,0,0,1,0,0,0,0,0,1,1,0,1,1,0
106,公立,一般大學,0014,國立高雄師範大學,99999Z01,通識教育中心,26,16,10,0,0,1,0,11,6,4,4,0,0,18,12,6,26,16,10
106,公立,一般大學,0014,國立高雄師範大學,99999Z05,師資培育與就業輔導處,13,5,8,0,0,1,1,1,4,3,3,0,0,7,2,5,13,5,8
106,公立,一般大學,0015,國立彰化師範大學,01111002,教育研究所,1,1,0,1,0,0,0,0,0,0,0,0,0,1,1,0,1,1,0
106,公立,一般大學,0015,國立彰化師範大學,01113012,特殊教育學系,3,1,2,1,0,0,0,0,2,0,0,0,0,3,1,2,3,1,2
106,公立,一般大學,0015,國立彰化師範大學,01131006,公共事務與公民教育學系,5,4,1,1,0,1,0,2,1,0,0,0,0,5,4,1,5,4,1
106,公立,一般大學,0015,國立彰化師範大學,01141007,工業教育與技術學系,14,14,0,6,0,2,0,6,0,0,0,0,0,14,14,0,14,14,0
106,公立,一般大學,0015,國立彰化師範大學,01141011,運動學系,23,16,7,5,1,0,1,3,1,8,4,0,0,11,8,3,23,16,7
106,公立,一般大學,0015,國立彰化師範大學,02131017,美術學系,11,5,6,0,0,0,0,0,2,5,4,0,0,2,0,2,11,5,6
106,公立,一般大學,0015,國立彰化師範大學,02221023,歷史學研究所,3,2,1,0,0,1,1,1,0,0,0,0,0,3,2,1,3,2,1
106,公立,一般大學,0015,國立彰化師範大學,02311020,英語學系,17,5,12,3,1,1,0,0,5,1,6,0,0,10,4,6,17,5,12
106,公立,一般大學,0015,國立彰化師範大學,02311021,兒童英語研究所,1,1,0,0,0,1,0,0,0,0,0,0,0,1,1,0,1,1,0
106,公立,一般大學,0015,國立彰化師範大學,02312022,翻譯研究所,2,1,1,0,0,0,0,1,1,0,0,0,0,2,1,1,2,1,1
106,公立,一般大學,0015,國立彰化師範大學,02321018,台灣文學研究所,1,1,0,1,0,0,0,0,0,0,0,0,0,1,1,0,1,1,0
106,公立,一般大學,0015,國立彰化師範大學,02322019,國文學系,13,6,7,3,1,1,1,1,0,1,5,0,0,7,5,2,13,6,7
106,公立,一般大學,0015,國立彰化師範大學,03131025,輔導與諮商學系,8,6,2,1,2,2,0,2,0,1,0,0,0,7,5,2,8,6,2
106,公立,一般大學,0015,國立彰化師範大學,03131055,復健諮商研究所,4,1,3,0,0,0,1,1,0,0,2,0,0,2,1,1,4,1,3
106,公立,一般大學,0015,國立彰化師範大學,03142027,地理學系,1,1,0,0,0,1,0,0,0,0,0,0,0,1,1,0,1,1,0
106,公立,一般大學,0015,國立彰化師範大學,04111028,會計學系,9,8,1,0,0,3,0,3,0,2,1,0,0,6,6,0,9,8,1
106,公立,一般大學,0015,國立彰化師範大學,04121031,財務金融技術學系,5,4,1,1,0,0,0,0,0,3,1,0,0,1,1,0,5,4,1
106,公立,一般大學,0015,國立彰化師範大學,04131029,企業管理學系,10,7,3,2,0,0,1,3,1,2,1,0,0,7,5,2,10,7,3
106,公立,一般大學,0015,國立彰化師範大學,05111034,生物學系,4,2,2,0,2,2,0,0,0,0,0,0,0,4,2,2,4,2,2
106,公立,一般大學,0015,國立彰化師範大學,05331037,物理學系,1,1,0,0,0,0,0,1,0,0,0,0,0,1,1,0,1,1,0
106,公立,一般大學,0015,國立彰化師範大學,05411038,數學系,5,4,1,1,1,2,0,1,0,0,0,0,0,5,4,1,5,4,1
106,公立,一般大學,0015,國立彰化師範大學,05421039,統計資訊研究所,1,0,1,0,0,0,0,0,1,0,0,0,0,1,0,1,1,0,1
106,公立,一般大學,0015,國立彰化師範大學,06131040,資訊管理學系,8,5,3,0,0,0,0,2,0,3,3,0,0,2,2,0,8,5,3
106,公立,一般大學,0015,國立彰化師範大學,06131050,資訊工程學系,1,1,0,0,0,0,0,0,0,1,0,0,0,0,0,0,1,1,0
106,公立,一般大學,0015,國立彰化師範大學,07141042,電機工程學系,7,7,0,2,0,1,0,4,0,0,0,0,0,7,7,0,7,7,0
106,公立,一般大學,0015,國立彰化師範大學,07141046,光電科技研究所,1,1,0,0,0,0,0,1,0,0,0,0,0,1,1,0,1,1,0
106,公立,一般大學,0015,國立彰化師範大學,07151054,機電工程學系,1,1,0,1,0,0,0,0,0,0,0,0,0,1,1,0,1,1,0
106,公立,一般大學,0015,國立彰化師範大學,07161053,車輛科技研究所,1,1,0,1,0,0,0,0,0,0,0,0,0,1,1,0,1,1,0
106,公立,一般大學,0015,國立彰化師範大學,99999Z01,通識教育中心,13,6,7,0,0,1,0,2,2,3,5,0,0,5,3,2,13,6,7
106,公立,一般大學,0015,國立彰化師範大學,99999Z05,師資培育中心,17,12,5,3,1,3,0,6,4,0,0,0,0,17,12,5,17,12,5
106,公立,一般大學,0016,國立陽明大學,02231002,心智哲學研究所,1,1,0,1,0,0,0,0,0,0,0,0,0,1,1,0,1,1,0
106,公立,一般大學,0016,國立陽明大學,04133005,醫務管理研究所,7,7,0,4,0,3,0,0,0,0,0,0,0,7,7,0,7,7,0
106,公立,一般大學,0016,國立陽明大學,05121007,生命科學系暨基因體科學研究所,6,6,0,2,0,2,0,1,0,1,0,0,0,5,5,0,6,6,0
106,公立,一般大學,0016,國立陽明大學,05122009,微生物及免疫學研究所,5,4,1,3,1,1,0,0,0,0,0,0,0,5,4,1,5,4,1
106,公立,一般大學,0016,國立陽明大學,05123011,生化暨分子生物研究所,4,4,0,1,0,0,0,3,0,0,0,0,0,4,4,0,4,4,0
106,公立,一般大學,0016,國立陽明大學,05124013,生物醫學資訊研究所,3,3,0,2,0,1,0,0,0,0,0,0,0,3,3,0,3,3,0
106,公立,一般大學,0016,國立陽明大學,07193019,生醫光電研究所,2,2,0,0,0,2,0,0,0,0,0,0,0,2,2,0,2,2,0
106,公立,一般大學,0016,國立陽明大學,07193021,生物醫學工程學系,4,4,0,1,0,1,0,2,0,0,0,0,0,4,4,0,4,4,0
106,公立,一般大學,0016,國立陽明大學,09111059,牙醫學系,54,30,24,5,1,5,6,8,6,12,11,0,0,31,18,13,54,30,24
106,公立,一般大學,0016,國立陽明大學,09111061,口腔生物研究所,2,1,1,0,0,1,1,0,0,0,0,0,0,2,1,1,2,1,1
106,公立,一般大學,0016,國立陽明大學,09121024,醫學系,309,252,57,45,2,53,8,82,17,72,30,0,0,207,180,27,309,252,57
106,公立,一般大學,0016,國立陽明大學,09121025,臨床醫學研究所,9,8,1,6,1,2,0,0,0,0,0,0,0,9,8,1,9,8,1
106,公立,一般大學,0016,國立陽明大學,09121028,生理學研究所,1,1,0,1,0,0,0,0,0,0,0,0,0,1,1,0,1,1,0
106,公立,一般大學,0016,國立陽明大學,09121029,神經科學研究所,4,1,3,0,2,0,1,1,0,0,0,0,0,4,1,3,4,1,3
106,公立,一般大學,0016,國立陽明大學,09121032,急重症醫學研究所,2,2,0,0,0,1,0,1,0,0,0,0,0,2,2,0,2,2,0
106,公立,一般大學,0016,國立陽明大學,09121033,腦科學研究所,2,1,1,0,0,1,1,0,0,0,0,0,0,2,1,1,2,1,1
106,公立,一般大學,0016,國立陽明大學,09131048,護理學系,29,2,27,0,0,0,2,1,5,1,20,0,0,8,1,7,29,2,27
106,公立,一般大學,0016,國立陽明大學,09131049,臨床護理研究所,3,0,3,0,1,0,1,0,1,0,0,0,0,3,0,3,3,0,3
106,公立,一般大學,0016,國立陽明大學,09141057,醫學生物技術暨檢驗學系,8,5,3,1,0,3,1,1,0,0,2,0,0,6,5,1,8,5,3
106,公立,一般大學,0016,國立陽明大學,09141058,生物醫學影像暨放射科學系,20,18,2,2,1,2,0,7,0,7,1,0,0,12,11,1,20,18,2
106,公立,一般大學,0016,國立陽明大學,09151047,物理治療暨輔助科技學系,13,6,7,1,0,0,1,3,2,2,4,0,0,7,4,3,13,6,7
106,公立,一般大學,0016,國立陽明大學,09161043,藥理學研究所,11,7,4,3,0,3,2,1,2,0,0,0,0,11,7,4,11,7,4
106,公立,一般大學,0016,國立陽明大學,09161044,生物藥學研究所,4,4,0,2,0,1,0,1,0,0,0,0,0,4,4,0,4,4,0
106,公立,一般大學,0016,國立陽明大學,09171042,傳統醫藥研究所,4,2,2,1,1,0,0,1,1,0,0,0,0,4,2,2,4,2,2
106,公立,一般大學,0016,國立陽明大學,09191036,公共衛生研究所,4,3,1,1,0,2,1,0,0,0,0,0,0,4,3,1,4,3,1
106,公立,一般大學,0016,國立陽明大學,09191037,衛生福利研究所,2,2,0,2,0,0,0,0,0,0,0,0,0,2,2,0,2,2,0
106,公立,一般大學,0016,國立陽明大學,09191039,環境與職業衛生研究所,4,4,0,1,0,3,0,0,0,0,0,0,0,4,4,0,4,4,0
106,公立,一般大學,0016,國立陽明大學,99999999,人文與社會教育中心,23,15,8,3,1,4,1,5,3,3,3,0,0,17,12,5,23,15,8
106,公立,一般大學,0017,國立臺北大學,02221005,歷史學系,8,5,3,1,0,2,0,2,2,0,1,0,0,7,5,2,8,5,3
106,公立,一般大學,0017,國立臺北大學,02299008,民俗藝術與文化資產研究所,2,1,1,0,1,1,0,0,0,0,0,0,0,2,1,1,2,1,1
106,公立,一般大學,0017,國立臺北大學,02311004,應用外語學系,17,7,10,0,1,1,0,1,2,5,7,0,0,5,2,3,17,7,10
106,公立,一般大學,0017,國立臺北大學,02322002,中國文學系,24,15,9,5,1,1,3,8,5,1,0,0,0,23,14,9,24,15,9
106,公立,一般大學,0017,國立臺北大學,03111009,經濟學系,6,3,3,2,0,0,0,0,2,1,1,0,0,4,2,2,6,3,3
106,公立,一般大學,0017,國立臺北大學,03199016,犯罪學研究所,1,1,0,1,0,0,0,0,0,0,0,0,0,1,1,0,1,1,0
106,公立,一般大學,0017,國立臺北大學,04111017,會計學系,13,7,6,1,1,2,0,1,0,3,5,0,0,5,4,1,13,7,6
106,公立,一般大學,0017,國立臺北大學,04121021,商學院國際財務金融碩士在職專班,5,5,0,3,0,2,0,0,0,0,0,0,0,5,5,0,5,5,0
106,公立,一般大學,0017,國立臺北大學,04121022,金融與合作經營學系,10,7,3,1,0,3,1,2,1,1,1,0,0,8,6,2,10,7,3
106,公立,一般大學,0017,國立臺北大學,04122023,財政學系,9,8,1,1,0,2,0,1,1,4,0,0,0,5,4,1,9,8,1
106,公立,一般大學,0017,國立臺北大學,04131018,企業管理學系,25,22,3,10,1,2,0,6,2,4,0,0,0,21,18,3,25,22,3
106,公立,一般大學,0017,國立臺北大學,04134013,公共行政暨政策學系,32,24,8,8,1,11,4,3,3,2,0,0,0,30,22,8,32,24,8
106,公立,一般大學,0017,國立臺北大學,04134024,不動產與城鄉環境學系,12,11,1,0,0,3,1,4,0,4,0,0,0,8,7,1,12,11,1
106,公立,一般大學,0017,國立臺北大學,04141026,商學院數位行銷進修學士學位學程,8,6,2,0,0,0,1,6,1,0,0,0,0,8,6,2,8,6,2
106,公立,一般大學,0017,國立臺北大學,04211028,法律學系,38,32,6,13,1,8,4,6,1,5,0,0,0,33,27,6,38,32,6
106,公立,一般大學,0017,國立臺北大學,05211043,自然資源與環境管理研究所,1,1,0,1,0,0,0,0,0,0,0,0,0,1,1,0,1,1,0
106,公立,一般大學,0017,國立臺北大學,05421033,統計學系,14,9,5,1,0,2,3,5,1,1,1,0,0,12,8,4,14,9,5
106,公立,一般大學,0017,國立臺北大學,06131034,資訊管理研究所,1,1,0,0,0,1,0,0,0,0,0,0,0,1,1,0,1,1,0
106,公立,一般大學,0017,國立臺北大學,07141035,電機工程學系,1,1,0,1,0,0,0,0,0,0,0,0,0,1,1,0,1,1,0
106,公立,一般大學,0017,國立臺北大學,07141036,資訊工程學系,5,5,0,1,0,2,0,2,0,0,0,0,0,5,5,0,5,5,0
106,公立,一般大學,0017,國立臺北大學,07313039,都市計劃研究所,2,2,0,2,0,0,0,0,0,0,0,0,0,2,2,0,2,2,0
106,公立,一般大學,0017,國立臺北大學,09231041,社會工作學系,16,6,10,3,1,1,1,1,4,1,4,0,0,11,5,6,16,6,10
106,公立,一般大學,0017,國立臺北大學,10152042,休閒運動管理學系,2,1,1,0,0,0,0,0,0,1,1,0,0,0,0,0,2,1,1
106,公立,一般大學,0017,國立臺北大學,99999Z01,通識教育中心,19,11,8,1,0,1,2,7,5,2,1,0,0,16,9,7,19,11,8
106,公立,一般大學,0017,國立臺北大學,99999Z07,體育室,3,3,0,1,0,0,0,0,0,2,0,0,0,1,1,0,3,3,0
106,公立,一般大學,0017,國立臺北大學,99999Z08,語言中心,10,1,9,0,0,1,0,0,1,0,8,0,0,2,1,1,10,1,9
106,公立,一般大學,0018,國立嘉義大學,01111001,教育學系,13,8,5,2,0,0,1,5,4,1,0,0,0,12,7,5,13,8,5
106,公立,一般大學,0018,國立嘉義大學,01113017,特殊教育學系,4,2,2,0,0,1,0,1,2,0,0,0,0,4,2,2,4,2,2
106,公立,一般大學,0018,國立嘉義大學,01114018,教育行政與政策發展研究所,6,6,0,1,0,2,0,3,0,0,0,0,0,6,6,0,6,6,0
106,公立,一般大學,0018,國立嘉義大學,01121016,幼兒教育學系,1,0,1,0,0,0,0,0,0,0,1,0,0,0,0,0,1,0,1
106,公立,一般大學,0018,國立嘉義大學,01131010,數理教育研究所,5,3,2,0,0,0,0,3,2,0,0,0,0,5,3,2,5,3,2
106,公立,一般大學,0018,國立嘉義大學,02131025,視覺藝術學系,6,4,2,0,0,1,0,2,1,1,1,0,0,4,3,1,6,4,2
106,公立,一般大學,0018,國立嘉義大學,02151024,音樂學系,45,14,31,0,0,0,1,7,17,7,13,0,0,25,7,18,45,14,31
106,公立,一般大學,0018,國立嘉義大學,02221033,應用歷史學系,1,1,0,0,0,0,0,1,0,0,0,0,0,1,1,0,1,1,0
106,公立,一般大學,0018,國立嘉義大學,02311031,外國語言學系,4,0,4,0,0,0,0,0,1,0,3,0,0,1,0,1,4,0,4
106,公立,一般大學,0018,國立嘉義大學,02322029,中國文學系,17,9,8,1,0,2,1,2,7,4,0,0,0,13,5,8,17,9,8
106,公立,一般大學,0018,國立嘉義大學,03111034,應用經濟學系,2,1,1,0,0,0,0,1,0,0,1,0,0,1,1,0,2,1,1
106,公立,一般大學,0018,國立嘉義大學,03131035,輔導與諮商學系,7,2,5,0,0,0,1,2,2,0,2,0,0,5,2,3,7,2,5
106,公立,一般大學,0018,國立嘉義大學,04121041,財務金融學系,12,11,1,0,0,0,0,2,0,9,1,0,0,2,2,0,12,11,1
106,公立,一般大學,0018,國立嘉義大學,04131038,企業管理學系,6,4,2,1,0,1,0,1,1,1,1,0,0,4,3,1,6,4,2
106,公立,一般大學,0018,國立嘉義大學,04143044,行銷與觀光管理學系,4,0,4,0,0,0,0,0,1,0,3,0,0,1,0,1,4,0,4
106,公立,一般大學,0018,國立嘉義大學,04199045,生物事業管理學系,4,4,0,0,0,1,0,3,0,0,0,0,0,4,4,0,4,4,0
106,公立,一般大學,0018,國立嘉義大學,04199046,管理學院碩士在職專班,2,1,1,1,0,0,0,0,1,0,0,0,0,2,1,1,2,1,1
106,公立,一般大學,0018,國立嘉義大學,05111047,水生生物科學系,1,1,0,0,0,0,0,0,0,1,0,0,0,0,0,0,1,1,0
106,公立,一般大學,0018,國立嘉義大學,05111052,生物資源學系,2,2,0,0,0,0,0,1,0,1,0,0,0,1,1,0,2,2,0
106,公立,一般大學,0018,國立嘉義大學,05121053,生化科技學系,2,2,0,0,0,0,0,2,0,0,0,0,0,2,2,0,2,2,0
106,公立,一般大學,0018,國立嘉義大學,05199058,微生物免疫與生物藥學系,1,1,0,0,0,0,0,0,0,1,0,0,0,0,0,0,1,1,0
106,公立,一般大學,0018,國立嘉義大學,06131063,資訊管理學系,1,1,0,0,0,0,0,1,0,0,0,0,0,1,1,0,1,1,0
106,公立,一般大學,0018,國立嘉義大學,07151067,生物機電工程學系,1,1,0,0,0,0,0,1,0,0,0,0,0,1,1,0,1,1,0
106,公立,一般大學,0018,國立嘉義大學,07211088,食品科學系,3,3,0,1,0,0,0,1,0,1,0,0,0,2,2,0,3,3,0
106,公立,一般大學,0018,國立嘉義大學,07312072,景觀學系,5,3,2,0,0,0,0,1,1,2,1,0,0,2,1,1,5,3,2
106,公立,一般大學,0018,國立嘉義大學,07321070,土木與水資源工程學系,1,1,0,1,0,0,0,0,0,0,0,0,0,1,1,0,1,1,0
106,公立,一般大學,0018,國立嘉義大學,08112079,動物科學系,2,2,0,2,0,0,0,0,0,0,0,0,0,2,2,0,2,2,0
106,公立,一般大學,0018,國立嘉義大學,08121080,園藝學系,3,2,1,0,0,1,0,1,1,0,0,0,0,3,2,1,3,2,1
106,公立,一般大學,0018,國立嘉義大學,08199076,農場管理進修學士學位學程,3,3,0,1,0,0,0,1,0,1,0,0,0,2,2,0,3,3,0
106,公立,一般大學,0018,國立嘉義大學,08211106,木質材料與設計學系,5,3,2,2,0,0,0,1,1,0,1,0,0,4,3,1,5,3,2
106,公立,一般大學,0018,國立嘉義大學,08411108,獸醫學系,3,3,0,0,0,0,0,0,0,3,0,0,0,0,0,0,3,3,0
106,公立,一般大學,0018,國立嘉義大學,10152113,體育與健康休閒學系,9,7,2,3,1,0,0,1,1,3,0,0,0,6,4,2,9,7,2
106,公立,一般大學,0018,國立嘉義大學,99999Z08,語言中心,15,0,15,0,0,0,0,0,3,0,12,0,0,3,0,3,15,0,15
106,公立,一般大學,0019,國立高雄大學,02199005,創意設計與建築學系,11,8,3,0,1,1,0,3,1,4,1,0,0,6,4,2,11,8,3
106,公立,一般大學,0019,國立高雄大學,02311002,西洋語文學系,6,2,4,0,0,0,0,1,2,1,2,0,0,3,1,2,6,2,4
106,公立,一般大學,0019,國立高雄大學,02311003,東亞語文學系,7,1,6,0,0,0,0,1,0,0,6,0,0,1,1,0,7,1,6
106,公立,一般大學,0019,國立高雄大學,03111006,應用經濟學系,2,2,0,0,0,0,0,0,0,2,0,0,0,0,0,0,2,2,0
106,公立,一般大學,0019,國立高雄大學,04121011,金融管理學系,3,2,1,0,0,0,0,0,0,2,1,0,0,0,0,0,3,2,1
106,公立,一般大學,0019,國立高雄大學,04131010,國際商業管理碩士學位學程,1,1,0,1,0,0,0,0,0,0,0,0,0,1,1,0,1,1,0
106,公立,一般大學,0019,國立高雄大學,04199012,高階經營管理碩士在職專班,1,1,0,1,0,0,0,0,0,0,0,0,0,1,1,0,1,1,0
106,公立,一般大學,0019,國立高雄大學,04211015,法律學系,7,6,1,2,0,0,0,3,0,1,1,0,0,5,5,0,7,6,1
106,公立,一般大學,0019,國立高雄大學,04212016,財經法律學系,5,5,0,1,0,1,0,1,0,2,0,0,0,3,3,0,5,5,0
106,公立,一般大學,0019,國立高雄大學,04212017,政治法律學系,10,6,4,1,1,1,0,2,1,2,2,0,0,6,4,2,10,6,4
106,公立,一般大學,0019,國立高雄大學,05331023,應用物理學系,2,1,1,0,0,1,0,0,1,0,0,0,0,2,1,1,2,1,1
106,公立,一般大學,0019,國立高雄大學,05411024,應用數學系,4,4,0,1,0,0,0,2,0,1,0,0,0,3,3,0,4,4,0
106,公立,一般大學,0019,國立高雄大學,06131026,資訊管理學系,3,3,0,0,0,0,0,1,0,2,0,0,0,1,1,0,3,3,0
106,公立,一般大學,0019,國立高雄大學,07141027,電機工程學系,12,11,1,2,0,1,0,7,1,1,0,0,0,11,10,1,12,11,1
106,公立,一般大學,0019,國立高雄大學,07141028,資訊工程學系,5,5,0,1,0,1,0,2,0,1,0,0,0,4,4,0,5,5,0
106,公立,一般大學,0019,國立高雄大學,07321029,土木與環境工程學系,2,2,0,0,0,1,0,1,0,0,0,0,0,2,2,0,2,2,0
106,公立,一般大學,0019,國立高雄大學,10141032,運動競技學系,5,4,1,1,0,2,0,0,0,1,1,0,0,3,3,0,5,4,1
106,公立,一般大學,0019,國立高雄大學,10152033,運動健康與休閒學系,9,6,3,1,0,0,1,1,0,4,2,0,0,3,2,1,9,6,3
106,公立,一般大學,0019,國立高雄大學,99999Z01,通識教育中心,88,57,31,1,0,1,2,28,10,27,19,0,0,42,30,12,88,57,31
106,公立,一般大學,0020,國立東華大學,01111001,教育與潛能開發學系,8,3,5,0,0,0,0,1,3,2,2,0,0,4,1,3,8,3,5
106,公立,一般大學,0020,國立東華大學,01114015,教育行政與管理學系,7,2,5,0,0,0,0,1,0,1,5,0,0,1,1,0,7,2,5
106,公立,一般大學,0020,國立東華大學,01141010,體育與運動科學系,4,3,1,0,0,0,0,1,0,2,1,0,0,1,1,0,4,3,1
106,公立,一般大學,0020,國立東華大學,02151018,音樂學系,26,10,16,1,0,1,1,0,5,8,10,0,0,8,2,6,26,10,16
106,公立,一般大學,0020,國立東華大學,02191019,藝術與設計學系,6,5,1,0,0,1,0,0,1,4,0,0,0,2,1,1,6,5,1
106,公立,一般大學,0020,國立東華大學,02191022,藝術創意產業學系,8,5,3,0,1,0,0,1,1,4,1,0,0,3,1,2,8,5,3
106,公立,一般大學,0020,國立東華大學,02311029,英美語文學系,3,1,2,0,0,0,1,0,0,1,1,0,0,1,0,1,3,1,2
106,公立,一般大學,0020,國立東華大學,02321028,民族語言與傳播學系,8,6,2,1,0,0,0,1,0,4,2,0,0,2,2,0,8,6,2
106,公立,一般大學,0020,國立東華大學,02322025,中國語文學系,7,5,2,1,0,0,0,2,0,2,2,0,0,3,3,0,7,5,2
106,公立,一般大學,0020,國立東華大學,03131046,諮商與臨床心理學系,2,2,0,0,0,0,0,0,0,2,0,0,0,0,0,0,2,2,0
106,公立,一般大學,0020,國立東華大學,03141036,社會學系,1,1,0,0,0,0,0,0,0,1,0,0,0,0,0,0,1,1,0
106,公立,一般大學,0020,國立東華大學,03143051,臺灣文化學系,3,3,0,0,0,1,0,1,0,1,0,0,0,2,2,0,3,3,0
106,公立,一般大學,0020,國立東華大學,03199040,民族事務與發展學系,7,4,3,0,0,1,1,1,0,2,2,0,0,3,2,1,7,4,3
106,公立,一般大學,0020,國立東華大學,04111056,會計學系,1,1,0,0,0,0,0,0,0,1,0,0,0,0,0,0,1,1,0
106,公立,一般大學,0020,國立東華大學,04111057,會計與財務碩士學位學程,1,1,0,0,0,1,0,0,0,0,0,0,0,1,1,0,1,1,0
106,公立,一般大學,0020,國立東華大學,04121061,財務金融學系,4,3,1,0,0,0,0,0,0,3,1,0,0,0,0,0,4,3,1
106,公立,一般大學,0020,國立東華大學,04131059,企業管理學系,1,0,1,0,0,0,0,0,1,0,0,0,0,1,0,1,1,0,1
106,公立,一般大學,0020,國立東華大學,04131060,國際企業學系,1,1,0,1,0,0,0,0,0,0,0,0,0,1,1,0,1,1,0
106,公立,一般大學,0020,國立東華大學,04134054,公共行政學系,4,3,1,0,0,0,0,0,0,3,1,0,0,0,0,0,4,3,1
106,公立,一般大學,0020,國立東華大學,04211067,法律學士學位學程,1,1,0,1,0,0,0,0,0,0,0,0,0,1,1,0,1,1,0
106,公立,一般大學,0020,國立東華大學,04212068,財經法律研究所,2,2,0,0,0,0,0,0,0,2,0,0,0,0,0,0,2,2,0
106,公立,一般大學,0020,國立東華大學,06131086,資訊工程學系,2,2,0,0,0,0,0,0,0,2,0,0,0,0,0,0,2,2,0
106,公立,一般大學,0020,國立東華大學,10151091,觀光暨休閒遊憩學系,1,1,0,0,0,0,0,0,0,1,0,0,0,0,0,0,1,1,0
106,公立,一般大學,0020,國立東華大學,99999Z01,通識教育中心,35,20,15,0,0,0,0,2,5,18,10,0,0,7,2,5,35,20,15
106,公立,一般大學,0020,國立東華大學,99999Z05,師資培育中心,1,0,1,0,0,0,0,0,1,0,0,0,0,1,0,1,1,0,1
106,公立,一般大學,0020,國立東華大學,99999Z07,體育中心,3,2,1,0,0,0,0,0,0,2,1,0,0,0,0,0,3,2,1
106,公立,一般大學,0020,國立東華大學,99999Z08,語言中心,2,1,1,0,0,0,0,1,0,0,1,0,0,1,1,0,2,1,1
106,公立,一般大學,0021,國立暨南國際大學,01111001,國際文教與比較教育學系,7,4,3,0,0,0,1,2,0,2,2,0,0,3,2,1,7,4,3
106,公立,一般大學,0021,國立暨南國際大學,01114010,教育政策與行政學系,4,4,0,2,0,1,0,1,0,0,0,0,0,4,4,0,4,4,0
106,公立,一般大學,0021,國立暨南國際大學,01131007,華語文教學碩士學位學程,2,1,1,0,1,1,0,0,0,0,0,0,0,2,1,1,2,1,1
106,公立,一般大學,0021,國立暨南國際大學,02221015,歷史學系,4,3,1,1,0,0,0,1,0,1,1,0,0,2,2,0,4,3,1
106,公立,一般大學,0021,國立暨南國際大學,02311014,外國語文學系,11,2,9,0,0,0,1,0,2,2,6,0,0,3,0,3,11,2,9
106,公立,一般大學,0021,國立暨南國際大學,02322013,中國語文學系,11,3,8,1,0,0,0,0,2,2,6,0,0,3,1,2,11,3,8
106,公立,一般大學,0021,國立暨南國際大學,03111016,經濟學系,3,2,1,1,0,0,1,0,0,1,0,0,0,2,1,1,3,2,1
106,公立,一般大學,0021,國立暨南國際大學,03131004,諮商心理與人力資源發展學系,10,3,7,1,1,1,0,1,3,0,3,0,0,7,3,4,10,3,7
106,公立,一般大學,0021,國立暨南國際大學,03141017,原鄉發展跨領域學士學位學程原住民族專班,17,7,10,0,0,0,0,1,1,6,9,0,0,2,1,1,17,7,10
106,公立,一般大學,0021,國立暨南國際大學,03143019,東南亞學系,13,8,5,0,0,0,0,2,2,6,3,0,0,4,2,2,13,8,5
106,公立,一般大學,0021,國立暨南國際大學,04121025,財務金融學系,5,2,3,1,0,0,1,1,1,0,1,0,0,4,2,2,5,2,3
106,公立,一般大學,0021,國立暨南國際大學,04131022,國際企業學系,9,8,1,2,0,3,1,1,0,2,0,0,0,7,6,1,9,8,1
106,公立,一般大學,0021,國立暨南國際大學,04131026,新興產業策略與發展博士學位學程,1,1,0,0,0,1,0,0,0,0,0,0,0,1,1,0,1,1,0
106,公立,一般大學,0021,國立暨南國際大學,04134020,公共行政與政策學系,13,10,3,2,0,1,0,1,0,6,3,0,0,4,4,0,13,10,3
106,公立,一般大學,0021,國立暨南國際大學,04134021,非營利組織經營管理碩士學位學程在職專班,1,1,0,0,0,1,0,0,0,0,0,0,0,1,1,0,1,1,0
106,公立,一般大學,0021,國立暨南國際大學,05311027,應用化學系,15,12,3,0,0,2,0,8,3,2,0,0,0,13,10,3,15,12,3
106,公立,一般大學,0021,國立暨南國際大學,06131030,資訊管理學系,3,3,0,0,0,0,0,1,0,2,0,0,0,1,1,0,3,3,0
106,公立,一般大學,0021,國立暨南國際大學,06131034,資訊工程學系,7,7,0,0,0,0,0,1,0,6,0,0,0,1,1,0,7,7,0
106,公立,一般大學,0021,國立暨南國際大學,07112037,應用材料及光電工程學系,5,4,1,2,0,0,0,1,1,1,0,0,0,4,3,1,5,4,1
106,公立,一般大學,0021,國立暨南國際大學,07141031,電機工程學系,6,6,0,3,0,0,0,2,0,1,0,0,0,5,5,0,6,6,0
106,公立,一般大學,0021,國立暨南國際大學,07321035,土木工程學系,11,9,2,0,0,1,0,4,0,4,2,0,0,5,5,0,11,9,2
106,公立,一般大學,0021,國立暨南國際大學,09231038,社會政策與社會工作學系,9,5,4,0,0,1,0,2,2,2,2,0,0,5,3,2,9,5,4
106,公立,一般大學,0021,國立暨南國際大學,10151039,觀光休閒與餐旅管理學系,7,6,1,0,0,3,0,2,1,1,0,0,0,6,5,1,7,6,1
106,公立,一般大學,0021,國立暨南國際大學,99999Z01,通識教育中心,62,41,21,1,0,2,1,11,2,27,18,0,0,17,14,3,62,41,21
106,公立,一般大學,0021,國立暨南國際大學,99999Z05,師資培育中心,8,3,5,0,0,0,0,2,0,1,5,0,0,2,2,0,8,3,5
106,公立,一般大學,0021,國立暨南國際大學,99999Z08,語文教學研究中心,3,3,0,0,0,0,0,0,0,3,0,0,0,0,0,0,3,3,0
106,公立,技專校院,0022,國立臺灣科技大學,01116002,數位學習與教育研究所,2,2,0,0,0,0,0,2,0,0,0,0,0,2,2,0,2,2,0
106,公立,技專校院,0022,國立臺灣科技大學,02122004,設計系,49,40,9,0,0,6,1,14,4,20,4,0,0,25,20,5,49,40,9
106,公立,技專校院,0022,國立臺灣科技大學,02311003,應用外語系,12,6,6,1,0,2,0,1,1,2,5,0,0,5,4,1,12,6,6
106,公立,技專校院,0022,國立臺灣科技大學,04121010,財務金融研究所,6,5,1,0,0,1,0,4,1,0,0,0,0,6,5,1,6,5,1
106,公立,技專校院,0022,國立臺灣科技大學,04131008,企業管理系,22,13,9,2,0,1,1,8,3,2,5,0,0,15,11,4,22,13,9
106,公立,技專校院,0022,國立臺灣科技大學,04131009,管理研究所,13,11,2,7,0,3,0,1,2,0,0,0,0,13,11,2,13,11,2
106,公立,技專校院,0022,國立臺灣科技大學,04199012,工業管理系,6,6,0,1,0,0,0,3,0,2,0,0,0,4,4,0,6,6,0
106,公立,技專校院,0022,國立臺灣科技大學,04199013,管理學院,5,4,1,1,1,2,0,1,0,0,0,0,0,5,4,1,5,4,1
106,公立,技專校院,0022,國立臺灣科技大學,04212014,專利研究所,9,8,1,7,1,0,0,1,0,0,0,0,0,9,8,1,9,8,1
106,公立,技專校院,0022,國立臺灣科技大學,05399015,應用科技研究所,1,1,0,0,0,1,0,0,0,0,0,0,0,1,1,0,1,1,0
106,公立,技專校院,0022,國立臺灣科技大學,05399Y38,應用科技學院,4,3,1,0,0,1,0,1,0,1,1,0,0,2,2,0,4,3,1
106,公立,技專校院,0022,國立臺灣科技大學,06131016,資訊管理系,10,7,3,1,1,3,1,2,1,1,0,0,0,9,6,3,10,7,3
106,公立,技專校院,0022,國立臺灣科技大學,06131020,資訊工程系,3,3,0,3,0,0,0,0,0,0,0,0,0,3,3,0,3,3,0
106,公立,技專校院,0022,國立臺灣科技大學,07111026,化學工程系,6,5,1,2,1,2,0,0,0,1,0,0,0,5,4,1,6,5,1
106,公立,技專校院,0022,國立臺灣科技大學,07112028,材料科學與工程系,5,4,1,0,0,1,0,1,1,2,0,0,0,3,2,1,5,4,1
106,公立,技專校院,0022,國立臺灣科技大學,07141017,電機工程系,7,6,1,1,0,1,0,3,1,1,0,0,0,6,5,1,7,6,1
106,公立,技專校院,0022,國立臺灣科技大學,07141018,電子工程系,8,8,0,5,0,1,0,2,0,0,0,0,0,8,8,0,8,8,0
106,公立,技專校院,0022,國立臺灣科技大學,07141019,光電工程研究所,1,1,0,1,0,0,0,0,0,0,0,0,0,1,1,0,1,1,0
106,公立,技專校院,0022,國立臺灣科技大學,07141021,電資學院,2,2,0,0,0,2,0,0,0,0,0,0,0,2,2,0,2,2,0
106,公立,技專校院,0022,國立臺灣科技大學,07141022,色彩與照明科技研所,1,1,0,1,0,0,0,0,0,0,0,0,0,1,1,0,1,1,0
106,公立,技專校院,0022,國立臺灣科技大學,07151023,機械工程系,18,18,0,5,0,8,0,2,0,3,0,0,0,15,15,0,18,18,0
106,公立,技專校院,0022,國立臺灣科技大學,07194034,醫學工程研究所,5,5,0,1,0,1,0,3,0,0,0,0,0,5,5,0,5,5,0
106,公立,技專校院,0022,國立臺灣科技大學,07194035,高階科技研發碩士學位學程,9,6,3,4,1,1,1,1,1,0,0,0,0,9,6,3,9,6,3
106,公立,技專校院,0022,國立臺灣科技大學,07199033,工程學院,11,11,0,4,0,4,0,0,0,3,0,0,0,8,8,0,11,11,0
106,公立,技專校院,0022,國立臺灣科技大學,07311038,建築系,60,48,12,13,0,8,2,17,8,10,2,0,0,48,38,10,60,48,12
106,公立,技專校院,0022,國立臺灣科技大學,07321025,營建工程系,16,15,1,5,0,2,0,6,0,2,1,0,0,13,13,0,16,15,1
106,公立,技專校院,0022,國立臺灣科技大學,99999Z01,人文社會學科,34,20,14,1,1,4,2,10,6,5,5,0,0,24,15,9,34,20,14
106,公立,技專校院,0022,國立臺灣科技大學,99999Z01,通識教育中心,28,11,17,0,1,2,1,5,5,4,10,0,0,14,7,7,28,11,17
106,公立,技專校院,0022,國立臺灣科技大學,99999Z05,師資培育中心,7,6,1,0,0,2,0,3,1,1,0,0,0,6,5,1,7,6,1
106,公立,技專校院,0022,國立臺灣科技大學,99999Z07,體育室,29,22,7,3,1,6,0,1,2,12,4,0,0,13,10,3,29,22,7
106,公立,技專校院,0022,國立臺灣科技大學,99999Z08,語言中心,39,6,33,0,0,1,1,1,3,4,29,0,0,6,2,4,39,6,33
106,公立,技專校院,0023,國立雲林科技大學,02112011,視覺傳達設計系,5,2,3,0,0,0,0,0,0,2,3,0,0,0,0,0,5,2,3
106,公立,技專校院,0023,國立雲林科技大學,02112013,數位媒體設計系,4,3,1,0,0,0,0,0,0,3,1,0,0,0,0,0,4,3,1
106,公立,技專校院,0023,國立雲林科技大學,02123009,創意生活設計系,20,11,9,1,0,1,0,1,0,8,9,0,0,3,3,0,20,11,9
106,公立,技專校院,0023,國立雲林科技大學,02123014,工業設計系,12,11,1,1,0,1,0,1,0,8,1,0,0,3,3,0,12,11,1
106,公立,技專校院,0023,國立雲林科技大學,02124016,建築與室內設計系,11,8,3,0,0,1,0,1,0,6,3,0,0,2,2,0,11,8,3
106,公立,技專校院,0023,國立雲林科技大學,02192002,文化資產維護系,8,7,1,0,0,0,0,1,1,6,0,0,0,2,1,1,8,7,1
106,公立,技專校院,0023,國立雲林科技大學,02311004,應用外語系,32,13,19,0,0,0,1,2,3,11,15,0,0,6,2,4,32,13,19
106,公立,技專校院,0023,國立雲林科技大學,02322003,漢學應用研究所,10,2,8,0,0,0,0,2,4,0,4,0,0,6,2,4,10,2,8
106,公立,技專校院,0023,國立雲林科技大學,04111018,會計系,6,4,2,0,0,1,0,0,2,3,0,0,0,3,1,2,6,4,2
106,公立,技專校院,0023,國立雲林科技大學,04121024,財務金融系,4,3,1,1,0,0,0,0,0,2,1,0,0,1,1,0,4,3,1
106,公立,技專校院,0023,國立雲林科技大學,04131019,企業管理系,14,10,4,0,0,0,0,5,2,5,2,0,0,7,5,2,14,10,4
106,公立,技專校院,0023,國立雲林科技大學,04131022,國際管理學士學位學程,3,2,1,0,0,1,0,0,0,1,1,0,0,1,1,0,3,2,1
106,公立,技專校院,0023,國立雲林科技大學,04131059,工商管理學士學位學程,1,1,0,0,0,0,0,0,0,1,0,0,0,0,0,0,1,1,0
106,公立,技專校院,0023,國立雲林科技大學,04212031,科技法律研究所,11,10,1,0,0,1,0,6,0,3,1,0,0,7,7,0,11,10,1
106,公立,技專校院,0023,國立雲林科技大學,06131032,資訊管理系,4,3,1,0,0,0,0,2,0,1,1,0,0,2,2,0,4,3,1
106,公立,技專校院,0023,國立雲林科技大學,07111045,化學工程與材料工程系,3,2,1,0,0,1,0,1,0,0,1,0,0,2,2,0,3,2,1
106,公立,技專校院,0023,國立雲林科技大學,07112047,材料科技研究所,6,4,2,0,0,2,1,1,1,1,0,0,0,5,3,2,6,4,2
106,公立,技專校院,0023,國立雲林科技大學,07121049,環境與安全衛生工程系,2,2,0,0,0,0,0,1,0,1,0,0,0,1,1,0,2,2,0
106,公立,技專校院,0023,國立雲林科技大學,07141033,電機工程系,6,6,0,2,0,3,0,1,0,0,0,0,0,6,6,0,6,6,0
106,公立,技專校院,0023,國立雲林科技大學,07141034,電子工程系,3,2,1,0,0,0,0,0,0,2,1,0,0,0,0,0,3,2,1
106,公立,技專校院,0023,國立雲林科技大學,07141037,資訊工程系,4,3,1,0,0,0,0,0,0,3,1,0,0,0,0,0,4,3,1
106,公立,技專校院,0023,國立雲林科技大學,07151041,機械工程系,13,13,0,1,0,1,0,4,0,7,0,0,0,6,6,0,13,13,0
106,公立,技專校院,0023,國立雲林科技大學,07191048,工業工程與管理系,8,7,1,1,0,2,0,1,0,3,1,0,0,4,4,0,8,7,1
106,公立,技專校院,0023,國立雲林科技大學,07321043,營建工程系,3,3,0,0,0,0,0,1,0,2,0,0,0,1,1,0,3,3,0
106,公立,技專校院,0023,國立雲林科技大學,10152053,休閒運動研究所,19,13,6,0,1,1,0,1,0,11,5,0,0,3,2,1,19,13,6
106,公立,技專校院,0023,國立雲林科技大學,99999Z01,通識教育中心,34,17,17,2,0,2,1,5,4,8,12,0,0,14,9,5,34,17,17
106,公立,技專校院,0023,國立雲林科技大學,99999Z05,師資培育中心,2,0,2,0,0,0,1,0,0,0,1,0,0,1,0,1,2,0,2
106,公立,技專校院,0024,國立屏東科技大學,01118001,技術及職業教育研究所,1,1,0,0,0,0,0,1,0,0,0,0,0,1,1,0,1,1,0
106,公立,技專校院,0024,國立屏東科技大學,02122003,時尚設計與管理系,1,0,1,0,0,0,0,0,1,0,0,0,0,1,0,1,1,0,1
106,公立,技專校院,0024,國立屏東科技大學,02299Y13,人文暨社會科學院,1,1,0,0,0,0,0,0,0,1,0,0,0,0,0,0,1,1,0
106,公立,技專校院,0024,國立屏東科技大學,02311002,應用外語系,1,1,0,0,0,0,0,0,0,1,0,0,0,0,0,0,1,1,0
106,公立,技專校院,0024,國立屏東科技大學,03143004,客家文化產業研究所,1,1,0,0,0,0,0,1,0,0,0,0,0,1,1,0,1,1,0
106,公立,技專校院,0024,國立屏東科技大學,04121007,財務金融國際學士學位學程,1,1,0,1,0,0,0,0,0,0,0,0,0,1,1,0,1,1,0
106,公立,技專校院,0024,國立屏東科技大學,04131005,企業管理系,14,10,4,0,0,0,0,1,0,9,4,0,0,1,1,0,14,10,4
106,公立,技專校院,0024,國立屏東科技大學,04199009,工業管理系,5,4,1,0,0,0,0,0,0,4,1,0,0,0,0,0,5,4,1
106,公立,技專校院,0024,國立屏東科技大學,05121015,生物科技系,2,2,0,0,0,0,0,0,0,2,0,0,0,0,0,0,2,2,0
106,公立,技專校院,0024,國立屏東科技大學,05121050,動物用疫苗國際學位專班,1,1,0,1,0,0,0,0,0,0,0,0,0,1,1,0,1,1,0
106,公立,技專校院,0024,國立屏東科技大學,05221014,野生動物保育研究所,1,0,1,0,0,0,0,0,1,0,0,0,0,1,0,1,1,0,1
106,公立,技專校院,0024,國立屏東科技大學,05292040,水土保持系,2,2,0,0,0,1,0,1,0,0,0,0,0,2,2,0,2,2,0
106,公立,技專校院,0024,國立屏東科技大學,06131017,資訊管理系,2,1,1,0,0,0,0,0,0,1,1,0,0,0,0,0,2,1,1
106,公立,技專校院,0024,國立屏東科技大學,07151018,機械工程系,1,1,0,0,0,0,0,0,0,1,0,0,0,0,0,0,1,1,0
106,公立,技專校院,0024,國立屏東科技大學,07151020,生物機電工程系,6,6,0,0,0,0,0,3,0,3,0,0,0,3,3,0,6,6,0
106,公立,技專校院,0024,國立屏東科技大學,07161019,車輛工程系,5,4,1,0,0,0,0,0,0,4,1,0,0,0,0,0,5,4,1
106,公立,技專校院,0024,國立屏東科技大學,07211037,食品科學系,2,1,1,0,0,0,0,0,1,1,0,0,0,1,0,1,2,1,1
106,公立,技專校院,0024,國立屏東科技大學,07211039,食品生技碩士學位學程在職專班,4,4,0,0,0,0,0,0,0,4,0,0,0,0,0,0,4,4,0
106,公立,技專校院,0024,國立屏東科技大學,07321021,土木工程系,7,7,0,0,0,2,0,2,0,3,0,0,0,4,4,0,7,7,0
106,公立,技專校院,0024,國立屏東科技大學,07321022,土壤與水工程國際碩士學位學程,2,2,0,0,0,0,0,2,0,0,0,0,0,2,2,0,2,2,0
106,公立,技專校院,0024,國立屏東科技大學,07321023,環境資源與防災學位學程,12,12,0,0,0,0,0,1,0,11,0,0,0,1,1,0,12,12,0
106,公立,技專校院,0024,國立屏東科技大學,08111029,農園生產系,6,5,1,1,0,2,0,0,0,2,1,0,0,3,3,0,6,5,1
106,公立,技專校院,0024,國立屏東科技大學,08112032,動物科學與畜產系,1,1,0,0,0,0,0,1,0,0,0,0,0,1,1,0,1,1,0
106,公立,技專校院,0024,國立屏東科技大學,08193036,農企業管理系,1,0,1,0,0,0,0,0,1,0,0,0,0,1,0,1,1,0,1
106,公立,技專校院,0024,國立屏東科技大學,08194035,植物醫學系,1,1,0,1,0,0,0,0,0,0,0,0,0,1,1,0,1,1,0
106,公立,技專校院,0024,國立屏東科技大學,08199030,熱帶農業暨國際合作系,5,5,0,3,0,1,0,1,0,0,0,0,0,5,5,0,5,5,0
106,公立,技專校院,0024,國立屏東科技大學,08199Y41,農學院,4,2,2,1,1,0,0,0,0,1,1,0,0,2,1,1,4,2,2
106,公立,技專校院,0024,國立屏東科技大學,08211041,森林系,1,1,0,1,0,0,0,0,0,0,0,0,0,1,1,0,1,1,0
106,公立,技專校院,0024,國立屏東科技大學,08211043,木材科學與設計系,6,4,2,1,0,0,0,0,1,3,1,0,0,2,1,1,6,4,2
106,公立,技專校院,0024,國立屏東科技大學,08312046,水產養殖系,4,3,1,0,0,0,0,0,0,3,1,0,0,0,0,0,4,3,1
106,公立,技專校院,0024,國立屏東科技大學,08312047,觀賞魚科技國際學位專班,2,2,0,2,0,0,0,0,0,0,0,0,0,2,2,0,2,2,0
106,公立,技專校院,0024,國立屏東科技大學,08411048,獸醫學系,5,4,1,2,0,1,0,0,1,1,0,0,0,4,3,1,5,4,1
106,公立,技專校院,0024,國立屏東科技大學,09221052,幼兒保育系,4,2,2,0,0,0,0,2,1,0,1,0,0,3,2,1,4,2,2
106,公立,技專校院,0024,國立屏東科技大學,09231051,社會工作系,7,2,5,0,0,1,0,0,0,1,5,0,0,1,1,0,7,2,5
106,公立,技專校院,0024,國立屏東科技大學,10131054,餐旅管理系,6,4,2,0,0,0,0,1,0,3,2,0,0,1,1,0,6,4,2
106,公立,技專校院,0024,國立屏東科技大學,10152057,休閒運動健康系,9,8,1,1,0,1,0,0,0,6,1,0,0,2,2,0,9,8,1
106,公立,技專校院,0024,國立屏東科技大學,99999Z01,通識(教育)中心,28,22,6,1,0,1,2,11,2,9,2,0,0,17,13,4,28,22,6
106,公立,技專校院,0024,國立屏東科技大學,99999Z05,師資培育中心,3,2,1,0,0,0,0,0,0,2,1,0,0,0,0,0,3,2,1
106,公立,技專校院,0024,國立屏東科技大學,99999Z07,體育室,10,9,1,1,0,0,0,0,0,8,1,0,0,1,1,0,10,9,1
106,公立,技專校院,0024,國立屏東科技大學,99999Z08,語言中心,20,11,9,0,0,0,0,0,0,11,9,0,0,0,0,0,20,11,9
106,公立,技專校院,0025,國立臺北科技大學,01118001,技術及職業教育研究所,4,3,1,2,0,1,1,0,0,0,0,0,0,4,3,1,4,3,1
106,公立,技專校院,0025,國立臺北科技大學,02112007,互動設計系,24,21,3,0,0,0,0,7,0,14,3,0,0,7,7,0,24,21,3
106,公立,技專校院,0025,國立臺北科技大學,02122004,設計學院,19,15,4,2,0,5,0,0,1,8,3,0,0,8,7,1,19,15,4
106,公立,技專校院,0025,國立臺北科技大學,02123009,工業設計系,43,33,10,1,0,3,1,6,2,23,7,0,0,13,10,3,43,33,10
106,公立,技專校院,0025,國立臺北科技大學,02299018,文化事業發展系,9,5,4,0,1,0,0,2,3,3,0,0,0,6,2,4,9,5,4
106,公立,技專校院,0025,國立臺北科技大學,02311002,應用英語(文)系,22,11,11,0,0,0,1,3,0,8,10,0,0,4,3,1,22,11,11
106,公立,技專校院,0025,國立臺北科技大學,04131011,經營管理系,28,20,8,2,1,3,1,6,2,9,4,0,0,15,11,4,28,20,8
106,公立,技專校院,0025,國立臺北科技大學,04131011,管理學院經營管理EMBA專班,9,9,0,3,0,2,0,4,0,0,0,0,0,9,9,0,9,9,0
106,公立,技專校院,0025,國立臺北科技大學,04199021,管理學院,1,1,0,1,0,0,0,0,0,0,0,0,0,1,1,0,1,1,0
106,公立,技專校院,0025,國立臺北科技大學,04212024,智慧財產權研究所,4,4,0,0,0,1,0,3,0,0,0,0,0,4,4,0,4,4,0
106,公立,技專校院,0025,國立臺北科技大學,06131016,資訊與財金管理系,15,14,1,3,0,2,1,9,0,0,0,0,0,15,14,1,15,14,1
106,公立,技專校院,0025,國立臺北科技大學,07111048,化學工程與生物科技系,11,11,0,2,0,3,0,6,0,0,0,0,0,11,11,0,11,11,0
106,公立,技專校院,0025,國立臺北科技大學,07111053,分子科學與工程系,4,4,0,0,0,1,0,2,0,1,0,0,0,3,3,0,4,4,0
106,公立,技專校院,0025,國立臺北科技大學,07112058,材料及資源工程系,9,9,0,3,0,5,0,1,0,0,0,0,0,9,9,0,9,9,0
106,公立,技專校院,0025,國立臺北科技大學,07112059,資源工程研究所,4,3,1,0,0,2,0,1,1,0,0,0,0,4,3,1,4,3,1
106,公立,技專校院,0025,國立臺北科技大學,07121063,環境工程與管理研究所,4,2,2,0,0,0,1,2,1,0,0,0,0,4,2,2,4,2,2
106,公立,技專校院,0025,國立臺北科技大學,07132068,能源與冷凍空調工程系,20,20,0,1,0,2,0,13,0,4,0,0,0,16,16,0,20,20,0
106,公立,技專校院,0025,國立臺北科技大學,07141025,電機工程系,21,18,3,4,0,6,1,6,2,2,0,0,0,19,16,3,21,18,3
106,公立,技專校院,0025,國立臺北科技大學,07141028,電子工程系,29,25,4,3,0,5,0,10,3,7,1,0,0,21,18,3,29,25,4
106,公立,技專校院,0025,國立臺北科技大學,07141032,光電工程系,15,12,3,0,0,5,3,7,0,0,0,0,0,15,12,3,15,12,3
106,公立,技專校院,0025,國立臺北科技大學,07141034,資訊工程系,3,3,0,0,0,2,0,1,0,0,0,0,0,3,3,0,3,3,0
106,公立,技專校院,0025,國立臺北科技大學,07141044,自動化科技研究所,1,1,0,0,0,0,0,1,0,0,0,0,0,1,1,0,1,1,0
106,公立,技專校院,0025,國立臺北科技大學,07151037,機械工程系,34,32,2,6,0,12,0,9,2,5,0,0,0,29,27,2,34,32,2
106,公立,技專校院,0025,國立臺北科技大學,07151043,製造科技研究所,3,3,0,2,0,0,0,1,0,0,0,0,0,3,3,0,3,3,0
106,公立,技專校院,0025,國立臺北科技大學,07161042,車輛工程系,11,11,0,1,0,3,0,4,0,3,0,0,0,8,8,0,11,11,0
106,公立,技專校院,0025,國立臺北科技大學,07191022,工業工程與管理系,23,17,6,1,1,4,2,8,2,4,1,0,0,18,13,5,23,17,6
106,公立,技專校院,0025,國立臺北科技大學,07191022,管理學院工業工程與管理EMBA專班,4,3,1,0,0,1,1,2,0,0,0,0,0,4,3,1,4,3,1
106,公立,技專校院,0025,國立臺北科技大學,07311071,建築系,75,57,18,1,0,5,1,17,2,34,15,0,0,26,23,3,75,57,18
106,公立,技專校院,0025,國立臺北科技大學,07321045,土木工程系,13,12,1,2,0,2,0,5,1,3,0,0,0,10,9,1,13,12,1
106,公立,技專校院,0025,國立臺北科技大學,99999Z01,通識教育中心,108,51,57,4,2,6,5,25,28,16,22,0,0,70,35,35,108,51,57
106,公立,技專校院,0025,國立臺北科技大學,99999Z05,師資培育中心,2,2,0,0,0,0,0,0,0,2,0,0,0,0,0,0,2,2,0
106,公立,技專校院,0025,國立臺北科技大學,99999Z07,體育室,26,22,4,7,0,3,0,2,2,10,2,0,0,14,12,2,26,22,4
106,公立,技專校院,0026,國立高雄第一科技大學,02123007,創新設計工程系,2,2,0,0,0,0,0,0,0,2,0,0,0,0,0,0,2,2,0
106,公立,技專校院,0026,國立高雄第一科技大學,02311001,應用英語系,12,4,8,1,0,0,0,0,2,3,6,0,0,3,1,2,12,4,8
106,公立,技專校院,0026,國立高雄第一科技大學,02311002,應用德語系,6,3,3,0,0,0,0,1,1,2,2,0,0,2,1,1,6,3,3
106,公立,技專校院,0026,國立高雄第一科技大學,02311003,應用日語系,14,7,7,3,0,2,0,0,2,2,5,0,0,7,5,2,14,7,7
106,公立,技專校院,0026,國立高雄第一科技大學,04111008,會計資訊系,3,2,1,0,0,0,0,1,0,1,1,0,0,1,1,0,3,2,1
106,公立,技專校院,0026,國立高雄第一科技大學,04121016,財務管理系,9,8,1,0,0,0,0,2,1,6,0,0,0,3,2,1,9,8,1
106,公立,技專校院,0026,國立高雄第一科技大學,04121017,金融系,15,12,3,1,0,1,0,1,0,9,3,0,0,3,3,0,15,12,3
106,公立,技專校院,0026,國立高雄第一科技大學,04123021,風險管理與保險系,9,8,1,0,0,1,0,2,0,5,1,0,0,3,3,0,9,8,1
106,公立,技專校院,0026,國立高雄第一科技大學,04132023,行銷與流通管理系,13,10,3,2,0,1,0,3,2,4,1,0,0,8,6,2,13,10,3
106,公立,技專校院,0026,國立高雄第一科技大學,04132024,運籌管理系,11,9,2,1,0,3,0,1,1,4,1,0,0,6,5,1,11,9,2
106,公立,技專校院,0026,國立高雄第一科技大學,04212028,科技法律研究所,1,1,0,0,0,1,0,0,0,0,0,0,0,1,1,0,1,1,0
106,公立,技專校院,0026,國立高雄第一科技大學,06131029,資訊管理系,9,5,4,0,0,0,0,2,0,3,4,0,0,2,2,0,9,5,4
106,公立,技專校院,0026,國立高雄第一科技大學,07121039,環境與安全衛生工程系,9,8,1,1,0,1,0,4,1,2,0,0,0,7,6,1,9,8,1
106,公立,技專校院,0026,國立高雄第一科技大學,07141030,電機工程研究所,2,2,0,2,0,0,0,0,0,0,0,0,0,2,2,0,2,2,0
106,公立,技專校院,0026,國立高雄第一科技大學,07141031,電子工程系,5,5,0,0,0,3,0,2,0,0,0,0,0,5,5,0,5,5,0
106,公立,技專校院,0026,國立高雄第一科技大學,07141034,電腦與通訊工程系,2,2,0,0,0,1,0,1,0,0,0,0,0,2,2,0,2,2,0
106,公立,技專校院,0026,國立高雄第一科技大學,07151035,機械與自動化工程系,3,3,0,2,0,0,0,0,0,1,0,0,0,2,2,0,3,3,0
106,公立,技專校院,0026,國立高雄第一科技大學,07321037,營建工程系,2,2,0,0,0,0,0,0,0,2,0,0,0,0,0,0,2,2,0
106,公立,技專校院,0026,國立高雄第一科技大學,99999999,創新創業中心,2,2,0,0,0,0,0,0,0,2,0,0,0,0,0,0,2,2,0
106,公立,技專校院,0026,國立高雄第一科技大學,99999Z01,共同科目,62,37,25,1,0,2,0,14,8,20,17,0,0,25,17,8,62,37,25
106,公立,技專校院,0026,國立高雄第一科技大學,99999Z08,語言教學中心,47,14,33,0,0,0,0,2,3,12,30,0,0,5,2,3,47,14,33
106,公立,技專校院,0027,國立高雄應用科技大學,02121003,文化創意產業系,7,5,2,0,0,1,0,1,0,3,2,0,0,2,2,0,7,5,2
106,公立,技專校院,0027,國立高雄應用科技大學,02311001,應用外語系,13,2,11,0,0,1,1,0,2,1,8,0,0,4,1,3,13,2,11
106,公立,技專校院,0027,國立高雄應用科技大學,04111005,會計系,16,12,4,1,0,1,0,2,1,8,3,0,0,5,4,1,16,12,4
106,公立,技專校院,0027,國立高雄應用科技大學,04121013,金融系,13,10,3,1,0,2,1,3,1,4,1,0,0,8,6,2,13,10,3
106,公立,技專校院,0027,國立高雄應用科技大學,04122016,財富與稅務管理系,10,6,4,1,0,1,1,1,0,3,3,0,0,4,3,1,10,6,4
106,公立,技專校院,0027,國立高雄應用科技大學,04131007,企業管理系,12,7,5,0,0,1,1,2,0,4,4,0,0,4,3,1,12,7,5
106,公立,技專校院,0027,國立高雄應用科技大學,04141009,國際企業系,19,13,6,0,0,1,0,2,0,10,6,0,0,3,3,0,19,13,6
106,公立,技專校院,0027,國立高雄應用科技大學,04199019,人力資源發展系,1,1,0,0,0,0,0,1,0,0,0,0,0,1,1,0,1,1,0
106,公立,技專校院,0027,國立高雄應用科技大學,06121024,資訊管理系,10,9,1,0,0,2,0,3,0,4,1,0,0,5,5,0,10,9,1
106,公立,技專校院,0027,國立高雄應用科技大學,06131028,資訊工程系,5,4,1,0,0,1,0,1,1,2,0,0,0,3,2,1,5,4,1
106,公立,技專校院,0027,國立高雄應用科技大學,07111039,化學工程與材料工程系,9,6,3,2,0,1,0,3,1,0,2,0,0,7,6,1,9,6,3
106,公立,技專校院,0027,國立高雄應用科技大學,07141025,電機工程系,9,8,1,0,0,5,0,3,0,0,1,0,0,8,8,0,9,8,1
106,公立,技專校院,0027,國立高雄應用科技大學,07141026,電子工程系,24,23,1,4,0,8,0,9,1,2,0,0,0,22,21,1,24,23,1
106,公立,技專校院,0027,國立高雄應用科技大學,07141029,光電與通訊工程研究所,8,7,1,1,0,4,1,2,0,0,0,0,0,8,7,1,8,7,1
106,公立,技專校院,0027,國立高雄應用科技大學,07151032,機械工程系,3,3,0,1,0,0,0,2,0,0,0,0,0,3,3,0,3,3,0
106,公立,技專校院,0027,國立高雄應用科技大學,07151033,模具工程系,23,22,1,2,0,4,0,4,0,12,1,0,0,10,10,0,23,22,1
106,公立,技專校院,0027,國立高雄應用科技大學,07191042,工業工程與管理系,2,2,0,0,0,0,0,1,0,1,0,0,0,1,1,0,2,2,0
106,公立,技專校院,0027,國立高雄應用科技大學,07321035,土木工程系,9,9,0,0,0,0,0,1,0,8,0,0,0,1,1,0,9,9,0
106,公立,技專校院,0027,國立高雄應用科技大學,10151046,觀光管理系,25,15,10,0,0,1,0,2,1,12,9,0,0,4,3,1,25,15,10
106,公立,技專校院,0027,國立高雄應用科技大學,99999Z01,通識(教育)中心,46,29,17,1,0,3,0,15,7,10,10,0,0,26,19,7,46,29,17
106,公立,技專校院,0027,國立高雄應用科技大學,99999Z07,體育教育中心,21,16,5,3,0,4,0,1,1,8,4,0,0,9,8,1,21,16,5
106,公立,技專校院,0027,國立高雄應用科技大學,99999Z08,語文中心,47,18,29,2,0,1,0,6,7,9,22,0,0,16,9,7,47,18,29
106,公立,一般大學,0028,國立臺北藝術大學,02111018,電影創作學系,17,12,5,1,1,3,0,6,1,2,3,0,0,12,10,2,17,12,5
106,公立,一般大學,0028,國立臺北藝術大學,02111019,動畫學系,5,5,0,0,0,0,0,0,0,5,0,0,0,0,0,0,5,5,0
106,公立,一般大學,0028,國立臺北藝術大學,02111023,新媒體藝術學系,13,10,3,0,1,0,1,2,0,8,1,0,0,4,2,2,13,10,3
106,公立,一般大學,0028,國立臺北藝術大學,02131003,美術學系,44,32,12,2,1,3,1,7,4,20,6,0,0,18,12,6,44,32,12
106,公立,一般大學,0028,國立臺北藝術大學,02131020,藝術跨域研究所,4,3,1,0,0,0,0,3,1,0,0,0,0,4,3,1,4,3,1
106,公立,一般大學,0028,國立臺北藝術大學,02151005,音樂學系,72,38,34,12,6,14,12,7,6,5,10,0,0,57,33,24,72,38,34
106,公立,一般大學,0028,國立臺北藝術大學,02151005,音樂學研究所,2,0,2,0,2,0,0,0,0,0,0,0,0,2,0,2,2,0,2
106,公立,一般大學,0028,國立臺北藝術大學,02151006,傳統音樂學系,22,8,14,4,2,1,2,2,4,1,6,0,0,15,7,8,22,8,14
106,公立,一般大學,0028,國立臺北藝術大學,02151007,管絃與擊樂研究所,1,1,0,1,0,0,0,0,0,0,0,0,0,1,1,0,1,1,0
106,公立,一般大學,0028,國立臺北藝術大學,02151B01,學士後跨藝合創音樂學士學位學程,10,8,2,0,0,0,1,0,0,8,1,0,0,1,0,1,10,8,2
106,公立,一般大學,0028,國立臺北藝術大學,02152008,戲劇學系,30,15,15,0,0,3,2,4,4,8,9,0,0,13,7,6,30,15,15
106,公立,一般大學,0028,國立臺北藝術大學,02152010,劇場藝術創作研究所,4,3,1,1,0,0,0,2,1,0,0,0,0,4,3,1,4,3,1
106,公立,一般大學,0028,國立臺北藝術大學,02152011,劇場設計學系,17,8,9,0,1,0,1,1,1,7,6,0,0,4,1,3,17,8,9
106,公立,一般大學,0028,國立臺北藝術大學,02152013,舞蹈學系,39,13,26,1,1,4,1,3,4,5,20,0,0,14,8,6,39,13,26
106,公立,一般大學,0028,國立臺北藝術大學,02192025,藝術行政與管理研究所,1,1,0,1,0,0,0,0,0,0,0,0,0,1,1,0,1,1,0
106,公立,一般大學,0028,國立臺北藝術大學,02192026,文創產業國際藝術碩士學位學程,2,2,0,1,0,1,0,0,0,0,0,0,0,2,2,0,2,2,0
106,公立,一般大學,0028,國立臺北藝術大學,03221028,博物館研究所,6,3,3,1,0,1,2,1,1,0,0,0,0,6,3,3,6,3,3
106,公立,一般大學,0028,國立臺北藝術大學,07311030,建築與文化資產研究所,3,3,0,2,0,1,0,0,0,0,0,0,0,3,3,0,3,3,0
106,公立,一般大學,0028,國立臺北藝術大學,99999Z01,通識教育中心,35,20,15,1,0,0,0,4,5,15,10,0,0,10,5,5,35,20,15
106,公立,一般大學,0028,國立臺北藝術大學,99999Z05,師資培育中心,9,3,6,0,0,1,0,1,0,1,6,0,0,2,2,0,9,3,6
106,公立,一般大學,0028,國立臺北藝術大學,99999Z07,體育室,6,4,2,0,0,2,0,0,1,2,1,0,0,3,2,1,6,4,2
106,公立,一般大學,0029,國立臺灣藝術大學,01115001,藝術與人文教學研究所,1,0,1,0,0,0,0,0,1,0,0,0,0,1,0,1,1,0,1
106,公立,一般大學,0029,國立臺灣藝術大學,02111015,電影學系,16,14,2,2,0,1,0,1,1,10,1,0,0,5,4,1,16,14,2
106,公立,一般大學,0029,國立臺灣藝術大學,02112023,多媒體動畫藝術學系,8,5,3,0,0,0,0,0,1,5,2,0,0,1,0,1,8,5,3
106,公立,一般大學,0029,國立臺灣藝術大學,02112028,視覺傳達設計學系,27,22,5,3,0,0,0,3,1,16,4,0,0,7,6,1,27,22,5
106,公立,一般大學,0029,國立臺灣藝術大學,02131003,美術學系,34,21,13,1,2,3,1,9,5,8,5,0,0,21,13,8,34,21,13
106,公立,一般大學,0029,國立臺灣藝術大學,02131005,書畫藝術學系,39,31,8,11,0,2,1,11,2,7,5,0,0,27,24,3,39,31,8
106,公立,一般大學,0029,國立臺灣藝術大學,02132006,雕塑學系,9,6,3,0,0,0,1,1,2,5,0,0,0,4,1,3,9,6,3
106,公立,一般大學,0029,國立臺灣藝術大學,02141007,工藝設計學系,32,25,7,3,0,1,0,4,1,17,6,0,0,9,8,1,32,25,7
106,公立,一般大學,0029,國立臺灣藝術大學,02151010,音樂學系,141,49,92,3,1,6,16,15,31,25,44,0,0,72,24,48,141,49,92
106,公立,一般大學,0029,國立臺灣藝術大學,02151011,中國音樂學系,93,23,70,2,1,2,7,6,22,13,40,0,0,40,10,30,93,23,70
106,公立,一般大學,0029,國立臺灣藝術大學,02152012,戲劇學系,26,19,7,0,0,1,0,4,3,14,4,0,0,8,5,3,26,19,7
106,公立,一般大學,0029,國立臺灣藝術大學,02152014,舞蹈學系,24,2,22,0,3,0,1,1,2,1,16,0,0,7,1,6,24,2,22
106,公立,一般大學,0029,國立臺灣藝術大學,02191017,古蹟藝術修護學系,3,3,0,0,0,0,0,0,0,3,0,0,0,0,0,0,3,3,0
106,公立,一般大學,0029,國立臺灣藝術大學,02192026,藝術管理與文化政策研究所,3,2,1,0,0,0,0,2,1,0,0,0,0,3,2,1,3,2,1
106,公立,一般大學,0029,國立臺灣藝術大學,02199Y04,表演藝術學院,4,1,3,0,0,1,0,0,2,0,1,0,0,3,1,2,4,1,3
106,公立,一般大學,0029,國立臺灣藝術大學,02199Y05,美術學院,3,1,2,0,0,0,0,0,1,1,1,0,0,1,0,1,3,1,2
106,公立,一般大學,0029,國立臺灣藝術大學,02199Y10,設計學院,1,0,1,0,0,0,0,0,0,0,1,0,0,0,0,0,1,0,1
106,公立,一般大學,0029,國立臺灣藝術大學,03213029,廣播電視學系,29,18,11,1,1,1,1,2,0,14,9,0,0,6,4,2,29,18,11
106,公立,一般大學,0029,國立臺灣藝術大學,03299030,圖文傳播藝術學系,28,25,3,0,1,1,0,2,0,22,2,0,0,4,3,1,28,25,3
106,公立,一般大學,0029,國立臺灣藝術大學,03299Y22,傳播學院,5,3,2,1,0,1,0,1,1,0,1,0,0,4,3,1,5,3,2
106,公立,一般大學,0029,國立臺灣藝術大學,99999Z01,通識教育中心,86,54,32,1,0,4,1,24,12,25,19,0,0,42,29,13,86,54,32
106,公立,一般大學,0029,國立臺灣藝術大學,99999Z05,師資培育中心,15,9,6,0,0,1,0,3,3,5,3,0,0,7,4,3,15,9,6
106,公立,一般大學,0029,國立臺灣藝術大學,99999Z07,體育室,10,5,5,0,0,1,1,1,1,3,3,0,0,4,2,2,10,5,5
106,公立,一般大學,0030,國立臺東大學,01111001,教育學系,11,6,5,0,0,0,0,3,0,3,5,0,0,3,3,0,11,6,5
106,公立,一般大學,0030,國立臺東大學,01113008,特殊教育學系,3,2,1,0,0,0,0,0,0,2,1,0,0,0,0,0,3,2,1
106,公立,一般大學,0030,國立臺東大學,01121007,幼兒教育學系,9,1,8,0,0,1,0,0,1,0,7,0,0,2,1,1,9,1,8
106,公立,一般大學,0030,國立臺東大學,01141006,體育學系,2,2,0,0,0,0,0,0,0,2,0,0,0,0,0,0,2,2,0
106,公立,一般大學,0030,國立臺東大學,02131009,美術產業學系,1,1,0,0,0,0,0,0,0,1,0,0,0,0,0,0,1,1,0
106,公立,一般大學,0030,國立臺東大學,02151011,音樂學系,27,11,16,0,0,0,0,3,9,8,7,0,0,12,3,9,27,11,16
106,公立,一般大學,0030,國立臺東大學,02311015,英美語文學系,2,2,0,0,0,1,0,0,0,1,0,0,0,1,1,0,2,2,0
106,公立,一般大學,0030,國立臺東大學,02323013,華語文學系,1,1,0,0,0,0,0,0,0,1,0,0,0,0,0,0,1,1,0
106,公立,一般大學,0030,國立臺東大學,02399016,兒童文學研究所,2,2,0,2,0,0,0,0,0,0,0,0,0,2,2,0,2,2,0
106,公立,一般大學,0030,國立臺東大學,03199017,公共與文化事務學系,2,2,0,1,0,1,0,0,0,0,0,0,0,2,2,0,2,2,0
106,公立,一般大學,0030,國立臺東大學,05399021,應用科學系,4,4,0,0,0,0,0,4,0,0,0,0,0,4,4,0,4,4,0
106,公立,一般大學,0030,國立臺東大學,05411024,應用數學系,1,1,0,0,0,1,0,0,0,0,0,0,0,1,1,0,1,1,0
106,公立,一般大學,0030,國立臺東大學,06131028,資訊管理學系,5,3,2,1,0,0,0,0,0,2,2,0,0,1,1,0,5,3,2
106,公立,一般大學,0030,國立臺東大學,10141034,運動競技學士學位學程,4,3,1,0,0,0,0,1,1,2,0,0,0,2,1,1,4,3,1
106,公立,一般大學,0030,國立臺東大學,10151031,文化資源與休閒產業學系,4,3,1,0,0,0,0,0,0,3,1,0,0,0,0,0,4,3,1
106,公立,一般大學,0030,國立臺東大學,10152035,身心整合與運動休閒產業學系,4,3,1,1,0,0,0,0,0,2,1,0,0,1,1,0,4,3,1
106,公立,一般大學,0030,國立臺東大學,99999Y44,師範學院,3,0,3,0,0,0,0,0,0,0,3,0,0,0,0,0,3,0,3
106,公立,一般大學,0030,國立臺東大學,99999Z01,通識教育中心,16,10,6,0,0,2,0,4,1,4,5,0,0,7,6,1,16,10,6
106,公立,一般大學,0030,國立臺東大學,99999Z05,師資培育中心,3,3,0,0,0,0,0,2,0,1,0,0,0,2,2,0,3,3,0
106,公立,一般大學,0031,國立宜蘭大學,02311001,外國語文學系,22,7,15,0,0,2,1,2,5,3,9,0,0,10,4,6,22,7,15
106,公立,一般大學,0031,國立宜蘭大學,04199007,應用經濟與管理學系,12,7,5,2,0,3,1,1,0,1,4,0,0,7,6,1,12,7,5
106,公立,一般大學,0031,國立宜蘭大學,07111023,化學工程與材料工程學系,1,1,0,0,0,1,0,0,0,0,0,0,0,1,1,0,1,1,0
106,公立,一般大學,0031,國立宜蘭大學,07121024,環境工程學系,6,6,0,0,0,1,0,4,0,1,0,0,0,5,5,0,6,6,0
106,公立,一般大學,0031,國立宜蘭大學,07141011,電機工程學系,1,1,0,0,0,1,0,0,0,0,0,0,0,1,1,0,1,1,0
106,公立,一般大學,0031,國立宜蘭大學,07141012,電子工程學系,2,2,0,0,0,0,0,2,0,0,0,0,0,2,2,0,2,2,0
106,公立,一般大學,0031,國立宜蘭大學,07141013,資訊工程學系,2,2,0,1,0,1,0,0,0,0,0,0,0,2,2,0,2,2,0
106,公立,一般大學,0031,國立宜蘭大學,07151017,機械與機電工程學系,5,4,1,1,0,0,0,0,1,3,0,0,0,2,1,1,5,4,1
106,公立,一般大學,0031,國立宜蘭大學,07151019,生物機電工程學系,3,2,1,0,0,0,1,1,0,1,0,0,0,2,1,1,3,2,1
106,公立,一般大學,0031,國立宜蘭大學,07194025,綠色科技學程碩士在職專班,2,2,0,0,0,1,0,1,0,0,0,0,0,2,2,0,2,2,0
106,公立,一般大學,0031,國立宜蘭大學,07211033,食品科學系,2,2,0,1,0,0,0,1,0,0,0,0,0,2,2,0,2,2,0
106,公立,一般大學,0031,國立宜蘭大學,07311027,建築與永續規劃研究所,2,2,0,1,0,0,0,1,0,0,0,0,0,2,2,0,2,2,0
106,公立,一般大學,0031,國立宜蘭大學,07321021,土木工程學系,6,6,0,0,0,0,0,4,0,2,0,0,0,4,4,0,6,6,0
106,公立,一般大學,0031,國立宜蘭大學,08112030,生物技術與動物科學系,8,8,0,2,0,2,0,3,0,1,0,0,0,7,7,0,8,8,0
106,公立,一般大學,0031,國立宜蘭大學,08121031,園藝學系,3,1,2,0,0,1,0,0,1,0,1,0,0,2,1,1,3,1,2
106,公立,一般大學,0031,國立宜蘭大學,08199037,生物資源學院碩士在職專班,2,2,0,0,0,1,0,1,0,0,0,0,0,2,2,0,2,2,0
106,公立,一般大學,0031,國立宜蘭大學,08211036,森林暨自然資源學系,4,4,0,2,0,0,0,1,0,1,0,0,0,3,3,0,4,4,0
106,公立,一般大學,0031,國立宜蘭大學,10152038,休閒產業與健康促進學系,10,4,6,1,0,0,1,2,1,1,4,0,0,5,3,2,10,4,6
106,公立,一般大學,0031,國立宜蘭大學,99999999,運動教育中心,1,1,0,1,0,0,0,0,0,0,0,0,0,1,1,0,1,1,0
106,公立,一般大學,0031,國立宜蘭大學,99999Z01,通識教育中心,40,23,17,2,0,2,2,13,8,6,7,0,0,27,17,10,40,23,17
106,公立,一般大學,0032,國立聯合大學,02122005,文化創意與數位行銷學系,14,10,4,0,0,0,0,4,1,6,3,0,0,5,4,1,14,10,4
106,公立,一般大學,0032,國立聯合大學,02123006,工業設計學系,14,11,3,0,0,1,0,1,0,9,3,0,0,2,2,0,14,11,3
106,公立,一般大學,0032,國立聯合大學,02199007,原住民文化創意產業學士學位學程原住民專班,9,4,5,0,0,0,0,0,0,4,5,0,0,0,0,0,9,4,5
106,公立,一般大學,0032,國立聯合大學,02321001,臺灣語文與傳播學系,3,1,2,0,0,0,0,0,1,1,1,0,0,1,0,1,3,1,2
106,公立,一般大學,0032,國立聯合大學,02323002,華語文學系,9,4,5,0,0,0,1,1,1,3,3,0,0,3,1,2,9,4,5
106,公立,一般大學,0032,國立聯合大學,04121014,財務金融學系,6,4,2,0,0,0,0,3,0,1,2,0,0,3,3,0,6,4,2
106,公立,一般大學,0032,國立聯合大學,04131011,經營管理學系,10,8,2,1,0,1,0,2,2,4,0,0,0,6,4,2,10,8,2
106,公立,一般大學,0032,國立聯合大學,06131016,資訊管理學系,1,1,0,0,0,0,0,0,0,1,0,0,0,0,0,0,1,1,0
106,公立,一般大學,0032,國立聯合大學,06131020,資訊工程學系,4,3,1,0,0,0,0,1,1,2,0,0,0,2,1,1,4,3,1
106,公立,一般大學,0032,國立聯合大學,07111028,化學工程學系,5,5,0,0,0,1,0,4,0,0,0,0,0,5,5,0,5,5,0
106,公立,一般大學,0032,國立聯合大學,07112029,材料科學工程學系,2,2,0,1,0,1,0,0,0,0,0,0,0,2,2,0,2,2,0
106,公立,一般大學,0032,國立聯合大學,07121034,環境與安全衛生工程學系,5,5,0,2,0,3,0,0,0,0,0,0,0,5,5,0,5,5,0
106,公立,一般大學,0032,國立聯合大學,07132035,能源工程學系,3,3,0,1,0,1,0,1,0,0,0,0,0,3,3,0,3,3,0
106,公立,一般大學,0032,國立聯合大學,07141017,電機工程學系,8,8,0,1,0,0,0,4,0,3,0,0,0,5,5,0,8,8,0
106,公立,一般大學,0032,國立聯合大學,07141018,電子工程學系,1,1,0,1,0,0,0,0,0,0,0,0,0,1,1,0,1,1,0
106,公立,一般大學,0032,國立聯合大學,07141019,光電工程學系,4,3,1,0,0,2,0,1,0,0,1,0,0,3,3,0,4,3,1
106,公立,一般大學,0032,國立聯合大學,07151025,機械工程學系,4,4,0,1,0,2,0,1,0,0,0,0,0,4,4,0,4,4,0
106,公立,一般大學,0032,國立聯合大學,07311040,建築學系,43,35,8,0,0,2,0,6,0,27,8,0,0,8,8,0,43,35,8
106,公立,一般大學,0032,國立聯合大學,07321027,土木與防災工程學系,10,8,2,1,0,0,0,3,1,4,1,0,0,5,4,1,10,8,2
106,公立,一般大學,0032,國立聯合大學,10151042,文化觀光產業學系,19,13,6,1,0,1,0,4,0,7,6,0,0,6,6,0,19,13,6
106,公立,一般大學,0032,國立聯合大學,99999Z01,共同教學中心,18,13,5,1,0,0,2,2,2,10,1,0,0,7,3,4,18,13,5
106,公立,一般大學,0032,國立聯合大學,99999Z01,通識教育中心,34,26,8,0,0,2,0,16,5,8,3,0,0,23,18,5,34,26,8
106,公立,一般大學,0032,國立聯合大學,99999Z08,語文中心,15,11,4,0,0,0,0,3,0,8,4,0,0,3,3,0,15,11,4
106,公立,技專校院,0033,國立虎尾科技大學,02112002,多媒體設計系,10,7,3,0,1,0,0,0,0,7,2,0,0,1,0,1,10,7,3
106,公立,技專校院,0033,國立虎尾科技大學,02311001,應用外語系,3,1,2,0,0,0,0,0,0,1,2,0,0,0,0,0,3,1,2
106,公立,技專校院,0033,國立虎尾科技大學,04121005,財務金融系,10,7,3,0,0,0,0,1,1,6,2,0,0,2,1,1,10,7,3
106,公立,技專校院,0033,國立虎尾科技大學,04131003,企業管理系,10,8,2,0,0,0,0,3,2,5,0,0,0,5,3,2,10,8,2
106,公立,技專校院,0033,國立虎尾科技大學,05121007,生物科技系,6,3,3,0,0,1,0,1,3,1,0,0,0,5,2,3,6,3,3
106,公立,技專校院,0033,國立虎尾科技大學,06131008,資訊管理系,5,3,2,0,0,0,0,2,0,1,2,0,0,2,2,0,5,3,2
106,公立,技專校院,0033,國立虎尾科技大學,07112025,材料科學與工程系,5,5,0,2,0,2,0,1,0,0,0,0,0,5,5,0,5,5,0
106,公立,技專校院,0033,國立虎尾科技大學,07141009,電機工程系,5,5,0,0,0,1,0,1,0,3,0,0,0,2,2,0,5,5,0
106,公立,技專校院,0033,國立虎尾科技大學,07141010,電子工程系,9,6,3,0,0,2,2,4,0,0,1,0,0,8,6,2,9,6,3
106,公立,技專校院,0033,國立虎尾科技大學,07141011,光電工程系,2,2,0,0,0,0,0,2,0,0,0,0,0,2,2,0,2,2,0
106,公立,技專校院,0033,國立虎尾科技大學,07151014,自動化工程系,5,4,1,0,0,1,0,1,0,2,1,0,0,2,2,0,5,4,1
106,公立,技專校院,0033,國立虎尾科技大學,07151016,動力機械工程系,4,3,1,0,0,0,1,3,0,0,0,0,0,4,3,1,4,3,1
106,公立,技專校院,0033,國立虎尾科技大學,07151018,飛機工程系,3,2,1,0,0,1,0,0,1,1,0,0,0,2,1,1,3,2,1
106,公立,技專校院,0033,國立虎尾科技大學,07151019,機械設計工程系,1,1,0,0,0,0,0,0,0,1,0,0,0,0,0,0,1,1,0
106,公立,技專校院,0033,國立虎尾科技大學,07151020,機械與電腦輔助工程系,20,19,1,2,0,6,0,4,0,7,1,0,0,12,12,0,20,19,1
106,公立,技專校院,0033,國立虎尾科技大學,07161017,車輛工程系,8,7,1,0,0,1,0,1,0,5,1,0,0,2,2,0,8,7,1
106,公立,技專校院,0033,國立虎尾科技大學,07191006,工業管理系,7,7,0,0,0,0,0,1,0,6,0,0,0,1,1,0,7,7,0
106,公立,技專校院,0033,國立虎尾科技大學,10199030,休閒遊憩系,1,1,0,0,0,0,0,1,0,0,0,0,0,1,1,0,1,1,0
106,公立,技專校院,0033,國立虎尾科技大學,99999Z01,通識教育中心,64,42,22,0,1,2,1,14,7,26,13,0,0,25,16,9,64,42,22
106,公立,技專校院,0033,國立虎尾科技大學,99999Z07,體育教育中心,13,11,2,0,0,1,0,2,0,8,2,0,0,3,3,0,13,11,2
106,公立,技專校院,0033,國立虎尾科技大學,99999Z08,語言教學中心,33,9,24,0,0,0,0,2,3,7,21,0,0,5,2,3,33,9,24
106,公立,技專校院,0034,國立高雄海洋科技大學,04132002,供應鏈管理系,5,4,1,0,0,0,0,1,0,3,1,0,0,1,1,0,5,4,1
106,公立,技專校院,0034,國立高雄海洋科技大學,06131006,資訊管理系,3,1,2,0,0,0,1,0,0,1,1,0,0,1,0,1,3,1,2
106,公立,技專校院,0034,國立高雄海洋科技大學,07121012,海洋環境工程系,9,9,0,0,0,2,0,5,0,2,0,0,0,7,7,0,9,9,0
106,公立,技專校院,0034,國立高雄海洋科技大學,07141007,微電子工程系,2,2,0,0,0,1,0,0,0,1,0,0,0,1,1,0,2,2,0
106,公立,技專校院,0034,國立高雄海洋科技大學,07141008,電訊工程系,12,8,4,2,0,0,0,3,0,3,4,0,0,5,5,0,12,8,4
106,公立,技專校院,0034,國立高雄海洋科技大學,07151010,輪機工程系,18,16,2,1,0,2,0,4,2,9,0,0,0,9,7,2,18,16,2
106,公立,技專校院,0034,國立高雄海洋科技大學,07163011,造船及海洋工程系,21,21,0,0,0,1,0,8,0,12,0,0,0,9,9,0,21,21,0
106,公立,技專校院,0034,國立高雄海洋科技大學,07194014,海洋工程學院海洋科技產學合作博士班,1,1,0,1,0,0,0,0,0,0,0,0,0,1,1,0,1,1,0
106,公立,技專校院,0034,國立高雄海洋科技大學,07211016,水產食品科學系,16,12,4,1,0,1,1,2,1,8,2,0,0,6,4,2,16,12,4
106,公立,技專校院,0034,國立高雄海洋科技大學,08193003,海洋事務與產業管理研究所,5,4,1,0,0,2,1,1,0,1,0,0,0,4,3,1,5,4,1
106,公立,技專校院,0034,國立高雄海洋科技大學,08311018,漁業生產與管理系,6,5,1,1,0,1,0,1,0,2,1,0,0,3,3,0,6,5,1
106,公立,技專校院,0034,國立高雄海洋科技大學,08312019,水產養殖系,12,7,5,0,0,0,0,4,1,3,4,0,0,5,4,1,12,7,5
106,公立,技專校院,0034,國立高雄海洋科技大學,10151021,海洋休閒管理系,10,8,2,0,0,2,0,3,1,3,1,0,0,6,5,1,10,8,2
106,公立,技專校院,0034,國立高雄海洋科技大學,10412023,航運管理系,22,18,4,1,0,1,0,3,1,13,3,0,0,6,5,1,22,18,4
106,公立,技專校院,0034,國立高雄海洋科技大學,10414024,航運技術系,10,8,2,0,0,1,0,2,0,5,2,0,0,3,3,0,10,8,2
106,公立,技專校院,0034,國立高雄海洋科技大學,10414027,海事資訊科技系,5,4,1,0,0,0,0,2,1,2,0,0,0,3,2,1,5,4,1
106,公立,技專校院,0034,國立高雄海洋科技大學,99999Z01,基礎教育中心,65,32,33,1,0,6,1,7,6,18,26,0,0,21,14,7,65,32,33
106,公立,技專校院,0034,國立高雄海洋科技大學,99999Z07,體育教育中心,21,17,4,0,0,4,1,4,0,9,3,0,0,9,8,1,21,17,4
106,公立,技專校院,0034,國立高雄海洋科技大學,99999Z08,外語教育中心,19,5,14,0,0,0,0,1,0,4,14,0,0,1,1,0,19,5,14
106,公立,一般大學,0035,國立臺南藝術大學,02111010,音像紀錄與影像維護研究所,1,1,0,1,0,0,0,0,0,0,0,0,0,1,1,0,1,1,0
106,公立,一般大學,0035,國立臺南藝術大學,02111013,動畫藝術與影像美學研究所,2,1,1,1,0,0,0,0,1,0,0,0,0,2,1,1,2,1,1
106,公立,一般大學,0035,國立臺南藝術大學,02131012,造形藝術研究所,1,1,0,0,0,0,0,1,0,0,0,0,0,1,1,0,1,1,0
106,公立,一般大學,0035,國立臺南藝術大學,02131016,藝術創作理論研究所,3,1,2,0,2,1,0,0,0,0,0,0,0,3,1,2,3,1,2
106,公立,一般大學,0035,國立臺南藝術大學,02141017,應用藝術研究所,2,1,1,0,0,1,1,0,0,0,0,0,0,2,1,1,2,1,1
106,公立,一般大學,0035,國立臺南藝術大學,02141020,材質創作與設計系,8,5,3,0,0,0,0,1,0,4,3,0,0,1,1,0,8,5,3
106,公立,一般大學,0035,國立臺南藝術大學,02151001,音樂學系,28,9,19,0,0,0,2,2,13,7,4,0,0,17,2,15,28,9,19
106,公立,一般大學,0035,國立臺南藝術大學,02151002,中國音樂學系,43,14,29,0,0,0,1,1,3,13,25,0,0,5,1,4,43,14,29
106,公立,一般大學,0035,國立臺南藝術大學,02151003,應用音樂學系,8,6,2,0,0,0,0,2,1,4,1,0,0,3,2,1,8,6,2
106,公立,一般大學,0035,國立臺南藝術大學,02151006,鋼琴合作藝術研究所,5,0,5,0,0,0,0,0,5,0,0,0,0,5,0,5,5,0,5
106,公立,一般大學,0035,國立臺南藝術大學,02191014,藝術史學系,7,6,1,1,0,0,0,3,0,2,1,0,0,4,4,0,7,6,1
106,公立,一般大學,0035,國立臺南藝術大學,02192022,博物館學與古物維護研究所,1,1,0,0,0,0,0,1,0,0,0,0,0,1,1,0,1,1,0
106,公立,一般大學,0035,國立臺南藝術大學,02199023,建築藝術研究所,1,1,0,0,0,0,0,1,0,0,0,0,0,1,1,0,1,1,0
106,公立,一般大學,0035,國立臺南藝術大學,99999Z01,通識教育中心,16,5,11,0,0,0,0,2,5,3,6,0,0,7,2,5,16,5,11
106,公立,一般大學,0036,國立臺南大學,01111001,教育學系,14,9,5,2,1,0,0,5,4,2,0,0,0,12,7,5,14,9,5
106,公立,一般大學,0036,國立臺南大學,01113019,特殊教育學系,6,3,3,1,1,1,0,1,2,0,0,0,0,6,3,3,6,3,3
106,公立,一般大學,0036,國立臺南大學,01141017,體育學系,8,6,2,0,0,2,1,1,1,3,0,0,0,5,3,2,8,6,2
106,公立,一般大學,0036,國立臺南大學,02111030,視覺藝術與設計學系,7,6,1,0,0,3,0,2,1,1,0,0,0,6,5,1,7,6,1
106,公立,一般大學,0036,國立臺南大學,02112035,動畫媒體設計研究所,1,1,0,0,0,1,0,0,0,0,0,0,0,1,1,0,1,1,0
106,公立,一般大學,0036,國立臺南大學,02151027,音樂學系,62,19,43,0,1,0,4,13,21,6,17,0,0,39,13,26,62,19,43
106,公立,一般大學,0036,國立臺南大學,02152029,戲劇創作與應用學系,4,2,2,0,0,0,0,0,0,2,2,0,0,0,0,0,4,2,2
106,公立,一般大學,0036,國立臺南大學,02311032,英語學系,17,1,16,0,0,0,0,0,3,1,13,0,0,3,0,3,17,1,16
106,公立,一般大學,0036,國立臺南大學,02322031,國語文學系,17,11,6,3,0,1,1,2,2,5,3,0,0,9,6,3,17,11,6
106,公立,一般大學,0036,國立臺南大學,03131036,諮商與輔導學系,9,4,5,0,0,1,2,2,2,1,1,0,0,7,3,4,9,4,5
106,公立,一般大學,0036,國立臺南大學,03143037,文化與自然資源學系,6,5,1,0,0,0,0,3,1,2,0,0,0,4,3,1,6,5,1
106,公立,一般大學,0036,國立臺南大學,04131041,經營與管理學系,4,4,0,0,0,2,0,2,0,0,0,0,0,4,4,0,4,4,0
106,公立,一般大學,0036,國立臺南大學,04134040,行政管理學系,4,3,1,0,0,0,0,2,1,1,0,0,0,3,2,1,4,3,1
106,公立,一般大學,0036,國立臺南大學,05212063,生態暨環境資源學系,4,4,0,0,0,2,0,2,0,0,0,0,0,4,4,0,4,4,0
106,公立,一般大學,0036,國立臺南大學,05411047,應用數學系,2,0,2,0,0,0,0,0,1,0,1,0,0,1,0,1,2,0,2
106,公立,一般大學,0036,國立臺南大學,06131052,資訊工程學系,2,2,0,0,0,0,0,2,0,0,0,0,0,2,2,0,2,2,0
106,公立,一般大學,0036,國立臺南大學,06134024,數位學習科技學系,4,3,1,0,0,0,0,1,1,2,0,0,0,2,1,1,4,3,1
106,公立,一般大學,0036,國立臺南大學,07132058,綠色能源科技學系,7,5,2,0,0,3,0,2,2,0,0,0,0,7,5,2,7,5,2
106,公立,一般大學,0036,國立臺南大學,07141049,電機工程學系,1,1,0,0,0,0,0,1,0,0,0,0,0,1,1,0,1,1,0
106,公立,一般大學,0036,國立臺南大學,07151054,機電系統工程研究所,3,3,0,2,0,0,0,1,0,0,0,0,0,3,3,0,3,3,0
106,公立,一般大學,0036,國立臺南大學,99999Z01,通識教育中心,30,20,10,0,0,1,0,14,6,5,4,0,0,21,15,6,30,20,10
106,公立,一般大學,0036,國立臺南大學,99999Z05,師資培育中心,10,5,5,0,0,1,0,3,3,1,2,0,0,7,4,3,10,5,5
106,公立,一般大學,0037,國立臺北教育大學,01114044,教育經營與管理學系,12,8,4,2,2,3,0,3,1,0,1,0,0,11,8,3,12,8,4
106,公立,一般大學,0037,國立臺北教育大學,01116020,課程與教學傳播科技研究所,5,1,4,0,2,1,0,0,2,0,0,0,0,5,1,4,5,1,4
106,公立,一般大學,0037,國立臺北教育大學,01121035,幼兒與家庭教育學系,7,1,6,0,0,0,0,0,0,1,6,0,0,0,0,0,7,1,6
106,公立,一般大學,0037,國立臺北教育大學,01131001,教育學系,5,3,2,0,0,1,0,0,1,2,1,0,0,2,1,1,5,3,2
106,公立,一般大學,0037,國立臺北教育大學,01131038,數學暨資訊教育學系,6,4,2,0,0,2,0,2,1,0,1,0,0,5,4,1,6,4,2
106,公立,一般大學,0037,國立臺北教育大學,01131040,自然科學教育學系,5,3,2,1,0,1,0,0,2,1,0,0,0,4,2,2,5,3,2
106,公立,一般大學,0037,國立臺北教育大學,01141002,體育學系,21,16,5,1,0,3,2,4,1,8,2,0,0,11,8,3,21,16,5
106,公立,一般大學,0037,國立臺北教育大學,02121014,藝術與造形設計學系,24,20,4,4,0,3,0,7,2,6,2,0,0,16,14,2,24,20,4
106,公立,一般大學,0037,國立臺北教育大學,02121028,文化創意產業經營學系,10,6,4,1,0,1,1,4,3,0,0,0,0,10,6,4,10,6,4
106,公立,一般大學,0037,國立臺北教育大學,02122011,數位科技設計學系,5,3,2,0,0,0,0,0,0,3,2,0,0,0,0,0,5,3,2
106,公立,一般大學,0037,國立臺北教育大學,02151031,音樂學系,66,22,44,3,6,6,14,5,9,8,15,0,0,43,14,29,66,22,44
106,公立,一般大學,0037,國立臺北教育大學,02311023,兒童英語教育學系,13,6,7,1,0,0,1,0,2,5,4,0,0,4,1,3,13,6,7
106,公立,一般大學,0037,國立臺北教育大學,02399018,語文與創作學系,15,9,6,1,0,3,0,3,3,2,3,0,0,10,7,3,15,9,6
106,公立,一般大學,0037,國立臺北教育大學,03131007,心理與諮商學系,4,1,3,0,0,0,1,0,1,1,1,0,0,2,0,2,4,1,3
106,公立,一般大學,0037,國立臺北教育大學,03143005,社會與區域發展學系,6,5,1,1,0,2,0,2,1,0,0,0,0,6,5,1,6,5,1
106,公立,一般大學,0037,國立臺北教育大學,03143025,臺灣文化研究所,3,2,1,2,1,0,0,0,0,0,0,0,0,3,2,1,3,2,1
106,公立,一般大學,0037,國立臺北教育大學,06134004,資訊科學系,3,2,1,0,0,2,0,0,1,0,0,0,0,3,2,1,3,2,1
106,公立,一般大學,0037,國立臺北教育大學,99999Z01,通識教育中心,7,4,3,0,0,1,0,1,1,2,2,0,0,3,2,1,7,4,3
106,公立,一般大學,0037,國立臺北教育大學,99999Z05,師資培育暨就業輔導中心,16,7,9,0,0,1,2,2,4,4,3,0,0,9,3,6,16,7,9
106,公立,一般大學,0039,國立臺中教育大學,01111001,教育學系,18,12,6,4,1,3,2,5,2,0,1,0,0,17,12,5,18,12,6
106,公立,一般大學,0039,國立臺中教育大學,01113022,特殊教育學系,12,10,2,1,0,1,0,8,2,0,0,0,0,12,10,2,12,10,2
106,公立,一般大學,0039,國立臺中教育大學,01114025,高等教育經營管理碩士學位學程,4,4,0,0,0,0,0,4,0,0,0,0,0,4,4,0,4,4,0
106,公立,一般大學,0039,國立臺中教育大學,01117028,教育資訊與測驗統計研究所,5,4,1,1,1,0,0,3,0,0,0,0,0,5,4,1,5,4,1
106,公立,一般大學,0039,國立臺中教育大學,01121021,幼兒教育學系,2,1,1,0,0,1,1,0,0,0,0,0,0,2,1,1,2,1,1
106,公立,一般大學,0039,國立臺中教育大學,01131006,語文教育學系,17,7,10,1,1,0,1,4,6,2,2,0,0,13,5,8,17,7,10
106,公立,一般大學,0039,國立臺中教育大學,01131008,科學教育與應用學系,5,3,2,0,0,2,0,1,1,0,1,0,0,4,3,1,5,3,2
106,公立,一般大學,0039,國立臺中教育大學,01131011,數學教育學系,4,4,0,1,0,1,0,1,0,1,0,0,0,3,3,0,4,4,0
106,公立,一般大學,0039,國立臺中教育大學,01141019,體育學系,18,14,4,0,1,1,0,2,0,11,3,0,0,4,3,1,18,14,4
106,公立,一般大學,0039,國立臺中教育大學,02122034,文化創意產業設計與營運學系,8,7,1,0,0,0,0,0,0,7,1,0,0,0,0,0,8,7,1
106,公立,一般大學,0039,國立臺中教育大學,02131029,美術學系,8,5,3,1,0,0,0,0,1,4,2,0,0,2,1,1,8,5,3
106,公立,一般大學,0039,國立臺中教育大學,02151030,音樂學系,96,26,70,2,0,3,7,10,23,11,40,0,0,45,15,30,96,26,70
106,公立,一般大學,0039,國立臺中教育大學,02311032,英語學系,13,4,9,1,0,0,0,2,3,1,6,0,0,6,3,3,13,4,9
106,公立,一般大學,0039,國立臺中教育大學,02321031,臺灣語文學系,2,2,0,0,0,0,0,0,0,2,0,0,0,0,0,0,2,2,0
106,公立,一般大學,0039,國立臺中教育大學,03131035,諮商與應用心理學系,12,8,4,0,0,2,1,6,2,0,1,0,0,11,8,3,12,8,4
106,公立,一般大學,0039,國立臺中教育大學,03199037,區域與社會發展學系,9,4,5,1,2,0,0,1,2,2,1,0,0,6,2,4,9,4,5
106,公立,一般大學,0039,國立臺中教育大學,04131039,國際企業學系,15,10,5,1,0,3,0,2,1,4,4,0,0,7,6,1,15,10,5
106,公立,一般大學,0039,國立臺中教育大學,06131042,資訊工程學系,2,2,0,1,0,1,0,0,0,0,0,0,0,2,2,0,2,2,0
106,公立,一般大學,0039,國立臺中教育大學,06133041,數位內容科技學系,3,2,1,0,0,0,0,0,0,2,1,0,0,0,0,0,3,2,1
106,公立,一般大學,0039,國立臺中教育大學,99999Z01,通識教育中心,23,8,15,0,0,1,1,1,1,6,13,0,0,4,2,2,23,8,15
106,公立,一般大學,0039,國立臺中教育大學,99999Z05,師資培育暨就業輔導處,8,6,2,0,0,0,0,4,0,2,2,0,0,4,4,0,8,6,2
106,公立,技專校院,0042,國立澎湖科技大學,02311001,應用外語系,3,1,2,0,0,0,0,1,0,0,2,0,0,1,1,0,3,1,2
106,公立,技專校院,0042,國立澎湖科技大學,04132002,行銷與物流管理系,2,2,0,0,0,0,0,0,0,2,0,0,0,0,0,0,2,2,0
106,公立,技專校院,0042,國立澎湖科技大學,06131004,資訊管理系,1,1,0,1,0,0,0,0,0,0,0,0,0,1,1,0,1,1,0
106,公立,技專校院,0042,國立澎湖科技大學,07141009,電信工程系,1,1,0,0,0,1,0,0,0,0,0,0,0,1,1,0,1,1,0
106,公立,技專校院,0042,國立澎湖科技大學,07211011,食品科學系,1,0,1,0,0,0,0,0,1,0,0,0,0,1,0,1,1,0,1
106,公立,技專校院,0042,國立澎湖科技大學,08312012,水產養殖系,2,1,1,0,0,0,0,1,1,0,0,0,0,2,1,1,2,1,1
106,公立,技專校院,0042,國立澎湖科技大學,10151016,觀光休閒系,4,4,0,0,0,0,0,0,0,4,0,0,0,0,0,0,4,4,0
106,公立,技專校院,0042,國立澎湖科技大學,10152022,海洋遊憩系,3,2,1,0,0,1,0,0,0,1,1,0,0,1,1,0,3,2,1
106,公立,技專校院,0042,國立澎湖科技大學,10412025,航運管理系,1,1,0,0,0,0,0,0,0,1,0,0,0,0,0,0,1,1,0
106,公立,技專校院,0042,國立澎湖科技大學,99999Z01,通識(教育)中心,18,11,7,0,0,0,0,0,1,11,6,0,0,1,0,1,18,11,7
106,公立,技專校院,0043,國立勤益科技大學,02299005,文化創意事業系,8,6,2,0,0,3,0,2,2,1,0,0,0,7,5,2,8,6,2
106,公立,技專校院,0043,國立勤益科技大學,02311001,應用英語(文)系,19,9,10,0,0,0,0,7,3,2,7,0,0,10,7,3,19,9,10
106,公立,技專校院,0043,國立勤益科技大學,04131002,企業管理(學)系,34,24,10,1,0,0,1,8,4,15,5,0,0,14,9,5,34,24,10
106,公立,技專校院,0043,國立勤益科技大學,04132003,流通(科技)管理系,9,8,1,0,0,0,0,1,1,7,0,0,0,2,1,1,9,8,1
106,公立,技專校院,0043,國立勤益科技大學,06131010,資訊管理(學)系,19,19,0,0,0,2,0,12,0,5,0,0,0,14,14,0,19,19,0
106,公立,技專校院,0043,國立勤益科技大學,06131013,資訊工程系,22,19,3,0,1,4,1,11,0,4,1,0,0,17,15,2,22,19,3
106,公立,技專校院,0043,國立勤益科技大學,07111020,化工與材料工程系,23,21,2,3,0,2,0,14,1,2,1,0,0,20,19,1,23,21,2
106,公立,技專校院,0043,國立勤益科技大學,07132026,冷凍空調與能源系,22,21,1,1,0,0,0,11,0,9,1,0,0,12,12,0,22,21,1
106,公立,技專校院,0043,國立勤益科技大學,07141011,電機工程(學)系,32,30,2,3,0,5,0,12,1,10,1,0,0,21,20,1,32,30,2
106,公立,技專校院,0043,國立勤益科技大學,07141012,電子工程(學)系,26,24,2,1,0,3,0,17,1,3,1,0,0,22,21,1,26,24,2
106,公立,技專校院,0043,國立勤益科技大學,07151016,機械工程(學)系,21,20,1,0,0,4,0,11,1,5,0,0,0,16,15,1,21,20,1
106,公立,技專校院,0043,國立勤益科技大學,07191022,工業工程與(工程)管理系,42,35,7,2,0,2,1,22,1,9,5,0,0,28,26,2,42,35,7
106,公立,技專校院,0043,國立勤益科技大學,07194024,精密製造科技研究所博士班,1,1,0,0,0,0,0,1,0,0,0,0,0,1,1,0,1,1,0
106,公立,技專校院,0043,國立勤益科技大學,07312029,景觀系,22,16,6,0,0,0,1,7,2,9,3,0,0,10,7,3,22,16,6
106,公立,技專校院,0043,國立勤益科技大學,10151032,休閒產業管理系,17,11,6,2,0,1,0,5,0,3,6,0,0,8,8,0,17,11,6
106,公立,技專校院,0043,國立勤益科技大學,99999Z01,基礎通識教育中心,65,42,23,5,0,3,2,27,15,7,6,0,0,52,35,17,65,42,23
106,公立,技專校院,0043,國立勤益科技大學,99999Z01,博雅通識教育中心,38,23,15,2,0,1,0,14,9,6,6,0,0,26,17,9,38,23,15
106,公立,技專校院,0043,國立勤益科技大學,99999Z07,體育室,32,28,4,3,0,6,1,5,1,14,2,0,0,16,14,2,32,28,4
106,公立,技專校院,0043,國立勤益科技大學,99999Z08,語言中心,39,8,31,0,0,0,2,2,12,6,17,0,0,16,2,14,39,8,31
106,公立,一般大學,0044,國立體育大學,01141001,體育研究所,5,4,1,3,0,0,0,1,1,0,0,0,0,5,4,1,5,4,1
106,公立,一般大學,0044,國立體育大學,10141005,球類運動技術學系,3,1,2,1,0,0,0,0,1,0,1,0,0,2,1,1,3,1,2
106,公立,一般大學,0044,國立體育大學,10141007,技擊運動技術學系,4,2,2,1,0,0,0,0,0,1,2,0,0,1,1,0,4,2,2
106,公立,一般大學,0044,國立體育大學,10141008,競技與教練科學研究所,1,1,0,1,0,0,0,0,0,0,0,0,0,1,1,0,1,1,0
106,公立,一般大學,0044,國立體育大學,10152014,運動保健學系,6,4,2,0,0,0,0,1,0,3,2,0,0,1,1,0,6,4,2
106,公立,一般大學,0044,國立體育大學,10152015,休閒產業經營學系,12,9,3,0,0,2,0,1,0,6,3,0,0,3,3,0,12,9,3
106,公立,一般大學,0044,國立體育大學,10152016,體育推廣學系,13,9,4,0,0,1,0,2,1,6,3,0,0,4,3,1,13,9,4
106,公立,一般大學,0044,國立體育大學,10152017,適應體育學系,6,5,1,0,0,0,0,0,0,5,1,0,0,0,0,0,6,5,1
106,公立,一般大學,0044,國立體育大學,10152020,國際體育事務碩士學位學程,1,1,0,0,0,0,0,1,0,0,0,0,0,1,1,0,1,1,0
106,公立,一般大學,0044,國立體育大學,99999Z01,通識教育中心,18,12,6,0,0,0,0,6,2,6,4,0,0,8,6,2,18,12,6
106,公立,一般大學,0044,國立體育大學,99999Z03,學生事務處,2,2,0,1,0,0,0,0,0,1,0,0,0,1,1,0,2,2,0
106,公立,一般大學,0044,國立體育大學,99999Z05,師資培育中心,3,2,1,0,0,0,0,1,1,1,0,0,0,2,1,1,3,2,1
106,公立,技專校院,0046,國立臺北護理健康大學,01141019,醫護教育暨數位學習系,2,0,2,0,1,0,1,0,0,0,0,0,0,2,0,2,2,0,2
106,公立,技專校院,0046,國立臺北護理健康大學,03131002,生死與健康心理諮商系,9,4,5,0,0,0,0,1,0,3,5,0,0,1,1,0,9,4,5
106,公立,技專校院,0046,國立臺北護理健康大學,04133004,健康事業管理系,33,17,16,0,0,1,0,7,6,9,10,0,0,14,8,6,33,17,16
106,公立,技專校院,0046,國立臺北護理健康大學,06131006,資訊管理系,23,16,7,0,0,2,0,8,1,6,6,0,0,11,10,1,23,16,7
106,公立,技專校院,0046,國立臺北護理健康大學,09131009,護理系,68,22,46,2,1,4,4,10,10,6,31,0,0,31,16,15,68,22,46
106,公立,技專校院,0046,國立臺北護理健康大學,09131010,中西醫結合護理研究所,2,2,0,1,0,1,0,0,0,0,0,0,0,2,2,0,2,2,0
106,公立,技專校院,0046,國立臺北護理健康大學,09131011,助產及婦女健康照護系,8,3,5,0,1,1,1,2,1,0,2,0,0,6,3,3,8,3,5
106,公立,技專校院,0046,國立臺北護理健康大學,09153007,語言治療與聽力學系,23,9,14,1,1,1,0,4,5,3,8,0,0,12,6,6,23,9,14
106,公立,技專校院,0046,國立臺北護理健康大學,09199015,高齡健康照護系,2,1,1,0,0,0,0,1,1,0,0,0,0,2,1,1,2,1,1
106,公立,技專校院,0046,國立臺北護理健康大學,09211013,長期照護系,7,3,4,2,0,0,0,0,2,1,2,0,0,4,2,2,7,3,4
106,公立,技專校院,0046,國立臺北護理健康大學,09221014,嬰幼兒保育系,17,6,11,2,1,0,1,1,4,3,5,0,0,9,3,6,17,6,11
106,公立,技專校院,0046,國立臺北護理健康大學,10142017,運動保健系,11,6,5,1,0,1,0,0,2,4,3,0,0,4,2,2,11,6,5
106,公立,技專校院,0046,國立臺北護理健康大學,10151018,休閒產業與健康促進系,7,4,3,0,0,0,0,1,2,3,1,0,0,3,1,2,7,4,3
106,公立,技專校院,0046,國立臺北護理健康大學,99999Z01,通識(教育)中心,63,24,39,1,0,5,2,7,15,11,22,0,0,30,13,17,63,24,39
106,公立,技專校院,0047,國立高雄餐旅大學,02311002,應用英語系,35,9,26,0,0,0,1,1,1,8,24,0,0,3,1,2,35,9,26
106,公立,技專校院,0047,國立高雄餐旅大學,02311003,應用日語系,10,3,7,0,0,0,0,0,1,3,6,0,0,1,0,1,10,3,7
106,公立,技專校院,0047,國立高雄餐旅大學,10131004,旅館管理系,8,6,2,0,0,0,0,0,0,6,2,0,0,0,0,0,8,6,2
106,公立,技專校院,0047,國立高雄餐旅大學,10131005,中餐廚藝系,2,2,0,0,0,0,0,0,0,2,0,0,0,0,0,0,2,2,0
106,公立,技專校院,0047,國立高雄餐旅大學,10131005,西餐廚藝系,1,1,0,1,0,0,0,0,0,0,0,0,0,1,1,0,1,1,0
106,公立,技專校院,0047,國立高雄餐旅大學,10131007,烘焙管理系,5,5,0,0,0,0,0,0,0,5,0,0,0,0,0,0,5,5,0
106,公立,技專校院,0047,國立高雄餐旅大學,10131009,國際廚藝學士學位學程,4,2,2,0,0,0,0,2,0,0,2,0,0,2,2,0,4,2,2
106,公立,技專校院,0047,國立高雄餐旅大學,10131010,餐旅暨會展行銷管理系,8,5,3,0,0,1,0,0,0,4,3,0,0,1,1,0,8,5,3
106,公立,技專校院,0047,國立高雄餐旅大學,10131028,餐飲廚藝科,5,3,2,0,0,0,0,1,0,2,2,0,0,1,1,0,5,3,2
106,公立,技專校院,0047,國立高雄餐旅大學,10131030,餐飲管理系,8,4,4,1,0,0,0,2,1,1,3,0,0,4,3,1,8,4,4
106,公立,技專校院,0047,國立高雄餐旅大學,10151013,休閒暨遊憩管理系,8,6,2,0,0,1,0,3,1,2,1,0,0,5,4,1,8,6,2
106,公立,技專校院,0047,國立高雄餐旅大學,10151015,旅運管理系,10,3,7,0,0,0,0,1,0,2,7,0,0,1,1,0,10,3,7
106,公立,技專校院,0047,國立高雄餐旅大學,10151016,國際觀光學士學位學程,2,0,2,0,0,0,0,0,1,0,1,0,0,1,0,1,2,0,2
106,公立,技專校院,0047,國立高雄餐旅大學,10151029,觀光研究所,3,3,0,2,0,1,0,0,0,0,0,0,0,3,3,0,3,3,0
106,公立,技專校院,0047,國立高雄餐旅大學,10499019,航空暨運輸服務管理系,12,8,4,1,0,1,0,2,0,4,4,0,0,4,4,0,12,8,4
106,公立,技專校院,0047,國立高雄餐旅大學,99999Z01,通識教育中心,57,36,21,0,0,1,0,13,6,22,15,0,0,20,14,6,57,36,21
106,公立,一般大學,0048,國立金門大學,02311002,應用英語學系,7,4,3,0,0,1,0,0,0,3,3,0,0,1,1,0,7,4,3
106,公立,一般大學,0048,國立金門大學,02323001,華語文學系,6,5,1,1,0,1,0,1,0,2,1,0,0,3,3,0,6,5,1
106,公立,一般大學,0048,國立金門大學,03121006,國際暨大陸事務學系,6,6,0,1,0,0,0,3,0,2,0,0,0,4,4,0,6,6,0
106,公立,一般大學,0048,國立金門大學,03143005,閩南文化研究所,3,2,1,1,0,1,1,0,0,0,0,0,0,3,2,1,3,2,1
106,公立,一般大學,0048,國立金門大學,04131009,企業管理學系,20,15,5,0,0,1,0,5,0,9,5,0,0,6,6,0,20,15,5
106,公立,一般大學,0048,國立金門大學,04212013,海洋與邊境管理學系,5,5,0,0,0,0,0,0,0,5,0,0,0,0,0,0,5,5,0
106,公立,一般大學,0048,國立金門大學,06131019,資訊工程學系,1,1,0,0,0,0,0,0,0,1,0,0,0,0,0,0,1,1,0
106,公立,一般大學,0048,國立金門大學,07141017,電子工程學系,2,2,0,1,0,0,0,0,0,1,0,0,0,1,1,0,2,2,0
106,公立,一般大學,0048,國立金門大學,07311026,建築學系,14,12,2,0,0,0,0,2,0,10,2,0,0,2,2,0,14,12,2
106,公立,一般大學,0048,國立金門大學,07313028,都市計畫與景觀學系,5,5,0,0,0,1,0,1,0,3,0,0,0,2,2,0,5,5,0
106,公立,一般大學,0048,國立金門大學,07321021,土木與工程管理學系,5,5,0,0,0,0,0,2,0,3,0,0,0,2,2,0,5,5,0
106,公立,一般大學,0048,國立金門大學,09131031,護理學系,9,2,7,0,0,0,0,0,1,2,6,0,0,1,0,1,9,2,7
106,公立,一般大學,0048,國立金門大學,09191032,長期照護學系,3,2,1,0,0,0,0,0,0,2,1,0,0,0,0,0,3,2,1
106,公立,一般大學,0048,國立金門大學,09231033,社會工作學系,6,2,4,0,0,0,0,0,0,2,4,0,0,0,0,0,6,2,4
106,公立,一般大學,0048,國立金門大學,10151034,觀光管理學系,11,6,5,0,0,0,0,1,1,5,4,0,0,2,1,1,11,6,5
106,公立,一般大學,0048,國立金門大學,10152011,管理學院事業經營碩士在職專班,2,1,1,0,0,0,0,1,1,0,0,0,0,2,1,1,2,1,1
106,公立,一般大學,0048,國立金門大學,10152036,運動與休閒學系,8,6,2,1,0,0,0,0,0,5,2,0,0,1,1,0,8,6,2
106,公立,一般大學,0048,國立金門大學,99999Z01,通識教育中心,28,22,6,2,0,1,0,5,5,14,1,0,0,13,8,5,28,22,6
106,公立,一般大學,0049,國立臺灣體育運動大學,01141001,體育學系,44,26,18,2,0,0,1,0,3,24,14,0,0,6,2,4,44,26,18
106,公立,一般大學,0049,國立臺灣體育運動大學,02152002,舞蹈學系,17,4,13,0,0,0,1,1,1,3,11,0,0,3,1,2,17,4,13
106,公立,一般大學,0049,國立臺灣體育運動大學,10141003,競技運動學系,7,4,3,0,0,0,0,0,0,4,3,0,0,0,0,0,7,4,3
106,公立,一般大學,0049,國立臺灣體育運動大學,10141004,球類運動學系,13,11,2,0,0,0,0,0,0,11,2,0,0,0,0,0,13,11,2
106,公立,一般大學,0049,國立臺灣體育運動大學,10141005,技擊運動學系,11,8,3,0,0,2,0,0,0,6,3,0,0,2,2,0,11,8,3
106,公立,一般大學,0049,國立臺灣體育運動大學,10142006,運動健康科學學系,13,9,4,0,0,0,0,2,1,7,3,0,0,3,2,1,13,9,4
106,公立,一般大學,0049,國立臺灣體育運動大學,10152007,休閒運動學系,15,12,3,0,0,0,0,0,0,12,3,0,0,0,0,0,15,12,3
106,公立,一般大學,0049,國立臺灣體育運動大學,10152010,運動事業管理學系,7,5,2,0,0,1,0,0,0,4,2,0,0,1,1,0,7,5,2
106,公立,一般大學,0049,國立臺灣體育運動大學,10152012,運動資訊與傳播學系,6,4,2,0,0,2,0,0,1,2,1,0,0,3,2,1,6,4,2
106,公立,一般大學,0049,國立臺灣體育運動大學,99999Z01,通識教育中心,19,13,6,2,0,1,0,4,2,6,4,0,0,9,7,2,19,13,6
106,公立,技專校院,0050,國立臺中科技大學,02112005,多媒體設計系,6,6,0,0,0,0,0,1,0,5,0,0,0,1,1,0,6,6,0
106,公立,技專校院,0050,國立臺中科技大學,02123006,商業設計學系,32,18,14,1,0,3,0,4,2,10,12,0,0,10,8,2,32,18,14
106,公立,技專校院,0050,國立臺中科技大學,02123007,創意商品設計系,8,4,4,0,1,0,0,0,0,4,3,0,0,1,0,1,8,4,4
106,公立,技專校院,0050,國立臺中科技大學,02124008,室內設計學系,11,9,2,1,0,1,0,2,0,5,2,0,0,4,4,0,11,9,2
106,公立,技專校院,0050,國立臺中科技大學,02311003,應用英語(文)系,25,10,15,0,0,1,2,0,1,9,12,0,0,4,1,3,25,10,15
106,公立,技專校院,0050,國立臺中科技大學,02311004,應用日語系,11,8,3,1,0,3,1,1,0,3,2,0,0,6,5,1,11,8,3
106,公立,技專校院,0050,國立臺中科技大學,02322001,應用中文系,4,3,1,1,0,0,0,1,1,1,0,0,0,3,2,1,4,3,1
106,公立,技專校院,0050,國立臺中科技大學,04111012,會計資訊系,56,30,26,0,0,3,0,3,4,24,22,0,0,10,6,4,56,30,26
106,公立,技專校院,0050,國立臺中科技大學,04121021,財務金融系,19,8,11,0,1,2,2,0,0,6,8,0,0,5,2,3,19,8,11
106,公立,技專校院,0050,國立臺中科技大學,04122028,財政稅務系,20,13,7,2,0,0,0,7,2,4,5,0,0,11,9,2,20,13,7
106,公立,技專校院,0050,國立臺中科技大學,04123027,保險金融管理系,32,23,9,2,0,2,0,3,3,16,6,0,0,10,7,3,32,23,9
106,公立,技專校院,0050,國立臺中科技大學,04131015,企業管理系,41,26,15,0,0,2,1,9,4,15,10,0,0,16,11,5,41,26,15
106,公立,技專校院,0050,國立臺中科技大學,04132029,流通(科技)管理系,2,2,0,0,0,0,0,1,0,1,0,0,0,1,1,0,2,2,0
106,公立,技專校院,0050,國立臺中科技大學,04141020,國際貿易與經營系,36,24,12,0,0,3,2,5,1,16,9,0,0,11,8,3,36,24,12
106,公立,技專校院,0050,國立臺中科技大學,05421032,應用統計系,3,3,0,0,0,0,0,0,0,3,0,0,0,0,0,0,3,3,0
106,公立,技專校院,0050,國立臺中科技大學,06131033,資訊管理系,40,26,14,1,0,3,3,7,1,15,10,0,0,15,11,4,40,26,14
106,公立,技專校院,0050,國立臺中科技大學,07141036,資訊工程系,19,15,4,0,0,2,0,3,1,10,3,0,0,6,5,1,19,15,4
106,公立,技專校院,0050,國立臺中科技大學,09131037,護理系(科),46,11,35,0,3,2,2,6,7,3,23,0,0,20,8,12,46,11,35
106,公立,技專校院,0050,國立臺中科技大學,09211038,老人服務事業管理系(科),14,6,8,1,0,1,0,2,0,2,8,0,0,4,4,0,14,6,8
106,公立,技專校院,0050,國立臺中科技大學,10121040,美容系(科),12,4,8,0,0,0,2,2,1,2,5,0,0,5,2,3,12,4,8
106,公立,技專校院,0050,國立臺中科技大學,10151039,休閒事(產)業經營系,20,11,9,0,0,2,1,1,2,8,6,0,0,6,3,3,20,11,9
106,公立,技專校院,0050,國立臺中科技大學,99999Z01,通識教育中心,97,57,40,1,1,3,3,26,10,27,26,0,0,44,30,14,97,57,40
106,公立,技專校院,0050,國立臺中科技大學,99999Z07,體育室,37,28,9,1,0,9,0,5,5,13,4,0,0,20,15,5,37,28,9
106,公立,技專校院,0050,國立臺中科技大學,99999Z08,語言中心,41,11,30,0,0,0,0,1,3,10,27,0,0,4,1,3,41,11,30
106,公立,技專校院,0051,國立臺北商業大學,02112007,數位多媒體設計系,13,9,4,0,0,0,0,1,2,8,2,0,0,3,1,2,13,9,4
106,公立,技專校院,0051,國立臺北商業大學,02123019,商品創意經營系,10,5,5,1,0,0,0,1,0,3,5,0,0,2,2,0,10,5,5
106,公立,技專校院,0051,國立臺北商業大學,02311006,應用外語系,58,35,23,0,0,5,1,9,12,21,10,0,0,27,14,13,58,35,23
106,公立,技專校院,0051,國立臺北商業大學,04111009,會計資訊系,51,30,21,2,0,7,6,4,2,17,13,0,0,21,13,8,51,30,21
106,公立,技專校院,0051,國立臺北商業大學,04121013,財務金融系,20,15,5,0,0,0,0,5,0,10,5,0,0,5,5,0,20,15,5
106,公立,技專校院,0051,國立臺北商業大學,04122014,財政稅務系,39,20,19,1,1,1,4,6,4,12,10,0,0,17,8,9,39,20,19
106,公立,技專校院,0051,國立臺北商業大學,04131010,企業管理系,110,65,45,1,1,3,3,16,9,45,32,0,0,33,20,13,110,65,45
106,公立,技專校院,0051,國立臺北商業大學,04141012,國際商務系,46,23,23,1,0,2,1,5,3,15,19,0,0,12,8,4,46,23,23
106,公立,技專校院,0051,國立臺北商業大學,04199015,商業設計管理系,10,6,4,0,0,0,0,0,1,6,3,0,0,1,0,1,10,6,4
106,公立,技專校院,0051,國立臺北商業大學,04199021,貿易實務法律暨談判碩士學位學程,1,0,1,0,0,0,0,0,1,0,0,0,0,1,0,1,1,0,1
106,公立,技專校院,0051,國立臺北商業大學,06131017,資訊管理系,30,19,11,0,1,3,1,6,0,10,9,0,0,11,9,2,30,19,11
106,公立,技專校院,0051,國立臺北商業大學,06131018,資訊與決策科學研究所,2,2,0,0,0,0,0,2,0,0,0,0,0,2,2,0,2,2,0
106,公立,技專校院,0051,國立臺北商業大學,99999Z01,通識教育中心,69,31,38,0,0,3,3,14,24,14,11,0,0,44,17,27,69,31,38
106,公立,技專校院,0051,國立臺北商業大學,99999Z03,軍訓教官,1,0,1,0,0,0,0,0,0,0,1,0,0,0,0,0,1,0,1
106,公立,技專校院,0051,國立臺北商業大學,99999Z07,體育室,17,11,6,0,0,1,3,4,0,6,3,0,0,8,5,3,17,11,6
106,公立,一般大學,0052,國立屏東大學,01111001,教育學系,9,4,5,0,0,0,0,4,4,0,1,0,0,8,4,4,9,4,5
106,公立,一般大學,0052,國立屏東大學,01111003,教育心理與輔導學系,4,2,2,0,0,0,1,1,1,1,0,0,0,3,1,2,4,2,2
106,公立,一般大學,0052,國立屏東大學,01113017,特殊教育學系,8,5,3,3,1,0,1,0,1,2,0,0,0,6,3,3,8,5,3
106,公立,一般大學,0052,國立屏東大學,01114018,教育行政研究所,3,1,2,0,0,0,0,1,2,0,0,0,0,3,1,2,3,1,2
106,公立,一般大學,0052,國立屏東大學,01121016,幼兒教育學系,7,1,6,0,0,0,0,0,1,1,5,0,0,1,0,1,7,1,6
106,公立,一般大學,0052,國立屏東大學,01141014,體育學系,16,13,3,0,0,0,0,1,0,12,3,0,0,1,1,0,16,13,3
106,公立,一般大學,0052,國立屏東大學,01199023,科普傳播學系,1,1,0,0,0,0,0,1,0,0,0,0,0,1,1,0,1,1,0
106,公立,一般大學,0052,國立屏東大學,01199Y03,教育學院,8,1,7,0,0,0,1,1,1,0,5,0,0,3,1,2,8,1,7
106,公立,一般大學,0052,國立屏東大學,02111025,視覺藝術學系,8,7,1,0,0,1,0,1,1,5,0,0,0,3,2,1,8,7,1
106,公立,一般大學,0052,國立屏東大學,02151024,音樂學系,44,11,33,0,1,0,1,4,12,7,19,0,0,18,4,14,44,11,33
106,公立,一般大學,0052,國立屏東大學,02299033,文化創意產業學系,3,1,2,0,0,0,0,0,1,1,1,0,0,1,0,1,3,1,2
106,公立,一般大學,0052,國立屏東大學,02299034,原住民族健康休閒與文化產業學士學位學程原住民專班,10,3,7,0,0,0,0,0,0,3,7,0,0,0,0,0,10,3,7
106,公立,一般大學,0052,國立屏東大學,02311029,英語學系,3,0,3,0,0,0,0,0,0,0,3,0,0,0,0,0,3,0,3
106,公立,一般大學,0052,國立屏東大學,02311030,應用英語學系,2,0,2,0,0,0,0,0,0,0,2,0,0,0,0,0,2,0,2
106,公立,一般大學,0052,國立屏東大學,02311031,應用日語學系,2,0,2,0,0,0,0,0,0,0,2,0,0,0,0,0,2,0,2
106,公立,一般大學,0052,國立屏東大學,03141036,社會發展學系,4,2,2,0,0,2,0,0,2,0,0,0,0,4,2,2,4,2,2
106,公立,一般大學,0052,國立屏東大學,04111038,會計學系,4,0,4,0,0,0,1,0,0,0,3,0,0,1,0,1,4,0,4
106,公立,一般大學,0052,國立屏東大學,04121045,財務金融學系,5,4,1,1,0,0,0,2,0,1,1,0,0,3,3,0,5,4,1
106,公立,一般大學,0052,國立屏東大學,04131039,企業管理學系,3,2,1,0,0,0,0,0,0,2,1,0,0,0,0,0,3,2,1
106,公立,一般大學,0052,國立屏東大學,04132046,行銷與流通管理學系,11,9,2,0,0,1,0,5,2,3,0,0,0,8,6,2,11,9,2
106,公立,一般大學,0052,國立屏東大學,04141044,國際貿易學系,3,2,1,0,0,0,0,0,0,2,1,0,0,0,0,0,3,2,1
106,公立,一般大學,0052,國立屏東大學,05311050,應用化學系,3,2,1,0,0,0,0,2,1,0,0,0,0,3,2,1,3,2,1
106,公立,一般大學,0052,國立屏東大學,05331053,應用物理系,1,1,0,1,0,0,0,0,0,0,0,0,0,1,1,0,1,1,0
106,公立,一般大學,0052,國立屏東大學,05411055,應用數學系,1,1,0,0,0,1,0,0,0,0,0,0,0,1,1,0,1,1,0
106,公立,一般大學,0052,國立屏東大學,06131057,資訊管理學系,10,10,0,0,0,0,0,1,0,9,0,0,0,1,1,0,10,10,0
106,公立,一般大學,0052,國立屏東大學,06131061,資訊科學系,3,3,0,0,0,0,0,1,0,2,0,0,0,1,1,0,3,3,0
106,公立,一般大學,0052,國立屏東大學,07141062,電腦與通訊學系,1,1,0,0,0,0,0,1,0,0,0,0,0,1,1,0,1,1,0
106,公立,一般大學,0052,國立屏東大學,10151065,休閒事業經營學系,3,1,2,0,0,0,0,1,0,0,2,0,0,1,1,0,3,1,2
106,公立,一般大學,0052,國立屏東大學,99999999,秘書室,2,2,0,2,0,0,0,0,0,0,0,0,0,2,2,0,2,2,0
106,公立,一般大學,0052,國立屏東大學,99999Z01,通識教育中心,47,27,20,1,0,4,2,12,7,10,11,0,0,26,17,9,47,27,20
106,公立,一般大學,0052,國立屏東大學,99999Z05,師資培育中心,5,0,5,0,0,0,0,0,4,0,1,0,0,4,0,4,5,0,5
106,公立,技專校院,0144,國立臺灣戲曲學院,02151001,戲曲音樂學系,42,17,25,0,0,1,0,0,2,16,23,0,0,3,1,2,42,17,25
106,公立,技專校院,0144,國立臺灣戲曲學院,02152004,歌仔戲學系,16,9,7,0,1,0,1,0,2,9,3,0,0,4,0,4,16,9,7
106,公立,技專校院,0144,國立臺灣戲曲學院,02152005,京劇學系,18,12,6,0,0,0,1,4,0,8,5,0,0,5,4,1,18,12,6
106,公立,技專校院,0144,國立臺灣戲曲學院,02152006,客家戲學系,10,6,4,1,0,1,0,2,1,2,3,0,0,5,4,1,10,6,4
106,公立,技專校院,0144,國立臺灣戲曲學院,02152007,劇場藝術學系,26,16,10,1,0,1,0,0,0,14,10,0,0,2,2,0,26,16,10
106,公立,技專校院,0144,國立臺灣戲曲學院,02152009,民俗技藝學系,23,9,14,0,0,1,0,0,1,8,13,0,0,2,1,1,23,9,14
106,公立,技專校院,0144,國立臺灣戲曲學院,99999Z01,通識教育中心,12,6,6,1,0,0,0,2,0,3,6,0,0,3,3,0,12,6,6
106,公立,技專校院,0221,國立臺南護理專科學校,09131001,護理科,16,5,11,0,0,0,0,1,3,4,8,0,0,4,1,3,16,5,11
106,公立,技專校院,0221,國立臺南護理專科學校,09211003,老人服務事業科,13,4,9,0,0,0,0,0,1,4,8,0,0,1,0,1,13,4,9
106,公立,技專校院,0221,國立臺南護理專科學校,10121004,化妝品應用科,15,7,8,0,0,1,0,1,0,5,8,0,0,2,2,0,15,7,8
106,公立,技專校院,0221,國立臺南護理專科學校,99999Z01,共同科目,32,15,17,0,0,0,0,4,3,11,14,0,0,7,4,3,32,15,17
106,公立,技專校院,0222,國立臺東專科學校,02123002,文化創意設計科,9,6,3,0,0,0,0,0,0,6,3,0,0,0,0,0,9,6,3
106,公立,技專校院,0222,國立臺東專科學校,06131003,資訊管理科,4,3,1,0,0,0,0,0,0,3,1,0,0,0,0,0,4,3,1
106,公立,技專校院,0222,國立臺東專科學校,07141004,電機工程科,9,9,0,1,0,0,0,2,0,6,0,0,0,3,3,0,9,9,0
106,公立,技專校院,0222,國立臺東專科學校,07161005,動力機械科,11,11,0,0,0,0,0,1,0,10,0,0,0,1,1,0,11,11,0
106,公立,技專校院,0222,國立臺東專科學校,07211012,食品科技科,9,2,7,0,0,0,0,0,1,2,6,0,0,1,0,1,9,2,7
106,公立,技專校院,0222,國立臺東專科學校,07311007,建築科,21,18,3,0,0,0,0,2,1,16,2,0,0,3,2,1,21,18,3
106,公立,技專校院,0222,國立臺東專科學校,08121011,園藝暨景觀科,17,11,6,0,0,0,0,4,2,7,4,0,0,6,4,2,17,11,6
106,公立,技專校院,0222,國立臺東專科學校,10131014,餐旅管理科,4,0,4,0,0,0,0,0,0,0,4,0,0,0,0,0,4,0,4
106,公立,技專校院,0222,國立臺東專科學校,99999Z01,通識教育中心,26,15,11,1,0,1,0,2,2,11,9,0,0,6,4,2,26,15,11
106,私立,一般大學,1001,東海大學,01111001,教育研究所,1,1,0,1,0,0,0,0,0,0,0,0,0,1,1,0,1,1,0
106,私立,一般大學,1001,東海大學,02123011,工業設計學系,12,11,1,0,0,0,0,0,0,11,1,0,0,0,0,0,12,11,1
106,私立,一般大學,1001,東海大學,02131002,美術學系,29,21,8,1,1,1,2,4,1,15,4,0,0,10,6,4,29,21,8
106,私立,一般大學,1001,東海大學,02151003,音樂學系,62,25,37,2,2,0,0,15,19,8,16,0,0,38,17,21,62,25,37
106,私立,一般大學,1001,東海大學,02152058,表演藝術與創作碩士學位學程,3,2,1,0,1,2,0,0,0,0,0,0,0,3,2,1,3,2,1
106,私立,一般大學,1001,東海大學,02221009,歷史學系,5,4,1,1,0,1,1,1,0,1,0,0,0,4,3,1,5,4,1
106,私立,一般大學,1001,東海大學,02231010,哲學系,3,2,1,1,0,0,1,1,0,0,0,0,0,3,2,1,3,2,1
106,私立,一般大學,1001,東海大學,02311005,外國語文學系,18,5,13,0,1,0,0,1,0,4,12,0,0,2,1,1,18,5,13
106,私立,一般大學,1001,東海大學,02311007,日本語言文化學系,26,9,17,1,1,3,0,0,1,5,15,0,0,6,4,2,26,9,17
106,私立,一般大學,1001,東海大學,02322004,中國文學系,46,24,22,4,1,3,3,10,10,7,8,0,0,31,17,14,46,24,22
106,私立,一般大學,1001,東海大學,03111012,經濟學系,9,5,4,2,0,1,1,1,0,1,3,0,0,5,4,1,9,5,4
106,私立,一般大學,1001,東海大學,03121013,政治學系,16,15,1,2,0,5,0,4,1,4,0,0,0,12,11,1,16,15,1
106,私立,一般大學,1001,東海大學,03141014,社會學系,14,8,6,1,0,0,0,5,2,2,4,0,0,8,6,2,14,8,6
106,私立,一般大學,1001,東海大學,04111018,會計學系,14,11,3,0,0,4,0,4,2,3,1,0,0,10,8,2,14,11,3
106,私立,一般大學,1001,東海大學,04121024,財務金融學系,14,12,2,0,0,3,0,3,0,6,2,0,0,6,6,0,14,12,2
106,私立,一般大學,1001,東海大學,04131019,企業管理學系,19,15,4,4,0,2,1,7,2,2,1,0,0,16,13,3,19,15,4
106,私立,一般大學,1001,東海大學,04131021,國際學院國際經營管理學位學程,2,2,0,0,0,0,0,1,0,1,0,0,0,1,1,0,2,2,0
106,私立,一般大學,1001,東海大學,04134016,行政管理暨政策學系,2,2,0,0,0,1,0,0,0,1,0,0,0,1,1,0,2,2,0
106,私立,一般大學,1001,東海大學,04134017,公共事務碩士專班,2,1,1,0,1,1,0,0,0,0,0,0,0,2,1,1,2,1,1
106,私立,一般大學,1001,東海大學,04141023,國際經營與貿易學系,12,10,2,2,0,2,0,6,2,0,0,0,0,12,10,2,12,10,2
106,私立,一般大學,1001,東海大學,04199025,高階經營管理碩士在職專班,9,9,0,3,0,3,0,3,0,0,0,0,0,9,9,0,9,9,0
106,私立,一般大學,1001,東海大學,04211027,法律學系,28,24,4,7,1,6,1,4,1,7,1,0,0,20,17,3,28,24,4
106,私立,一般大學,1001,東海大學,05111028,生命科學系,11,8,3,1,0,4,2,3,1,0,0,0,0,11,8,3,11,8,3
106,私立,一般大學,1001,東海大學,05211056,永續科學與工程學士學位學程,1,1,0,1,0,0,0,0,0,0,0,0,0,1,1,0,1,1,0
106,私立,一般大學,1001,東海大學,05311030,化學系,5,5,0,3,0,1,0,1,0,0,0,0,0,5,5,0,5,5,0
106,私立,一般大學,1001,東海大學,05331032,應用物理學系,3,3,0,1,0,1,0,1,0,0,0,0,0,3,3,0,3,3,0
106,私立,一般大學,1001,東海大學,05411034,應用數學系,6,5,1,0,0,1,0,3,1,1,0,0,0,5,4,1,6,5,1
106,私立,一般大學,1001,東海大學,06131036,資訊管理學系,3,2,1,0,0,0,1,2,0,0,0,0,0,3,2,1,3,2,1
106,私立,一般大學,1001,東海大學,06133047,數位創新碩士學位學程,2,2,0,0,0,1,0,0,0,1,0,0,0,1,1,0,2,2,0
106,私立,一般大學,1001,東海大學,07111042,化學工程與材料工程學系,1,1,0,0,0,0,0,1,0,0,0,0,0,1,1,0,1,1,0
106,私立,一般大學,1001,東海大學,07121045,環境科學與工程學系,6,6,0,1,0,0,0,3,0,2,0,0,0,4,4,0,6,6,0
106,私立,一般大學,1001,東海大學,07141037,電機工程學系,5,5,0,2,0,1,0,2,0,0,0,0,0,5,5,0,5,5,0
106,私立,一般大學,1001,東海大學,07141039,資訊工程學系,11,10,1,4,0,1,0,2,0,3,1,0,0,7,7,0,11,10,1
106,私立,一般大學,1001,東海大學,07191044,工業工程與經營資訊學系,20,14,6,2,0,5,1,3,2,4,3,0,0,13,10,3,20,14,6
106,私立,一般大學,1001,東海大學,07211052,食品科學系,8,6,2,3,0,1,0,2,1,0,1,0,0,7,6,1,8,6,2
106,私立,一般大學,1001,東海大學,07311048,建築學系,28,23,5,0,0,2,1,2,1,19,3,0,0,6,4,2,28,23,5
106,私立,一般大學,1001,東海大學,07312049,景觀學系,28,21,7,3,1,3,0,6,1,9,5,0,0,14,12,2,28,21,7
106,私立,一般大學,1001,東海大學,08112051,畜產與生物科技學系,5,4,1,1,0,0,1,1,0,2,0,0,0,3,2,1,5,4,1
106,私立,一般大學,1001,東海大學,09231053,社會工作學系,35,8,27,0,0,0,0,2,4,6,23,0,0,6,2,4,35,8,27
106,私立,一般大學,1001,東海大學,10131054,餐旅管理學系,1,0,1,0,0,0,0,0,0,0,1,0,0,0,0,0,1,0,1
106,私立,一般大學,1001,東海大學,10152055,運動休閒與健康管理學位學程,9,4,5,0,0,0,0,2,2,2,3,0,0,4,2,2,9,4,5
106,私立,一般大學,1001,東海大學,99999Z01,共同學科暨通識教育中心,73,49,24,9,2,9,3,17,9,14,10,0,0,49,35,14,73,49,24
106,私立,一般大學,1001,東海大學,99999Z05,師資培育中心,3,3,0,0,0,1,0,0,0,2,0,0,0,1,1,0,3,3,0
106,私立,一般大學,1001,東海大學,99999Z07,體育室,25,17,8,3,0,6,3,2,1,6,4,0,0,15,11,4,25,17,8
106,私立,一般大學,1001,東海大學,99999Z08,英語中心,46,6,40,0,0,0,0,2,4,4,36,0,0,6,2,4,46,6,40
106,私立,一般大學,1002,輔仁大學,01114046,教育領導與科技發展學士學位學程,1,1,0,0,0,1,0,0,0,0,0,0,0,1,1,0,1,1,0
106,私立,一般大學,1002,輔仁大學,01114047,教育領導與發展研究所,1,1,0,0,0,1,0,0,0,0,0,0,0,1,1,0,1,1,0
106,私立,一般大學,1002,輔仁大學,02122029,品牌與時尚經營管理碩士學位學程,2,1,1,0,0,1,0,0,0,0,1,0,0,1,1,0,2,1,1
106,私立,一般大學,1002,輔仁大學,02122078,應用美術學系,27,22,5,2,0,2,0,4,0,14,5,0,0,8,8,0,27,22,5
106,私立,一般大學,1002,輔仁大學,02122087,藝術與文化創意學士學位學程,12,4,8,0,0,0,0,0,1,4,7,0,0,1,0,1,12,4,8
106,私立,一般大學,1002,輔仁大學,02125082,織品服裝學系,22,12,10,0,0,4,1,0,1,8,8,0,0,6,4,2,22,12,10
106,私立,一般大學,1002,輔仁大學,02151034,音樂學系,87,34,53,6,6,7,10,13,24,8,13,0,0,66,26,40,87,34,53
106,私立,一般大學,1002,輔仁大學,02199Y09,藝術學院,1,1,0,0,0,0,0,0,0,1,0,0,0,0,0,0,1,1,0
106,私立,一般大學,1002,輔仁大學,02211006,天主教研修學士學位學程,6,5,1,1,0,1,0,1,1,2,0,0,0,4,3,1,6,5,1
106,私立,一般大學,1002,輔仁大學,02211019,宗教學系,21,9,12,0,1,1,4,2,3,6,4,0,0,11,3,8,21,9,12
106,私立,一般大學,1002,輔仁大學,02221074,歷史學系,22,10,12,3,4,4,3,2,5,1,0,0,0,21,9,12,22,10,12
106,私立,一般大學,1002,輔仁大學,02231037,哲學系,24,13,11,4,1,3,3,4,7,2,0,0,0,22,11,11,24,13,11
106,私立,一般大學,1002,輔仁大學,02299060,跨文化研究所,20,15,5,4,0,2,1,3,0,6,4,0,0,10,9,1,20,15,5
106,私立,一般大學,1002,輔仁大學,02311009,日本語文學系,12,4,8,0,0,0,0,0,3,4,5,0,0,3,0,3,12,4,8
106,私立,一般大學,1002,輔仁大學,02311016,西班牙語文學系,6,3,3,1,0,1,1,1,0,0,2,0,0,4,3,1,6,3,3
106,私立,一般大學,1002,輔仁大學,02311021,法國語文學系,9,3,6,0,1,1,3,0,0,2,2,0,0,5,1,4,9,3,6
106,私立,一般大學,1002,輔仁大學,02311033,英國語文學系,19,9,10,0,2,0,0,2,1,7,7,0,0,5,2,3,19,9,10
106,私立,一般大學,1002,輔仁大學,02311057,義大利語文學系,4,3,1,0,0,0,0,1,0,2,1,0,0,1,1,0,4,3,1
106,私立,一般大學,1002,輔仁大學,02311072,德語語文學系,6,2,4,2,0,0,1,0,0,0,3,0,0,3,2,1,6,2,4
106,私立,一般大學,1002,輔仁大學,02322003,中國文學系,29,16,13,4,2,4,1,1,4,7,6,0,0,16,9,7,29,16,13
106,私立,一般大學,1002,輔仁大學,02399Y16,外國語文學院,6,2,4,1,0,1,0,0,2,0,2,0,0,4,2,2,6,2,4
106,私立,一般大學,1002,輔仁大學,03111055,經濟學系,16,13,3,3,0,2,1,3,1,5,1,0,0,10,8,2,16,13,3
106,私立,一般大學,1002,輔仁大學,03131007,心理學系,7,5,2,0,0,1,0,2,2,2,0,0,0,5,3,2,7,5,2
106,私立,一般大學,1002,輔仁大學,03131081,臨床心理學系,7,3,4,1,0,0,0,1,1,1,3,0,0,3,2,1,7,3,4
106,私立,一般大學,1002,輔仁大學,03141023,社會學系,6,4,2,0,0,0,0,4,2,0,0,0,0,6,4,2,6,4,2
106,私立,一般大學,1002,輔仁大學,03211001,大眾傳播學士學位學程,19,12,7,1,0,1,0,1,1,9,6,0,0,4,3,1,19,12,7
106,私立,一般大學,1002,輔仁大學,03211002,大眾傳播學研究所,1,1,0,0,0,1,0,0,0,0,0,0,0,1,1,0,1,1,0
106,私立,一般大學,1002,輔仁大學,03212053,新聞傳播學系,9,4,5,0,0,1,0,1,2,2,3,0,0,4,2,2,9,4,5
106,私立,一般大學,1002,輔仁大學,03213070,影像傳播學系,8,5,3,0,0,1,0,0,0,4,3,0,0,1,1,0,8,5,3
106,私立,一般大學,1002,輔仁大學,03221051,博物館學研究所,3,2,1,0,1,1,0,0,0,1,0,0,0,2,1,1,3,2,1
106,私立,一般大學,1002,輔仁大學,03222065,圖書資訊學系,19,10,9,0,1,1,2,4,3,5,3,0,0,11,5,6,19,10,9
106,私立,一般大學,1002,輔仁大學,04111054,會計學系,8,7,1,1,0,1,0,1,0,4,1,0,0,3,3,0,8,7,1
106,私立,一般大學,1002,輔仁大學,04121027,金融與國際企業學系,9,8,1,1,0,2,0,4,0,1,1,0,0,7,7,0,9,8,1
106,私立,一般大學,1002,輔仁大學,04131015,企業管理學系,7,5,2,2,0,1,2,2,0,0,0,0,0,7,5,2,7,5,2
106,私立,一般大學,1002,輔仁大學,04131025,社會企業碩士在職學位學程,1,1,0,0,0,0,0,1,0,0,0,0,0,1,1,0,1,1,0
106,私立,一般大學,1002,輔仁大學,04131039,商業管理學士學位學程,23,15,8,0,1,1,1,11,3,3,3,0,0,17,12,5,23,15,8
106,私立,一般大學,1002,輔仁大學,04131041,國際創業與經營管理碩士學位學程,4,4,0,3,0,1,0,0,0,0,0,0,0,4,4,0,4,4,0
106,私立,一般大學,1002,輔仁大學,04131044,國際經營管理碩士學位學程,5,3,2,1,0,1,1,0,1,1,0,0,0,4,2,2,5,3,2
106,私立,一般大學,1002,輔仁大學,04143069,廣告傳播學系,9,8,1,0,0,0,0,3,0,5,1,0,0,3,3,0,9,8,1
106,私立,一般大學,1002,輔仁大學,04191040,商學研究所,3,3,0,2,0,0,0,1,0,0,0,0,0,3,3,0,3,3,0
106,私立,一般大學,1002,輔仁大學,04199028,非營利組織管理碩士學位學程,1,1,0,1,0,0,0,0,0,0,0,0,0,1,1,0,1,1,0
106,私立,一般大學,1002,輔仁大學,04199032,科技管理碩士學位學程,1,1,0,0,0,0,0,1,0,0,0,0,0,1,1,0,1,1,0
106,私立,一般大學,1002,輔仁大學,04211020,法律學系,18,17,1,7,0,3,0,4,1,3,0,0,0,15,14,1,18,17,1
106,私立,一般大學,1002,輔仁大學,04212038,財經法律學系,9,7,2,1,1,3,1,2,0,1,0,0,0,8,6,2,9,7,2
106,私立,一般大學,1002,輔仁大學,05111011,生命科學系,1,1,0,1,0,0,0,0,0,0,0,0,0,1,1,0,1,1,0
106,私立,一般大學,1002,輔仁大學,05191080,營養科學系,5,4,1,3,0,0,0,1,0,0,1,0,0,4,4,0,5,4,1
106,私立,一般大學,1002,輔仁大學,05311005,化學系,9,7,2,4,0,1,2,2,0,0,0,0,0,9,7,2,9,7,2
106,私立,一般大學,1002,輔仁大學,05331022,物理學系,3,3,0,1,0,2,0,0,0,0,0,0,0,3,3,0,3,3,0
106,私立,一般大學,1002,輔仁大學,05399Y36,理工學院,8,8,0,1,0,0,0,2,0,5,0,0,0,3,3,0,8,8,0
106,私立,一般大學,1002,輔仁大學,05411073,數學系,6,5,1,1,0,0,1,2,0,2,0,0,0,4,3,1,6,5,1
106,私立,一般大學,1002,輔仁大學,05421049,統計資訊學系,7,5,2,1,0,1,0,2,1,1,1,0,0,5,4,1,7,5,2
106,私立,一般大學,1002,輔仁大學,06131058,資訊工程學系,3,3,0,1,0,1,0,1,0,0,0,0,0,3,3,0,3,3,0
106,私立,一般大學,1002,輔仁大學,06131059,資訊管理學系,3,3,0,0,0,0,0,2,0,1,0,0,0,2,2,0,3,3,0
106,私立,一般大學,1002,輔仁大學,06132050,軟體工程與數位創意學士學位學程,14,13,1,0,0,1,0,5,0,7,1,0,0,6,6,0,14,13,1
106,私立,一般大學,1002,輔仁大學,06199086,醫學資訊與創新應用學士學位學程,8,8,0,2,0,0,0,4,0,2,0,0,0,6,6,0,8,8,0
106,私立,一般大學,1002,輔仁大學,07141064,電機工程學系,4,4,0,2,0,1,0,1,0,0,0,0,0,4,4,0,4,4,0
106,私立,一般大學,1002,輔仁大學,07194077,應用科學與工程研究所,1,0,1,0,0,0,0,0,1,0,0,0,0,1,0,1,1,0,1
106,私立,一般大學,1002,輔仁大學,07211035,食品科學系,11,9,2,1,0,0,1,4,1,4,0,0,0,7,5,2,11,9,2
106,私立,一般大學,1002,輔仁大學,07312052,景觀設計學系,21,12,9,0,0,1,1,2,1,9,7,0,0,5,3,2,21,12,9
106,私立,一般大學,1002,輔仁大學,09121013,生物醫學暨藥學研究所,4,4,0,4,0,0,0,0,0,0,0,0,0,4,4,0,4,4,0
106,私立,一般大學,1002,輔仁大學,09121085,醫學系,239,200,39,29,1,25,5,55,12,91,21,0,0,127,109,18,239,200,39
106,私立,一般大學,1002,輔仁大學,09121090,生物醫學海量資料分析碩士學位學程,2,1,1,1,0,0,0,0,1,0,0,0,0,2,1,1,2,1,1
106,私立,一般大學,1002,輔仁大學,09131018,呼吸治療學系,6,2,4,0,0,0,0,2,0,0,4,0,0,2,2,0,6,2,4
106,私立,一般大學,1002,輔仁大學,09131088,護理學系,55,2,53,0,0,0,0,0,4,2,49,0,0,4,0,4,55,2,53
106,私立,一般大學,1002,輔仁大學,09152084,職能治療學系,6,2,4,0,0,0,1,1,0,1,3,0,0,2,1,1,6,2,4
106,私立,一般大學,1002,輔仁大學,09161091,生技醫藥博士學位學程,2,2,0,0,0,0,0,2,0,0,0,0,0,2,2,0,2,2,0
106,私立,一般大學,1002,輔仁大學,09191004,公共衛生學系,10,9,1,0,0,1,1,6,0,2,0,0,0,8,7,1,10,9,1
106,私立,一般大學,1002,輔仁大學,09199Y42,醫學院,5,2,3,1,0,0,0,0,0,1,3,0,0,1,1,0,5,2,3
106,私立,一般大學,1002,輔仁大學,09212061,跨專業長期照護碩士學位學程,3,1,2,0,0,1,0,0,1,0,1,0,0,2,1,1,3,1,2
106,私立,一般大學,1002,輔仁大學,09221017,兒童與家庭學系,11,2,9,0,0,1,2,1,0,0,7,0,0,4,2,2,11,2,9
106,私立,一般大學,1002,輔仁大學,09231024,社會工作學系,3,2,1,0,0,0,1,0,0,2,0,0,0,1,0,1,3,2,1
106,私立,一般大學,1002,輔仁大學,10131075,餐旅管理學系,18,7,11,1,1,0,0,2,0,4,10,0,0,4,3,1,18,7,11
106,私立,一般大學,1002,輔仁大學,10141089,體育學系,9,7,2,0,0,0,1,5,0,2,1,0,0,6,5,1,9,7,2
106,私立,一般大學,1002,輔仁大學,10152062,運動休閒管理學士學位學程,8,6,2,0,0,0,0,0,1,6,1,0,0,1,0,1,8,6,2
106,私立,一般大學,1002,輔仁大學,99999999,全人教育課程中心,291,144,147,8,8,21,12,37,29,78,98,0,0,115,66,49,291,144,147
106,私立,一般大學,1002,輔仁大學,99999Z05,師資培育中心,8,5,3,1,0,0,0,1,1,3,2,0,0,3,2,1,8,5,3
106,私立,一般大學,1003,東吳大學,02151001,音樂學系,87,31,56,6,3,5,12,11,20,9,21,0,0,57,22,35,87,31,56
106,私立,一般大學,1003,東吳大學,02221006,歷史學系,17,10,7,2,0,1,0,5,5,2,2,0,0,13,8,5,17,10,7
106,私立,一般大學,1003,東吳大學,02231007,哲學系,11,8,3,7,0,0,0,1,2,0,1,0,0,10,8,2,11,8,3
106,私立,一般大學,1003,東吳大學,02311004,英文學系,43,17,26,1,0,4,2,3,4,9,20,0,0,14,8,6,43,17,26
106,私立,一般大學,1003,東吳大學,02311005,日本語文學系,62,19,43,5,0,0,1,1,2,13,40,0,0,9,6,3,62,19,43
106,私立,一般大學,1003,東吳大學,02311012,德國文化學系,13,4,9,0,0,2,0,1,0,1,9,0,0,3,3,0,13,4,9
106,私立,一般大學,1003,東吳大學,02322002,中國文學系,77,47,30,12,1,4,2,12,13,19,14,0,0,44,28,16,77,47,30
106,私立,一般大學,1003,東吳大學,03111008,經濟學系,30,25,5,7,0,5,3,8,1,5,1,0,0,24,20,4,30,25,5
106,私立,一般大學,1003,東吳大學,03121009,政治學系,20,17,3,3,1,2,0,7,1,5,1,0,0,14,12,2,20,17,3
106,私立,一般大學,1003,東吳大學,03131011,心理學系,13,4,9,1,0,1,2,1,4,1,3,0,0,9,3,6,13,4,9
106,私立,一般大學,1003,東吳大學,03141010,社會學系,7,6,1,0,0,4,0,2,1,0,0,0,0,7,6,1,7,6,1
106,私立,一般大學,1003,東吳大學,03199013,人權碩士學位學程,2,2,0,1,0,1,0,0,0,0,0,0,0,2,2,0,2,2,0
106,私立,一般大學,1003,東吳大學,04111015,會計學系,55,29,26,3,2,3,1,7,3,16,20,0,0,19,13,6,55,29,26
106,私立,一般大學,1003,東吳大學,04121027,財務工程與精算數學系,26,20,6,1,1,2,2,9,1,8,2,0,0,16,12,4,26,20,6
106,私立,一般大學,1003,東吳大學,04131016,企業管理學系,51,44,7,4,1,5,0,14,2,21,4,0,0,26,23,3,51,44,7
106,私立,一般大學,1003,東吳大學,04131020,商學院EMBA高階經營碩士在職專班,7,4,3,0,0,1,1,3,2,0,0,0,0,7,4,3,7,4,3
106,私立,一般大學,1003,東吳大學,04141019,國際經營與貿易學系,27,18,9,1,1,6,1,4,4,7,3,0,0,17,11,6,27,18,9
106,私立,一般大學,1003,東吳大學,04199031,巨量資料管理學院,10,7,3,1,1,3,0,1,1,2,1,0,0,7,5,2,10,7,3
106,私立,一般大學,1003,東吳大學,04211021,法律學系,141,114,27,39,6,27,6,28,13,20,2,0,0,119,94,25,141,114,27
106,私立,一般大學,1003,東吳大學,05122022,微生物學系,10,8,2,2,0,2,0,4,2,0,0,0,0,10,8,2,10,8,2
106,私立,一般大學,1003,東吳大學,05311023,化學系,4,2,2,0,0,1,0,0,1,1,1,0,0,2,1,1,4,2,2
106,私立,一般大學,1003,東吳大學,05331024,物理學系,7,6,1,3,0,0,0,1,1,2,0,0,0,5,4,1,7,6,1
106,私立,一般大學,1003,東吳大學,05399Y37,理學院,4,4,0,1,0,1,0,2,0,0,0,0,0,4,4,0,4,4,0
106,私立,一般大學,1003,東吳大學,05411025,數學系,6,6,0,2,0,1,0,3,0,0,0,0,0,6,6,0,6,6,0
106,私立,一般大學,1003,東吳大學,06131028,資訊管理學系,8,6,2,1,0,0,0,3,0,2,2,0,0,4,4,0,8,6,2
106,私立,一般大學,1003,東吳大學,09231030,社會工作學系,25,5,20,0,1,0,1,1,4,4,14,0,0,7,1,6,25,5,20
106,私立,一般大學,1003,東吳大學,99999Z01,通識教育中心,3,2,1,1,0,0,0,0,1,1,0,0,0,2,1,1,3,2,1
106,私立,一般大學,1003,東吳大學,99999Z05,師資培育中心,8,3,5,0,0,0,0,3,1,0,4,0,0,4,3,1,8,3,5
106,私立,一般大學,1003,東吳大學,99999Z07,體育室,27,20,7,0,0,3,0,2,1,15,6,0,0,6,5,1,27,20,7
106,私立,一般大學,1003,東吳大學,99999Z08,語言教學中心,40,6,34,0,0,0,0,3,5,3,29,0,0,8,3,5,40,6,34
106,私立,一般大學,1004,中原大學,01111001,教育研究所,1,1,0,0,0,0,0,1,0,0,0,0,0,1,1,0,1,1,0
106,私立,一般大學,1004,中原大學,01113002,特殊教育學系,5,0,5,0,2,0,0,0,1,0,2,0,0,3,0,3,5,0,5
106,私立,一般大學,1004,中原大學,02112008,商業設計學系,27,17,10,0,0,3,1,5,3,9,6,0,0,12,8,4,27,17,10
106,私立,一般大學,1004,中原大學,02124009,室內設計學系,59,44,15,2,0,3,0,8,0,31,15,0,0,13,13,0,59,44,15
106,私立,一般大學,1004,中原大學,02211006,宗教研究所,1,1,0,0,0,0,0,1,0,0,0,0,0,1,1,0,1,1,0
106,私立,一般大學,1004,中原大學,02311005,應用外國語文學系,66,14,52,0,0,0,1,1,4,13,47,0,0,6,1,5,66,14,52
106,私立,一般大學,1004,中原大學,02323004,應用華語文學系,14,5,9,2,0,0,1,0,1,3,7,0,0,4,2,2,14,5,9
106,私立,一般大學,1004,中原大學,03131011,心理學系,10,6,4,1,0,1,0,2,3,2,1,0,0,7,4,3,10,6,4
106,私立,一般大學,1004,中原大學,04111013,會計學系,14,6,8,1,0,0,0,1,0,4,8,0,0,2,2,0,14,6,8
106,私立,一般大學,1004,中原大學,04121019,財務金融學系,9,8,1,1,0,0,0,3,0,4,1,0,0,4,4,0,9,8,1
106,私立,一般大學,1004,中原大學,04131014,企業管理學系,32,21,11,3,0,1,0,5,2,12,9,0,0,11,9,2,32,21,11
106,私立,一般大學,1004,中原大學,04141018,國際經營與貿易學系,11,4,7,0,0,0,1,1,4,3,2,0,0,6,1,5,11,4,7
106,私立,一般大學,1004,中原大學,04212021,財經法律學系,32,25,7,4,0,6,0,9,4,6,3,0,0,23,19,4,32,25,7
106,私立,一般大學,1004,中原大學,05121022,生物科技學系,7,6,1,0,0,1,0,5,1,0,0,0,0,7,6,1,7,6,1
106,私立,一般大學,1004,中原大學,05311023,化學系,7,6,1,3,1,1,0,2,0,0,0,0,0,7,6,1,7,6,1
106,私立,一般大學,1004,中原大學,05331024,物理學系,7,7,0,1,0,2,0,4,0,0,0,0,0,7,7,0,7,7,0
106,私立,一般大學,1004,中原大學,05411027,應用數學系,10,9,1,4,0,0,0,3,1,2,0,0,0,8,7,1,10,9,1
106,私立,一般大學,1004,中原大學,06131028,資訊管理學系,9,5,4,1,0,1,0,0,1,3,3,0,0,3,2,1,9,5,4
106,私立,一般大學,1004,中原大學,07111037,化學工程學系,7,7,0,1,0,2,0,3,0,1,0,0,0,6,6,0,7,7,0
106,私立,一般大學,1004,中原大學,07121042,環境工程學系,15,14,1,1,0,2,0,11,1,0,0,0,0,15,14,1,15,14,1
106,私立,一般大學,1004,中原大學,07141029,電機工程學系,10,9,1,1,0,1,0,5,1,2,0,0,0,8,7,1,10,9,1
106,私立,一般大學,1004,中原大學,07141030,電子工程學系,9,8,1,3,0,0,0,3,1,2,0,0,0,7,6,1,9,8,1
106,私立,一般大學,1004,中原大學,07141031,資訊工程學系,4,4,0,2,0,0,0,1,0,1,0,0,0,3,3,0,4,4,0
106,私立,一般大學,1004,中原大學,07151034,機械工程學系,23,22,1,3,0,3,0,14,1,2,0,0,0,21,20,1,23,22,1
106,私立,一般大學,1004,中原大學,07191041,工業與系統工程學系,12,11,1,3,0,0,0,6,0,2,1,0,0,9,9,0,12,11,1
106,私立,一般大學,1004,中原大學,07193043,生物醫學工程學系,10,7,3,0,0,1,0,6,3,0,0,0,0,10,7,3,10,7,3
106,私立,一般大學,1004,中原大學,07311046,建築學系,51,41,10,1,0,4,0,1,1,35,9,0,0,7,6,1,51,41,10
106,私立,一般大學,1004,中原大學,07312047,景觀學系,46,28,18,2,1,5,0,2,5,19,12,0,0,15,9,6,46,28,18
106,私立,一般大學,1004,中原大學,07321035,土木工程學系,14,14,0,1,0,2,0,7,0,4,0,0,0,10,10,0,14,14,0
106,私立,一般大學,1004,中原大學,99999Z01,通識教育中心,100,59,41,5,0,8,2,38,20,8,19,0,0,73,51,22,100,59,41
106,私立,一般大學,1004,中原大學,99999Z05,師資培育中心,4,2,2,0,0,0,0,1,0,1,2,0,0,1,1,0,4,2,2
106,私立,一般大學,1004,中原大學,99999Z07,體育室,27,21,6,0,0,3,0,4,1,14,5,0,0,8,7,1,27,21,6
106,私立,一般大學,1005,淡江大學學校財團法人淡江大學,01114095,教育政策與領導研究所,4,2,2,1,1,0,0,1,1,0,0,0,0,4,2,2,4,2,2
106,私立,一般大學,1005,淡江大學學校財團法人淡江大學,01116092,教育科技學系,4,1,3,0,0,0,0,0,0,1,3,0,0,0,0,0,4,1,3
106,私立,一般大學,1005,淡江大學學校財團法人淡江大學,02221078,歷史學系,13,8,5,2,0,1,2,2,2,3,1,0,0,9,5,4,13,8,5
106,私立,一般大學,1005,淡江大學學校財團法人淡江大學,02311079,英美語言文化學系,1,1,0,0,0,0,0,1,0,0,0,0,0,1,1,0,1,1,0
106,私立,一般大學,1005,淡江大學學校財團法人淡江大學,02311081,俄國語文學系,9,6,3,2,0,0,0,2,1,2,2,0,0,5,4,1,9,6,3
106,私立,一般大學,1005,淡江大學學校財團法人淡江大學,02311082,日本語文學系,45,12,33,0,0,1,3,0,3,11,27,0,0,7,1,6,45,12,33
106,私立,一般大學,1005,淡江大學學校財團法人淡江大學,02311084,西班牙語文學系,11,6,5,1,0,0,2,0,0,5,3,0,0,3,1,2,11,6,5
106,私立,一般大學,1005,淡江大學學校財團法人淡江大學,02311085,德國語文學系,12,3,9,1,0,1,0,0,0,1,9,0,0,2,2,0,12,3,9
106,私立,一般大學,1005,淡江大學學校財團法人淡江大學,02311086,法國語文學系,20,7,13,0,0,2,1,1,4,4,8,0,0,8,3,5,20,7,13
106,私立,一般大學,1005,淡江大學學校財團法人淡江大學,02311088,英文學系,61,21,40,0,0,3,3,5,5,13,32,0,0,16,8,8,61,21,40
106,私立,一般大學,1005,淡江大學學校財團法人淡江大學,02322090,中國文學學系,39,18,21,4,1,1,1,6,8,7,11,0,0,21,11,10,39,18,21
106,私立,一般大學,1005,淡江大學學校財團法人淡江大學,03111075,產業經濟學系,10,7,3,0,0,1,1,4,1,2,1,0,0,7,5,2,10,7,3
106,私立,一般大學,1005,淡江大學學校財團法人淡江大學,03111076,經濟學系,15,7,8,0,0,0,0,6,3,1,5,0,0,9,6,3,15,7,8
106,私立,一般大學,1005,淡江大學學校財團法人淡江大學,03121074,全球政治經濟學系,1,1,0,0,0,0,0,1,0,0,0,0,0,1,1,0,1,1,0
106,私立,一般大學,1005,淡江大學學校財團法人淡江大學,03122059,外交與國際關係學系,6,5,1,3,0,1,0,0,1,1,0,0,0,5,4,1,6,5,1
106,私立,一般大學,1005,淡江大學學校財團法人淡江大學,03122060,國際事務與戰略研究所,6,6,0,3,0,2,0,1,0,0,0,0,0,6,6,0,6,6,0
106,私立,一般大學,1005,淡江大學學校財團法人淡江大學,03143064,拉丁美洲研究所,2,2,0,1,0,0,0,1,0,0,0,0,0,2,2,0,2,2,0
106,私立,一般大學,1005,淡江大學學校財團法人淡江大學,03143067,中國大陸研究所,1,1,0,1,0,0,0,0,0,0,0,0,0,1,1,0,1,1,0
106,私立,一般大學,1005,淡江大學學校財團法人淡江大學,03143068,歐洲研究所,3,2,1,0,0,1,0,1,1,0,0,0,0,3,2,1,3,2,1
106,私立,一般大學,1005,淡江大學學校財團法人淡江大學,03191057,未來學研究所,3,2,1,0,0,0,0,2,1,0,0,0,0,3,2,1,3,2,1
106,私立,一般大學,1005,淡江大學學校財團法人淡江大學,03211055,大眾傳播學系,13,8,5,1,0,1,0,1,1,5,4,0,0,4,3,1,13,8,5
106,私立,一般大學,1005,淡江大學學校財團法人淡江大學,03214054,資訊傳播學系,5,4,1,0,0,1,0,2,0,1,1,0,0,3,3,0,5,4,1
106,私立,一般大學,1005,淡江大學學校財團法人淡江大學,03222052,資訊與圖書館學系,11,6,5,1,1,1,0,1,1,3,3,0,0,5,3,2,11,6,5
106,私立,一般大學,1005,淡江大學學校財團法人淡江大學,04111051,會計學系,12,5,7,1,0,0,0,1,3,3,4,0,0,5,2,3,12,5,7
106,私立,一般大學,1005,淡江大學學校財團法人淡江大學,04121037,財務金融學系,19,14,5,2,0,3,1,5,1,4,3,0,0,12,10,2,19,14,5
106,私立,一般大學,1005,淡江大學學校財團法人淡江大學,04123033,保險學系,7,4,3,0,0,1,1,0,1,3,1,0,0,3,1,2,7,4,3
106,私立,一般大學,1005,淡江大學學校財團法人淡江大學,04131040,國際企業學系,7,5,2,1,0,1,0,0,2,3,0,0,0,4,2,2,7,5,2
106,私立,一般大學,1005,淡江大學學校財團法人淡江大學,04131047,管理科學學系,10,5,5,4,1,1,1,0,2,0,1,0,0,9,5,4,10,5,5
106,私立,一般大學,1005,淡江大學學校財團法人淡江大學,04131049,企業管理學系,20,16,4,0,0,1,1,4,3,11,0,0,0,9,5,4,20,16,4
106,私立,一般大學,1005,淡江大學學校財團法人淡江大學,04134061,公共行政學系,18,13,5,2,0,1,0,5,3,5,2,0,0,11,8,3,18,13,5
106,私立,一般大學,1005,淡江大學學校財團法人淡江大學,05311031,化學學系,3,2,1,2,0,0,0,0,1,0,0,0,0,3,2,1,3,2,1
106,私立,一般大學,1005,淡江大學學校財團法人淡江大學,05331030,物理學系,3,3,0,1,0,1,0,1,0,0,0,0,0,3,3,0,3,3,0
106,私立,一般大學,1005,淡江大學學校財團法人淡江大學,05411026,數學學系,8,6,2,2,1,2,0,1,0,1,1,0,0,6,5,1,8,6,2
106,私立,一般大學,1005,淡江大學學校財團法人淡江大學,05421024,統計學系,16,12,4,2,0,2,1,4,1,4,2,0,0,10,8,2,16,12,4
106,私立,一般大學,1005,淡江大學學校財團法人淡江大學,06131018,資訊工程學系,17,15,2,1,0,1,0,10,2,3,0,0,0,14,12,2,17,15,2
106,私立,一般大學,1005,淡江大學學校財團法人淡江大學,06131023,資訊管理學系,11,10,1,0,0,2,0,1,1,7,0,0,0,4,3,1,11,10,1
106,私立,一般大學,1005,淡江大學學校財團法人淡江大學,07111010,化學工程與材料工程學系,6,6,0,2,0,0,0,3,0,1,0,0,0,5,5,0,6,6,0
106,私立,一般大學,1005,淡江大學學校財團法人淡江大學,07122009,水資源及環境工程學系,6,6,0,2,0,4,0,0,0,0,0,0,0,6,6,0,6,6,0
106,私立,一般大學,1005,淡江大學學校財團法人淡江大學,07141019,電機工程學系,12,11,1,1,0,2,0,6,0,2,1,0,0,9,9,0,12,11,1
106,私立,一般大學,1005,淡江大學學校財團法人淡江大學,07151015,機械與機電工程學系,8,8,0,1,0,0,0,3,0,4,0,0,0,4,4,0,8,8,0
106,私立,一般大學,1005,淡江大學學校財團法人淡江大學,07162017,航空太空工程學系,4,4,0,2,0,0,0,1,0,1,0,0,0,3,3,0,4,4,0
106,私立,一般大學,1005,淡江大學學校財團法人淡江大學,07311007,建築學系,36,28,8,0,0,1,0,3,0,24,8,0,0,4,4,0,36,28,8
106,私立,一般大學,1005,淡江大學學校財團法人淡江大學,07321012,土木工程學系,15,15,0,2,0,1,0,8,0,4,0,0,0,11,11,0,15,15,0
106,私立,一般大學,1005,淡江大學學校財團法人淡江大學,10411002,運輸管理學系,4,4,0,1,0,0,0,0,0,3,0,0,0,1,1,0,4,4,0
106,私立,一般大學,1005,淡江大學學校財團法人淡江大學,99999Z01,通識與核心課程中心,12,9,3,0,0,1,0,4,1,4,2,0,0,6,5,1,12,9,3
106,私立,一般大學,1005,淡江大學學校財團法人淡江大學,99999Z05,師資培育中心,4,0,4,0,0,0,0,0,1,0,3,0,0,1,0,1,4,0,4
106,私立,一般大學,1005,淡江大學學校財團法人淡江大學,99999Z07,體育事務處,32,25,7,6,1,6,1,3,2,10,3,0,0,19,15,4,32,25,7
106,私立,一般大學,1006,中國文化大學,01111046,教育學系,1,1,0,0,0,0,0,1,0,0,0,0,0,1,1,0,1,1,0
106,私立,一般大學,1006,中國文化大學,01141023,體育學系,35,25,10,4,1,8,2,2,0,11,7,0,0,17,14,3,35,25,10
106,私立,一般大學,1006,中國文化大學,02112060,數位媒體學士學位學程,17,10,7,0,1,1,0,3,0,6,6,0,0,5,4,1,17,10,7
106,私立,一般大學,1006,中國文化大學,02131059,美術學系,11,7,4,2,1,1,1,1,1,3,1,0,0,7,4,3,11,7,4
106,私立,一般大學,1006,中國文化大學,02151007,中國音樂學系,63,27,36,0,0,3,3,9,16,15,17,0,0,31,12,19,63,27,36
106,私立,一般大學,1006,中國文化大學,02151040,音樂學系,91,36,55,4,3,6,11,16,21,10,20,0,0,61,26,35,91,36,55
106,私立,一般大學,1006,中國文化大學,02152008,中國戲劇學系,11,8,3,0,0,1,0,5,3,2,0,0,0,9,6,3,11,8,3
106,私立,一般大學,1006,中國文化大學,02152009,舞蹈學系,5,2,3,0,0,0,1,2,0,0,2,0,0,3,2,1,5,2,3
106,私立,一般大學,1006,中國文化大學,02152043,戲劇學系,11,7,4,3,0,1,0,1,0,2,4,0,0,5,5,0,11,7,4
106,私立,一般大學,1006,中國文化大學,02221098,史學系,16,12,4,5,1,3,1,4,2,0,0,0,0,16,12,4,16,12,4
106,私立,一般大學,1006,中國文化大學,02231081,哲學系,8,6,2,2,0,1,0,3,1,0,1,0,0,7,6,1,8,6,2
106,私立,一般大學,1006,中國文化大學,02311010,韓國語文學系,4,4,0,2,0,1,0,1,0,0,0,0,0,4,4,0,4,4,0
106,私立,一般大學,1006,中國文化大學,02311047,俄國語文學系,1,0,1,0,0,0,0,0,1,0,0,0,0,1,0,1,1,0,1
106,私立,一般大學,1006,中國文化大學,02311052,英國語文學系,10,4,6,2,0,1,2,0,2,1,2,0,0,7,3,4,10,4,6
106,私立,一般大學,1006,中國文化大學,02311077,日本語文學系,15,7,8,1,0,4,0,0,2,2,6,0,0,7,5,2,15,7,8
106,私立,一般大學,1006,中國文化大學,02311079,德國語文學系,5,3,2,1,0,0,1,1,0,1,1,0,0,3,2,1,5,3,2
106,私立,一般大學,1006,中國文化大學,02311089,法國語文學系,5,3,2,0,0,0,0,1,1,2,1,0,0,2,1,1,5,3,2
106,私立,一般大學,1006,中國文化大學,02322001,中國文學系,40,9,31,5,3,0,3,4,21,0,4,0,0,36,9,27,40,9,31
106,私立,一般大學,1006,中國文化大學,03111099,經濟學系,9,9,0,4,0,0,0,5,0,0,0,0,0,9,9,0,9,9,0
106,私立,一般大學,1006,中國文化大學,03121011,國家發展與中國大陸研究所,4,3,1,2,0,1,0,0,1,0,0,0,0,4,3,1,4,3,1
106,私立,一般大學,1006,中國文化大學,03121061,政治學系,7,6,1,2,0,1,1,2,0,1,0,0,0,6,5,1,7,6,1
106,私立,一般大學,1006,中國文化大學,03131004,心理輔導學系,3,1,2,1,1,0,1,0,0,0,0,0,0,3,1,2,3,1,2
106,私立,一般大學,1006,中國文化大學,03141063,社會科學院澳門境外碩士在職專班,3,3,0,1,0,1,0,1,0,0,0,0,0,3,3,0,3,3,0
106,私立,一般大學,1006,中國文化大學,03142087,地學研究所,4,3,1,3,0,0,0,0,1,0,0,0,0,4,3,1,4,3,1
106,私立,一般大學,1006,中國文化大學,03199049,勞工關係學系,6,3,3,1,0,1,0,0,3,1,0,0,0,5,2,3,6,3,3
106,私立,一般大學,1006,中國文化大學,03211036,大眾傳播學系,7,5,2,0,0,1,0,3,0,1,2,0,0,4,4,0,7,5,2
106,私立,一般大學,1006,中國文化大學,03211101,資訊傳播學系,5,4,1,0,0,2,0,1,0,1,1,0,0,3,3,0,5,4,1
106,私立,一般大學,1006,中國文化大學,03212033,新聞學系,11,9,2,1,0,3,0,1,1,4,1,0,0,6,5,1,11,9,2
106,私立,一般大學,1006,中國文化大學,04111065,會計學系,7,5,2,1,0,0,1,1,0,3,1,0,0,3,2,1,7,5,2
106,私立,一般大學,1006,中國文化大學,04121037,財務金融學系,24,18,6,1,0,3,0,8,4,6,2,0,0,16,12,4,24,18,6
106,私立,一般大學,1006,中國文化大學,04131015,國際企業管理學系,70,31,39,6,1,6,3,6,7,13,28,0,0,29,18,11,70,31,39
106,私立,一般大學,1006,中國文化大學,04134012,行政管理學系,5,5,0,1,0,1,0,3,0,0,0,0,0,5,5,0,5,5,0
106,私立,一般大學,1006,中國文化大學,04134062,社會企業管理碩士在職學位學程,1,0,1,0,0,0,0,0,1,0,0,0,0,1,0,1,1,0,1
106,私立,一般大學,1006,中國文化大學,04141041,國際貿易學系,17,16,1,4,0,2,0,3,1,7,0,0,0,10,9,1,17,16,1
106,私立,一般大學,1006,中國文化大學,04143013,廣告學系,19,7,12,0,0,3,2,2,4,2,6,0,0,11,5,6,19,7,12
106,私立,一般大學,1006,中國文化大學,04191014,全球商務學士學位學程,2,2,0,1,0,1,0,0,0,0,0,0,0,2,2,0,2,2,0
106,私立,一般大學,1006,中國文化大學,04199064,時尚與創意產業品牌建構及經營進修學士學位學程,9,3,6,1,0,0,2,1,1,1,3,0,0,5,2,3,9,3,6
106,私立,一般大學,1006,中國文化大學,04211020,法律學系,47,37,10,12,1,6,2,5,4,14,3,0,0,30,23,7,47,37,10
106,私立,一般大學,1006,中國文化大學,05111091,生命科學系,5,4,1,1,1,1,0,2,0,0,0,0,0,5,4,1,5,4,1
106,私立,一般大學,1006,中國文化大學,05191057,保健營養學系,5,0,5,0,1,0,1,0,0,0,3,0,0,2,0,2,5,0,5
106,私立,一般大學,1006,中國文化大學,05292083,土地資源學系,3,3,0,0,0,2,0,1,0,0,0,0,0,3,3,0,3,3,0
106,私立,一般大學,1006,中國文化大學,05311026,化學系,2,2,0,0,0,1,0,1,0,0,0,0,0,2,2,0,2,2,0
106,私立,一般大學,1006,中國文化大學,05321112,地質學系,1,1,0,0,0,0,0,0,0,1,0,0,0,0,0,0,1,1,0
106,私立,一般大學,1006,中國文化大學,05322097,大氣科學系,3,3,0,1,0,1,0,1,0,0,0,0,0,3,3,0,3,3,0
106,私立,一般大學,1006,中國文化大學,05411114,應用數學系,8,7,1,0,0,2,0,2,1,3,0,0,0,5,4,1,8,7,1
106,私立,一般大學,1006,中國文化大學,06131021,資訊工程學系,10,10,0,0,0,3,0,6,0,1,0,0,0,9,9,0,10,10,0
106,私立,一般大學,1006,中國文化大學,06134006,資訊管理學系,21,17,4,1,0,2,0,10,2,4,2,0,0,15,13,2,21,17,4
106,私立,一般大學,1006,中國文化大學,07111028,化學工程與材料工程學系,6,6,0,2,0,1,0,2,0,1,0,0,0,5,5,0,6,6,0
106,私立,一般大學,1006,中國文化大學,07112C01,紡織產業碩士專班,3,3,0,0,0,0,0,3,0,0,0,0,0,3,3,0,3,3,0
106,私立,一般大學,1006,中國文化大學,07141085,電機工程學系,1,1,0,0,0,0,0,1,0,0,0,0,0,1,1,0,1,1,0
106,私立,一般大學,1006,中國文化大學,07141115,光電物理學系,7,6,1,1,0,1,0,3,1,1,0,0,0,6,5,1,7,6,1
106,私立,一般大學,1006,中國文化大學,07151107,機械工程學系,6,6,0,0,0,3,0,2,0,1,0,0,0,5,5,0,6,6,0
106,私立,一般大學,1006,中國文化大學,07192108,紡織工程學系,4,2,2,0,0,0,1,1,1,1,0,0,0,3,1,2,4,2,2
106,私立,一般大學,1006,中國文化大學,07311068,建築及都市設計學系,48,44,4,1,0,3,0,19,3,21,1,0,0,26,23,3,48,44,4
106,私立,一般大學,1006,中國文化大學,07312103,景觀學系,30,18,12,1,0,3,4,4,5,10,3,0,0,17,8,9,30,18,12
106,私立,一般大學,1006,中國文化大學,07313118,都市計劃與開發管理學系,17,12,5,0,0,2,1,3,1,7,3,0,0,7,5,2,17,12,5
106,私立,一般大學,1006,中國文化大學,08112116,動物科學系,1,1,0,1,0,0,0,0,0,0,0,0,0,1,1,0,1,1,0
106,私立,一般大學,1006,中國文化大學,08121106,園藝暨生物技術學系,2,2,0,1,0,0,0,0,0,1,0,0,0,1,1,0,2,2,0
106,私立,一般大學,1006,中國文化大學,08211054,森林暨自然保育學系,2,2,0,0,0,1,0,1,0,0,0,0,0,2,2,0,2,2,0
106,私立,一般大學,1006,中國文化大學,09231082,社會福利學系,7,2,5,0,0,0,1,0,0,2,4,0,0,1,0,1,7,2,5
106,私立,一般大學,1006,中國文化大學,10111090,生活應用科學系,5,1,4,1,0,0,2,0,0,0,2,0,0,3,1,2,5,1,4
106,私立,一般大學,1006,中國文化大學,10141002,技擊運動暨國術學系,8,7,1,1,0,1,0,3,0,2,1,0,0,5,5,0,8,7,1
106,私立,一般大學,1006,中國文化大學,10142093,運動與健康促進學系,7,4,3,0,0,0,0,4,0,0,3,0,0,4,4,0,7,4,3
106,私立,一般大學,1006,中國文化大學,10151005,觀光事業學系,6,4,2,1,1,2,1,1,0,0,0,0,0,6,4,2,6,4,2
106,私立,一般大學,1006,中國文化大學,10151070,休閒事業管理學士學位學程,3,0,3,0,0,0,1,0,0,0,2,0,0,1,0,1,3,0,3
106,私立,一般大學,1006,中國文化大學,99999Z08,語文教學中心,34,14,20,1,0,0,0,2,2,11,18,0,0,5,3,2,34,14,20
106,私立,一般大學,1007,逢甲大學,02122005,創意設計碩士學位學程,2,2,0,0,0,1,0,1,0,0,0,0,0,2,2,0,2,2,0
106,私立,一般大學,1007,逢甲大學,02221003,歷史與文物研究所,5,5,0,2,0,1,0,2,0,0,0,0,0,5,5,0,5,5,0
106,私立,一般大學,1007,逢甲大學,02311002,外國語文學系,7,4,3,0,0,2,0,1,2,1,1,0,0,5,3,2,7,4,3
106,私立,一般大學,1007,逢甲大學,02322001,中國文學系,7,7,0,4,0,1,0,2,0,0,0,0,0,7,7,0,7,7,0
106,私立,一般大學,1007,逢甲大學,03111009,經濟學系,4,4,0,2,0,1,0,1,0,0,0,0,0,4,4,0,4,4,0
106,私立,一般大學,1007,逢甲大學,03111012,合作經濟暨社會事業經營學系,5,5,0,2,0,3,0,0,0,0,0,0,0,5,5,0,5,5,0
106,私立,一般大學,1007,逢甲大學,04111017,會計學系,17,9,8,2,0,2,0,3,6,2,2,0,0,13,7,6,17,9,8
106,私立,一般大學,1007,逢甲大學,04121025,財務金融學系,7,4,3,2,0,0,0,0,1,2,2,0,0,3,2,1,7,4,3
106,私立,一般大學,1007,逢甲大學,04121028,財務工程與精算學士學位學程,2,2,0,0,0,1,0,1,0,0,0,0,0,2,2,0,2,2,0
106,私立,一般大學,1007,逢甲大學,04122032,財稅學系,5,4,1,1,0,1,0,0,0,2,1,0,0,2,2,0,5,4,1
106,私立,一般大學,1007,逢甲大學,04123029,風險管理與保險學系,7,7,0,2,0,2,0,2,0,1,0,0,0,6,6,0,7,7,0
106,私立,一般大學,1007,逢甲大學,04131019,企業管理學系,17,13,4,1,0,3,0,9,4,0,0,0,0,17,13,4,17,13,4
106,私立,一般大學,1007,逢甲大學,04131022,國際經營管理碩士學位學程,1,1,0,0,0,1,0,0,0,0,0,0,0,1,1,0,1,1,0
106,私立,一般大學,1007,逢甲大學,04134086,土地管理學系,11,11,0,3,0,2,0,5,0,1,0,0,0,10,10,0,11,11,0
106,私立,一般大學,1007,逢甲大學,04134097,公共事務與社會創新研究所,1,1,0,1,0,0,0,0,0,0,0,0,0,1,1,0,1,1,0
106,私立,一般大學,1007,逢甲大學,04141024,國際經營與貿易學系,13,10,3,1,0,3,0,4,3,2,0,0,0,11,8,3,13,10,3
106,私立,一般大學,1007,逢甲大學,04141033,行銷學系,4,3,1,0,0,0,0,3,0,0,1,0,0,3,3,0,4,3,1
106,私立,一般大學,1007,逢甲大學,04191014,商學博士學位學程,1,1,0,0,0,0,0,1,0,0,0,0,0,1,1,0,1,1,0
106,私立,一般大學,1007,逢甲大學,04191014,商學進修學士班,8,7,1,0,0,2,0,4,0,1,1,0,0,6,6,0,8,7,1
106,私立,一般大學,1007,逢甲大學,04199092,美國聖荷西州立大學商學大數據分析雙學士學位學程,1,0,1,0,0,0,0,0,0,0,1,0,0,0,0,0,1,0,1
106,私立,一般大學,1007,逢甲大學,04199096,建設碩士在職學位學程,3,1,2,0,0,1,1,0,1,0,0,0,0,3,1,2,3,1,2
106,私立,一般大學,1007,逢甲大學,04199Y23,建設學院,1,1,0,1,0,0,0,0,0,0,0,0,0,1,1,0,1,1,0
106,私立,一般大學,1007,逢甲大學,04199Y28,國際科技與管理學院,2,1,1,0,0,0,0,0,0,1,1,0,0,0,0,0,2,1,1
106,私立,一般大學,1007,逢甲大學,04199Y29,經營管理學院,7,7,0,6,0,1,0,0,0,0,0,0,0,7,7,0,7,7,0
106,私立,一般大學,1007,逢甲大學,04212038,財經法律研究所,9,8,1,1,0,3,1,2,0,2,0,0,0,7,6,1,9,8,1
106,私立,一般大學,1007,逢甲大學,05399Y37,理學院,1,1,0,1,0,0,0,0,0,0,0,0,0,1,1,0,1,1,0
106,私立,一般大學,1007,逢甲大學,05411039,應用數學系,9,7,2,1,0,0,1,4,1,2,0,0,0,7,5,2,9,7,2
106,私立,一般大學,1007,逢甲大學,05421040,統計學系,14,11,3,4,0,6,2,1,1,0,0,0,0,14,11,3,14,11,3
106,私立,一般大學,1007,逢甲大學,06131048,資訊工程學系,8,7,1,2,0,1,0,2,0,2,1,0,0,5,5,0,8,7,1
106,私立,一般大學,1007,逢甲大學,07111068,化學工程學系,6,5,1,1,0,2,0,2,1,0,0,0,0,6,5,1,6,5,1
106,私立,一般大學,1007,逢甲大學,07112069,材料科學與工程學系,2,2,0,0,0,1,0,1,0,0,0,0,0,2,2,0,2,2,0
106,私立,一般大學,1007,逢甲大學,07121075,環境工程與科學學系,6,3,3,1,1,0,1,2,1,0,0,0,0,6,3,3,6,3,3
106,私立,一般大學,1007,逢甲大學,07122077,水利工程與資源保育學系,11,11,0,0,0,1,0,10,0,0,0,0,0,11,11,0,11,11,0
106,私立,一般大學,1007,逢甲大學,07132079,綠色能源科技碩士學位學程,4,4,0,0,0,2,0,2,0,0,0,0,0,4,4,0,4,4,0
106,私立,一般大學,1007,逢甲大學,07141044,電機工程學系,3,3,0,2,0,0,0,1,0,0,0,0,0,3,3,0,3,3,0
106,私立,一般大學,1007,逢甲大學,07141046,電子工程學系,2,2,0,1,0,1,0,0,0,0,0,0,0,2,2,0,2,2,0
106,私立,一般大學,1007,逢甲大學,07141047,光電學系,2,2,0,2,0,0,0,0,0,0,0,0,0,2,2,0,2,2,0
106,私立,一般大學,1007,逢甲大學,07141049,自動控制工程學系,8,8,0,2,0,1,0,5,0,0,0,0,0,8,8,0,8,8,0
106,私立,一般大學,1007,逢甲大學,07141050,通訊工程學系,1,1,0,1,0,0,0,0,0,0,0,0,0,1,1,0,1,1,0
106,私立,一般大學,1007,逢甲大學,07151061,機械與電腦輔助工程學系,13,13,0,2,0,1,0,10,0,0,0,0,0,13,13,0,13,13,0
106,私立,一般大學,1007,逢甲大學,07151062,精密系統設計學士學位學程,2,2,0,0,0,1,0,1,0,0,0,0,0,2,2,0,2,2,0
106,私立,一般大學,1007,逢甲大學,07162059,航太與系統工程學系,7,7,0,2,0,1,0,3,0,1,0,0,0,6,6,0,7,7,0
106,私立,一般大學,1007,逢甲大學,07191072,工業工程與系統管理學系,1,1,0,1,0,0,0,0,0,0,0,0,0,1,1,0,1,1,0
106,私立,一般大學,1007,逢甲大學,07192074,纖維與複合材料學系,13,9,4,1,2,2,1,6,1,0,0,0,0,13,9,4,13,9,4
106,私立,一般大學,1007,逢甲大學,07193078,生醫資訊暨生醫工程碩士學位學程,2,2,0,0,0,1,0,1,0,0,0,0,0,2,2,0,2,2,0
106,私立,一般大學,1007,逢甲大學,07199080,電聲碩士學位學程,4,4,0,1,0,2,0,1,0,0,0,0,0,4,4,0,4,4,0
106,私立,一般大學,1007,逢甲大學,07199Y40,工學院,1,1,0,1,0,0,0,0,0,0,0,0,0,1,1,0,1,1,0
106,私立,一般大學,1007,逢甲大學,07311083,建築專業學院,92,77,15,2,0,6,1,29,4,40,10,0,0,42,37,5,92,77,15
106,私立,一般大學,1007,逢甲大學,07312084,景觀與遊憩碩士學位學程,2,2,0,0,0,0,0,2,0,0,0,0,0,2,2,0,2,2,0
106,私立,一般大學,1007,逢甲大學,07313087,都市計畫與空間資訊學系,19,17,2,0,0,2,0,13,2,2,0,0,0,17,15,2,19,17,2
106,私立,一般大學,1007,逢甲大學,07321063,土木工程學系,16,14,2,2,0,3,0,6,1,3,1,0,0,12,11,1,16,14,2
106,私立,一般大學,1007,逢甲大學,10411093,運輸與物流學系,9,9,0,0,0,1,0,7,0,1,0,0,0,8,8,0,9,9,0
106,私立,一般大學,1007,逢甲大學,99999999,物理教學研究中心,6,5,1,0,0,2,1,3,0,0,0,0,0,6,5,1,6,5,1
106,私立,一般大學,1007,逢甲大學,99999Z01,通識教育中心,94,62,32,3,0,5,4,39,21,15,7,0,0,72,47,25,94,62,32
106,私立,一般大學,1007,逢甲大學,99999Z07,體育教學中心,30,25,5,4,1,6,0,8,3,7,1,0,0,22,18,4,30,25,5
106,私立,一般大學,1007,逢甲大學,99999Z08,外語教學中心,38,9,29,0,1,0,0,2,8,7,20,0,0,11,2,9,38,9,29
106,私立,一般大學,1007,逢甲大學,99999Z08,國語文教學中心,30,15,15,0,0,0,0,9,10,6,5,0,0,19,9,10,30,15,15
106,私立,一般大學,1008,靜宜大學,01111001,教育研究所,2,2,0,0,0,0,0,2,0,0,0,0,0,2,2,0,2,2,0
106,私立,一般大學,1008,靜宜大學,02311004,英國語文學系,25,10,15,1,1,0,2,1,0,8,12,0,0,5,2,3,25,10,15
106,私立,一般大學,1008,靜宜大學,02311005,西班牙語文學系,16,5,11,2,0,0,1,0,3,3,7,0,0,6,2,4,16,5,11
106,私立,一般大學,1008,靜宜大學,02311006,日本語文學系,34,7,27,0,0,1,0,0,6,6,21,0,0,7,1,6,34,7,27
106,私立,一般大學,1008,靜宜大學,02311007,寰宇外語教育學士學位學程,1,0,1,0,0,0,0,0,0,0,1,0,0,0,0,0,1,0,1
106,私立,一般大學,1008,靜宜大學,02321002,台灣文學系,9,7,2,0,0,1,0,1,1,5,1,0,0,3,2,1,9,7,2
106,私立,一般大學,1008,靜宜大學,02322003,中國文學系,7,5,2,1,0,1,0,0,0,3,2,0,0,2,2,0,7,5,2
106,私立,一般大學,1008,靜宜大學,03211008,大眾傳播學系,9,4,5,0,0,0,0,1,1,3,4,0,0,2,1,1,9,4,5
106,私立,一般大學,1008,靜宜大學,03214009,資訊傳播工程學系,6,4,2,0,0,0,0,0,0,4,2,0,0,0,0,0,6,4,2
106,私立,一般大學,1008,靜宜大學,04111011,會計學系,20,8,12,0,1,2,3,3,4,3,4,0,0,13,5,8,20,8,12
106,私立,一般大學,1008,靜宜大學,04121019,財務金融學系,22,16,6,5,0,2,0,2,2,7,4,0,0,11,9,2,22,16,6
106,私立,一般大學,1008,靜宜大學,04131012,企業管理學系,7,4,3,1,1,1,0,1,0,1,2,0,0,4,3,1,7,4,3
106,私立,一般大學,1008,靜宜大學,04131014,管理碩士在職專班,3,3,0,2,0,1,0,0,0,0,0,0,0,3,3,0,3,3,0
106,私立,一般大學,1008,靜宜大學,04131015,國際企業學系,7,5,2,1,0,1,0,0,1,3,1,0,0,3,2,1,7,5,2
106,私立,一般大學,1008,靜宜大學,04131018,創新與創業管理碩士學位學程,2,1,1,0,0,0,0,1,1,0,0,0,0,2,1,1,2,1,1
106,私立,一般大學,1008,靜宜大學,04191010,寰宇管理學士學位學程,1,0,1,0,0,0,0,0,0,0,1,0,0,0,0,0,1,0,1
106,私立,一般大學,1008,靜宜大學,04211020,法律學系,16,14,2,0,0,0,0,3,0,11,2,0,0,3,3,0,16,14,2
106,私立,一般大學,1008,靜宜大學,05191031,食品營養學系,10,7,3,3,0,0,1,4,2,0,0,0,0,10,7,3,10,7,3
106,私立,一般大學,1008,靜宜大學,05211021,生態人文學系,6,6,0,0,0,0,0,3,0,3,0,0,0,3,3,0,6,6,0
106,私立,一般大學,1008,靜宜大學,05311023,應用化學系,4,4,0,3,0,0,0,1,0,0,0,0,0,4,4,0,4,4,0
106,私立,一般大學,1008,靜宜大學,05421024,統計資訊學系,2,1,1,0,0,0,0,0,0,1,1,0,0,0,0,0,2,1,1
106,私立,一般大學,1008,靜宜大學,05499025,財務與計算數學系,6,5,1,0,0,2,0,2,0,1,1,0,0,4,4,0,6,5,1
106,私立,一般大學,1008,靜宜大學,06131027,資訊管理學系,16,15,1,1,0,2,0,6,0,6,1,0,0,9,9,0,16,15,1
106,私立,一般大學,1008,靜宜大學,06199Y39,資訊學院,1,1,0,1,0,0,0,0,0,0,0,0,0,1,1,0,1,1,0
106,私立,一般大學,1008,靜宜大學,07141030,資訊工程學系,5,4,1,0,1,0,0,2,0,2,0,0,0,3,2,1,5,4,1
106,私立,一般大學,1008,靜宜大學,09161035,化粧品科學系,22,13,9,1,1,4,2,3,3,5,3,0,0,14,8,6,22,13,9
106,私立,一般大學,1008,靜宜大學,09231032,社會工作與兒童少年福利學系,39,18,21,0,0,2,1,3,3,13,17,0,0,9,5,4,39,18,21
106,私立,一般大學,1008,靜宜大學,10151034,觀光事業學系,18,11,7,1,0,5,0,3,2,2,5,0,0,11,9,2,18,11,7
106,私立,一般大學,1008,靜宜大學,99999Z01,通識教育中心,69,43,26,2,0,1,0,18,13,22,13,0,0,34,21,13,69,43,26
106,私立,一般大學,1008,靜宜大學,99999Z05,師資培育中心,14,7,7,0,0,0,0,4,1,3,6,0,0,5,4,1,14,7,7
106,私立,一般大學,1008,靜宜大學,99999Z07,體育室,24,19,5,0,0,1,0,0,1,18,4,0,0,2,1,1,24,19,5
106,私立,一般大學,1008,靜宜大學,99999Z08,外語教學中心,34,8,26,0,0,0,2,3,1,5,23,0,0,6,3,3,34,8,26
106,私立,一般大學,1009,長庚大學,02122001,工業設計學系,8,7,1,0,0,0,0,0,0,7,1,0,0,0,0,0,8,7,1
106,私立,一般大學,1009,長庚大學,04131005,工商管理學系,2,1,1,0,0,1,0,0,0,0,1,0,0,1,1,0,2,1,1
106,私立,一般大學,1009,長庚大學,04131008,商管專業學院碩士學位學程,1,1,0,0,0,1,0,0,0,0,0,0,0,1,1,0,1,1,0
106,私立,一般大學,1009,長庚大學,04133007,醫務管理學系,1,1,0,0,0,0,0,1,0,0,0,0,0,1,1,0,1,1,0
106,私立,一般大學,1009,長庚大學,05123012,生物醫學研究所,4,2,2,0,1,0,0,2,1,0,0,0,0,4,2,2,4,2,2
106,私立,一般大學,1009,長庚大學,06131013,資訊管理學系,3,3,0,0,0,0,0,3,0,0,0,0,0,3,3,0,3,3,0
106,私立,一般大學,1009,長庚大學,09111049,顱顏口腔醫學研究所,3,3,0,1,0,1,0,1,0,0,0,0,0,3,3,0,3,3,0
106,私立,一般大學,1009,長庚大學,09121028,醫學系,412,356,56,57,3,108,11,149,34,42,8,0,0,362,314,48,412,356,56
106,私立,一般大學,1009,長庚大學,09121029,臨床醫學研究所,4,2,2,2,0,0,1,0,1,0,0,0,0,4,2,2,4,2,2
106,私立,一般大學,1009,長庚大學,09131040,護理學系,30,1,29,0,0,0,2,0,0,1,27,0,0,2,0,2,30,1,29
106,私立,一般大學,1009,長庚大學,09131042,呼吸治療學系,10,4,6,2,0,1,0,1,0,0,6,0,0,4,4,0,10,4,6
106,私立,一般大學,1009,長庚大學,09141046,醫學生物技術暨檢驗學系,17,5,12,0,2,1,0,1,2,3,8,0,0,6,2,4,17,5,12
106,私立,一般大學,1009,長庚大學,09141048,醫學影像暨放射科學系,30,25,5,2,1,7,0,5,2,11,2,0,0,17,14,3,30,25,5
106,私立,一般大學,1009,長庚大學,09151037,物理治療學系,5,0,5,0,0,0,0,0,2,0,3,0,0,2,0,2,5,0,5
106,私立,一般大學,1009,長庚大學,09152038,職能治療學系,5,1,4,1,0,0,0,0,0,0,4,0,0,1,1,0,5,1,4
106,私立,一般大學,1009,長庚大學,09171031,中醫學系,44,42,2,12,1,16,0,7,0,7,1,0,0,36,35,1,44,42,2
106,私立,一般大學,1009,長庚大學,99999Z01,通識教育中心,5,1,4,0,0,0,0,0,1,1,3,0,0,1,0,1,5,1,4
106,私立,一般大學,1010,元智大學,02191001,藝術與設計學系,20,15,5,2,1,0,0,2,0,11,4,0,0,5,4,1,20,15,5
106,私立,一般大學,1010,元智大學,02299049,人文社會學院英語學士學位學程,4,2,2,0,0,1,0,1,1,0,1,0,0,3,2,1,4,2,2
106,私立,一般大學,1010,元智大學,02311007,應用外語學系,9,4,5,0,0,1,1,0,1,3,3,0,0,3,1,2,9,4,5
106,私立,一般大學,1010,元智大學,02322004,中國語文學系,7,5,2,1,0,0,1,4,0,0,1,0,0,6,5,1,7,5,2
106,私立,一般大學,1010,元智大學,03141009,社會暨政策科學學系,12,8,4,3,0,1,0,3,3,1,1,0,0,10,7,3,12,8,4
106,私立,一般大學,1010,元智大學,04199018,管理學院,31,23,8,1,0,5,0,12,7,5,1,0,0,25,18,7,31,23,8
106,私立,一般大學,1010,元智大學,05121025,生物科技與工程研究所,2,2,0,2,0,0,0,0,0,0,0,0,0,2,2,0,2,2,0
106,私立,一般大學,1010,元智大學,05124027,生物與醫學資訊碩士學位學程,1,1,0,0,0,0,0,1,0,0,0,0,0,1,1,0,1,1,0
106,私立,一般大學,1010,元智大學,06131011,資訊管理學系,2,2,0,0,0,0,0,1,0,1,0,0,0,1,1,0,2,2,0
106,私立,一般大學,1010,元智大學,06131028,資訊工程學系,13,13,0,2,0,0,0,8,0,3,0,0,0,10,10,0,13,13,0
106,私立,一般大學,1010,元智大學,06131051,資訊學院英語學士學位學程,1,1,0,0,0,1,0,0,0,0,0,0,0,1,1,0,1,1,0
106,私立,一般大學,1010,元智大學,06133013,資訊傳播學系,8,8,0,0,0,0,0,4,0,4,0,0,0,4,4,0,8,8,0
106,私立,一般大學,1010,元智大學,07111041,化學工程與材料科學學系,13,10,3,2,1,1,0,6,2,1,0,0,0,12,9,3,13,10,3
106,私立,一般大學,1010,元智大學,07141033,電機工程學系,11,9,2,1,0,1,0,7,2,0,0,0,0,11,9,2,11,9,2
106,私立,一般大學,1010,元智大學,07141034,光電工程學系,4,4,0,1,0,3,0,0,0,0,0,0,0,4,4,0,4,4,0
106,私立,一般大學,1010,元智大學,07141035,通訊工程學系,6,6,0,2,0,1,0,2,0,1,0,0,0,5,5,0,6,6,0
106,私立,一般大學,1010,元智大學,07151037,機械工程學系,9,9,0,2,0,3,0,4,0,0,0,0,0,9,9,0,9,9,0
106,私立,一般大學,1010,元智大學,07191043,工業工程與管理學系,7,4,3,0,0,0,0,3,2,1,1,0,0,5,3,2,7,4,3
106,私立,一般大學,1010,元智大學,10199047,文化產業與文化政策博士學位學程,1,1,0,0,0,0,0,1,0,0,0,0,0,1,1,0,1,1,0
106,私立,一般大學,1010,元智大學,99999Z01,通識教學部,52,34,18,4,0,5,1,19,12,6,5,0,0,41,28,13,52,34,18
106,私立,一般大學,1010,元智大學,99999Z07,體育室,24,17,7,0,0,0,0,4,0,13,7,0,0,4,4,0,24,17,7
106,私立,一般大學,1010,元智大學,99999Z08,國際語言文化中心,50,11,39,0,0,0,1,1,5,10,33,0,0,7,1,6,50,11,39
106,私立,一般大學,1011,中華大學學校財團法人中華大學,02123004,工業產品設計學系,14,11,3,0,0,0,0,1,0,10,3,0,0,1,1,0,14,11,3
106,私立,一般大學,1011,中華大學學校財團法人中華大學,02124005,建築與設計學院,14,9,5,0,0,0,0,2,1,7,4,0,0,3,2,1,14,9,5
106,私立,一般大學,1011,中華大學學校財團法人中華大學,02311001,外國語文學系,7,4,3,0,0,0,0,0,0,4,3,0,0,0,0,0,7,4,3
106,私立,一般大學,1011,中華大學學校財團法人中華大學,02311002,應用日語學系,9,5,4,0,0,0,0,0,0,5,4,0,0,0,0,0,9,5,4
106,私立,一般大學,1011,中華大學學校財團法人中華大學,04121012,財務管理學系,5,4,1,1,0,0,0,0,0,3,1,0,0,1,1,0,5,4,1
106,私立,一般大學,1011,中華大學學校財團法人中華大學,04131007,企業管理學系,1,1,0,0,0,0,0,1,0,0,0,0,0,1,1,0,1,1,0
106,私立,一般大學,1011,中華大學學校財團法人中華大學,04131009,國際企業學系,1,1,0,0,0,0,0,0,0,1,0,0,0,0,0,0,1,1,0
106,私立,一般大學,1011,中華大學學校財團法人中華大學,04131017,管理學院,6,5,1,0,0,0,0,4,1,1,0,0,0,5,4,1,6,5,1
106,私立,一般大學,1011,中華大學學校財團法人中華大學,04199014,科技管理學系,5,5,0,2,0,1,0,1,0,1,0,0,0,4,4,0,5,5,0
106,私立,一般大學,1011,中華大學學校財團法人中華大學,04199016,營建管理學系,5,5,0,1,0,1,0,2,0,1,0,0,0,4,4,0,5,5,0
106,私立,一般大學,1011,中華大學學校財團法人中華大學,06131021,資訊管理學系,9,7,2,0,0,2,0,1,1,4,1,0,0,4,3,1,9,7,2
106,私立,一般大學,1011,中華大學學校財團法人中華大學,07141022,電機工程學系,1,1,0,0,0,0,0,1,0,0,0,0,0,1,1,0,1,1,0
106,私立,一般大學,1011,中華大學學校財團法人中華大學,07141024,電子工程學系,4,4,0,1,0,1,0,2,0,0,0,0,0,4,4,0,4,4,0
106,私立,一般大學,1011,中華大學學校財團法人中華大學,07141025,資訊工程學系,2,2,0,0,0,1,0,1,0,0,0,0,0,2,2,0,2,2,0
106,私立,一般大學,1011,中華大學學校財團法人中華大學,07191015,工業管理學系,2,2,0,0,0,0,0,2,0,0,0,0,0,2,2,0,2,2,0
106,私立,一般大學,1011,中華大學學校財團法人中華大學,07194031,光機電與材料學士學位學程,1,1,0,1,0,0,0,0,0,0,0,0,0,1,1,0,1,1,0
106,私立,一般大學,1011,中華大學學校財團法人中華大學,07311038,建築與都市計畫學系,48,40,8,1,1,2,0,4,2,33,5,0,0,10,7,3,48,40,8
106,私立,一般大學,1011,中華大學學校財團法人中華大學,07312039,景觀建築學系,11,8,3,0,0,0,0,0,0,8,3,0,0,0,0,0,11,8,3
106,私立,一般大學,1011,中華大學學校財團法人中華大學,07321032,土木工程學系,5,5,0,1,0,1,0,2,0,1,0,0,0,4,4,0,5,5,0
106,私立,一般大學,1011,中華大學學校財團法人中華大學,10131041,餐旅管理學系,8,6,2,1,0,0,0,1,0,4,2,0,0,2,2,0,8,6,2
106,私立,一般大學,1011,中華大學學校財團法人中華大學,10151043,休閒遊憩規劃與管理學系,3,3,0,1,0,0,0,0,0,2,0,0,0,1,1,0,3,3,0
106,私立,一般大學,1011,中華大學學校財團法人中華大學,10411047,運輸科技與物流管理學系,1,1,0,1,0,0,0,0,0,0,0,0,0,1,1,0,1,1,0
106,私立,一般大學,1011,中華大學學校財團法人中華大學,99999Z01,通識教育中心,27,17,10,0,0,2,0,5,3,10,7,0,0,10,7,3,27,17,10
106,私立,一般大學,1011,中華大學學校財團法人中華大學,99999Z08,語言中心,2,0,2,0,0,0,0,0,0,0,2,0,0,0,0,0,2,0,2
106,私立,一般大學,1012,大葉大學,02111002,造形藝術學系,20,13,7,1,0,0,0,1,0,11,7,0,0,2,2,0,20,13,7
106,私立,一般大學,1012,大葉大學,02112011,視覺傳達設計學系,24,18,6,0,0,2,0,0,0,16,6,0,0,2,2,0,24,18,6
106,私立,一般大學,1012,大葉大學,02112037,多媒體數位內容學位學程,6,4,2,0,0,0,0,1,1,3,1,0,0,2,1,1,6,4,2
106,私立,一般大學,1012,大葉大學,02123012,工業設計學系,16,11,5,0,0,2,0,2,1,7,4,0,0,5,4,1,16,11,5
106,私立,一般大學,1012,大葉大學,02123013,綠色產品設計學士學位學程,3,3,0,0,0,0,0,0,0,3,0,0,0,0,0,0,3,3,0
106,私立,一般大學,1012,大葉大學,02124014,空間設計學系,31,23,8,0,0,0,0,0,0,23,8,0,0,0,0,0,31,23,8
106,私立,一般大學,1012,大葉大學,02311004,英語學系,1,1,0,1,0,0,0,0,0,0,0,0,0,1,1,0,1,1,0
106,私立,一般大學,1012,大葉大學,02311006,應用日語學系,12,5,7,0,0,1,0,1,1,3,6,0,0,3,2,1,12,5,7
106,私立,一般大學,1012,大葉大學,02311007,歐洲語文學系,4,3,1,0,0,0,0,0,0,3,1,0,0,0,0,0,4,3,1
106,私立,一般大學,1012,大葉大學,02311008,文創產業國際人才學士學位學程,3,1,2,0,0,0,0,0,0,1,2,0,0,0,0,0,3,1,2
106,私立,一般大學,1012,大葉大學,02311016,歐洲文化與旅遊學士學位學程,1,1,0,0,0,0,0,0,0,1,0,0,0,0,0,0,1,1,0
106,私立,一般大學,1012,大葉大學,03211018,傳播藝術學士學位學程,6,5,1,0,0,0,0,2,0,3,1,0,0,2,2,0,6,5,1
106,私立,一般大學,1012,大葉大學,04111020,會計資訊學系,2,0,2,0,0,0,0,0,1,0,1,0,0,1,0,1,2,0,2
106,私立,一般大學,1012,大葉大學,04121025,財務金融學系,11,9,2,0,0,0,0,4,1,5,1,0,0,5,4,1,11,9,2
106,私立,一般大學,1012,大葉大學,04131021,企業管理學系,18,13,5,0,0,1,1,5,2,7,2,0,0,9,6,3,18,13,5
106,私立,一般大學,1012,大葉大學,04142028,人力資源暨公共關係學系,6,3,3,0,0,0,0,0,2,3,1,0,0,2,0,2,6,3,3
106,私立,一般大學,1012,大葉大學,04199029,管理學院博士班,1,1,0,1,0,0,0,0,0,0,0,0,0,1,1,0,1,1,0
106,私立,一般大學,1012,大葉大學,04199030,智慧財產權碩士在職學位學程,1,1,0,0,0,0,0,1,0,0,0,0,0,1,1,0,1,1,0
106,私立,一般大學,1012,大葉大學,05121032,生物產業科技學系,7,4,3,1,0,1,2,0,1,2,0,0,0,5,2,3,7,4,3
106,私立,一般大學,1012,大葉大學,05121033,生物資源學系,1,1,0,0,0,0,0,1,0,0,0,0,0,1,1,0,1,1,0
106,私立,一般大學,1012,大葉大學,05121034,分子生物科技學系,4,3,1,0,0,0,1,1,0,2,0,0,0,2,1,1,4,3,1
106,私立,一般大學,1012,大葉大學,06131036,資訊管理學系,2,1,1,0,0,0,0,1,0,0,1,0,0,1,1,0,2,1,1
106,私立,一般大學,1012,大葉大學,07121054,環境工程學系,4,4,0,2,0,1,0,1,0,0,0,0,0,4,4,0,4,4,0
106,私立,一般大學,1012,大葉大學,07141038,電機工程學系,4,4,0,1,0,0,0,2,0,1,0,0,0,3,3,0,4,4,0
106,私立,一般大學,1012,大葉大學,07151046,機械與自動化工程學系,2,2,0,0,0,0,0,2,0,0,0,0,0,2,2,0,2,2,0
106,私立,一般大學,1012,大葉大學,07191053,工業工程與管理學系,2,1,1,0,0,0,1,1,0,0,0,0,0,2,1,1,2,1,1
106,私立,一般大學,1012,大葉大學,07193055,醫療器材設計與材料學士學位學程,3,3,0,0,0,1,0,0,0,2,0,0,0,1,1,0,3,3,0
106,私立,一般大學,1012,大葉大學,07311057,建築研究所,1,1,0,0,0,0,0,1,0,0,0,0,0,1,1,0,1,1,0
106,私立,一般大學,1012,大葉大學,09131065,護理學系,19,4,15,0,0,0,0,2,4,2,11,0,0,6,2,4,19,4,15
106,私立,一般大學,1012,大葉大學,09161064,藥用植物與保健學系,7,5,2,1,0,0,0,0,1,4,1,0,0,2,1,1,7,5,2
106,私立,一般大學,1012,大葉大學,10131067,餐旅管理學系,9,7,2,0,0,0,0,3,1,4,1,0,0,4,3,1,9,7,2
106,私立,一般大學,1012,大葉大學,10151069,觀光旅遊學系,4,2,2,0,0,0,0,0,0,2,2,0,0,0,0,0,4,2,2
106,私立,一般大學,1012,大葉大學,10152070,休閒事業管理學系,10,4,6,1,0,0,0,0,3,3,3,0,0,4,1,3,10,4,6
106,私立,一般大學,1012,大葉大學,10152072,運動健康管理學系,13,4,9,0,0,2,1,1,1,1,7,0,0,5,3,2,13,4,9
106,私立,一般大學,1012,大葉大學,10199074,烘焙暨飲料調製學士學位學程,8,5,3,0,0,0,0,0,0,5,3,0,0,0,0,0,8,5,3
106,私立,一般大學,1012,大葉大學,10199075,婚禮企劃暨節慶管理學士學位學程,2,0,2,0,0,0,0,0,0,0,2,0,0,0,0,0,2,0,2
106,私立,一般大學,1012,大葉大學,10321076,消防安全學士學位學程,3,3,0,1,0,0,0,1,0,1,0,0,0,2,2,0,3,3,0
106,私立,一般大學,1012,大葉大學,99999Z01,通識教育中心,48,25,23,1,0,1,1,16,10,7,12,0,0,29,18,11,48,25,23
106,私立,一般大學,1012,大葉大學,99999Z05,師資培育中心,1,1,0,0,0,0,0,1,0,0,0,0,0,1,1,0,1,1,0
106,私立,一般大學,1012,大葉大學,99999Z07,體育室,6,6,0,0,0,0,0,2,0,4,0,0,0,2,2,0,6,6,0
106,私立,一般大學,1012,大葉大學,99999Z08,國際語言中心,46,14,32,0,0,0,0,4,3,10,29,0,0,7,4,3,46,14,32
106,私立,一般大學,1013,華梵大學,02123008,工業設計學系,12,10,2,1,0,1,0,2,0,6,2,0,0,4,4,0,12,10,2
106,私立,一般大學,1013,華梵大學,02131002,美術與文創學系,12,8,4,1,1,2,0,0,1,5,2,0,0,5,3,2,12,8,4
106,私立,一般大學,1013,華梵大學,02211005,佛教學系,2,1,1,0,0,0,0,0,1,1,0,0,0,1,0,1,2,1,1
106,私立,一般大學,1013,華梵大學,02231006,哲學系,4,2,2,1,0,1,1,0,1,0,0,0,0,4,2,2,4,2,2
106,私立,一般大學,1013,華梵大學,02311004,外國語文學系,14,5,9,0,0,0,0,0,2,5,7,0,0,2,0,2,14,5,9
106,私立,一般大學,1013,華梵大學,02322003,中國文學系,1,1,0,0,0,0,0,1,0,0,0,0,0,1,1,0,1,1,0
106,私立,一般大學,1013,華梵大學,03143009,東方人文思想研究所,1,1,0,0,0,1,0,0,0,0,0,0,0,1,1,0,1,1,0
106,私立,一般大學,1013,華梵大學,06131011,資訊管理學系,1,1,0,0,0,1,0,0,0,0,0,0,0,1,1,0,1,1,0
106,私立,一般大學,1013,華梵大學,07311016,建築學系,16,15,1,0,0,0,0,1,0,14,1,0,0,1,1,0,16,15,1
106,私立,一般大學,1013,華梵大學,07312017,環境與防災設計學系,6,4,2,1,0,0,0,1,0,2,2,0,0,2,2,0,6,4,2
106,私立,一般大學,1013,華梵大學,99999999,人文教育研究中心,8,4,4,0,0,0,0,1,4,3,0,0,0,5,1,4,8,4,4
106,私立,一般大學,1013,華梵大學,99999Z07,體育室,1,1,0,0,0,0,0,0,0,1,0,0,0,0,0,0,1,1,0
106,私立,一般大學,1014,義守大學,02111001,電影與電視學系,5,2,3,0,0,0,0,0,0,2,3,0,0,0,0,0,5,2,3
106,私立,一般大學,1014,義守大學,02112005,數位多媒體設計學系,2,1,1,0,0,0,0,0,0,1,1,0,0,0,0,0,2,1,1
106,私立,一般大學,1014,義守大學,02122004,傳播與設計學院原住民專班,3,2,1,0,0,0,0,0,0,2,1,0,0,0,0,0,3,2,1
106,私立,一般大學,1014,義守大學,02123006,創意商品設計學系,6,5,1,0,0,0,0,0,0,5,1,0,0,0,0,0,6,5,1
106,私立,一般大學,1014,義守大學,02311002,應用英語學系,19,7,12,0,0,0,0,0,1,7,11,0,0,1,0,1,19,7,12
106,私立,一般大學,1014,義守大學,02311003,應用日語學系,6,3,3,0,0,0,0,0,0,3,3,0,0,0,0,0,6,3,3
106,私立,一般大學,1014,義守大學,03211008,大眾傳播學系,10,6,4,0,0,0,0,1,1,5,3,0,0,2,1,1,10,6,4
106,私立,一般大學,1014,義守大學,04121016,財務金融學系,9,6,3,0,0,0,0,2,1,4,2,0,0,3,2,1,9,6,3
106,私立,一般大學,1014,義守大學,04121017,國際財務金融學系,1,0,1,0,0,0,0,0,0,0,1,0,0,0,0,0,1,0,1
106,私立,一般大學,1014,義守大學,04131010,企業管理學系,20,16,4,0,0,0,0,3,2,13,2,0,0,5,3,2,20,16,4
106,私立,一般大學,1014,義守大學,04131012,管理學院管理博士班,1,1,0,0,0,1,0,0,0,0,0,0,0,1,1,0,1,1,0
106,私立,一般大學,1014,義守大學,04133018,醫務管理學系,9,2,7,0,0,0,0,0,2,2,5,0,0,2,0,2,9,2,7
106,私立,一般大學,1014,義守大學,04141015,國際商務學系,5,3,2,0,0,0,0,2,0,1,2,0,0,2,2,0,5,3,2
106,私立,一般大學,1014,義守大學,04199019,工業管理學系,2,2,0,1,0,0,0,0,0,1,0,0,0,1,1,0,2,2,0
106,私立,一般大學,1014,義守大學,05191044,營養學系,3,2,1,0,0,0,0,0,0,2,1,0,0,0,0,0,3,2,1
106,私立,一般大學,1014,義守大學,06131024,資訊管理學系,4,4,0,0,0,0,0,2,0,2,0,0,0,2,2,0,4,4,0
106,私立,一般大學,1014,義守大學,06131027,資訊工程學系,2,2,0,2,0,0,0,0,0,0,0,0,0,2,2,0,2,2,0
106,私立,一般大學,1014,義守大學,07111033,化學工程學系,1,1,0,0,0,0,0,1,0,0,0,0,0,1,1,0,1,1,0
106,私立,一般大學,1014,義守大學,07141025,電機工程學系,1,1,0,0,0,0,0,1,0,0,0,0,0,1,1,0,1,1,0
106,私立,一般大學,1014,義守大學,07141026,電子工程學系,3,3,0,2,0,1,0,0,0,0,0,0,0,3,3,0,3,3,0
106,私立,一般大學,1014,義守大學,07151030,機械與自動化工程學系,6,6,0,0,0,1,0,5,0,0,0,0,0,6,6,0,6,6,0
106,私立,一般大學,1014,義守大學,07193037,生物醫學工程學系,2,1,1,0,0,0,0,1,0,0,1,0,0,1,1,0,2,1,1
106,私立,一般大學,1014,義守大學,07321032,土木與生態工程學系,3,3,0,2,0,0,0,0,0,1,0,0,0,2,2,0,3,3,0
106,私立,一般大學,1014,義守大學,09121011,學士後醫學系外國學生專班,41,31,10,0,0,2,0,6,1,23,9,0,0,9,8,1,41,31,10
106,私立,一般大學,1014,義守大學,09131046,護理學系,21,8,13,0,0,0,0,2,0,6,13,0,0,2,2,0,21,8,13
106,私立,一般大學,1014,義守大學,09131047,醫學院長期照護原住民專班,4,1,3,0,0,0,0,0,0,1,3,0,0,0,0,0,4,1,3
106,私立,一般大學,1014,義守大學,09141050,醫學影像暨放射科學系,9,8,1,0,0,1,0,0,0,7,1,0,0,1,1,0,9,8,1
106,私立,一般大學,1014,義守大學,09151042,物理治療學系,3,3,0,0,0,0,0,1,0,2,0,0,0,1,1,0,3,3,0
106,私立,一般大學,1014,義守大學,09152043,職能治療學系,5,4,1,0,0,0,0,1,0,3,1,0,0,1,1,0,5,4,1
106,私立,一般大學,1014,義守大學,09171040,學士後中醫學系,39,34,5,3,0,0,0,12,1,19,4,0,0,16,15,1,39,34,5
106,私立,一般大學,1014,義守大學,09191041,健康管理學系,12,7,5,0,0,0,0,0,0,7,5,0,0,0,0,0,12,7,5
106,私立,一般大學,1014,義守大學,10131051,餐旅管理學系,17,12,5,1,0,1,0,2,1,8,4,0,0,5,4,1,17,12,5
106,私立,一般大學,1014,義守大學,10131052,廚藝學系,16,12,4,0,0,0,0,1,0,11,4,0,0,1,1,0,16,12,4
106,私立,一般大學,1014,義守大學,10151053,觀光學系,11,8,3,0,0,0,0,2,1,6,2,0,0,3,2,1,11,8,3
106,私立,一般大學,1014,義守大學,10151055,國際觀光餐旅學系,2,1,1,1,0,0,0,0,0,0,1,0,0,1,1,0,2,1,1
106,私立,一般大學,1014,義守大學,10151057,休閒事業管理學系,7,6,1,0,0,0,0,0,1,6,0,0,0,1,0,1,7,6,1
106,私立,一般大學,1014,義守大學,10199058,娛樂事業管理學系,1,0,1,0,0,0,0,0,0,0,1,0,0,0,0,0,1,0,1
106,私立,一般大學,1014,義守大學,10199059,觀光餐旅學院原住民專班,4,3,1,0,0,0,0,0,0,3,1,0,0,0,0,0,4,3,1
106,私立,一般大學,1014,義守大學,99999Z01,通識教育中心,55,33,22,0,0,2,0,10,7,21,15,0,0,19,12,7,55,33,22
106,私立,一般大學,1015,世新大學,02111018,廣播電視電影學系,32,22,10,1,0,5,2,6,4,10,4,0,0,18,12,6,32,22,10
106,私立,一般大學,1015,世新大學,02112004,數位多媒體設計學系,11,9,2,0,0,0,0,1,0,8,2,0,0,1,1,0,11,9,2
106,私立,一般大學,1015,世新大學,02311002,英語學系,28,13,15,0,0,1,0,3,0,9,15,0,0,4,4,0,28,13,15
106,私立,一般大學,1015,世新大學,02311003,日本語文學系,13,5,8,0,0,2,1,0,0,3,7,0,0,3,2,1,13,5,8
106,私立,一般大學,1015,世新大學,02322001,中國文學系,36,13,23,3,0,0,1,6,10,4,12,0,0,20,9,11,36,13,23
106,私立,一般大學,1015,世新大學,03111005,經濟學系,8,6,2,2,0,1,1,1,1,2,0,0,0,6,4,2,8,6,2
106,私立,一般大學,1015,世新大學,03141008,社會心理學系,9,3,6,0,0,0,0,0,2,3,4,0,0,2,0,2,9,3,6
106,私立,一般大學,1015,世新大學,03211012,傳播博士學位學程,1,0,1,0,1,0,0,0,0,0,0,0,0,1,0,1,1,0,1
106,私立,一般大學,1015,世新大學,03211014,口語傳播學系,21,14,7,0,0,2,0,2,4,10,3,0,0,8,4,4,21,14,7
106,私立,一般大學,1015,世新大學,03212017,新聞學系,26,21,5,3,1,2,0,2,2,14,2,0,0,10,7,3,26,21,5
106,私立,一般大學,1015,世新大學,03214013,資訊傳播學系,21,18,3,0,0,1,0,3,1,14,2,0,0,5,4,1,21,18,3
106,私立,一般大學,1015,世新大學,03214020,圖文傳播暨數位出版學系,14,10,4,0,0,1,0,2,1,7,3,0,0,4,3,1,14,10,4
106,私立,一般大學,1015,世新大學,04121024,財務金融學系,7,5,2,0,0,2,0,2,1,1,1,0,0,5,4,1,7,5,2
106,私立,一般大學,1015,世新大學,04131023,企業管理學系,11,8,3,0,0,0,0,6,1,2,2,0,0,7,6,1,11,8,3
106,私立,一般大學,1015,世新大學,04134009,行政管理學系,12,7,5,2,0,1,1,2,2,2,2,0,0,8,5,3,12,7,5
106,私立,一般大學,1015,世新大學,04142019,公共關係暨廣告學系,29,20,9,1,0,5,2,9,2,5,5,0,0,19,15,4,29,20,9
106,私立,一般大學,1015,世新大學,04199025,傳播管理學系,9,5,4,0,0,0,0,0,0,5,4,0,0,0,0,0,9,5,4
106,私立,一般大學,1015,世新大學,04211026,法律學系,38,34,4,6,0,4,1,5,1,19,2,0,0,17,15,2,38,34,4
106,私立,一般大學,1015,世新大學,04212027,智慧財產權法律研究所,5,3,2,0,0,1,0,2,2,0,0,0,0,5,3,2,5,3,2
106,私立,一般大學,1015,世新大學,06131028,資訊管理學系,6,5,1,0,0,1,0,4,0,0,1,0,0,5,5,0,6,5,1
106,私立,一般大學,1015,世新大學,10151029,觀光學系,13,7,6,0,0,0,0,1,1,6,5,0,0,2,1,1,13,7,6
106,私立,一般大學,1015,世新大學,99999Z01,通識教育中心,64,45,19,10,3,11,3,12,5,12,8,0,0,44,33,11,64,45,19
106,私立,一般大學,1015,世新大學,99999Z07,體育室,15,9,6,1,0,2,0,1,1,5,5,0,0,5,4,1,15,9,6
106,私立,一般大學,1015,世新大學,99999Z08,外語教學中心,4,3,1,0,0,0,0,0,0,3,1,0,0,0,0,0,4,3,1
106,私立,一般大學,1016,銘傳大學,01111052,教育研究所,6,5,1,0,0,1,0,4,1,0,0,0,0,6,5,1,6,5,1
106,私立,一般大學,1016,銘傳大學,01131042,華語文教學學系,7,4,3,0,0,1,0,1,0,2,3,0,0,2,2,0,7,4,3
106,私立,一般大學,1016,銘傳大學,02112012,數位媒體設計學系,12,8,4,0,0,0,0,0,1,8,3,0,0,1,0,1,12,8,4
106,私立,一般大學,1016,銘傳大學,02112072,商業設計學系,21,12,9,2,0,1,1,0,2,9,6,0,0,6,3,3,21,12,9
106,私立,一般大學,1016,銘傳大學,02123073,商品設計學系,24,22,2,0,0,1,0,3,0,18,2,0,0,4,4,0,24,22,2
106,私立,一般大學,1016,銘傳大學,02311010,應用日語學系,22,6,16,0,0,1,0,0,1,5,15,0,0,2,1,1,22,6,16
106,私立,一般大學,1016,銘傳大學,02311031,應用英語學系,18,10,8,0,0,1,0,3,2,6,6,0,0,6,4,2,18,10,8
106,私立,一般大學,1016,銘傳大學,02322002,應用中國文學系,29,11,18,2,1,0,2,3,8,6,7,0,0,16,5,11,29,11,18
106,私立,一般大學,1016,銘傳大學,03122005,國際事務與外交學士學位學程,13,13,0,1,0,4,0,8,0,0,0,0,0,13,13,0,13,13,0
106,私立,一般大學,1016,銘傳大學,03131054,諮商與工商心理學系,12,6,6,0,0,0,0,1,3,5,3,0,0,4,1,3,12,6,6
106,私立,一般大學,1016,銘傳大學,03212046,新聞學系,16,7,9,0,0,1,0,1,0,5,9,0,0,2,2,0,16,7,9
106,私立,一般大學,1016,銘傳大學,03212063,新聞與大眾傳播學士學位學程,4,3,1,0,0,1,0,0,1,2,0,0,0,2,1,1,4,3,1
106,私立,一般大學,1016,銘傳大學,03213047,廣播電視學系,8,5,3,0,0,1,0,2,0,2,3,0,0,3,3,0,8,5,3
106,私立,一般大學,1016,銘傳大學,03213064,新媒體暨傳播管理學系,11,7,4,0,0,1,0,1,1,5,3,0,0,3,2,1,11,7,4
106,私立,一般大學,1016,銘傳大學,04111032,會計學系,15,10,5,1,0,3,1,3,2,3,2,0,0,10,7,3,15,10,5
106,私立,一般大學,1016,銘傳大學,04121020,財務金融學系,11,8,3,1,0,0,0,5,1,2,2,0,0,7,6,1,11,8,3
106,私立,一般大學,1016,銘傳大學,04121059,經濟與金融學系,7,6,1,0,0,2,0,2,0,2,1,0,0,4,4,0,7,6,1
106,私立,一般大學,1016,銘傳大學,04123056,風險管理與保險學系,12,7,5,0,0,2,1,3,0,2,4,0,0,6,5,1,12,7,5
106,私立,一般大學,1016,銘傳大學,04131017,國際企業與貿易學士學位學程,1,1,0,0,0,0,0,1,0,0,0,0,0,1,1,0,1,1,0
106,私立,一般大學,1016,銘傳大學,04131036,企業管理學系,13,8,5,0,1,1,0,6,2,1,2,0,0,10,7,3,13,8,5
106,私立,一般大學,1016,銘傳大學,04131061,國際企業學系,11,6,5,1,0,2,1,1,0,2,4,0,0,5,4,1,11,6,5
106,私立,一般大學,1016,銘傳大學,04133022,醫療資訊與管理學系,19,14,5,1,0,2,0,7,2,4,3,0,0,12,10,2,19,14,5
106,私立,一般大學,1016,銘傳大學,04134006,公共事務學系,12,9,3,2,0,4,1,2,1,1,1,0,0,10,8,2,12,9,3
106,私立,一般大學,1016,銘傳大學,04143015,廣告暨策略行銷學系,7,5,2,0,0,1,0,2,0,2,2,0,0,3,3,0,7,5,2
106,私立,一般大學,1016,銘傳大學,04199027,時尚創意管理學士學位學程,4,1,3,0,0,0,0,0,1,1,2,0,0,1,0,1,4,1,3
106,私立,一般大學,1016,銘傳大學,04211039,法律學系,26,21,5,3,1,0,2,5,0,13,2,0,0,11,8,3,26,21,5
106,私立,一般大學,1016,銘傳大學,04212024,財金法律學系,14,8,6,3,1,0,0,2,3,3,2,0,0,9,5,4,14,8,6
106,私立,一般大學,1016,銘傳大學,05121009,生物科技學系,14,10,4,1,0,0,0,6,1,3,3,0,0,8,7,1,14,10,4
106,私立,一般大學,1016,銘傳大學,05421079,應用統計與資料科學學系,6,4,2,1,0,1,0,2,0,0,2,0,0,4,4,0,6,4,2
106,私立,一般大學,1016,銘傳大學,06131045,資訊管理學系,3,3,0,1,0,0,0,1,0,1,0,0,0,2,2,0,3,3,0
106,私立,一般大學,1016,銘傳大學,06133078,資訊傳播工程學系,4,3,1,0,0,0,0,1,0,2,1,0,0,1,1,0,4,3,1
106,私立,一般大學,1016,銘傳大學,06134068,資訊科技應用學士學位學程,2,1,1,1,0,0,0,0,0,0,1,0,0,1,1,0,2,1,1
106,私立,一般大學,1016,銘傳大學,07141025,電子工程學系,7,6,1,2,0,1,0,0,1,3,0,0,0,4,3,1,7,6,1
106,私立,一般大學,1016,銘傳大學,07141029,資訊工程學系,4,4,0,1,0,0,0,0,0,3,0,0,0,1,1,0,4,4,0
106,私立,一般大學,1016,銘傳大學,07141050,電腦與通訊工程學系,5,4,1,0,0,0,0,2,0,2,1,0,0,2,2,0,5,4,1
106,私立,一般大學,1016,銘傳大學,07193043,生物醫學工程學系,9,5,4,0,0,1,0,2,0,2,4,0,0,3,3,0,9,5,4
106,私立,一般大學,1016,銘傳大學,07311026,建築學系,23,22,1,0,0,0,0,2,0,20,1,0,0,2,2,0,23,22,1
106,私立,一般大學,1016,銘傳大學,07313048,都市規劃與防災學系,13,11,2,1,0,0,0,6,1,4,1,0,0,8,7,1,13,11,2
106,私立,一般大學,1016,銘傳大學,10131044,餐旅管理學系,5,4,1,0,0,0,0,0,0,4,1,0,0,0,0,0,5,4,1
106,私立,一般大學,1016,銘傳大學,10151008,旅遊與觀光學士學位學程,5,4,1,0,0,0,0,1,1,3,0,0,0,2,1,1,5,4,1
106,私立,一般大學,1016,銘傳大學,10151033,觀光事業學系,9,7,2,2,0,0,0,2,0,3,2,0,0,4,4,0,9,7,2
106,私立,一般大學,1016,銘傳大學,10152076,休閒遊憩管理學系,5,3,2,0,0,2,0,0,0,1,2,0,0,2,2,0,5,3,2
106,私立,一般大學,1016,銘傳大學,10321088,犯罪防治學系,15,13,2,2,0,5,0,5,1,1,1,0,0,13,12,1,15,13,2
106,私立,一般大學,1016,銘傳大學,99999Z01,通識教育中心,36,21,15,0,0,3,0,11,6,7,9,0,0,20,14,6,36,21,15
106,私立,一般大學,1016,銘傳大學,99999Z05,師資培育中心,3,2,1,1,0,0,1,0,0,1,0,0,0,2,1,1,3,2,1
106,私立,一般大學,1016,銘傳大學,99999Z07,體育室,22,16,6,0,0,2,0,2,1,12,5,0,0,5,4,1,22,16,6
106,私立,一般大學,1016,銘傳大學,99999Z08,英語教學中心,50,19,31,0,0,0,0,1,3,18,28,0,0,4,1,3,50,19,31
106,私立,一般大學,1017,實踐大學,02112012,媒體傳達設計學系,23,19,4,0,0,0,0,5,2,14,2,0,0,7,5,2,23,19,4
106,私立,一般大學,1017,實踐大學,02112013,電腦動畫學士學位學程,3,2,1,0,0,0,1,2,0,0,0,0,0,3,2,1,3,2,1
106,私立,一般大學,1017,實踐大學,02112039,資訊模擬與設計學系,7,4,3,0,0,0,0,2,0,2,3,0,0,2,2,0,7,4,3
106,私立,一般大學,1017,實踐大學,02122009,時尚設計學系,12,4,8,0,0,0,0,0,0,4,8,0,0,0,0,0,12,4,8
106,私立,一般大學,1017,實踐大學,02123014,工業產品設計學系,26,19,7,1,0,2,2,4,0,12,5,0,0,9,7,2,26,19,7
106,私立,一般大學,1017,實踐大學,02125051,服裝設計學系,41,23,18,0,0,4,1,4,2,15,15,0,0,11,8,3,41,23,18
106,私立,一般大學,1017,實踐大學,02125053,服飾設計與經營學系,26,12,14,0,0,1,0,3,2,8,12,0,0,6,4,2,26,12,14
106,私立,一般大學,1017,實踐大學,02151001,音樂學系,74,34,40,1,2,3,10,10,7,20,21,0,0,33,14,19,74,34,40
106,私立,一般大學,1017,實踐大學,02311004,應用外語學系,26,11,15,0,0,0,0,3,2,8,13,0,0,5,3,2,26,11,15
106,私立,一般大學,1017,實踐大學,02311005,應用英語學系,3,1,2,0,0,0,0,0,1,1,1,0,0,1,0,1,3,1,2
106,私立,一般大學,1017,實踐大學,02311006,應用日文學系,7,6,1,0,0,0,0,2,0,4,1,0,0,2,2,0,7,6,1
106,私立,一般大學,1017,實踐大學,02322002,應用中文學系,6,4,2,0,0,1,0,2,1,1,1,0,0,4,3,1,6,4,2
106,私立,一般大學,1017,實踐大學,04111019,會計學系,11,8,3,0,0,1,1,2,2,5,0,0,0,6,3,3,11,8,3
106,私立,一般大學,1017,實踐大學,04111020,會計暨稅務學系,8,6,2,0,0,1,0,2,0,3,2,0,0,3,3,0,8,6,2
106,私立,一般大學,1017,實踐大學,04121029,財務金融學系,15,14,1,2,0,5,0,5,1,2,0,0,0,13,12,1,15,14,1
106,私立,一般大學,1017,實踐大學,04121032,金融管理學系,12,8,4,0,0,1,1,2,0,5,3,0,0,4,3,1,12,8,4
106,私立,一般大學,1017,實踐大學,04123033,風險管理與保險學系,11,8,3,0,0,0,0,4,0,4,3,0,0,4,4,0,11,8,3
106,私立,一般大學,1017,實踐大學,04131021,企業管理學系,19,15,4,1,0,2,2,6,0,6,2,0,0,11,9,2,19,15,4
106,私立,一般大學,1017,實踐大學,04131022,國際企業管理學系,12,9,3,1,0,1,0,6,0,1,3,0,0,8,8,0,12,9,3
106,私立,一般大學,1017,實踐大學,04131023,管理學院國際企業英語碩士學位學程,3,3,0,0,0,1,0,2,0,0,0,0,0,3,3,0,3,3,0
106,私立,一般大學,1017,實踐大學,04131023,管理學院國際企業英語學士學位學程,12,11,1,1,0,2,0,2,0,6,1,0,0,5,5,0,12,11,1
106,私立,一般大學,1017,實踐大學,04141026,國際貿易學系,12,8,4,0,0,0,0,4,1,4,3,0,0,5,4,1,12,8,4
106,私立,一般大學,1017,實踐大學,04141028,國際經營與貿易學系,9,8,1,0,0,4,0,1,1,3,0,0,0,6,5,1,9,8,1
106,私立,一般大學,1017,實踐大學,04143035,行銷管理學系,8,4,4,0,0,0,0,0,2,4,2,0,0,2,0,2,8,4,4
106,私立,一般大學,1017,實踐大學,04199036,管理學院創意產業博士班,1,1,0,1,0,0,0,0,0,0,0,0,0,1,1,0,1,1,0
106,私立,一般大學,1017,實踐大學,05191043,食品營養與保健生技學系,15,7,8,1,1,1,2,4,1,1,4,0,0,10,6,4,15,7,8
106,私立,一般大學,1017,實踐大學,06131037,資訊科技與管理學系,14,10,4,0,0,2,1,3,2,5,1,0,0,8,5,3,14,10,4
106,私立,一般大學,1017,實踐大學,06131038,資訊管理學系,3,3,0,0,0,1,0,1,0,1,0,0,0,2,2,0,3,3,0
106,私立,一般大學,1017,實踐大學,06131040,資訊科技與通訊學系,2,2,0,1,0,0,0,1,0,0,0,0,0,2,2,0,2,2,0
106,私立,一般大學,1017,實踐大學,07311041,建築設計學系,30,25,5,1,1,7,0,5,1,12,3,0,0,15,13,2,30,25,5
106,私立,一般大學,1017,實踐大學,09221045,家庭研究與兒童發展學系,20,7,13,1,0,1,1,3,4,2,8,0,0,10,5,5,20,7,13
106,私立,一般大學,1017,實踐大學,09231044,社會工作學系,22,8,14,1,0,0,1,1,2,6,11,0,0,5,2,3,22,8,14
106,私立,一般大學,1017,實踐大學,10131046,餐飲管理學系,16,12,4,2,1,2,0,2,0,6,3,0,0,7,6,1,16,12,4
106,私立,一般大學,1017,實踐大學,10151047,觀光管理學系,13,6,7,0,0,0,0,2,0,4,7,0,0,2,2,0,13,6,7
106,私立,一般大學,1017,實踐大學,10152049,休閒產業管理學系,13,9,4,1,0,1,0,2,0,5,4,0,0,4,4,0,13,9,4
106,私立,一般大學,1017,實踐大學,99999Z01,博雅學部,115,54,61,2,1,4,2,20,12,28,46,0,0,41,26,15,115,54,61
106,私立,一般大學,1017,實踐大學,99999Z07,體育教育委員會,54,40,14,3,1,8,1,6,3,23,9,0,0,22,17,5,54,40,14
106,私立,技專校院,1018,朝陽科技大學,02112003,視覺傳達設計系,29,21,8,0,0,1,0,3,1,17,7,0,0,5,4,1,29,21,8
106,私立,技專校院,1018,朝陽科技大學,02123004,工業設計系,25,18,7,0,0,1,0,2,1,15,6,0,0,4,3,1,25,18,7
106,私立,技專校院,1018,朝陽科技大學,02311001,應用英語系,10,3,7,0,0,0,0,1,0,2,7,0,0,1,1,0,10,3,7
106,私立,技專校院,1018,朝陽科技大學,03211006,傳播藝術系,18,16,2,0,0,1,0,3,0,12,2,0,0,4,4,0,18,16,2
106,私立,技專校院,1018,朝陽科技大學,04111007,會計系,17,12,5,2,0,1,1,4,2,5,2,0,0,10,7,3,17,12,5
106,私立,技專校院,1018,朝陽科技大學,04121010,財務金融系,13,9,4,1,0,3,0,0,0,5,4,0,0,4,4,0,13,9,4
106,私立,技專校院,1018,朝陽科技大學,04123011,保險金融管理系,15,9,6,0,0,1,0,2,4,6,2,0,0,7,3,4,15,9,6
106,私立,技專校院,1018,朝陽科技大學,04131008,企業管理系,22,16,6,2,0,2,0,4,0,8,6,0,0,8,8,0,22,16,6
106,私立,技專校院,1018,朝陽科技大學,04132012,行銷與流通管理系,19,17,2,0,0,0,0,4,0,13,2,0,0,4,4,0,19,17,2
106,私立,技專校院,1018,朝陽科技大學,04199014,銀髮產業管理系,16,12,4,0,0,0,0,6,0,6,4,0,0,6,6,0,16,12,4
106,私立,技專校院,1018,朝陽科技大學,05311017,應用化學系,5,4,1,2,0,0,0,0,1,2,0,0,0,3,2,1,5,4,1
106,私立,技專校院,1018,朝陽科技大學,06131019,資訊管理系,17,9,8,1,0,0,0,3,1,5,7,0,0,5,4,1,17,9,8
106,私立,技專校院,1018,朝陽科技大學,07121027,環境工程與管理系,13,10,3,0,0,2,0,3,1,5,2,0,0,6,5,1,13,10,3
106,私立,技專校院,1018,朝陽科技大學,07141020,資訊工程系,10,9,1,2,0,2,0,2,1,3,0,0,0,7,6,1,10,9,1
106,私立,技專校院,1018,朝陽科技大學,07141023,資訊與通訊系,5,5,0,1,0,0,0,2,0,2,0,0,0,3,3,0,5,5,0
106,私立,技專校院,1018,朝陽科技大學,07191026,工業工程與管理系,20,17,3,1,0,1,0,4,0,11,3,0,0,6,6,0,20,17,3
106,私立,技專校院,1018,朝陽科技大學,07311028,建築系,37,32,5,0,0,0,0,4,0,28,5,0,0,4,4,0,37,32,5
106,私立,技專校院,1018,朝陽科技大學,07312031,景觀及都市設計系,22,13,9,0,0,0,0,2,1,11,8,0,0,3,2,1,22,13,9
106,私立,技專校院,1018,朝陽科技大學,07321025,營建工程系,4,4,0,0,0,0,0,2,0,2,0,0,0,2,2,0,4,4,0
106,私立,技專校院,1018,朝陽科技大學,09221035,幼兒保育系,19,6,13,0,0,1,0,0,0,5,13,0,0,1,1,0,19,6,13
106,私立,技專校院,1018,朝陽科技大學,09231034,社會工作系,34,15,19,2,0,0,0,1,1,12,18,0,0,4,3,1,34,15,19
106,私立,技專校院,1018,朝陽科技大學,10152036,休閒事業管理系,38,24,14,0,0,2,1,3,2,19,11,0,0,8,5,3,38,24,14
106,私立,技專校院,1018,朝陽科技大學,99999999,管理學院(不分系所),1,1,0,0,0,0,0,0,0,1,0,0,0,0,0,0,1,1,0
106,私立,技專校院,1018,朝陽科技大學,99999Z01,通識教育中心,95,71,24,0,0,8,1,17,11,46,12,0,0,37,25,12,95,71,24
106,私立,技專校院,1018,朝陽科技大學,99999Z05,師資培育中心,6,3,3,0,0,0,0,1,1,2,2,0,0,2,1,1,6,3,3
106,私立,技專校院,1018,朝陽科技大學,99999Z08,語言中心,48,6,42,0,0,0,2,0,6,6,34,0,0,8,0,8,48,6,42
106,私立,一般大學,1019,高雄醫學大學,04133003,醫務管理暨醫療資訊學系,9,8,1,1,0,2,0,2,1,3,0,0,0,6,5,1,9,8,1
106,私立,一般大學,1019,高雄醫學大學,09121011,醫學系（含學士後醫學系）,18,12,6,0,0,3,1,7,4,2,1,0,0,15,10,5,18,12,6
106,私立,一般大學,1019,高雄醫學大學,09121019,熱帶醫學碩士學位學程,1,0,1,0,0,0,0,0,1,0,0,0,0,1,0,1,1,0,1
106,私立,一般大學,1019,高雄醫學大學,09131032,護理學系,2,1,1,0,0,1,0,0,0,0,1,0,0,1,1,0,2,1,1
106,私立,一般大學,1019,高雄醫學大學,09131035,腎臟照護學系,1,1,0,0,0,0,0,1,0,0,0,0,0,1,1,0,1,1,0
106,私立,一般大學,1019,高雄醫學大學,09141036,醫學檢驗生物技術學系,6,4,2,0,0,0,0,1,2,3,0,0,0,3,1,2,6,4,2
106,私立,一般大學,1019,高雄醫學大學,09141037,醫學影像暨放射科學系,3,2,1,0,0,0,0,0,0,2,1,0,0,0,0,0,3,2,1
106,私立,一般大學,1019,高雄醫學大學,09141B01,學士後醫學檢驗數據整合判讀學士學位學程,3,0,3,0,0,0,0,0,3,0,0,0,0,3,0,3,3,0,3
106,私立,一般大學,1019,高雄醫學大學,09151028,物理治療學系,4,2,2,0,0,0,0,0,0,2,2,0,0,0,0,0,4,2,2
106,私立,一般大學,1019,高雄醫學大學,09152029,職能治療學系,1,1,0,0,0,0,0,0,0,1,0,0,0,0,0,0,1,1,0
106,私立,一般大學,1019,高雄醫學大學,09161024,藥學系,11,6,5,0,0,0,0,2,2,4,3,0,0,4,2,2,11,6,5
106,私立,一般大學,1019,高雄醫學大學,09161026,天然藥物研究所,1,1,0,1,0,0,0,0,0,0,0,0,0,1,1,0,1,1,0
106,私立,一般大學,1019,高雄醫學大學,09161027,香粧品學系,5,1,4,0,0,0,0,0,0,1,4,0,0,0,0,0,5,1,4
106,私立,一般大學,1019,高雄醫學大學,09191021,公共衛生學系,1,0,1,0,1,0,0,0,0,0,0,0,0,1,0,1,1,0,1
106,私立,一般大學,1019,高雄醫學大學,09231049,醫學社會學與社會工作學系,13,2,11,0,1,0,1,1,2,1,7,0,0,5,1,4,13,2,11
106,私立,一般大學,1019,高雄醫學大學,99999Z01,通識教育中心,49,25,24,2,0,3,0,9,11,11,13,0,0,25,14,11,49,25,24
106,私立,一般大學,1020,南華大學,01121001,幼兒教育學系,5,3,2,1,0,0,0,2,1,0,1,0,0,4,3,1,5,3,2
106,私立,一般大學,1020,南華大學,02111059,視覺藝術與設計學系,5,4,1,0,0,0,0,2,0,2,1,0,0,2,2,0,5,4,1
106,私立,一般大學,1020,南華大學,02123015,創意產品設計學系,9,7,2,2,0,0,0,1,0,4,2,0,0,3,3,0,9,7,2
106,私立,一般大學,1020,南華大學,02151003,民族音樂學系,57,21,36,0,1,3,0,4,11,14,24,0,0,19,7,12,57,21,36
106,私立,一般大學,1020,南華大學,02199Y08,藝術與設計學院,1,1,0,0,0,0,0,0,0,1,0,0,0,0,0,0,1,1,0
106,私立,一般大學,1020,南華大學,02211010,宗教學研究所,2,0,2,0,1,0,0,0,1,0,0,0,0,2,0,2,2,0,2
106,私立,一般大學,1020,南華大學,02299011,生死學系,35,18,17,0,2,0,0,3,3,15,12,0,0,8,3,5,35,18,17
106,私立,一般大學,1020,南華大學,02299Y14,人文學院,20,13,7,1,1,1,0,0,2,11,4,0,0,5,2,3,20,13,7
106,私立,一般大學,1020,南華大學,02322009,文學系,1,1,0,0,0,1,0,0,0,0,0,0,0,1,1,0,1,1,0
106,私立,一般大學,1020,南華大學,03122019,國際事務與企業學系,2,0,2,0,0,0,0,0,0,0,2,0,0,0,0,0,2,0,2
106,私立,一般大學,1020,南華大學,03141017,應用社會學系,10,5,5,0,0,0,0,0,1,5,4,0,0,1,0,1,10,5,5
106,私立,一般大學,1020,南華大學,03211026,傳播學系,5,3,2,0,0,0,0,0,0,3,2,0,0,0,0,0,5,3,2
106,私立,一般大學,1020,南華大學,04121031,財務金融學系,2,2,0,0,0,0,0,0,0,2,0,0,0,0,0,0,2,2,0
106,私立,一般大學,1020,南華大學,04131029,企業管理學系,10,8,2,1,0,0,0,2,2,5,0,0,0,5,3,2,10,8,2
106,私立,一般大學,1020,南華大學,04131030,管理學院國際企業學士學位學程,6,4,2,0,0,0,0,1,0,3,2,0,0,1,1,0,6,4,2
106,私立,一般大學,1020,南華大學,04199033,文化創意事業管理學系,2,2,0,0,0,0,0,0,0,2,0,0,0,0,0,0,2,2,0
106,私立,一般大學,1020,南華大學,05121040,自然生物科技學系,13,9,4,0,0,0,0,6,2,3,2,0,0,8,6,2,13,9,4
106,私立,一般大學,1020,南華大學,06131042,資訊管理學系,4,3,1,0,0,0,0,2,1,1,0,0,0,3,2,1,4,3,1
106,私立,一般大學,1020,南華大學,06131043,科技學院資訊科技進修學士班,5,4,1,0,0,0,0,2,0,2,1,0,0,2,2,0,5,4,1
106,私立,一般大學,1020,南華大學,07141044,資訊工程學系,3,2,1,0,0,0,0,0,0,2,1,0,0,0,0,0,3,2,1
106,私立,一般大學,1020,南華大學,07311045,建築與景觀學系,12,8,4,0,0,0,0,0,0,8,4,0,0,0,0,0,12,8,4
106,私立,一般大學,1020,南華大學,10151048,旅遊管理學系,13,7,6,1,0,0,0,2,1,4,5,0,0,4,3,1,13,7,6
106,私立,一般大學,1020,南華大學,99999Z01,通識教育中心,18,6,12,0,0,0,0,2,1,4,11,0,0,3,2,1,18,6,12
106,私立,一般大學,1020,南華大學,99999Z08,語文教學中心,24,8,16,0,0,0,0,2,3,6,13,0,0,5,2,3,24,8,16
106,私立,一般大學,1021,真理大學,02151001,音樂應用學系,56,20,36,2,2,0,0,3,12,15,22,0,0,19,5,14,56,20,36
106,私立,一般大學,1021,真理大學,02211012,宗教文化與組織管理學系,4,1,3,0,0,0,0,1,1,0,2,0,0,2,1,1,4,1,3
106,私立,一般大學,1021,真理大學,02299013,人文與資訊學系,4,3,1,0,0,0,0,3,0,0,1,0,0,3,3,0,4,3,1
106,私立,一般大學,1021,真理大學,02311004,應用外語學系,1,1,0,0,0,0,0,0,0,1,0,0,0,0,0,0,1,1,0
106,私立,一般大學,1021,真理大學,02311006,英美語文學系,3,2,1,0,0,1,0,0,0,1,1,0,0,1,1,0,3,2,1
106,私立,一般大學,1021,真理大學,02311009,應用日語學系,9,3,6,0,0,1,0,0,1,2,5,0,0,2,1,1,9,3,6
106,私立,一般大學,1021,真理大學,02321002,台灣文學系,3,3,0,0,0,0,0,0,0,3,0,0,0,0,0,0,3,3,0
106,私立,一般大學,1021,真理大學,03111014,經濟學系,2,0,2,0,0,0,0,0,1,0,1,0,0,1,0,1,2,0,2
106,私立,一般大學,1021,真理大學,03214058,運動資訊傳播學系,4,4,0,0,0,1,0,0,0,3,0,0,0,1,1,0,4,4,0
106,私立,一般大學,1021,真理大學,04111019,會計資訊學系,4,2,2,0,0,1,1,0,0,1,1,0,0,2,1,1,4,2,2
106,私立,一般大學,1021,真理大學,04121024,財務金融學系,1,1,0,0,0,1,0,0,0,0,0,0,0,1,1,0,1,1,0
106,私立,一般大學,1021,真理大學,04122025,財政稅務學系,2,2,0,0,0,1,0,0,0,1,0,0,0,1,1,0,2,2,0
106,私立,一般大學,1021,真理大學,04131020,企業管理學系,3,1,2,0,0,0,0,0,0,1,2,0,0,0,0,0,3,1,2
106,私立,一般大學,1021,真理大學,04141023,國際貿易學系,5,5,0,0,0,4,0,0,0,1,0,0,0,4,4,0,5,5,0
106,私立,一般大學,1021,真理大學,04199029,工業管理與經營資訊學系,2,2,0,0,0,1,0,0,0,1,0,0,0,1,1,0,2,2,0
106,私立,一般大學,1021,真理大學,04211031,法律學系,13,11,2,4,0,2,0,1,1,4,1,0,0,8,7,1,13,11,2
106,私立,一般大學,1021,真理大學,05499038,財務與精算學系,3,3,0,0,0,1,0,1,0,1,0,0,0,2,2,0,3,3,0
106,私立,一般大學,1021,真理大學,06131039,資訊管理學系,1,0,1,0,0,0,0,0,0,0,1,0,0,0,0,0,1,0,1
106,私立,一般大學,1021,真理大學,07141041,資訊工程學系,1,1,0,1,0,0,0,0,0,0,0,0,0,1,1,0,1,1,0
106,私立,一般大學,1021,真理大學,10151044,觀光事業學系,10,6,4,0,0,1,0,1,1,4,3,0,0,3,2,1,10,6,4
106,私立,一般大學,1021,真理大學,10151045,觀光數位知識學系,1,0,1,0,0,0,0,0,0,0,1,0,0,0,0,0,1,0,1
106,私立,一般大學,1021,真理大學,10151049,休閒產業暨海洋觀光進修學士學位學程,2,2,0,0,0,0,0,2,0,0,0,0,0,2,2,0,2,2,0
106,私立,一般大學,1021,真理大學,10152046,休閒遊憩事業學系,4,3,1,0,0,1,0,1,0,1,1,0,0,2,2,0,4,3,1
106,私立,一般大學,1021,真理大學,10152053,運動健康與休閒學系,1,1,0,0,0,0,0,0,0,1,0,0,0,0,0,0,1,1,0
106,私立,一般大學,1021,真理大學,10152057,運動管理學系,1,1,0,1,0,0,0,0,0,0,0,0,0,1,1,0,1,1,0
106,私立,一般大學,1021,真理大學,99999Z01,通識教育中心,21,9,12,0,0,3,0,3,2,3,10,0,0,8,6,2,21,9,12
106,私立,一般大學,1022,大同大學,02112004,媒體設計學系,21,14,7,0,0,0,0,2,3,12,4,0,0,5,2,3,21,14,7
106,私立,一般大學,1022,大同大學,02122003,設計科學研究所,1,1,0,1,0,0,0,0,0,0,0,0,0,1,1,0,1,1,0
106,私立,一般大學,1022,大同大學,02123005,工業設計學系,20,17,3,0,0,3,0,8,1,6,2,0,0,12,11,1,20,17,3
106,私立,一般大學,1022,大同大學,02311001,應用外語學系,6,3,3,0,0,0,0,2,1,1,2,0,0,3,2,1,6,3,3
106,私立,一般大學,1022,大同大學,04131007,事業經營學系,9,8,1,3,0,0,0,3,0,2,1,0,0,6,6,0,9,8,1
106,私立,一般大學,1022,大同大學,06131006,資訊經營學系,6,6,0,1,0,1,0,2,0,2,0,0,0,4,4,0,6,6,0
106,私立,一般大學,1022,大同大學,06131012,資訊工程學系,5,5,0,2,0,2,0,1,0,0,0,0,0,5,5,0,5,5,0
106,私立,一般大學,1022,大同大學,07111015,化學工程學系,6,4,2,3,0,0,1,0,0,1,1,0,0,4,3,1,6,4,2
106,私立,一般大學,1022,大同大學,07112017,材料工程學系,6,6,0,2,0,2,0,1,0,1,0,0,0,5,5,0,6,6,0
106,私立,一般大學,1022,大同大學,07141010,電機工程學系,8,8,0,3,0,2,0,2,0,1,0,0,0,7,7,0,8,8,0
106,私立,一般大學,1022,大同大學,07151014,機械工程學系,16,16,0,3,0,3,0,4,0,6,0,0,0,10,10,0,16,16,0
106,私立,一般大學,1022,大同大學,07194019,工程管理學位學程碩士在職專班,3,3,0,1,0,1,0,1,0,0,0,0,0,3,3,0,3,3,0
106,私立,一般大學,1022,大同大學,99999Z01,通識教育中心,36,22,14,3,1,2,2,10,6,7,5,0,0,24,15,9,36,22,14
106,私立,一般大學,1022,大同大學,99999Z07,體育室,9,6,3,0,0,1,0,0,2,5,1,0,0,3,1,2,9,6,3
106,私立,一般大學,1022,大同大學,99999Z08,外語教育中心,11,4,7,0,0,0,0,1,0,3,7,0,0,1,1,0,11,4,7
106,私立,技專校院,1023,南臺學校財團法人南臺科技大學,01114002,教育領導與評鑑研究所,2,1,1,0,0,0,0,1,1,0,0,0,0,2,1,1,2,1,1
106,私立,技專校院,1023,南臺學校財團法人南臺科技大學,02112008,視覺傳達設計系,13,9,4,0,0,0,0,2,0,7,4,0,0,2,2,0,13,9,4
106,私立,技專校院,1023,南臺學校財團法人南臺科技大學,02123010,創新產品設計系,11,8,3,0,0,0,0,0,0,8,3,0,0,0,0,0,11,8,3
106,私立,技專校院,1023,南臺學校財團法人南臺科技大學,02151003,流行音樂產業系,10,5,5,1,0,0,1,2,0,2,4,0,0,4,3,1,10,5,5
106,私立,技專校院,1023,南臺學校財團法人南臺科技大學,02311005,應用英語系,18,2,16,0,0,1,0,0,2,1,14,0,0,3,1,2,18,2,16
106,私立,技專校院,1023,南臺學校財團法人南臺科技大學,02311006,應用日語系,14,2,12,0,0,0,0,0,1,2,11,0,0,1,0,1,14,2,12
106,私立,技專校院,1023,南臺學校財團法人南臺科技大學,03214011,資訊傳播系,10,7,3,0,0,0,0,0,1,7,2,0,0,1,0,1,10,7,3
106,私立,技專校院,1023,南臺學校財團法人南臺科技大學,04111013,會計資訊系,14,8,6,0,0,0,0,2,3,6,3,0,0,5,2,3,14,8,6
106,私立,技專校院,1023,南臺學校財團法人南臺科技大學,04121021,財務金融系,11,6,5,0,0,1,0,3,1,2,4,0,0,5,4,1,11,6,5
106,私立,技專校院,1023,南臺學校財團法人南臺科技大學,04131015,企業管理系,25,18,7,1,0,1,0,5,3,11,4,0,0,10,7,3,25,18,7
106,私立,技專校院,1023,南臺學校財團法人南臺科技大學,04131017,國際企業系,5,2,3,0,0,0,0,1,1,1,2,0,0,2,1,1,5,2,3
106,私立,技專校院,1023,南臺學校財團法人南臺科技大學,04132024,行銷與流通管理系,11,7,4,1,0,0,0,0,1,6,3,0,0,2,1,1,11,7,4
106,私立,技專校院,1023,南臺學校財團法人南臺科技大學,04199060,工業管理與資訊系,5,4,1,0,0,1,0,1,0,2,1,0,0,2,2,0,5,4,1
106,私立,技專校院,1023,南臺學校財團法人南臺科技大學,04212033,財經法律研究所,12,8,4,2,0,2,0,3,2,1,2,0,0,9,7,2,12,8,4
106,私立,技專校院,1023,南臺學校財團法人南臺科技大學,06131036,資訊管理系,9,4,5,0,0,0,0,0,0,4,5,0,0,0,0,0,9,4,5
106,私立,技專校院,1023,南臺學校財團法人南臺科技大學,06131043,資訊工程系,4,3,1,0,0,0,0,0,0,3,1,0,0,0,0,0,4,3,1
106,私立,技專校院,1023,南臺學校財團法人南臺科技大學,06132038,多媒體與電腦娛樂科學系,9,6,3,0,0,0,0,0,0,6,3,0,0,0,0,0,9,6,3
106,私立,技專校院,1023,南臺學校財團法人南臺科技大學,07111048,化學工程與材料工程系,2,2,0,0,0,1,0,0,0,1,0,0,0,1,1,0,2,2,0
106,私立,技專校院,1023,南臺學校財團法人南臺科技大學,07141039,電機工程系,6,6,0,0,0,1,0,3,0,2,0,0,0,4,4,0,6,6,0
106,私立,技專校院,1023,南臺學校財團法人南臺科技大學,07141040,電子工程系,3,3,0,0,0,0,0,0,0,3,0,0,0,0,0,0,3,3,0
106,私立,技專校院,1023,南臺學校財團法人南臺科技大學,07151045,機械工程系,14,14,0,0,0,1,0,2,0,11,0,0,0,3,3,0,14,14,0
106,私立,技專校院,1023,南臺學校財團法人南臺科技大學,09211054,高齡服務學士學位學程,6,3,3,1,0,0,0,1,0,1,3,0,0,2,2,0,6,3,3
106,私立,技專校院,1023,南臺學校財團法人南臺科技大學,09221055,幼兒保育系,9,2,7,0,0,0,0,0,0,2,7,0,0,0,0,0,9,2,7
106,私立,技專校院,1023,南臺學校財團法人南臺科技大學,10131056,餐旅管理系,19,12,7,0,0,1,1,3,1,8,5,0,0,6,4,2,19,12,7
106,私立,技專校院,1023,南臺學校財團法人南臺科技大學,10152058,休閒事業管理系,21,13,8,0,0,2,0,4,1,7,7,0,0,7,6,1,21,13,8
106,私立,技專校院,1023,南臺學校財團法人南臺科技大學,99999Z01,通識(教育)中心,33,14,19,0,1,0,1,10,6,4,11,0,0,18,10,8,33,14,19
106,私立,技專校院,1023,南臺學校財團法人南臺科技大學,99999Z05,師資培育中心,4,4,0,0,0,1,0,2,0,1,0,0,0,3,3,0,4,4,0
106,私立,技專校院,1023,南臺學校財團法人南臺科技大學,99999Z07,體育教育中心,11,8,3,0,0,0,0,2,0,6,3,0,0,2,2,0,11,8,3
106,私立,技專校院,1023,南臺學校財團法人南臺科技大學,99999Z08,語言中心,30,6,24,0,0,0,1,0,0,6,23,0,0,1,0,1,30,6,24
106,私立,技專校院,1024,崑山科技大學,02111009,視訊傳播設計系,8,2,6,0,0,0,0,0,0,2,6,0,0,0,0,0,8,2,6
106,私立,技專校院,1024,崑山科技大學,02112004,視覺傳達設計系,14,13,1,1,0,0,0,1,0,11,1,0,0,2,2,0,14,13,1
106,私立,技專校院,1024,崑山科技大學,02124007,空間設計系,34,29,5,0,0,1,0,3,0,25,5,0,0,4,4,0,34,29,5
106,私立,技專校院,1024,崑山科技大學,03211008,資訊傳播系,6,5,1,0,0,0,0,0,0,5,1,0,0,0,0,0,6,5,1
106,私立,技專校院,1024,崑山科技大學,04111014,會計資訊系,1,1,0,0,0,0,0,1,0,0,0,0,0,1,1,0,1,1,0
106,私立,技專校院,1024,崑山科技大學,04121021,金融管理系,2,2,0,0,0,0,0,1,0,1,0,0,0,1,1,0,2,2,0
106,私立,技專校院,1024,崑山科技大學,04131015,企業管理系,12,11,1,0,0,0,0,5,0,6,1,0,0,5,5,0,12,11,1
106,私立,技專校院,1024,崑山科技大學,04141017,國際貿易系,2,2,0,0,0,0,0,1,0,1,0,0,0,1,1,0,2,2,0
106,私立,技專校院,1024,崑山科技大學,04142012,公共關係暨廣告系,8,8,0,1,0,0,0,1,0,6,0,0,0,2,2,0,8,8,0
106,私立,技專校院,1024,崑山科技大學,04199022,房地產開發與管理系,19,18,1,1,0,3,0,5,1,9,0,0,0,10,9,1,19,18,1
106,私立,技專校院,1024,崑山科技大學,06131023,資訊管理系,8,5,3,0,0,0,0,0,0,5,3,0,0,0,0,0,8,5,3
106,私立,技專校院,1024,崑山科技大學,06131028,資訊工程系,7,6,1,0,0,1,0,0,0,5,1,0,0,1,1,0,7,6,1
106,私立,技專校院,1024,崑山科技大學,07112034,材料工程系,8,8,0,2,0,1,0,4,0,1,0,0,0,7,7,0,8,8,0
106,私立,技專校院,1024,崑山科技大學,07121038,環境工程系,3,3,0,1,0,0,0,2,0,0,0,0,0,3,3,0,3,3,0
106,私立,技專校院,1024,崑山科技大學,07141025,電機工程系,8,8,0,1,0,1,0,4,0,2,0,0,0,6,6,0,8,8,0
106,私立,技專校院,1024,崑山科技大學,07141026,電子工程系,1,1,0,0,0,0,0,0,0,1,0,0,0,0,0,0,1,1,0
106,私立,技專校院,1024,崑山科技大學,07141027,光電工程系,2,2,0,0,0,0,0,1,0,1,0,0,0,1,1,0,2,2,0
106,私立,技專校院,1024,崑山科技大學,07141029,電腦與通訊系,6,6,0,0,0,0,0,3,0,3,0,0,0,3,3,0,6,6,0
106,私立,技專校院,1024,崑山科技大學,07151030,機械工程系,24,22,2,6,0,1,1,10,0,5,1,0,0,18,17,1,24,22,2
106,私立,技專校院,1024,崑山科技大學,09221039,幼兒保育系,1,1,0,0,0,0,0,0,0,1,0,0,0,0,0,0,1,1,0
106,私立,技專校院,1024,崑山科技大學,10131040,餐飲管理及廚藝系,21,16,5,1,0,0,0,1,0,14,5,0,0,2,2,0,21,16,5
106,私立,技專校院,1024,崑山科技大學,10151042,旅遊文化發展系,10,8,2,0,0,0,0,2,2,6,0,0,0,4,2,2,10,8,2
106,私立,技專校院,1024,崑山科技大學,10152044,休閒遊憩與運動管理系,5,4,1,0,0,0,0,1,0,3,1,0,0,1,1,0,5,4,1
106,私立,技專校院,1024,崑山科技大學,10199046,時尚展演事業學士學位學程,10,3,7,1,0,0,0,1,1,1,6,0,0,3,2,1,10,3,7
106,私立,技專校院,1024,崑山科技大學,99999Z01,通識教育中心,20,15,5,0,1,2,0,5,1,8,3,0,0,9,7,2,20,15,5
106,私立,技專校院,1024,崑山科技大學,99999Z07,體育室,1,1,0,1,0,0,0,0,0,0,0,0,0,1,1,0,1,1,0
106,私立,技專校院,1024,崑山科技大學,99999Z08,外語中心,24,3,21,0,0,1,0,0,1,2,20,0,0,2,1,1,24,3,21
106,私立,技專校院,1025,嘉藥學校財團法人嘉南藥理大學,02311002,應用外語系,26,10,16,1,0,0,0,0,1,9,15,0,0,2,1,1,26,10,16
106,私立,技專校院,1025,嘉藥學校財團法人嘉南藥理大學,02322001,儒學研究所,4,2,2,1,0,0,0,1,0,0,2,0,0,2,2,0,4,2,2
106,私立,技專校院,1025,嘉藥學校財團法人嘉南藥理大學,04133003,醫務管理系(含碩士班),23,11,12,1,0,1,1,3,0,6,11,0,0,6,5,1,23,11,12
106,私立,技專校院,1025,嘉藥學校財團法人嘉南藥理大學,05191015,保健營養系(含碩士班),24,5,19,1,0,1,0,1,4,2,15,0,0,7,3,4,24,5,19
106,私立,技專校院,1025,嘉藥學校財團法人嘉南藥理大學,05211027,環境資源管理系(含碩士班),6,4,2,0,0,0,0,2,1,2,1,0,0,3,2,1,6,4,2
106,私立,技專校院,1025,嘉藥學校財團法人嘉南藥理大學,06131006,資訊管理系,35,31,4,0,0,0,0,7,0,24,4,0,0,7,7,0,35,31,4
106,私立,技專校院,1025,嘉藥學校財團法人嘉南藥理大學,06133008,資訊多媒體應用系,7,7,0,0,0,0,0,2,0,5,0,0,0,2,2,0,7,7,0
106,私立,技專校院,1025,嘉藥學校財團法人嘉南藥理大學,06134007,應用空間資訊系(含碩士班),7,6,1,0,0,0,0,1,1,5,0,0,0,2,1,1,7,6,1
106,私立,技專校院,1025,嘉藥學校財團法人嘉南藥理大學,07121009,環境工程與科學系(含碩士班),7,6,1,1,0,0,0,4,0,1,1,0,0,5,5,0,7,6,1
106,私立,技專校院,1025,嘉藥學校財團法人嘉南藥理大學,07211010,食品科技系,8,8,0,0,0,1,0,0,0,7,0,0,0,1,1,0,8,8,0
106,私立,技專校院,1025,嘉藥學校財團法人嘉南藥理大學,09161012,藥學系(含碩士班),17,7,10,1,0,1,0,2,3,3,7,0,0,7,4,3,17,7,10
106,私立,技專校院,1025,嘉藥學校財團法人嘉南藥理大學,09211016,老人服務事業管理系,7,1,6,0,0,0,0,0,0,1,6,0,0,0,0,0,7,1,6
106,私立,技專校院,1025,嘉藥學校財團法人嘉南藥理大學,09221018,嬰幼兒保育系,4,0,4,0,0,0,0,0,0,0,4,0,0,0,0,0,4,0,4
106,私立,技專校院,1025,嘉藥學校財團法人嘉南藥理大學,09231017,社會工作系,23,11,12,0,0,0,0,3,0,8,12,0,0,3,3,0,23,11,12
106,私立,技專校院,1025,嘉藥學校財團法人嘉南藥理大學,10111023,生活應用與保健系,19,7,12,0,0,0,1,3,1,4,10,0,0,5,3,2,19,7,12
106,私立,技專校院,1025,嘉藥學校財團法人嘉南藥理大學,10121024,化粧品應用與管理系(含化粧品科技碩士班),19,5,14,0,1,1,0,1,1,3,12,0,0,4,2,2,19,5,14
106,私立,技專校院,1025,嘉藥學校財團法人嘉南藥理大學,10131019,餐旅管理系,24,15,9,0,0,1,0,2,0,12,9,0,0,3,3,0,24,15,9
106,私立,技專校院,1025,嘉藥學校財團法人嘉南藥理大學,10151020,觀光事業管理系(含溫泉產業碩士班),14,8,6,0,0,0,0,3,1,5,5,0,0,4,3,1,14,8,6
106,私立,技專校院,1025,嘉藥學校財團法人嘉南藥理大學,10152021,休閒保健管理系(含碩士班),14,11,3,0,0,0,0,4,1,7,2,0,0,5,4,1,14,11,3
106,私立,技專校院,1025,嘉藥學校財團法人嘉南藥理大學,10152022,運動管理系,16,15,1,0,0,1,0,1,0,13,1,0,0,2,2,0,16,15,1
106,私立,技專校院,1025,嘉藥學校財團法人嘉南藥理大學,10221011,職業安全衛生系(含產業安全衛生與防災碩士班),7,6,1,0,0,1,0,2,0,3,1,0,0,3,3,0,7,6,1
106,私立,技專校院,1025,嘉藥學校財團法人嘉南藥理大學,10221043,公共安全及消防學士學位學程,11,8,3,0,0,0,0,0,0,8,3,0,0,0,0,0,11,8,3
106,私立,技專校院,1026,樹德科技大學,02112009,視覺傳達設計系,18,11,7,1,0,0,0,1,0,9,7,0,0,2,2,0,18,11,7
106,私立,技專校院,1026,樹德科技大學,02122004,流行設計系,24,6,18,0,0,0,0,1,1,5,17,0,0,2,1,1,24,6,18
106,私立,技專校院,1026,樹德科技大學,02122005,應用設計研究所,1,1,0,0,0,1,0,0,0,0,0,0,0,1,1,0,1,1,0
106,私立,技專校院,1026,樹德科技大學,02122006,動畫與遊戲設計系,16,10,6,0,0,0,0,1,1,9,5,0,0,2,1,1,16,10,6
106,私立,技專校院,1026,樹德科技大學,02123010,生活產品設計系,21,17,4,1,0,0,0,2,0,14,4,0,0,3,3,0,21,17,4
106,私立,技專校院,1026,樹德科技大學,02124011,室內設計系,35,29,6,0,0,4,1,10,1,15,4,0,0,16,14,2,35,29,6
106,私立,技專校院,1026,樹德科技大學,02191001,表演藝術系,17,4,13,0,0,0,0,0,3,4,10,0,0,3,0,3,17,4,13
106,私立,技專校院,1026,樹德科技大學,02192002,藝術管理與藝術經紀系,8,0,8,0,0,0,0,0,0,0,8,0,0,0,0,0,8,0,8
106,私立,技專校院,1026,樹德科技大學,02311003,應用外語系,24,8,16,1,0,0,1,0,0,7,15,0,0,2,1,1,24,8,16
106,私立,技專校院,1026,樹德科技大學,04121026,金融管理系,20,14,6,0,0,1,0,4,2,9,4,0,0,7,5,2,20,14,6
106,私立,技專校院,1026,樹德科技大學,04131016,企業管理系,18,7,11,0,0,0,1,1,1,6,9,0,0,3,1,2,18,7,11
106,私立,技專校院,1026,樹德科技大學,04131017,經營管理研究所,2,2,0,1,0,0,0,1,0,0,0,0,0,2,2,0,2,2,0
106,私立,技專校院,1026,樹德科技大學,04132029,流通管理系,22,12,10,0,0,0,1,2,1,10,8,0,0,4,2,2,22,12,10
106,私立,技專校院,1026,樹德科技大學,04141018,國際企業與貿易系,12,5,7,0,0,1,0,1,1,3,6,0,0,3,2,1,12,5,7
106,私立,技專校院,1026,樹德科技大學,04143027,行銷管理系,20,12,8,0,0,0,0,2,1,10,7,0,0,3,2,1,20,12,8
106,私立,技專校院,1026,樹德科技大學,06131032,資訊管理系,18,12,6,0,0,0,0,6,1,6,5,0,0,7,6,1,18,12,6
106,私立,技專校院,1026,樹德科技大學,06131033,資訊工程系,21,15,6,1,0,2,0,3,0,9,6,0,0,6,6,0,21,15,6
106,私立,技專校院,1026,樹德科技大學,07141034,電腦與通訊系,14,9,5,0,0,1,0,3,1,5,4,0,0,5,4,1,14,9,5
106,私立,技專校院,1026,樹德科技大學,09221038,兒童與家庭服務系,24,9,15,0,0,0,0,4,3,5,12,0,0,7,4,3,24,9,15
106,私立,技專校院,1026,樹德科技大學,10131046,餐旅與烘焙管理系,9,4,5,0,0,1,0,3,1,0,4,0,0,5,4,1,9,4,5
106,私立,技專校院,1026,樹德科技大學,10151041,休閒與觀光管理系,15,11,4,0,0,0,0,1,0,10,4,0,0,1,1,0,15,11,4
106,私立,技專校院,1026,樹德科技大學,10152044,休閒遊憩與運動管理系,25,15,10,0,0,1,0,0,2,14,8,0,0,3,1,2,25,15,10
106,私立,技專校院,1026,樹德科技大學,99999045,人類性學研究所,4,4,0,0,0,1,0,3,0,0,0,0,0,4,4,0,4,4,0
106,私立,一般大學,1027,慈濟學校財團法人慈濟大學,02311003,英美語文學系,3,1,2,0,0,0,0,0,2,1,0,0,0,2,0,2,3,1,2
106,私立,一般大學,1027,慈濟學校財團法人慈濟大學,02311004,東方語文學系,8,4,4,2,0,1,0,1,1,0,3,0,0,5,4,1,8,4,4
106,私立,一般大學,1027,慈濟學校財團法人慈濟大學,03131008,人類發展與心理學系,2,1,1,1,0,0,0,0,0,0,1,0,0,1,1,0,2,1,1
106,私立,一般大學,1027,慈濟學校財團法人慈濟大學,03211009,傳播學系,2,2,0,0,0,0,0,0,0,2,0,0,0,0,0,0,2,2,0
106,私立,一般大學,1027,慈濟學校財團法人慈濟大學,05111010,生命科學系,5,4,1,2,0,1,1,1,0,0,0,0,0,5,4,1,5,4,1
106,私立,一般大學,1027,慈濟學校財團法人慈濟大學,05121012,分子生物暨人類遺傳學系,2,2,0,2,0,0,0,0,0,0,0,0,0,2,2,0,2,2,0
106,私立,一般大學,1027,慈濟學校財團法人慈濟大學,06133032,醫學資訊學系,2,2,0,0,0,1,0,1,0,0,0,0,0,2,2,0,2,2,0
106,私立,一般大學,1027,慈濟學校財團法人慈濟大學,09121015,醫學系,303,269,34,34,2,59,0,81,17,95,15,0,0,193,174,19,303,269,34
106,私立,一般大學,1027,慈濟學校財團法人慈濟大學,09121019,醫學科學研究所,5,3,2,1,0,2,2,0,0,0,0,0,0,5,3,2,5,3,2
106,私立,一般大學,1027,慈濟學校財團法人慈濟大學,09121023,學士後中醫學系,30,25,5,2,0,3,0,6,1,14,4,0,0,12,11,1,30,25,5
106,私立,一般大學,1027,慈濟學校財團法人慈濟大學,09131028,護理學系,4,0,4,0,0,0,0,0,1,0,3,0,0,1,0,1,4,0,4
106,私立,一般大學,1027,慈濟學校財團法人慈濟大學,09141031,醫學檢驗生物技術學系,5,3,2,0,0,1,0,0,1,2,1,0,0,2,1,1,5,3,2
106,私立,一般大學,1027,慈濟學校財團法人慈濟大學,09151027,物理治療學系,1,1,0,0,0,0,0,1,0,0,0,0,0,1,1,0,1,1,0
106,私立,一般大學,1027,慈濟學校財團法人慈濟大學,09221002,兒童發展與家庭教育學系,4,1,3,0,0,0,1,0,0,1,2,0,0,1,0,1,4,1,3
106,私立,一般大學,1027,慈濟學校財團法人慈濟大學,09231034,社會工作學系,4,0,4,0,0,0,1,0,2,0,1,0,0,3,0,3,4,0,4
106,私立,一般大學,1027,慈濟學校財團法人慈濟大學,99999Z01,通識教育中心,24,11,13,0,0,4,0,3,2,4,11,0,0,9,7,2,24,11,13
106,私立,一般大學,1027,慈濟學校財團法人慈濟大學,99999Z05,師資培育中心,1,0,1,0,1,0,0,0,0,0,0,0,0,1,0,1,1,0,1
106,私立,一般大學,1027,慈濟學校財團法人慈濟大學,99999Z08,英語教學中心,3,3,0,0,0,0,0,1,0,2,0,0,0,1,1,0,3,3,0
106,私立,一般大學,1028,臺北醫學大學,02299001,醫學人文研究所,2,1,1,0,0,0,1,1,0,0,0,0,0,2,1,1,2,1,1
106,私立,一般大學,1028,臺北醫學大學,04133002,醫務管理學系,7,4,3,0,0,0,0,2,1,2,2,0,0,3,2,1,7,4,3
106,私立,一般大學,1028,臺北醫學大學,04212003,醫療暨生物科技法律研究所,1,1,0,0,0,0,0,1,0,0,0,0,0,1,1,0,1,1,0
106,私立,一般大學,1028,臺北醫學大學,05121016,醫學科學研究所,6,2,4,2,3,0,1,0,0,0,0,0,0,6,2,4,6,2,4
106,私立,一般大學,1028,臺北醫學大學,05191032,保健營養學系,7,1,6,0,0,0,0,0,3,1,3,0,0,3,0,3,7,1,6
106,私立,一般大學,1028,臺北醫學大學,07193008,生醫材料暨組織工程研究所,1,1,0,0,0,1,0,0,0,0,0,0,0,1,1,0,1,1,0
106,私立,一般大學,1028,臺北醫學大學,07193009,生物醫學工程學系,4,4,0,1,0,0,0,1,0,2,0,0,0,2,2,0,4,4,0
106,私立,一般大學,1028,臺北醫學大學,09111044,牙醫學系,26,18,8,0,0,2,0,6,2,10,6,0,0,10,8,2,26,18,8
106,私立,一般大學,1028,臺北醫學大學,09111045,牙體技術學系,6,6,0,0,0,0,0,1,0,5,0,0,0,1,1,0,6,6,0
106,私立,一般大學,1028,臺北醫學大學,09111046,口腔衛生學系,20,7,13,0,0,0,1,1,2,6,10,0,0,4,1,3,20,7,13
106,私立,一般大學,1028,臺北醫學大學,09121013,醫學系,61,49,12,7,1,7,1,15,5,20,5,0,0,36,29,7,61,49,12
106,私立,一般大學,1028,臺北醫學大學,09121014,臨床醫學研究所,4,4,0,2,0,1,0,1,0,0,0,0,0,4,4,0,4,4,0
106,私立,一般大學,1028,臺北醫學大學,09121017,轉譯醫學博士學位學程,1,1,0,0,0,0,0,1,0,0,0,0,0,1,1,0,1,1,0
106,私立,一般大學,1028,臺北醫學大學,09121018,神經再生醫學博士學位學程,4,3,1,2,0,0,1,1,0,0,0,0,0,4,3,1,4,3,1
106,私立,一般大學,1028,臺北醫學大學,09131035,呼吸治療學系,6,1,5,0,0,0,2,0,1,1,2,0,0,3,0,3,6,1,5
106,私立,一般大學,1028,臺北醫學大學,09131037,護理學系,21,2,19,0,0,0,1,1,4,1,14,0,0,6,1,5,21,2,19
106,私立,一般大學,1028,臺北醫學大學,09141040,醫學生物科技博士學位學程,1,1,0,0,0,1,0,0,0,0,0,0,0,1,1,0,1,1,0
106,私立,一般大學,1028,臺北醫學大學,09141041,醫學檢驗暨生物技術學系,5,1,4,0,0,1,0,0,1,0,3,0,0,2,1,1,5,1,4
106,私立,一般大學,1028,臺北醫學大學,09161024,藥學系,39,12,27,1,0,1,0,2,3,8,24,0,0,7,4,3,39,12,27
106,私立,一般大學,1028,臺北醫學大學,09161026,生藥學研究所,4,4,0,1,0,1,0,2,0,0,0,0,0,4,4,0,4,4,0
106,私立,一般大學,1028,臺北醫學大學,09161028,癌症生物學與藥物研發博士學位學程,14,10,4,5,0,4,1,1,3,0,0,0,0,14,10,4,14,10,4
106,私立,一般大學,1028,臺北醫學大學,09161029,臨床藥物基因體學暨蛋白質體學碩士學位學程,3,3,0,2,0,0,0,1,0,0,0,0,0,3,3,0,3,3,0
106,私立,一般大學,1028,臺北醫學大學,09161030,中草藥臨床藥物研發博士學位學程,2,2,0,0,0,2,0,0,0,0,0,0,0,2,2,0,2,2,0
106,私立,一般大學,1028,臺北醫學大學,09191022,傷害防治學研究所,10,6,4,3,0,1,1,2,3,0,0,0,0,10,6,4,10,6,4
106,私立,一般大學,1028,臺北醫學大學,09191023,全球衛生暨發展碩士學位學程,1,1,0,1,0,0,0,0,0,0,0,0,0,1,1,0,1,1,0
106,私立,一般大學,1028,臺北醫學大學,09199052,代謝與肥胖科學研究所,1,1,0,1,0,0,0,0,0,0,0,0,0,1,1,0,1,1,0
106,私立,一般大學,1028,臺北醫學大學,09211049,高齡健康管理學系,4,2,2,0,0,0,0,1,1,1,1,0,0,2,1,1,4,2,2
106,私立,一般大學,1028,臺北醫學大學,99999Z01,通識教育中心,31,17,14,1,0,1,2,5,1,10,11,0,0,10,7,3,31,17,14
106,私立,一般大學,1029,中山醫學大學,02311003,應用外國語言學系,5,1,4,1,0,0,1,0,0,0,3,0,0,2,1,1,5,1,4
106,私立,一般大學,1029,中山醫學大學,03131004,心理學系,3,1,2,0,0,0,0,1,1,0,1,0,0,2,1,1,3,1,2
106,私立,一般大學,1029,中山醫學大學,04133006,醫療產業科技管理學系,6,6,0,2,0,0,0,3,0,1,0,0,0,5,5,0,6,6,0
106,私立,一般大學,1029,中山醫學大學,05121012,生物醫學科學學系,4,2,2,1,2,0,0,1,0,0,0,0,0,4,2,2,4,2,2
106,私立,一般大學,1029,中山醫學大學,05191026,營養學系,7,2,5,1,0,0,0,0,0,1,5,0,0,1,1,0,7,2,5
106,私立,一般大學,1029,中山醫學大學,05199013,生化微生物免疫研究所,2,2,0,2,0,0,0,0,0,0,0,0,0,2,2,0,2,2,0
106,私立,一般大學,1029,中山醫學大學,05399015,醫學應用化學系,3,3,0,2,0,0,0,1,0,0,0,0,0,3,3,0,3,3,0
106,私立,一般大學,1029,中山醫學大學,09111038,牙醫學系,16,13,3,2,2,3,1,4,0,4,0,0,0,12,9,3,16,13,3
106,私立,一般大學,1029,中山醫學大學,09121018,醫學系,40,36,4,7,0,7,0,8,1,14,3,0,0,23,22,1,40,36,4
106,私立,一般大學,1029,中山醫學大學,09121018,醫學研究所,8,8,0,5,0,1,0,2,0,0,0,0,0,8,8,0,8,8,0
106,私立,一般大學,1029,中山醫學大學,09131028,護理學系,37,0,37,0,3,0,1,0,2,0,31,0,0,6,0,6,37,0,37
106,私立,一般大學,1029,中山醫學大學,09141030,醫學檢驗暨生物技術學系,6,4,2,0,0,0,0,0,0,4,2,0,0,0,0,0,6,4,2
106,私立,一般大學,1029,中山醫學大學,09141031,醫學影像暨放射科學系,7,5,2,0,0,0,0,1,1,4,1,0,0,2,1,1,7,5,2
106,私立,一般大學,1029,中山醫學大學,09141032,視光學系,7,5,2,0,0,1,0,0,0,4,2,0,0,1,1,0,7,5,2
106,私立,一般大學,1029,中山醫學大學,09141033,醫學資訊學系,1,1,0,1,0,0,0,0,0,0,0,0,0,1,1,0,1,1,0
106,私立,一般大學,1029,中山醫學大學,09151022,物理治療學系,5,4,1,0,0,0,0,2,0,2,1,0,0,2,2,0,5,4,1
106,私立,一般大學,1029,中山醫學大學,09152023,職能治療學系,3,1,2,0,0,0,1,1,0,0,1,0,0,2,1,1,3,1,2
106,私立,一般大學,1029,中山醫學大學,09153024,語言治療與聽力學系,10,3,7,0,1,1,0,0,0,2,6,0,0,2,1,1,10,3,7
106,私立,一般大學,1029,中山醫學大學,09191020,公共衛生學系,4,2,2,1,0,1,0,0,1,0,1,0,0,3,2,1,4,2,2
106,私立,一般大學,1029,中山醫學大學,09231045,醫學社會暨社會工作學系,9,3,6,1,0,0,0,1,1,1,5,0,0,3,2,1,9,3,6
106,私立,一般大學,1029,中山醫學大學,10131046,健康餐飲暨產業管理學系,6,5,1,0,0,0,0,1,0,4,1,0,0,1,1,0,6,5,1
106,私立,一般大學,1029,中山醫學大學,10221021,職業安全衛生學系,10,10,0,1,0,0,0,7,0,2,0,0,0,8,8,0,10,10,0
106,私立,一般大學,1029,中山醫學大學,99999Z01,通識教育中心,16,12,4,1,0,2,1,3,0,6,3,0,0,7,6,1,16,12,4
106,私立,一般大學,1029,中山醫學大學,99999Z07,體育中心,14,9,5,0,0,0,0,3,0,6,5,0,0,3,3,0,14,9,5
106,私立,技專校院,1030,龍華科技大學,02122002,文化創意與數位媒體設計系,20,15,5,0,0,0,0,1,0,14,5,0,0,1,1,0,20,15,5
106,私立,技專校院,1030,龍華科技大學,02311001,應用外語系,21,12,9,0,0,0,0,2,1,10,8,0,0,3,2,1,21,12,9
106,私立,技專校院,1030,龍華科技大學,04121007,財務金融(學)系,4,4,0,0,0,0,0,2,0,2,0,0,0,2,2,0,4,4,0
106,私立,技專校院,1030,龍華科技大學,04131004,企業管理(學)系,19,14,5,2,0,1,0,3,0,8,5,0,0,6,6,0,19,14,5
106,私立,技專校院,1030,龍華科技大學,04131005,國際企業系,6,4,2,0,0,0,0,0,0,4,2,0,0,0,0,0,6,4,2
106,私立,技專校院,1030,龍華科技大學,04199008,工業管理(學)系,18,13,5,0,0,0,0,4,2,9,3,0,0,6,4,2,18,13,5
106,私立,技專校院,1030,龍華科技大學,06131009,資訊管理(學)系,8,6,2,0,0,0,0,2,0,4,2,0,0,2,2,0,8,6,2
106,私立,技專校院,1030,龍華科技大學,06131015,資訊網路工程系,15,14,1,0,0,1,0,5,0,8,1,0,0,6,6,0,15,14,1
106,私立,技專校院,1030,龍華科技大學,06132011,多媒體與遊戲發展科學系,16,12,4,0,0,0,0,2,1,10,3,0,0,3,2,1,16,12,4
106,私立,技專校院,1030,龍華科技大學,07112018,化工與材料工程系,30,24,6,1,0,2,1,10,1,11,4,0,0,15,13,2,30,24,6
106,私立,技專校院,1030,龍華科技大學,07141013,電機工程(學)系,7,7,0,0,0,0,0,2,0,5,0,0,0,2,2,0,7,7,0
106,私立,技專校院,1030,龍華科技大學,07141014,電子工程(學)系,14,12,2,1,0,1,1,5,0,5,1,0,0,8,7,1,14,12,2
106,私立,技專校院,1030,龍華科技大學,07151016,機械工程(學)系,20,16,4,0,0,0,0,4,0,12,4,0,0,4,4,0,20,16,4
106,私立,技專校院,1030,龍華科技大學,10151021,觀光休閒系,29,17,12,0,0,0,0,3,2,14,10,0,0,5,3,2,29,17,12
106,私立,技專校院,1030,龍華科技大學,99999Z01,通識(教育)中心,131,72,59,0,0,4,2,18,17,50,40,0,0,41,22,19,131,72,59
106,私立,技專校院,1031,輔英科技大學,01121035,幼兒保育暨產業系,5,4,1,0,0,1,0,1,0,2,1,0,0,2,2,0,5,4,1
106,私立,技專校院,1031,輔英科技大學,02311001,應用外語系,3,0,3,0,0,0,0,0,0,0,3,0,0,0,0,0,3,0,3
106,私立,技專校院,1031,輔英科技大學,04133003,健康事業管理系,2,2,0,0,0,1,0,0,0,1,0,0,0,1,1,0,2,2,0
106,私立,技專校院,1031,輔英科技大學,05191018,保健營養系,8,2,6,0,0,0,0,0,1,2,5,0,0,1,0,1,8,2,6
106,私立,技專校院,1031,輔英科技大學,06131034,資訊科技與管理系,10,9,1,0,0,0,0,3,0,6,1,0,0,3,3,0,10,9,1
106,私立,技專校院,1031,輔英科技大學,07121012,環境工程與科學系,2,2,0,0,0,0,0,1,0,1,0,0,0,1,1,0,2,2,0
106,私立,技專校院,1031,輔英科技大學,09111B01,學士後牙科助理學士學位學程,3,3,0,1,0,0,0,0,0,2,0,0,0,1,1,0,3,3,0
106,私立,技專校院,1031,輔英科技大學,09131019,護理系,72,21,51,0,0,4,0,10,10,7,41,0,0,24,14,10,72,21,51
106,私立,技專校院,1031,輔英科技大學,09131033,助產與婦嬰健康照護系,1,1,0,0,0,0,0,0,0,1,0,0,0,0,0,0,1,1,0
106,私立,技專校院,1031,輔英科技大學,09141024,醫學檢驗生物技術系,9,5,4,0,0,1,1,2,1,2,2,0,0,5,3,2,9,5,4
106,私立,技專校院,1031,輔英科技大學,09151016,物理治療系,7,4,3,0,0,1,0,0,0,3,3,0,0,1,1,0,7,4,3
106,私立,技專校院,1031,輔英科技大學,09191015,職業安全衛生系,4,4,0,0,0,0,0,2,0,2,0,0,0,2,2,0,4,4,0
106,私立,技專校院,1031,輔英科技大學,09211027,高齡及長期照護事業系,2,1,1,0,0,0,0,0,0,1,1,0,0,0,0,0,2,1,1
106,私立,技專校院,1031,輔英科技大學,10121032,健康美容系,6,2,4,0,0,0,0,2,0,0,4,0,0,2,2,0,6,2,4
106,私立,技專校院,1031,輔英科技大學,10151029,休閒與遊憩事業管理系,6,4,2,1,0,0,0,2,0,1,2,0,0,3,3,0,6,4,2
106,私立,技專校院,1031,輔英科技大學,99999Z01,基本能力教育組,14,5,9,0,0,1,0,0,3,4,6,0,0,4,1,3,14,5,9
106,私立,技專校院,1031,輔英科技大學,99999Z01,博雅教育組,10,4,6,0,0,2,1,1,0,1,5,0,0,4,3,1,10,4,6
106,私立,技專校院,1032,明新學校財團法人明新科技大學,02311001,應用外語系,27,13,14,0,0,1,1,1,5,11,8,0,0,8,2,6,27,13,14
106,私立,技專校院,1032,明新學校財團法人明新科技大學,04121007,財務金融(學)系,5,4,1,0,0,0,0,1,0,3,1,0,0,1,1,0,5,4,1
106,私立,技專校院,1032,明新學校財團法人明新科技大學,04131002,企業管理(學)系,8,4,4,0,0,0,1,1,1,3,2,0,0,3,1,2,8,4,4
106,私立,技專校院,1032,明新學校財團法人明新科技大學,04131003,管理研究所,4,4,0,0,0,0,0,4,0,0,0,0,0,4,4,0,4,4,0
106,私立,技專校院,1032,明新學校財團法人明新科技大學,04132008,行銷與流通管理系,9,7,2,0,0,1,0,2,0,4,2,0,0,3,3,0,9,7,2
106,私立,技專校院,1032,明新學校財團法人明新科技大學,06131009,資訊管理(學)系,17,13,4,0,0,0,0,0,0,13,4,0,0,0,0,0,17,13,4
106,私立,技專校院,1032,明新學校財團法人明新科技大學,07111022,化學工程與材料科技系,10,9,1,2,0,1,1,4,0,2,0,0,0,8,7,1,10,9,1
106,私立,技專校院,1032,明新學校財團法人明新科技大學,07141011,電機工程(學)系,4,4,0,0,0,0,0,0,0,4,0,0,0,0,0,0,4,4,0
106,私立,技專校院,1032,明新學校財團法人明新科技大學,07141012,電子工程(學)系,5,4,1,0,0,0,0,2,0,2,1,0,0,2,2,0,5,4,1
106,私立,技專校院,1032,明新學校財團法人明新科技大學,07141013,資訊工程學系,5,4,1,0,0,0,0,1,0,3,1,0,0,1,1,0,5,4,1
106,私立,技專校院,1032,明新學校財團法人明新科技大學,07141015,光電系統工程系,1,1,0,0,0,0,0,1,0,0,0,0,0,1,1,0,1,1,0
106,私立,技專校院,1032,明新學校財團法人明新科技大學,07151016,機械工程(學)系,9,9,0,0,0,0,0,3,0,6,0,0,0,3,3,0,9,9,0
106,私立,技專校院,1032,明新學校財團法人明新科技大學,07191024,工業工程與(工程)管理系,14,10,4,0,0,0,0,2,1,8,3,0,0,3,2,1,14,10,4
106,私立,技專校院,1032,明新學校財團法人明新科技大學,07321020,土木工程與環境資源管理系,6,5,1,0,0,0,0,3,0,2,1,0,0,3,3,0,6,5,1
106,私立,技專校院,1032,明新學校財團法人明新科技大學,09211026,老人服務事業管理系,16,6,10,0,0,0,0,3,1,3,9,0,0,4,3,1,16,6,10
106,私立,技專校院,1032,明新學校財團法人明新科技大學,09221027,(嬰)幼兒保育系,17,5,12,0,0,0,1,0,0,5,11,0,0,1,0,1,17,5,12
106,私立,技專校院,1032,明新學校財團法人明新科技大學,10121032,化妝品應用學士學位學程,5,2,3,0,0,1,0,0,0,1,3,0,0,1,1,0,5,2,3
106,私立,技專校院,1032,明新學校財團法人明新科技大學,10131028,旅館事業管理系,29,13,16,0,0,0,0,3,2,10,14,0,0,5,3,2,29,13,16
106,私立,技專校院,1032,明新學校財團法人明新科技大學,10151029,文化觀光產業學士學位學程,6,5,1,0,0,0,0,0,0,5,1,0,0,0,0,0,6,5,1
106,私立,技專校院,1032,明新學校財團法人明新科技大學,10151030,休閒事業管理系,20,11,9,0,0,0,0,2,0,9,9,0,0,2,2,0,20,11,9
106,私立,技專校院,1032,明新學校財團法人明新科技大學,10152031,運動管理系,5,5,0,1,0,0,0,0,0,4,0,0,0,1,1,0,5,5,0
106,私立,技專校院,1032,明新學校財團法人明新科技大學,99999999,人文藝術教學中心,18,10,8,0,0,1,0,3,1,6,7,0,0,5,4,1,18,10,8
106,私立,技專校院,1032,明新學校財團法人明新科技大學,99999999,自然科學教學中心,24,21,3,1,0,2,0,5,0,13,3,0,0,8,8,0,24,21,3
106,私立,技專校院,1032,明新學校財團法人明新科技大學,99999999,社會科學教學中心,11,8,3,0,0,1,0,3,1,4,2,0,0,5,4,1,11,8,3
106,私立,技專校院,1032,明新學校財團法人明新科技大學,99999Z05,師資培育中心,3,2,1,0,0,0,0,1,1,1,0,0,0,2,1,1,3,2,1
106,私立,技專校院,1032,明新學校財團法人明新科技大學,99999Z07,體育教育中心,23,14,9,0,0,0,0,1,0,13,9,0,0,1,1,0,23,14,9
106,私立,技專校院,1032,明新學校財團法人明新科技大學,99999Z08,語言教學中心,24,6,18,0,0,0,0,0,3,6,15,0,0,3,0,3,24,6,18
106,私立,一般大學,1033,長榮大學,02112013,藝術創意與設計學士學位學程,7,2,5,0,0,0,0,2,0,0,5,0,0,2,2,0,7,2,5
106,私立,一般大學,1033,長榮大學,02112015,媒體設計科技學系,12,9,3,1,0,0,0,1,0,7,3,0,0,2,2,0,12,9,3
106,私立,一般大學,1033,長榮大學,02112016,數位內容設計學系,1,1,0,0,0,0,0,0,0,1,0,0,0,0,0,0,1,1,0
106,私立,一般大學,1033,長榮大學,02131001,美術學系,13,8,5,1,1,0,0,2,0,5,4,0,0,4,3,1,13,8,5
106,私立,一般大學,1033,長榮大學,02131002,書畫藝術學系,10,8,2,3,0,0,0,2,0,3,2,0,0,5,5,0,10,8,2
106,私立,一般大學,1033,長榮大學,02141004,台灣文化創意產業學士學位學程,5,2,3,0,0,2,0,0,0,0,3,0,0,2,2,0,5,2,3
106,私立,一般大學,1033,長榮大學,02211011,神學系,2,2,0,0,0,0,0,2,0,0,0,0,0,2,2,0,2,2,0
106,私立,一般大學,1033,長榮大學,02221020,台灣研究所,3,3,0,2,0,0,0,1,0,0,0,0,0,3,3,0,3,3,0
106,私立,一般大學,1033,長榮大學,02231012,應用哲學系,2,1,1,0,0,0,0,1,0,0,1,0,0,1,1,0,2,1,1
106,私立,一般大學,1033,長榮大學,02299066,東南亞文化與產業學士學位學程,4,2,2,0,0,0,0,0,0,2,2,0,0,0,0,0,4,2,2
106,私立,一般大學,1033,長榮大學,02311005,應用日語學系,15,5,10,2,0,1,2,0,4,2,4,0,0,9,3,6,15,5,10
106,私立,一般大學,1033,長榮大學,02311006,語文學士學位學程,1,0,1,0,0,0,0,0,0,0,1,0,0,0,0,0,1,0,1
106,私立,一般大學,1033,長榮大學,02312007,翻譯學系,15,4,11,2,0,0,0,0,2,2,9,0,0,4,2,2,15,4,11
106,私立,一般大學,1033,長榮大學,03131018,健康心理學系,3,2,1,0,0,1,0,1,0,0,1,0,0,2,2,0,3,2,1
106,私立,一般大學,1033,長榮大學,03211021,大眾傳播學系,10,6,4,0,0,0,0,1,2,5,2,0,0,3,1,2,10,6,4
106,私立,一般大學,1033,長榮大學,04111024,會計資訊學系,6,5,1,0,0,0,0,4,0,1,1,0,0,4,4,0,6,5,1
106,私立,一般大學,1033,長榮大學,04121030,財務金融學系,5,5,0,0,0,1,0,2,0,2,0,0,0,3,3,0,5,5,0
106,私立,一般大學,1033,長榮大學,04131025,企業管理學系,5,3,2,1,0,0,2,2,0,0,0,0,0,5,3,2,5,3,2
106,私立,一般大學,1033,長榮大學,04131026,經營管理研究所,2,1,1,1,0,0,0,0,1,0,0,0,0,2,1,1,2,1,1
106,私立,一般大學,1033,長榮大學,04131026,管理學院經營管理博士班,1,0,1,0,0,0,0,0,1,0,0,0,0,1,0,1,1,0,1
106,私立,一般大學,1033,長榮大學,04131027,管理學士學位學程,11,7,4,0,1,0,0,4,2,3,1,0,0,7,4,3,11,7,4
106,私立,一般大學,1033,長榮大學,04131028,國際企業學系,10,8,2,0,0,0,0,6,1,2,1,0,0,7,6,1,10,8,2
106,私立,一般大學,1033,長榮大學,04131033,高階管理碩士在職專班,1,1,0,1,0,0,0,0,0,0,0,0,0,1,1,0,1,1,0
106,私立,一般大學,1033,長榮大學,04133031,醫務管理學系,3,3,0,0,0,0,0,2,0,1,0,0,0,2,2,0,3,3,0
106,私立,一般大學,1033,長榮大學,04191022,國際財務與商務管理學士學位學程,3,3,0,1,0,0,0,2,0,0,0,0,0,3,3,0,3,3,0
106,私立,一般大學,1033,長榮大學,04199034,管理學院學士班原住民專班,6,4,2,0,0,0,0,1,0,3,2,0,0,1,1,0,6,4,2
106,私立,一般大學,1033,長榮大學,04199067,創新應用管理學系,1,1,0,1,0,0,0,0,0,0,0,0,0,1,1,0,1,1,0
106,私立,一般大學,1033,長榮大學,05191048,保健營養學系,1,1,0,0,0,0,0,1,0,0,0,0,0,1,1,0,1,1,0
106,私立,一般大學,1033,長榮大學,05211065,永續發展國際學士學位學程,1,1,0,0,0,0,0,0,0,1,0,0,0,0,0,0,1,1,0
106,私立,一般大學,1033,長榮大學,06131037,資訊管理學系,2,0,2,0,0,0,0,0,2,0,0,0,0,2,0,2,2,0,2
106,私立,一般大學,1033,長榮大學,06131039,資訊工程學系,2,2,0,0,0,0,0,1,0,1,0,0,0,1,1,0,2,2,0
106,私立,一般大學,1033,長榮大學,07141041,科技工程與管理學系,4,3,1,0,0,0,0,3,1,0,0,0,0,4,3,1,4,3,1
106,私立,一般大學,1033,長榮大學,07313042,土地管理與開發學系,5,3,2,0,0,0,1,3,0,0,1,0,0,4,3,1,5,3,2
106,私立,一般大學,1033,長榮大學,09121044,醫學研究所,8,8,0,2,0,2,0,4,0,0,0,0,0,8,8,0,8,8,0
106,私立,一般大學,1033,長榮大學,09131049,護理學系,13,1,12,0,0,0,1,0,4,1,7,0,0,5,0,5,13,1,12
106,私立,一般大學,1033,長榮大學,09199071,醫藥科學產業學系,1,0,1,0,0,0,0,0,1,0,0,0,0,1,0,1,1,0,1
106,私立,一般大學,1033,長榮大學,09231055,社會工作學系,4,0,4,0,0,0,0,0,1,0,3,0,0,1,0,1,4,0,4
106,私立,一般大學,1033,長榮大學,09299070,醫學社會暨健康照護學士學位學程,1,0,1,0,0,0,0,0,0,0,1,0,0,0,0,0,1,0,1
106,私立,一般大學,1033,長榮大學,10141058,運動競技學系,10,7,3,0,0,1,0,0,0,6,3,0,0,1,1,0,10,7,3
106,私立,一般大學,1033,長榮大學,10151056,觀光與餐飲服務事業進修學士學位學程,2,2,0,0,0,0,0,0,0,2,0,0,0,0,0,0,2,2,0
106,私立,一般大學,1033,長榮大學,10151057,觀光與餐飲管理學系,5,3,2,0,0,0,0,0,0,3,2,0,0,0,0,0,5,3,2
106,私立,一般大學,1033,長榮大學,10221045,職業安全與衛生學系,19,16,3,1,0,1,0,5,1,9,2,0,0,8,7,1,19,16,3
106,私立,一般大學,1033,長榮大學,10412061,航運管理學系,3,3,0,0,0,1,0,0,0,2,0,0,0,1,1,0,3,3,0
106,私立,一般大學,1033,長榮大學,99999Z01,博雅教育學部,75,45,30,5,0,9,0,10,11,21,19,0,0,35,24,11,75,45,30
106,私立,技專校院,1034,弘光科技大學,02299003,文化創意產業系,13,10,3,0,0,0,0,2,1,8,2,0,0,3,2,1,13,10,3
106,私立,技專校院,1034,弘光科技大學,02311002,應用英語系,9,1,8,0,0,0,0,1,1,0,7,0,0,2,1,1,9,1,8
106,私立,技專校院,1034,弘光科技大學,04133005,健康事業管理系,21,13,8,1,0,0,0,5,2,7,6,0,0,8,6,2,21,13,8
106,私立,技專校院,1034,弘光科技大學,05111007,動物保健學士學位學程,2,2,0,0,0,0,0,1,0,1,0,0,0,1,1,0,2,2,0
106,私立,技專校院,1034,弘光科技大學,05121008,生物科技系,19,11,8,1,0,2,0,5,6,3,2,0,0,14,8,6,19,11,8
106,私立,技專校院,1034,弘光科技大學,05191023,營養系暨營養醫學研究所,22,11,11,1,0,1,0,2,1,7,10,0,0,5,4,1,22,11,11
106,私立,技專校院,1034,弘光科技大學,06131010,資訊管理(學)系,18,15,3,0,0,0,0,5,0,10,3,0,0,5,5,0,18,15,3
106,私立,技專校院,1034,弘光科技大學,06131011,資訊工程系,15,14,1,1,0,0,0,5,0,8,1,0,0,6,6,0,15,14,1
106,私立,技專校院,1034,弘光科技大學,07121014,環境與安全衛生工程系,25,18,7,0,0,0,0,7,2,11,5,0,0,9,7,2,25,18,7
106,私立,技專校院,1034,弘光科技大學,07193015,生物醫學工程系,13,10,3,1,0,1,0,7,3,1,0,0,0,12,9,3,13,10,3
106,私立,技專校院,1034,弘光科技大學,07211017,食品科技系,29,22,7,3,0,0,0,8,0,11,7,0,0,11,11,0,29,22,7
106,私立,技專校院,1034,弘光科技大學,09131025,護理系,55,17,38,2,1,3,2,8,9,4,26,0,0,25,13,12,55,17,38
106,私立,技專校院,1034,弘光科技大學,09151020,物理治療系,12,7,5,0,0,1,0,1,3,5,2,0,0,5,2,3,12,7,5
106,私立,技專校院,1034,弘光科技大學,09153021,語言治療與聽力學系,1,1,0,0,0,0,0,0,0,1,0,0,0,0,0,0,1,1,0
106,私立,技專校院,1034,弘光科技大學,09211027,老人福利與事業系,10,5,5,0,0,0,1,1,0,4,4,0,0,2,1,1,10,5,5
106,私立,技專校院,1034,弘光科技大學,09221028,幼兒保育系,7,4,3,0,0,0,0,3,0,1,3,0,0,3,3,0,7,4,3
106,私立,技專校院,1034,弘光科技大學,10121031,化妝品應用系,37,17,20,2,0,0,2,6,2,9,16,0,0,12,8,4,37,17,20
106,私立,技專校院,1034,弘光科技大學,10121034,美髮造型設計系,5,3,2,0,0,0,0,0,0,3,2,0,0,0,0,0,5,3,2
106,私立,技專校院,1034,弘光科技大學,10131029,餐旅管理系,14,8,6,0,0,0,1,2,1,6,4,0,0,4,2,2,14,8,6
106,私立,技專校院,1034,弘光科技大學,10152030,運動休閒系,9,4,5,0,0,1,0,0,1,3,4,0,0,2,1,1,9,4,5
106,私立,技專校院,1034,弘光科技大學,99999Z01,通識學院,136,76,60,3,0,3,1,28,11,42,48,0,0,46,34,12,136,76,60
106,私立,一般大學,1035,中國醫藥大學,04133029,醫務管理學系,20,15,5,7,0,2,2,3,0,3,3,0,0,14,12,2,20,15,5
106,私立,一般大學,1035,中國醫藥大學,05121043,生物科技學系,5,4,1,1,0,0,0,3,1,0,0,0,0,5,4,1,5,4,1
106,私立,一般大學,1035,中國醫藥大學,05191021,營養學系,6,1,5,0,0,0,0,0,2,1,3,0,0,2,0,2,6,1,5
106,私立,一般大學,1035,中國醫藥大學,08411012,中獸醫碩士學位學程,2,2,0,2,0,0,0,0,0,0,0,0,0,2,2,0,2,2,0
106,私立,一般大學,1035,中國醫藥大學,09111019,牙醫學系,15,11,4,2,0,3,0,1,0,5,4,0,0,6,6,0,15,11,4
106,私立,一般大學,1035,中國醫藥大學,09111030,口腔衛生學系,7,5,2,0,0,1,0,1,1,3,1,0,0,3,2,1,7,5,2
106,私立,一般大學,1035,中國醫藥大學,09121003,生物醫學研究所,23,20,3,8,0,5,0,7,3,0,0,0,0,23,20,3,23,20,3
106,私立,一般大學,1035,中國醫藥大學,09121014,中醫學系,36,31,5,4,0,8,0,12,2,7,3,0,0,26,24,2,36,31,5
106,私立,一般大學,1035,中國醫藥大學,09121014,學士後中醫學系,17,13,4,0,0,2,1,8,1,3,2,0,0,12,10,2,17,13,4
106,私立,一般大學,1035,中國醫藥大學,09121016,醫學系,53,36,17,6,0,6,4,11,8,13,5,0,0,35,23,12,53,36,17
106,私立,一般大學,1035,中國醫藥大學,09131024,二年制呼吸治療學系,13,9,4,0,0,1,0,8,4,0,0,0,0,13,9,4,13,9,4
106,私立,一般大學,1035,中國醫藥大學,09131045,護理學系,8,1,7,0,1,0,0,0,0,1,6,0,0,1,0,1,8,1,7
106,私立,一般大學,1035,中國醫藥大學,09141017,醫學檢驗生物技術學系,7,2,5,0,0,1,0,1,3,0,2,0,0,5,2,3,7,2,5
106,私立,一般大學,1035,中國醫藥大學,09141032,生物醫學影像暨放射科學學系,11,10,1,0,0,2,0,3,1,5,0,0,0,6,5,1,11,10,1
106,私立,一般大學,1035,中國醫藥大學,09151010,物理治療學系,1,1,0,0,0,1,0,0,0,0,0,0,0,1,1,0,1,1,0
106,私立,一般大學,1035,中國醫藥大學,09159047,運動醫學系,2,2,0,0,0,0,0,1,0,1,0,0,0,1,1,0,2,2,0
106,私立,一般大學,1035,中國醫藥大學,09161015,新藥開發研究所,1,0,1,0,1,0,0,0,0,0,0,0,0,1,0,1,1,0,1
106,私立,一般大學,1035,中國醫藥大學,09161034,藥學系,15,13,2,2,0,2,0,5,1,4,1,0,0,10,9,1,15,13,2
106,私立,一般大學,1035,中國醫藥大學,09161039,中國藥學暨中藥資源學系,12,11,1,3,0,1,1,5,0,2,0,0,0,10,9,1,12,11,1
106,私立,一般大學,1035,中國醫藥大學,09161042,藥用化妝品學系,4,2,2,0,0,0,0,0,0,2,2,0,0,0,0,0,4,2,2
106,私立,一般大學,1035,中國醫藥大學,09171013,針灸研究所,1,1,0,0,0,1,0,0,0,0,0,0,0,1,1,0,1,1,0
106,私立,一般大學,1035,中國醫藥大學,09171046,中西醫結合研究所,2,2,0,1,0,1,0,0,0,0,0,0,0,2,2,0,2,2,0
106,私立,一般大學,1035,中國醫藥大學,09191008,健康風險管理學系,2,1,1,0,0,0,1,0,0,1,0,0,0,1,0,1,2,1,1
106,私立,一般大學,1035,中國醫藥大學,09191026,公共衛生學系,7,5,2,5,1,0,0,0,1,0,0,0,0,7,5,2,7,5,2
106,私立,一般大學,1035,中國醫藥大學,09191038,職業安全與衛生學系,3,2,1,1,1,0,0,1,0,0,0,0,0,3,2,1,3,2,1
106,私立,一般大學,1035,中國醫藥大學,99999Z01,通識教育中心,31,22,9,4,0,1,3,7,4,10,2,0,0,19,12,7,31,22,9
106,私立,技專校院,1036,健行學校財團法人健行科技大學,02112002,數位多媒體設計系,4,3,1,0,0,1,0,0,0,2,1,0,0,1,1,0,4,3,1
106,私立,技專校院,1036,健行學校財團法人健行科技大學,02311001,應用外語系,15,3,12,0,0,0,0,1,2,2,10,0,0,3,1,2,15,3,12
106,私立,技專校院,1036,健行學校財團法人健行科技大學,04121009,財務金融系,5,3,2,0,0,0,0,0,0,3,2,0,0,0,0,0,5,3,2
106,私立,技專校院,1036,健行學校財團法人健行科技大學,04131004,企業管理系,13,8,5,0,0,2,0,3,0,3,5,0,0,5,5,0,13,8,5
106,私立,技專校院,1036,健行學校財團法人健行科技大學,04131006,國際企業經營系,9,6,3,0,0,0,0,1,0,5,3,0,0,1,1,0,9,6,3
106,私立,技專校院,1036,健行學校財團法人健行科技大學,04132010,行銷與流通管理系,11,9,2,0,0,1,0,0,0,8,2,0,0,1,1,0,11,9,2
106,私立,技專校院,1036,健行學校財團法人健行科技大學,04199011,工業管理系,4,3,1,0,0,0,0,1,0,2,1,0,0,1,1,0,4,3,1
106,私立,技專校院,1036,健行學校財團法人健行科技大學,04199012,物業經營與管理系,10,6,4,0,0,0,0,1,1,5,3,0,0,2,1,1,10,6,4
106,私立,技專校院,1036,健行學校財團法人健行科技大學,06131014,資訊管理系,10,9,1,0,0,0,0,0,0,9,1,0,0,0,0,0,10,9,1
106,私立,技專校院,1036,健行學校財團法人健行科技大學,06134015,應用空間資訊系,11,10,1,1,0,2,0,2,0,5,1,0,0,5,5,0,11,10,1
106,私立,技專校院,1036,健行學校財團法人健行科技大學,07112023,材料製造科技學位學程,2,2,0,0,0,0,0,2,0,0,0,0,0,2,2,0,2,2,0
106,私立,技專校院,1036,健行學校財團法人健行科技大學,07141016,電機工程系,2,2,0,0,0,0,0,0,0,2,0,0,0,0,0,0,2,2,0
106,私立,技專校院,1036,健行學校財團法人健行科技大學,07141017,電子工程系,1,1,0,1,0,0,0,0,0,0,0,0,0,1,1,0,1,1,0
106,私立,技專校院,1036,健行學校財團法人健行科技大學,07141018,資訊工程系,3,3,0,2,0,0,0,0,0,1,0,0,0,2,2,0,3,3,0
106,私立,技專校院,1036,健行學校財團法人健行科技大學,07151020,機械工程系,7,6,1,0,0,0,0,2,0,4,1,0,0,2,2,0,7,6,1
106,私立,技專校院,1036,健行學校財團法人健行科技大學,07321021,土木工程(學)系,8,6,2,1,0,0,0,5,1,0,1,0,0,7,6,1,8,6,2
106,私立,技專校院,1036,健行學校財團法人健行科技大學,10131025,餐旅管理系,30,16,14,0,0,0,1,8,4,8,9,0,0,13,8,5,30,16,14
106,私立,技專校院,1036,健行學校財團法人健行科技大學,99999Z01,通識(教育)中心,45,28,17,0,0,1,0,13,9,14,8,0,0,23,14,9,45,28,17
106,私立,技專校院,1036,健行學校財團法人健行科技大學,99999Z07,體育教育中心,10,9,1,0,0,1,0,1,0,7,1,0,0,2,2,0,10,9,1
106,私立,技專校院,1036,健行學校財團法人健行科技大學,99999Z08,語言教學中心,35,10,25,0,0,0,0,2,0,8,25,0,0,2,2,0,35,10,25
106,私立,技專校院,1037,正修學校財團法人正修科技大學,02112003,數位多媒體設計系,10,8,2,0,0,0,0,4,0,4,2,0,0,4,4,0,10,8,2
106,私立,技專校院,1037,正修學校財團法人正修科技大學,02122002,時尚生活創意設計系,14,9,5,0,0,0,0,0,0,9,5,0,0,0,0,0,14,9,5
106,私立,技專校院,1037,正修學校財團法人正修科技大學,02311001,應用外語系,49,14,35,0,0,0,1,0,1,14,33,0,0,2,0,2,49,14,35
106,私立,技專校院,1037,正修學校財團法人正修科技大學,04121008,金融管理系,6,5,1,0,0,0,0,0,0,5,1,0,0,0,0,0,6,5,1
106,私立,技專校院,1037,正修學校財團法人正修科技大學,04131005,企業管理系,42,22,20,0,0,1,0,6,2,15,18,0,0,9,7,2,42,22,20
106,私立,技專校院,1037,正修學校財團法人正修科技大學,04131006,國際企業系,5,2,3,0,0,0,0,0,1,2,2,0,0,1,0,1,5,2,3
106,私立,技專校院,1037,正修學校財團法人正修科技大學,06131010,資訊管理系,19,14,5,1,0,0,1,4,2,9,2,0,0,8,5,3,19,14,5
106,私立,技專校院,1037,正修學校財團法人正修科技大學,07141011,電機工程系,8,6,2,0,0,1,0,2,1,3,1,0,0,4,3,1,8,6,2
106,私立,技專校院,1037,正修學校財團法人正修科技大學,07141012,電子工程系,3,3,0,1,0,0,0,1,0,1,0,0,0,2,2,0,3,3,0
106,私立,技專校院,1037,正修學校財團法人正修科技大學,07141013,資訊工程系,18,16,2,0,0,1,0,7,1,8,1,0,0,9,8,1,18,16,2
106,私立,技專校院,1037,正修學校財團法人正修科技大學,07151015,機械工程系,10,10,0,2,0,3,0,3,0,2,0,0,0,8,8,0,10,10,0
106,私立,技專校院,1037,正修學校財團法人正修科技大學,07191018,工業工程與管理系,14,10,4,0,1,1,0,5,0,4,3,0,0,7,6,1,14,10,4
106,私立,技專校院,1037,正修學校財團法人正修科技大學,07311004,建築與室內設計系,29,25,4,1,0,1,0,1,0,22,4,0,0,3,3,0,29,25,4
106,私立,技專校院,1037,正修學校財團法人正修科技大學,07321016,土木與空間資訊系,7,6,1,0,0,0,0,3,1,3,0,0,0,4,3,1,7,6,1
106,私立,技專校院,1037,正修學校財團法人正修科技大學,09221021,幼兒保育系,24,4,20,0,0,1,0,1,4,2,16,0,0,6,2,4,24,4,20
106,私立,技專校院,1037,正修學校財團法人正修科技大學,10121026,化妝品與時尚彩妝系,15,4,11,0,0,0,0,0,0,4,11,0,0,0,0,0,15,4,11
106,私立,技專校院,1037,正修學校財團法人正修科技大學,10131022,餐飲管理系,25,15,10,0,0,1,0,0,0,14,10,0,0,1,1,0,25,15,10
106,私立,技專校院,1037,正修學校財團法人正修科技大學,10151023,觀光遊憩系,31,19,12,0,0,0,0,3,0,16,12,0,0,3,3,0,31,19,12
106,私立,技專校院,1037,正修學校財團法人正修科技大學,10152025,休閒與運動管理系,69,48,21,0,0,2,0,13,2,33,19,0,0,17,15,2,69,48,21
106,私立,技專校院,1037,正修學校財團法人正修科技大學,99999Z01,通識教育中心,147,103,44,4,0,15,0,37,15,47,29,0,0,71,56,15,147,103,44
106,私立,技專校院,1038,萬能學校財團法人萬能科技大學,02123002,商業設計系,7,6,1,0,0,0,0,2,0,4,1,0,0,2,2,0,7,6,1
106,私立,技專校院,1038,萬能學校財團法人萬能科技大學,02123003,商品設計系,5,4,1,0,0,0,0,0,0,4,1,0,0,0,0,0,5,4,1
106,私立,技專校院,1038,萬能學校財團法人萬能科技大學,04131004,企業管理系,14,9,5,0,0,0,0,1,1,8,4,0,0,2,1,1,14,9,5
106,私立,技專校院,1038,萬能學校財團法人萬能科技大學,04132010,行銷與流通管理系,6,4,2,0,0,0,0,1,0,3,2,0,0,1,1,0,6,4,2
106,私立,技專校院,1038,萬能學校財團法人萬能科技大學,06132016,數位多媒體系,1,0,1,0,0,0,0,0,0,0,1,0,0,0,0,0,1,0,1
106,私立,技專校院,1038,萬能學校財團法人萬能科技大學,07121034,環境工程系,11,10,1,0,0,0,0,2,0,8,1,0,0,2,2,0,11,10,1
106,私立,技專校院,1038,萬能學校財團法人萬能科技大學,07141019,資訊工程系,2,2,0,0,0,0,0,1,0,1,0,0,0,1,1,0,2,2,0
106,私立,技專校院,1038,萬能學校財團法人萬能科技大學,07162022,航空光機電系,6,6,0,0,0,0,0,3,0,3,0,0,0,3,3,0,6,6,0
106,私立,技專校院,1038,萬能學校財團法人萬能科技大學,07191011,工業管理系,25,19,6,0,0,4,0,5,0,10,6,0,0,9,9,0,25,19,6
106,私立,技專校院,1038,萬能學校財團法人萬能科技大學,07321024,營建科技系,18,15,3,1,0,2,0,1,1,11,2,0,0,5,4,1,18,15,3
106,私立,技專校院,1038,萬能學校財團法人萬能科技大學,10121041,化妝品應用與管理系,37,11,26,0,0,1,0,1,1,9,25,0,0,3,2,1,37,11,26
106,私立,技專校院,1038,萬能學校財團法人萬能科技大學,10121042,美髮造型設計系,2,1,1,0,0,0,0,0,0,1,1,0,0,0,0,0,2,1,1
106,私立,技專校院,1038,萬能學校財團法人萬能科技大學,10121044,時尚造型設計系,8,4,4,0,0,0,0,0,2,4,2,0,0,2,0,2,8,4,4
106,私立,技專校院,1038,萬能學校財團法人萬能科技大學,10131036,旅館管理系,9,5,4,0,0,0,0,2,1,3,3,0,0,3,2,1,9,5,4
106,私立,技專校院,1038,萬能學校財團法人萬能科技大學,10131037,餐飲管理系,37,25,12,0,0,0,0,3,0,22,12,0,0,3,3,0,37,25,12
106,私立,技專校院,1038,萬能學校財團法人萬能科技大學,10151038,觀光與休閒事業管理系,54,37,17,0,0,1,0,3,0,33,17,0,0,4,4,0,54,37,17
106,私立,技專校院,1038,萬能學校財團法人萬能科技大學,10413043,航空暨運輸服務管理系,1,1,0,0,0,0,0,0,0,1,0,0,0,0,0,0,1,1,0
106,私立,技專校院,1038,萬能學校財團法人萬能科技大學,99999Z01,通識教育中心,99,53,46,0,0,2,0,16,4,35,42,0,0,22,18,4,99,53,46
106,私立,一般大學,1039,玄奘大學,02112013,視覺傳達設計學系,8,4,4,0,0,1,0,1,0,2,4,0,0,2,2,0,8,4,4
106,私立,一般大學,1039,玄奘大學,02122012,時尚設計學系,4,1,3,0,0,0,0,1,0,0,3,0,0,1,1,0,4,1,3
106,私立,一般大學,1039,玄奘大學,02131005,藝術與創意設計學系,8,7,1,0,0,1,1,5,0,1,0,0,0,7,6,1,8,7,1
106,私立,一般大學,1039,玄奘大學,02152004,影劇藝術學系,5,3,2,0,0,0,0,0,0,3,2,0,0,0,0,0,5,3,2
106,私立,一般大學,1039,玄奘大學,02199015,設計學院,9,9,0,0,0,0,0,4,0,5,0,0,0,4,4,0,9,9,0
106,私立,一般大學,1039,玄奘大學,02211010,宗教與文化學系,5,1,4,1,0,0,0,0,4,0,0,0,0,5,1,4,5,1,4
106,私立,一般大學,1039,玄奘大學,02311008,應用外語學系,17,7,10,0,0,1,0,0,1,6,9,0,0,2,1,1,17,7,10
106,私立,一般大學,1039,玄奘大學,03131016,應用心理學系,16,6,10,0,0,0,0,3,4,3,6,0,0,7,3,4,16,6,10
106,私立,一般大學,1039,玄奘大學,03199Y19,社會科學院,2,2,0,0,0,0,0,0,0,2,0,0,0,0,0,0,2,2,0
106,私立,一般大學,1039,玄奘大學,03211018,大眾傳播學系,15,12,3,0,0,0,0,3,2,9,1,0,0,5,3,2,15,12,3
106,私立,一般大學,1039,玄奘大學,03211023,傳播學院,4,3,1,1,0,0,0,1,0,1,1,0,0,2,2,0,4,3,1
106,私立,一般大學,1039,玄奘大學,03212021,廣播與電視新聞學系,3,3,0,0,0,0,0,0,0,3,0,0,0,0,0,0,3,3,0
106,私立,一般大學,1039,玄奘大學,04131024,企業管理學系,6,6,0,1,0,0,0,1,0,4,0,0,0,2,2,0,6,6,0
106,私立,一般大學,1039,玄奘大學,04211032,法律學系,22,20,2,0,0,2,0,8,0,10,2,0,0,10,10,0,22,20,2
106,私立,一般大學,1039,玄奘大學,06134034,資訊管理學系,5,5,0,0,0,0,0,1,0,4,0,0,0,1,1,0,5,5,0
106,私立,一般大學,1039,玄奘大學,09231036,社會工作學系,8,4,4,1,0,0,0,0,2,3,2,0,0,3,1,2,8,4,4
106,私立,一般大學,1039,玄奘大學,10131040,餐旅管理學系,5,4,1,1,0,0,0,1,0,2,1,0,0,2,2,0,5,4,1
106,私立,一般大學,1039,玄奘大學,10199042,生命禮儀學位學程,4,3,1,0,0,0,0,0,0,3,1,0,0,0,0,0,4,3,1
106,私立,一般大學,1039,玄奘大學,99999Z01,通識教育中心,26,15,11,0,1,0,0,7,5,8,5,0,0,13,7,6,26,15,11
106,私立,技專校院,1040,建國科技大學,02112004,數位媒體設計系暨媒體與遊戲設計碩士班,10,4,6,0,0,0,0,2,2,2,4,0,0,4,2,2,10,4,6
106,私立,技專校院,1040,建國科技大學,02122002,創意生活應用設計研究所,3,3,0,1,0,0,0,2,0,0,0,0,0,3,3,0,3,3,0
106,私立,技專校院,1040,建國科技大學,02122003,創意產品與遊戲設計系,5,2,3,0,0,0,0,0,0,2,3,0,0,0,0,0,5,2,3
106,私立,技專校院,1040,建國科技大學,02123005,商業設計系,12,8,4,0,0,0,0,1,0,7,4,0,0,1,1,0,12,8,4
106,私立,技專校院,1040,建國科技大學,02124007,空間設計系,35,26,9,0,0,1,0,4,0,21,9,0,0,5,5,0,35,26,9
106,私立,技專校院,1040,建國科技大學,02311001,應用外語系,1,1,0,0,0,0,0,0,0,1,0,0,0,0,0,0,1,1,0
106,私立,技專校院,1040,建國科技大學,04131009,國際企業管理系,13,12,1,0,0,0,0,1,0,11,1,0,0,1,1,0,13,12,1
106,私立,技專校院,1040,建國科技大學,04132010,行銷與服務管理系,11,5,6,0,0,0,0,2,0,3,6,0,0,2,2,0,11,5,6
106,私立,技專校院,1040,建國科技大學,06131012,資訊管理系,2,2,0,0,0,0,0,0,0,2,0,0,0,0,0,0,2,2,0
106,私立,技專校院,1040,建國科技大學,07141013,電機工程系所,1,1,0,0,0,0,0,0,0,1,0,0,0,0,0,0,1,1,0
106,私立,技專校院,1040,建國科技大學,07141014,電子工程系所,7,6,1,0,0,0,0,0,1,6,0,0,0,1,0,1,7,6,1
106,私立,技專校院,1040,建國科技大學,07141015,自動化工程系暨機電光系統研究所,10,8,2,0,0,0,0,3,0,5,2,0,0,3,3,0,10,8,2
106,私立,技專校院,1040,建國科技大學,07151018,機械工程系暨製造科技研究所,7,6,1,0,0,0,0,2,0,4,1,0,0,2,2,0,7,6,1
106,私立,技專校院,1040,建國科技大學,07191024,工業與服務管理系,3,3,0,0,0,0,0,1,0,2,0,0,0,1,1,0,3,3,0
106,私立,技專校院,1040,建國科技大學,07321021,土木工程系暨土木與防災研究所,13,11,2,1,0,1,0,2,0,7,2,0,0,4,4,0,13,11,2
106,私立,技專校院,1040,建國科技大學,10121027,美容系暨美容科技研究所,19,9,10,0,0,0,0,2,3,7,7,0,0,5,2,3,19,9,10
106,私立,技專校院,1040,建國科技大學,10151025,觀光系,9,8,1,0,0,0,0,1,0,7,1,0,0,1,1,0,9,8,1
106,私立,技專校院,1040,建國科技大學,10152026,運動健康與休閒系,19,12,7,1,0,0,0,2,1,9,6,0,0,4,3,1,19,12,7
106,私立,技專校院,1040,建國科技大學,99999Z01,通識教育中心,31,15,16,0,0,0,0,4,4,11,12,0,0,8,4,4,31,15,16
106,私立,技專校院,1040,建國科技大學,99999Z07,體育室,11,10,1,0,0,1,1,1,0,8,0,0,0,3,2,1,11,10,1
106,私立,技專校院,1041,明志科技大學,02112003,視覺傳達設計系,14,10,4,0,0,0,0,0,0,10,4,0,0,0,0,0,14,10,4
106,私立,技專校院,1041,明志科技大學,02123004,工業設計系,9,7,2,0,0,1,0,0,2,6,0,0,0,3,1,2,9,7,2
106,私立,技專校院,1041,明志科技大學,04131005,經營管理系,14,10,4,0,0,1,0,4,0,5,4,0,0,5,5,0,14,10,4
106,私立,技專校院,1041,明志科技大學,04199Y30,管理暨設計學院,1,1,0,1,0,0,0,0,0,0,0,0,0,1,1,0,1,1,0
106,私立,技專校院,1041,明志科技大學,07111018,化學工程系,3,3,0,0,0,1,0,0,0,2,0,0,0,1,1,0,3,3,0
106,私立,技專校院,1041,明志科技大學,07112022,材料工程系,5,3,2,0,0,0,0,2,2,1,0,0,0,4,2,2,5,3,2
106,私立,技專校院,1041,明志科技大學,07121025,環境與安全衛生工程系,5,5,0,0,0,0,0,2,0,3,0,0,0,2,2,0,5,5,0
106,私立,技專校院,1041,明志科技大學,07132021,能源電池科技博士學位學程,1,1,0,1,0,0,0,0,0,0,0,0,0,1,1,0,1,1,0
106,私立,技專校院,1041,明志科技大學,07141010,電機工程系,1,1,0,0,0,0,0,0,0,1,0,0,0,0,0,0,1,1,0
106,私立,技專校院,1041,明志科技大學,07141011,電子工程系,14,11,3,1,0,3,1,4,0,3,2,0,0,9,8,1,14,11,3
106,私立,技專校院,1041,明志科技大學,07151014,機械工程系,6,6,0,1,0,0,0,1,0,4,0,0,0,2,2,0,6,6,0
106,私立,技專校院,1041,明志科技大學,07191024,工業工程與管理系,13,12,1,0,0,1,0,2,0,9,1,0,0,3,3,0,13,12,1
106,私立,技專校院,1041,明志科技大學,99999Z01,通識教育中心,75,28,47,0,0,2,1,10,13,16,33,0,0,26,12,14,75,28,47
106,私立,技專校院,1042,高苑科技大學,02311001,應用外語系,8,3,5,0,0,0,0,1,0,2,5,0,0,1,1,0,8,3,5
106,私立,技專校院,1042,高苑科技大學,03214004,資訊傳播系,4,3,1,0,0,0,0,0,0,3,1,0,0,0,0,0,4,3,1
106,私立,技專校院,1042,高苑科技大學,04131006,企業管理系,3,3,0,0,0,2,0,0,0,1,0,0,0,2,2,0,3,3,0
106,私立,技專校院,1042,高苑科技大學,05299034,綠環境設計學位學程,3,2,1,0,0,0,0,2,0,0,1,0,0,2,2,0,3,2,1
106,私立,技專校院,1042,高苑科技大學,07141018,電機工程系,4,4,0,0,0,0,0,1,0,3,0,0,0,1,1,0,4,4,0
106,私立,技專校院,1042,高苑科技大學,07151022,機械與自動化工程系,2,2,0,0,0,0,0,0,0,2,0,0,0,0,0,0,2,2,0
106,私立,技專校院,1042,高苑科技大學,07311033,建築系,2,2,0,2,0,0,0,0,0,0,0,0,0,2,2,0,2,2,0
106,私立,技專校院,1042,高苑科技大學,07321024,土木工程系,1,1,0,0,0,0,0,0,0,1,0,0,0,0,0,0,1,1,0
106,私立,技專校院,1042,高苑科技大學,09211036,銀髮事業暨社會工作學士學位學程,3,1,2,0,0,0,0,0,0,1,2,0,0,0,0,0,3,1,2
106,私立,技專校院,1042,高苑科技大學,10121005,香妝與養生保健學位學程,1,0,1,0,0,0,0,0,0,0,1,0,0,0,0,0,1,0,1
106,私立,技專校院,1042,高苑科技大學,10121040,化妝品應用系,2,0,2,0,0,0,0,0,0,0,2,0,0,0,0,0,2,0,2
106,私立,技專校院,1042,高苑科技大學,10151037,觀光事業管理系,2,2,0,0,0,0,0,0,0,2,0,0,0,0,0,0,2,2,0
106,私立,技專校院,1042,高苑科技大學,10152039,休閒運動管理系,4,3,1,1,0,0,0,0,0,2,1,0,0,1,1,0,4,3,1
106,私立,技專校院,1043,大仁科技大學,02112003,數位多媒體設計系,1,1,0,0,0,0,0,0,0,1,0,0,0,0,0,0,1,1,0
106,私立,技專校院,1043,大仁科技大學,07141009,資訊工程與娛樂科技系,2,2,0,1,0,1,0,0,0,0,0,0,0,2,2,0,2,2,0
106,私立,技專校院,1043,大仁科技大學,07211012,食品科技學系,4,1,3,0,0,0,1,0,0,1,2,0,0,1,0,1,4,1,3
106,私立,技專校院,1043,大仁科技大學,08199026,寵物美容學位學程,13,4,9,0,0,0,0,0,0,4,9,0,0,0,0,0,13,4,9
106,私立,技專校院,1043,大仁科技大學,09131016,護理學系,18,6,12,0,0,0,1,0,0,6,11,0,0,1,0,1,18,6,12
106,私立,技專校院,1043,大仁科技大學,09161015,藥學系,38,29,9,1,0,3,0,13,2,12,7,0,0,19,17,2,38,29,9
106,私立,技專校院,1043,大仁科技大學,09191014,環境與職業安全衛生系,5,4,1,1,0,1,0,0,0,2,1,0,0,2,2,0,5,4,1
106,私立,技專校院,1043,大仁科技大學,09211017,銀髮創意產業管理學士學位學程,1,0,1,0,0,0,0,0,0,0,1,0,0,0,0,0,1,0,1
106,私立,技專校院,1043,大仁科技大學,09221019,(嬰)幼兒保育系,8,4,4,0,0,1,0,1,0,2,4,0,0,2,2,0,8,4,4
106,私立,技專校院,1043,大仁科技大學,09299020,生命關懷事業學士學位學程,4,2,2,1,0,0,0,0,0,1,2,0,0,1,1,0,4,2,2
106,私立,技專校院,1043,大仁科技大學,10121025,時尚美容應用系,1,0,1,0,0,0,0,0,0,0,1,0,0,0,0,0,1,0,1
106,私立,技專校院,1043,大仁科技大學,10131021,餐旅管理系,15,10,5,0,0,0,0,0,0,10,5,0,0,0,0,0,15,10,5
106,私立,技專校院,1043,大仁科技大學,10152024,休閒運動(與)管理學系,13,11,2,0,0,0,0,1,0,10,2,0,0,1,1,0,13,11,2
106,私立,技專校院,1043,大仁科技大學,10321028,消防安全學士學位學程,16,14,2,0,0,0,0,1,1,13,1,0,0,2,1,1,16,14,2
106,私立,技專校院,1043,大仁科技大學,99999Z01,通識(教育)中心,6,4,2,0,0,0,0,1,0,3,2,0,0,1,1,0,6,4,2
106,私立,技專校院,1044,聖約翰科技大學,02112004,多媒體設計系,3,1,2,0,0,0,0,0,0,1,2,0,0,0,0,0,3,1,2
106,私立,技專校院,1044,聖約翰科技大學,02122002,創意設計系,3,2,1,0,0,0,0,1,0,1,1,0,0,1,1,0,3,2,1
106,私立,技專校院,1044,聖約翰科技大學,02122003,數位文藝系,6,4,2,0,0,0,0,0,1,4,1,0,0,1,0,1,6,4,2
106,私立,技專校院,1044,聖約翰科技大學,02311001,應用英語系,13,5,8,0,0,0,0,0,0,5,8,0,0,0,0,0,13,5,8
106,私立,技專校院,1044,聖約翰科技大學,04199009,時尚經營管理系,12,7,5,0,0,0,0,2,0,5,5,0,0,2,2,0,12,7,5
106,私立,技專校院,1044,聖約翰科技大學,06131010,資訊管理系,1,1,0,0,0,0,0,0,0,1,0,0,0,0,0,0,1,1,0
106,私立,技專校院,1044,聖約翰科技大學,06199011,醫護資訊學士學位學程,1,0,1,0,0,0,0,0,0,0,1,0,0,0,0,0,1,0,1
106,私立,技專校院,1044,聖約翰科技大學,07141012,電機工程系,2,2,0,1,0,1,0,0,0,0,0,0,0,2,2,0,2,2,0
106,私立,技專校院,1044,聖約翰科技大學,07141013,電子工程系,3,1,2,0,0,0,0,0,0,1,2,0,0,0,0,0,3,1,2
106,私立,技專校院,1044,聖約翰科技大學,07151016,機械與電腦輔助工程系,5,5,0,0,0,1,0,1,0,3,0,0,0,2,2,0,5,5,0
106,私立,技專校院,1044,聖約翰科技大學,09211019,老人服務事業系,3,2,1,0,0,0,0,1,0,1,1,0,0,1,1,0,3,2,1
106,私立,技專校院,1044,聖約翰科技大學,10151020,觀光與休閒管理系,2,1,1,0,0,0,0,0,0,1,1,0,0,0,0,0,2,1,1
106,私立,技專校院,1044,聖約翰科技大學,10152021,休閒運動與健康管理系,15,12,3,0,0,0,0,2,1,10,2,0,0,3,2,1,15,12,3
106,私立,技專校院,1045,嶺東科技大學,02112003,視覺傳達設計系,28,16,12,0,0,0,0,2,1,14,11,0,0,3,2,1,28,16,12
106,私立,技專校院,1045,嶺東科技大學,02112005,數位媒體設計系,16,11,5,0,0,0,0,0,0,11,5,0,0,0,0,0,16,11,5
106,私立,技專校院,1045,嶺東科技大學,02122002,流行設計系,21,4,17,0,0,0,1,0,0,4,16,0,0,1,0,1,21,4,17
106,私立,技專校院,1045,嶺東科技大學,02123008,創意產品設計系,17,14,3,0,0,1,0,2,0,11,3,0,0,3,3,0,17,14,3
106,私立,技專校院,1045,嶺東科技大學,02125039,服飾設計系,3,0,3,0,0,0,0,0,0,0,3,0,0,0,0,0,3,0,3
106,私立,技專校院,1045,嶺東科技大學,02311001,應用外語系,12,4,8,0,0,0,1,0,1,4,6,0,0,2,0,2,12,4,8
106,私立,技專校院,1045,嶺東科技大學,04121017,財務金融系,16,11,5,1,0,0,0,0,0,10,5,0,0,1,1,0,16,11,5
106,私立,技專校院,1045,嶺東科技大學,04122021,財政系,3,2,1,0,0,0,0,0,1,2,0,0,0,1,0,1,3,2,1
106,私立,技專校院,1045,嶺東科技大學,04131013,企業管理系,28,18,10,3,0,0,0,5,0,10,10,0,0,8,8,0,28,18,10
106,私立,技專校院,1045,嶺東科技大學,04131015,國際企業系,15,5,10,0,0,0,1,1,1,4,8,0,0,3,1,2,15,5,10
106,私立,技專校院,1045,嶺東科技大學,04132024,行銷與流通管理系,22,10,12,0,0,0,0,0,2,10,10,0,0,2,0,2,22,10,12
106,私立,技專校院,1045,嶺東科技大學,04199040,時尚經營系,7,3,4,0,0,0,0,0,0,3,4,0,0,0,0,0,7,3,4
106,私立,技專校院,1045,嶺東科技大學,06131030,資訊科技系,18,16,2,0,0,1,0,2,1,13,1,0,0,4,3,1,18,16,2
106,私立,技專校院,1045,嶺東科技大學,06131031,資訊管理系,17,12,5,0,0,0,0,1,1,11,4,0,0,2,1,1,17,12,5
106,私立,技專校院,1045,嶺東科技大學,06131032,資訊網路系,15,12,3,1,0,0,0,1,1,10,2,0,0,3,2,1,15,12,3
106,私立,技專校院,1045,嶺東科技大學,10151036,觀光與休閒管理系,37,26,11,0,0,1,0,2,1,23,10,0,0,4,3,1,37,26,11
106,私立,技專校院,1045,嶺東科技大學,99999Z01,通識(教育)中心,27,13,14,0,0,0,0,4,2,9,12,0,0,6,4,2,27,13,14
106,私立,技專校院,1046,中國科技大學,02112003,視覺傳達設計系,22,13,9,0,0,1,0,1,0,11,9,0,0,2,2,0,22,13,9
106,私立,技專校院,1046,中國科技大學,02112004,數位多媒體設計系,19,14,5,0,0,0,0,0,0,14,5,0,0,0,0,0,19,14,5
106,私立,技專校院,1046,中國科技大學,02122002,互動娛樂設計系,1,1,0,0,0,0,0,0,0,1,0,0,0,0,0,0,1,1,0
106,私立,技專校院,1046,中國科技大學,02124005,室內設計系,72,52,20,0,0,1,0,1,0,50,20,0,0,2,2,0,72,52,20
106,私立,技專校院,1046,中國科技大學,02199006,影視設計系,11,6,5,0,0,0,0,0,0,6,5,0,0,0,0,0,11,6,5
106,私立,技專校院,1046,中國科技大學,02311001,應用英語系,7,2,5,0,0,0,0,1,0,1,5,0,0,1,1,0,7,2,5
106,私立,技專校院,1046,中國科技大學,04111009,會計系,3,3,0,0,0,0,0,1,0,2,0,0,0,1,1,0,3,3,0
106,私立,技專校院,1046,中國科技大學,04121015,財務金融系,8,6,2,0,0,0,0,0,0,6,2,0,0,0,0,0,8,6,2
106,私立,技專校院,1046,中國科技大學,04122016,財政稅務系,4,4,0,0,0,1,0,0,0,3,0,0,0,1,1,0,4,4,0
106,私立,技專校院,1046,中國科技大學,04131010,企業管理系,20,16,4,0,0,1,0,1,0,14,4,0,0,2,2,0,20,16,4
106,私立,技專校院,1046,中國科技大學,04132017,行銷與流通管理系,28,21,7,1,0,0,0,2,0,18,7,0,0,3,3,0,28,21,7
106,私立,技專校院,1046,中國科技大學,04141014,國際商務系,9,6,3,0,0,0,0,1,1,5,2,0,0,2,1,1,9,6,3
106,私立,技專校院,1046,中國科技大學,06131019,資訊管理系,14,13,1,1,0,0,0,2,0,10,1,0,0,3,3,0,14,13,1
106,私立,技專校院,1046,中國科技大學,06199022,電腦與通訊系,1,1,0,0,0,0,0,0,0,1,0,0,0,0,0,0,1,1,0
106,私立,技專校院,1046,中國科技大學,07141021,資訊工程系,1,1,0,0,0,0,0,0,0,1,0,0,0,0,0,0,1,1,0
106,私立,技專校院,1046,中國科技大學,07311026,建築系,38,29,9,0,0,0,1,1,0,28,8,0,0,2,1,1,38,29,9
106,私立,技專校院,1046,中國科技大學,07321025,土木與防災設計系,10,8,2,0,0,0,0,2,1,6,1,0,0,3,2,1,10,8,2
106,私立,技專校院,1046,中國科技大學,10151028,觀光與休閒事業管理系,28,17,11,0,0,2,0,0,1,15,10,0,0,3,2,1,28,17,11
106,私立,技專校院,1046,中國科技大學,99999Z01,通識教育中心,89,49,40,0,0,1,2,14,9,34,29,0,0,26,15,11,89,49,40
106,私立,技專校院,1047,中臺科技大學,01111009,文教事業經營研究所,4,4,0,3,0,1,0,0,0,0,0,0,0,4,4,0,4,4,0
106,私立,技專校院,1047,中臺科技大學,01121001,兒童教育暨事業經營系,10,6,4,0,0,0,0,4,0,2,4,0,0,4,4,0,10,6,4
106,私立,技專校院,1047,中臺科技大學,02311002,應用外語系,11,2,9,0,0,0,0,1,1,1,8,0,0,2,1,1,11,2,9
106,私立,技專校院,1047,中臺科技大學,04131003,國際企業系,11,7,4,0,0,0,0,1,0,6,4,0,0,1,1,0,11,7,4
106,私立,技專校院,1047,中臺科技大學,04133008,醫療暨健康產業管理系,10,6,4,0,0,1,0,1,0,4,4,0,0,2,2,0,10,6,4
106,私立,技專校院,1047,中臺科技大學,04143004,行銷管理系,14,8,6,0,0,1,0,1,2,6,4,0,0,4,2,2,14,8,6
106,私立,技專校院,1047,中臺科技大學,06131012,資訊管理系,12,10,2,1,0,0,0,4,0,5,2,0,0,5,5,0,12,10,2
106,私立,技專校院,1047,中臺科技大學,07121013,環境與安全衛生工程系,9,7,2,0,0,0,0,1,1,6,1,0,0,2,1,1,9,7,2
106,私立,技專校院,1047,中臺科技大學,07193014,生物科技暨醫學工程研究所,1,1,0,0,0,0,0,1,0,0,0,0,0,1,1,0,1,1,0
106,私立,技專校院,1047,中臺科技大學,07211017,食品科技系,27,20,7,0,0,0,0,3,1,17,6,0,0,4,3,1,27,20,7
106,私立,技專校院,1047,中臺科技大學,09111033,牙體技術暨材料系,20,17,3,2,0,1,0,3,0,11,3,0,0,6,6,0,20,17,3
106,私立,技專校院,1047,中臺科技大學,09131020,護理系,30,18,12,2,0,2,0,8,2,6,10,0,0,14,12,2,30,18,12
106,私立,技專校院,1047,中臺科技大學,09141028,醫學檢驗生物技術系,14,12,2,0,0,0,0,6,1,6,1,0,0,7,6,1,14,12,2
106,私立,技專校院,1047,中臺科技大學,09141029,醫學影像暨放射科學系,23,20,3,3,0,2,0,4,1,11,2,0,0,10,9,1,23,20,3
106,私立,技專校院,1047,中臺科技大學,09141030,視光系,17,13,4,0,0,1,0,3,0,9,4,0,0,4,4,0,17,13,4
106,私立,技專校院,1047,中臺科技大學,09211034,老人照顧系,11,6,5,0,0,0,1,1,1,5,3,0,0,3,1,2,11,6,5
106,私立,技專校院,1047,中臺科技大學,09212024,長期照顧碩士學位學程,1,1,0,0,0,0,0,1,0,0,0,0,0,1,1,0,1,1,0
106,私立,技專校院,1047,中臺科技大學,99999Z01,通識教育中心,3,1,2,0,0,1,0,0,0,0,2,0,0,1,1,0,3,1,2
106,私立,技專校院,1047,中臺科技大學,99999Z07,體育室,3,2,1,0,0,0,0,0,0,2,1,0,0,0,0,0,3,2,1
106,私立,技專校院,1047,中臺科技大學,99999Z08,語言中心,6,1,5,0,0,0,2,0,0,1,3,0,0,2,0,2,6,1,5
106,私立,一般大學,1048,亞洲大學,01121001,幼兒教育學系,7,4,3,0,0,1,0,1,2,2,1,0,0,4,2,2,7,4,3
106,私立,一般大學,1048,亞洲大學,02112006,視覺傳達設計學系,15,11,4,0,0,0,0,1,0,10,4,0,0,1,1,0,15,11,4
106,私立,一般大學,1048,亞洲大學,02112007,數位媒體設計學系,19,16,3,0,1,0,0,1,1,15,1,0,0,3,1,2,19,16,3
106,私立,一般大學,1048,亞洲大學,02122004,時尚設計學系,15,6,9,1,0,1,0,2,0,2,9,0,0,4,4,0,15,6,9
106,私立,一般大學,1048,亞洲大學,02123011,創意商品設計學系,15,12,3,0,0,2,0,0,1,10,2,0,0,3,2,1,15,12,3
106,私立,一般大學,1048,亞洲大學,02124012,室內設計學系,18,11,7,0,0,0,0,0,0,11,7,0,0,0,0,0,18,11,7
106,私立,一般大學,1048,亞洲大學,02311002,外國語文學系,46,19,27,0,1,1,1,6,2,12,23,0,0,11,7,4,46,19,27
106,私立,一般大學,1048,亞洲大學,03131013,心理學系,8,6,2,2,0,1,0,1,2,2,0,0,0,6,4,2,8,6,2
106,私立,一般大學,1048,亞洲大學,03211014,資訊傳播學系,8,6,2,1,0,0,0,1,0,4,2,0,0,2,2,0,8,6,2
106,私立,一般大學,1048,亞洲大學,04111015,會計與資訊學系,10,5,5,1,0,1,0,1,4,2,1,0,0,7,3,4,10,5,5
106,私立,一般大學,1048,亞洲大學,04121019,財務金融學系,6,4,2,1,0,3,1,0,0,0,1,0,0,5,4,1,6,4,2
106,私立,一般大學,1048,亞洲大學,04131017,經營管理學系,10,8,2,4,0,1,0,2,1,1,1,0,0,8,7,1,10,8,2
106,私立,一般大學,1048,亞洲大學,04212027,財經法律學系,28,25,3,2,0,2,0,5,0,16,3,0,0,9,9,0,28,25,3
106,私立,一般大學,1048,亞洲大學,05121028,生物科技學系,25,24,1,18,1,4,0,2,0,0,0,0,0,25,24,1,25,24,1
106,私立,一般大學,1048,亞洲大學,05191053,食品營養與保健生技學系,25,15,10,13,2,1,1,1,3,0,4,0,0,21,15,6,25,15,10
106,私立,一般大學,1048,亞洲大學,06134033,行動商務與多媒體應用學系,2,2,0,2,0,0,0,0,0,0,0,0,0,2,2,0,2,2,0
106,私立,一般大學,1048,亞洲大學,06134037,資訊工程學系,5,5,0,5,0,0,0,0,0,0,0,0,0,5,5,0,5,5,0
106,私立,一般大學,1048,亞洲大學,07141040,光電與通訊學系,6,6,0,5,0,1,0,0,0,0,0,0,0,6,6,0,6,6,0
106,私立,一般大學,1048,亞洲大學,07193029,生物資訊與醫學工程學系,27,23,4,17,0,1,3,5,1,0,0,0,0,27,23,4,27,23,4
106,私立,一般大學,1048,亞洲大學,08411045,學士後獸醫學系,8,4,4,2,0,1,1,1,3,0,0,0,0,8,4,4,8,4,4
106,私立,一般大學,1048,亞洲大學,09131046,護理學系,29,8,21,3,3,5,4,0,1,0,13,0,0,16,8,8,29,8,21
106,私立,一般大學,1048,亞洲大學,09141047,視光學系,3,1,2,1,0,0,1,0,0,0,1,0,0,2,1,1,3,1,2
106,私立,一般大學,1048,亞洲大學,09152052,職能治療學系,7,7,0,3,0,0,0,3,0,1,0,0,0,6,6,0,7,7,0
106,私立,一般大學,1048,亞洲大學,09153051,聽力暨語言治療學系,6,5,1,2,0,2,0,1,1,0,0,0,0,6,5,1,6,5,1
106,私立,一般大學,1048,亞洲大學,09211021,健康產業管理學系,12,7,5,3,0,1,1,2,1,1,3,0,0,8,6,2,12,7,5
106,私立,一般大學,1048,亞洲大學,09231048,社會工作學系,19,4,15,0,0,1,1,0,4,3,10,0,0,6,1,5,19,4,15
106,私立,一般大學,1048,亞洲大學,10151049,休閒與遊憩管理學系,19,15,4,2,0,3,0,3,1,7,3,0,0,9,8,1,19,15,4
106,私立,一般大學,1048,亞洲大學,99999Z01,通識教育中心,45,31,14,3,0,0,0,15,12,13,2,0,0,30,18,12,45,31,14
106,私立,一般大學,1048,亞洲大學,99999Z07,體育室,34,26,8,0,0,4,1,4,2,18,5,0,0,11,8,3,34,26,8
106,私立,一般大學,1049,開南大學,02111058,電影與創意媒體學系,5,4,1,0,0,0,0,1,0,3,1,0,0,1,1,0,5,4,1
106,私立,一般大學,1049,開南大學,02122009,數位空間與商品設計學士學位學程,1,0,1,0,0,0,0,0,0,0,1,0,0,0,0,0,1,0,1
106,私立,一般大學,1049,開南大學,02122044,形象與健康管理學士學位學程,7,1,6,0,0,0,0,0,1,1,5,0,0,1,0,1,7,1,6
106,私立,一般大學,1049,開南大學,02311006,應用英語學系,1,1,0,1,0,0,0,0,0,0,0,0,0,1,1,0,1,1,0
106,私立,一般大學,1049,開南大學,02311008,應用日語學系,8,3,5,2,0,0,0,1,1,0,4,0,0,4,3,1,8,3,5
106,私立,一般大學,1049,開南大學,02323004,應用華語學系,8,2,6,0,0,0,1,2,2,0,3,0,0,5,2,3,8,2,6
106,私立,一般大學,1049,開南大學,03213003,資訊傳播學系,5,4,1,1,0,1,0,2,0,0,1,0,0,4,4,0,5,4,1
106,私立,一般大學,1049,開南大學,04131016,國際企業學系,10,7,3,0,0,3,0,2,0,2,3,0,0,5,5,0,10,7,3
106,私立,一般大學,1049,開南大學,04131017,企業與創業管理學系,4,4,0,2,0,2,0,0,0,0,0,0,0,4,4,0,4,4,0
106,私立,一般大學,1049,開南大學,04133026,健康產業管理學系,3,1,2,0,0,0,0,0,0,1,2,0,0,0,0,0,3,1,2
106,私立,一般大學,1049,開南大學,04134012,公共事務管理學系,6,5,1,1,0,2,0,2,0,0,1,0,0,5,5,0,6,5,1
106,私立,一般大學,1049,開南大學,04211011,法律學系,14,11,3,3,2,4,1,2,0,2,0,0,0,12,9,3,14,11,3
106,私立,一般大學,1049,開南大學,05191037,保健營養學系,3,1,2,0,0,0,0,0,0,1,2,0,0,0,0,0,3,1,2
106,私立,一般大學,1049,開南大學,06131032,資訊管理學系,1,1,0,0,0,0,0,1,0,0,0,0,0,1,1,0,1,1,0
106,私立,一般大學,1049,開南大學,09199038,養生與健康行銷學系,8,2,6,0,0,0,0,2,1,0,5,0,0,3,2,1,8,2,6
106,私立,一般大學,1049,開南大學,10151039,觀光與餐飲旅館學系,5,5,0,0,0,0,0,5,0,0,0,0,0,5,5,0,5,5,0
106,私立,一般大學,1049,開南大學,10411045,運輸科技與管理學系,2,2,0,1,0,0,0,1,0,0,0,0,0,2,2,0,2,2,0
106,私立,一般大學,1049,開南大學,10412050,物流與航運管理學系,5,5,0,0,0,2,0,2,0,1,0,0,0,4,4,0,5,5,0
106,私立,一般大學,1049,開南大學,10413046,空運管理學系,4,3,1,0,0,1,0,2,0,0,1,0,0,3,3,0,4,3,1
106,私立,一般大學,1049,開南大學,99999Z01,通識教育中心,8,4,4,0,0,0,0,3,2,1,2,0,0,5,3,2,8,4,4
106,私立,一般大學,1049,開南大學,99999Z07,體育室,15,9,6,1,0,2,1,4,1,2,4,0,0,9,7,2,15,9,6
106,私立,一般大學,1050,佛光大學,02123018,產品與媒體設計學系,10,10,0,0,0,0,0,2,0,8,0,0,0,2,2,0,10,10,0
106,私立,一般大學,1050,佛光大學,02211010,佛教學系,8,4,4,1,0,1,1,2,2,0,1,0,0,7,4,3,8,4,4
106,私立,一般大學,1050,佛光大學,02221011,歷史學系,3,3,0,1,0,0,0,1,0,1,0,0,0,2,2,0,3,3,0
106,私立,一般大學,1050,佛光大學,02299015,文化資產與創意學系,2,2,0,0,0,0,0,1,0,1,0,0,0,1,1,0,2,2,0
106,私立,一般大學,1050,佛光大學,02311007,外國語文學系,2,1,1,0,0,0,0,0,0,1,1,0,0,0,0,0,2,1,1
106,私立,一般大學,1050,佛光大學,02322006,中國文學與應用學系,2,1,1,0,0,0,0,1,0,0,1,0,0,1,1,0,2,1,1
106,私立,一般大學,1050,佛光大學,03111020,應用經濟學系,5,5,0,3,0,0,0,2,0,0,0,0,0,5,5,0,5,5,0
106,私立,一般大學,1050,佛光大學,03131024,心理學系,10,6,4,1,0,0,0,0,2,5,2,0,0,3,1,2,10,6,4
106,私立,一般大學,1050,佛光大學,03141022,社會學系,4,2,2,1,0,1,0,0,2,0,0,0,0,4,2,2,4,2,2
106,私立,一般大學,1050,佛光大學,03141023,未來與樂活產業學系,6,6,0,2,0,1,0,3,0,0,0,0,0,6,6,0,6,6,0
106,私立,一般大學,1050,佛光大學,03211028,傳播學系,7,5,2,1,0,0,0,2,1,2,1,0,0,4,3,1,7,5,2
106,私立,一般大學,1050,佛光大學,04131030,管理學系,6,5,1,0,0,2,0,1,1,2,0,0,0,4,3,1,6,5,1
106,私立,一般大學,1050,佛光大學,04134025,公共事務學系,11,8,3,2,0,2,0,3,3,1,0,0,0,10,7,3,11,8,3
106,私立,一般大學,1050,佛光大學,06134032,資訊應用學系,1,1,0,1,0,0,0,0,0,0,0,0,0,1,1,0,1,1,0
106,私立,一般大學,1050,佛光大學,10131034,健康與創意素食產業學系,3,2,1,0,1,0,0,1,0,1,0,0,0,2,1,1,3,2,1
106,私立,一般大學,1050,佛光大學,99999Z01,通識教育委員會,43,26,17,4,0,1,0,10,7,11,10,0,0,22,15,7,43,26,17
106,私立,技專校院,1051,台南家專學校財團法人台南應用科技大學,02112012,視覺傳達設計系,11,6,5,0,0,0,0,0,2,6,3,0,0,2,0,2,11,6,5
106,私立,技專校院,1051,台南家專學校財團法人台南應用科技大學,02112013,多媒體動畫系,5,4,1,0,0,1,0,1,0,2,1,0,0,2,2,0,5,4,1
106,私立,技專校院,1051,台南家專學校財團法人台南應用科技大學,02122010,時尚設計系,5,4,1,0,0,1,0,2,0,1,1,0,0,3,3,0,5,4,1
106,私立,技專校院,1051,台南家專學校財團法人台南應用科技大學,02123014,商品設計系,15,9,6,0,0,0,0,2,0,7,6,0,0,2,2,0,15,9,6
106,私立,技專校院,1051,台南家專學校財團法人台南應用科技大學,02124015,室內設計系,14,9,5,0,0,3,0,1,1,5,4,0,0,5,4,1,14,9,5
106,私立,技專校院,1051,台南家專學校財團法人台南應用科技大學,02125042,服飾設計管理系,14,3,11,0,0,0,0,1,1,2,10,0,0,2,1,1,14,3,11
106,私立,技專校院,1051,台南家專學校財團法人台南應用科技大學,02131001,美術系,40,20,20,0,0,0,0,3,2,17,18,0,0,5,3,2,40,20,20
106,私立,技專校院,1051,台南家專學校財團法人台南應用科技大學,02151003,音樂系,125,33,92,1,0,0,4,15,41,17,47,0,0,61,16,45,125,33,92
106,私立,技專校院,1051,台南家專學校財團法人台南應用科技大學,02151004,流行音樂學士學位學程,12,6,6,0,0,0,0,1,0,5,6,0,0,1,1,0,12,6,6
106,私立,技專校院,1051,台南家專學校財團法人台南應用科技大學,02152005,舞蹈系,31,6,25,0,0,0,0,1,3,5,22,0,0,4,1,3,31,6,25
106,私立,技專校院,1051,台南家專學校財團法人台南應用科技大學,02311009,應用英語系,24,7,17,0,0,0,0,0,0,7,17,0,0,0,0,0,24,7,17
106,私立,技專校院,1051,台南家專學校財團法人台南應用科技大學,04111018,會計資訊系,4,1,3,0,0,0,0,0,1,1,2,0,0,1,0,1,4,1,3
106,私立,技專校院,1051,台南家專學校財團法人台南應用科技大學,04121025,財務金融系,6,4,2,0,0,0,0,1,1,3,1,0,0,2,1,1,6,4,2
106,私立,技專校院,1051,台南家專學校財團法人台南應用科技大學,04131021,企業管理系,11,6,5,0,0,0,0,2,0,4,5,0,0,2,2,0,11,6,5
106,私立,技專校院,1051,台南家專學校財團法人台南應用科技大學,04131023,國際企業經營系,7,5,2,0,0,1,0,3,0,1,2,0,0,4,4,0,7,5,2
106,私立,技專校院,1051,台南家專學校財團法人台南應用科技大學,06131027,資訊管理系,6,5,1,0,0,0,0,0,0,5,1,0,0,0,0,0,6,5,1
106,私立,技專校院,1051,台南家專學校財團法人台南應用科技大學,09221029,幼兒保育系,11,2,9,0,0,0,0,1,1,1,8,0,0,2,1,1,11,2,9
106,私立,技專校院,1051,台南家專學校財團法人台南應用科技大學,10111038,生活服務產業系,11,8,3,0,0,1,0,0,0,7,3,0,0,1,1,0,11,8,3
106,私立,技專校院,1051,台南家專學校財團法人台南應用科技大學,10121044,美容造型設計系,16,3,13,0,0,0,0,0,1,3,12,0,0,1,0,1,16,3,13
106,私立,技專校院,1051,台南家專學校財團法人台南應用科技大學,10131030,旅館管理系,12,6,6,1,0,0,1,1,1,4,4,0,0,4,2,2,12,6,6
106,私立,技專校院,1051,台南家專學校財團法人台南應用科技大學,10131032,餐飲系,19,11,8,0,0,0,0,1,1,10,7,0,0,2,1,1,19,11,8
106,私立,技專校院,1051,台南家專學校財團法人台南應用科技大學,10151034,養生休閒管理學位學程,8,4,4,0,0,0,1,0,1,4,2,0,0,2,0,2,8,4,4
106,私立,技專校院,1051,台南家專學校財團法人台南應用科技大學,10152033,運動休閒與健康管理系,31,23,8,0,0,1,0,2,2,20,6,0,0,5,3,2,31,23,8
106,私立,技專校院,1051,台南家專學校財團法人台南應用科技大學,99999Z05,師資培育中心,3,0,3,0,0,0,0,0,0,0,3,0,0,0,0,0,3,0,3
106,私立,技專校院,1052,遠東科技大學,02112038,數位媒體設計系,6,4,2,0,0,0,0,0,0,4,2,0,0,0,0,0,6,4,2
106,私立,技專校院,1052,遠東科技大學,02122004,多媒體與遊戲發展管理系,3,3,0,0,0,1,0,0,0,2,0,0,0,1,1,0,3,3,0
106,私立,技專校院,1052,遠東科技大學,02123005,工業設計系,1,0,1,0,0,0,0,0,0,0,1,0,0,0,0,0,1,0,1
106,私立,技專校院,1052,遠東科技大學,02123006,創意商品設計與管理系,5,4,1,1,0,0,0,0,0,3,1,0,0,1,1,0,5,4,1
106,私立,技專校院,1052,遠東科技大學,02123014,創新設計與創業管理系,1,1,0,0,0,0,0,1,0,0,0,0,0,1,1,0,1,1,0
106,私立,技專校院,1052,遠東科技大學,02151036,流行音樂產業管理系,1,1,0,0,0,0,0,0,0,1,0,0,0,0,0,0,1,1,0
106,私立,技專校院,1052,遠東科技大學,04131007,企業管理系,5,4,1,0,0,0,0,0,0,4,1,0,0,0,0,0,5,4,1
106,私立,技專校院,1052,遠東科技大學,04132011,行銷與流通管理系,3,2,1,0,0,0,0,0,0,2,1,0,0,0,0,0,3,2,1
106,私立,技專校院,1052,遠東科技大學,06131015,資訊管理系,1,1,0,0,0,0,0,0,0,1,0,0,0,0,0,0,1,1,0
106,私立,技專校院,1052,遠東科技大學,07132030,材料與能源工程系,1,0,1,0,0,0,0,0,0,0,1,0,0,0,0,0,1,0,1
106,私立,技專校院,1052,遠東科技大學,07141017,電機工程系,2,2,0,0,0,0,0,1,0,1,0,0,0,1,1,0,2,2,0
106,私立,技專校院,1052,遠東科技大學,07141020,資訊工程系,1,0,1,0,0,0,0,0,0,0,1,0,0,0,0,0,1,0,1
106,私立,技專校院,1052,遠東科技大學,07151022,機械工程系,11,11,0,0,0,0,0,5,0,6,0,0,0,5,5,0,11,11,0
106,私立,技專校院,1052,遠東科技大學,07151023,自動化控制系,1,1,0,1,0,0,0,0,0,0,0,0,0,1,1,0,1,1,0
106,私立,技專校院,1052,遠東科技大學,10121034,化妝品應用與管理系,10,3,7,0,0,0,0,1,1,2,6,0,0,2,1,1,10,3,7
106,私立,技專校院,1052,遠東科技大學,10131031,餐飲管理系,26,14,12,0,0,0,0,3,3,11,9,0,0,6,3,3,26,14,12
106,私立,技專校院,1052,遠東科技大學,10151002,觀光英語系,6,3,3,0,0,0,0,2,0,1,3,0,0,2,2,0,6,3,3
106,私立,技專校院,1052,遠東科技大學,10151032,旅遊事業管理系,15,10,5,0,0,2,0,2,1,6,4,0,0,5,4,1,15,10,5
106,私立,技專校院,1052,遠東科技大學,10152033,休閒運動管理系,10,5,5,1,0,0,0,0,0,4,5,0,0,1,1,0,10,5,5
106,私立,技專校院,1052,遠東科技大學,99999Z01,通識教育中心,45,21,24,0,0,1,0,5,0,15,24,0,0,6,6,0,45,21,24
106,私立,技專校院,1053,光宇學校財團法人元培醫事科技大學,02311041,應用外語系,11,3,8,0,0,1,0,1,1,1,7,0,0,3,2,1,11,3,8
106,私立,技專校院,1053,光宇學校財團法人元培醫事科技大學,04131003,企業管理系,7,4,3,0,0,0,0,1,2,3,1,0,0,3,1,2,7,4,3
106,私立,技專校院,1053,光宇學校財團法人元培醫事科技大學,04133007,醫務管理系,29,18,11,2,0,1,0,5,2,10,9,0,0,10,8,2,29,18,11
106,私立,技專校院,1053,光宇學校財團法人元培醫事科技大學,04199039,會展暨文創事業管理學士學位學程,3,3,0,0,0,0,0,1,0,2,0,0,0,1,1,0,3,3,0
106,私立,技專校院,1053,光宇學校財團法人元培醫事科技大學,06131012,資訊管理系,4,4,0,0,0,0,0,2,0,2,0,0,0,2,2,0,4,4,0
106,私立,技專校院,1053,光宇學校財團法人元培醫事科技大學,07121015,環境工程衛生系,6,5,1,0,0,0,0,3,1,2,0,0,0,4,3,1,6,5,1
106,私立,技專校院,1053,光宇學校財團法人元培醫事科技大學,07193016,生物醫學工程系,5,4,1,0,0,2,0,1,0,1,1,0,0,3,3,0,5,4,1
106,私立,技專校院,1053,光宇學校財團法人元培醫事科技大學,07211019,食品科學系,11,6,5,1,0,2,0,2,1,1,4,0,0,6,5,1,11,6,5
106,私立,技專校院,1053,光宇學校財團法人元培醫事科技大學,09131022,護理系,23,6,17,0,0,0,0,2,3,4,14,0,0,5,2,3,23,6,17
106,私立,技專校院,1053,光宇學校財團法人元培醫事科技大學,09141027,醫學檢驗生物技術系,13,8,5,0,0,0,0,6,1,2,4,0,0,7,6,1,13,8,5
106,私立,技專校院,1053,光宇學校財團法人元培醫事科技大學,09141029,視光系,17,12,5,0,0,0,0,5,0,7,5,0,0,5,5,0,17,12,5
106,私立,技專校院,1053,光宇學校財團法人元培醫事科技大學,09141030,醫學影像暨放射技術系,14,11,3,0,0,1,0,3,0,7,3,0,0,4,4,0,14,11,3
106,私立,技專校院,1053,光宇學校財團法人元培醫事科技大學,09161034,生物科技暨製藥技術系,7,5,2,0,0,2,0,2,1,1,1,0,0,5,4,1,7,5,2
106,私立,技專校院,1053,光宇學校財團法人元培醫事科技大學,09211035,高齡福祉事業管理學士學位學程,5,3,2,0,0,0,0,3,0,0,2,0,0,3,3,0,5,3,2
106,私立,技專校院,1053,光宇學校財團法人元培醫事科技大學,10131036,餐飲管理系,15,7,8,0,0,1,0,1,1,5,7,0,0,3,2,1,15,7,8
106,私立,技專校院,1053,光宇學校財團法人元培醫事科技大學,10151037,觀光與休閒管理系,4,2,2,0,0,0,0,0,0,2,2,0,0,0,0,0,4,2,2
106,私立,技專校院,1053,光宇學校財團法人元培醫事科技大學,10152038,健康休閒管理系,18,5,13,0,0,0,0,2,2,3,11,0,0,4,2,2,18,5,13
106,私立,技專校院,1053,光宇學校財團法人元培醫事科技大學,99999Z01,通識(教育)中心,6,4,2,0,0,0,0,1,1,3,1,0,0,2,1,1,6,4,2
106,私立,技專校院,1053,光宇學校財團法人元培醫事科技大學,99999Z07,體育室,1,1,0,0,0,0,0,0,0,1,0,0,0,0,0,0,1,1,0
106,私立,技專校院,1054,景文科技大學,02112005,視覺傳達設計學系,5,4,1,0,0,0,0,1,0,3,1,0,0,1,1,0,5,4,1
106,私立,技專校院,1054,景文科技大學,02311001,應用外語系,5,2,3,0,0,0,0,1,1,1,2,0,0,2,1,1,5,2,3
106,私立,技專校院,1054,景文科技大學,04131007,企業管理(學)系,5,5,0,0,0,0,0,3,0,2,0,0,0,3,3,0,5,5,0
106,私立,技專校院,1054,景文科技大學,04132014,行銷與流通管理系,5,4,1,0,0,0,0,1,0,3,1,0,0,1,1,0,5,4,1
106,私立,技專校院,1054,景文科技大學,04141008,國際貿易(學)系,1,1,0,0,0,0,0,1,0,0,0,0,0,1,1,0,1,1,0
106,私立,技專校院,1054,景文科技大學,07141016,電子工程(學)系,1,1,0,0,0,0,0,0,0,1,0,0,0,0,0,0,1,1,0
106,私立,技專校院,1054,景文科技大學,07141017,資訊工程學系,1,1,0,0,0,0,0,1,0,0,0,0,0,1,1,0,1,1,0
106,私立,技專校院,1054,景文科技大學,10131019,旅館管理系,7,4,3,0,0,0,0,0,0,4,3,0,0,0,0,0,7,4,3
106,私立,技專校院,1054,景文科技大學,10131020,餐飲管理學系,32,20,12,1,0,0,0,0,3,19,9,0,0,4,1,3,32,20,12
106,私立,技專校院,1054,景文科技大學,99999Z01,通識(教育)中心,9,4,5,0,0,0,0,1,1,3,4,0,0,2,1,1,9,4,5
106,私立,技專校院,1055,中華醫事科技大學,04133002,醫務暨健康事業管理系,5,2,3,0,0,0,0,0,1,2,2,0,0,1,0,1,5,2,3
106,私立,技專校院,1055,中華醫事科技大學,05121004,生物科技系,2,1,1,0,0,1,0,0,1,0,0,0,0,2,1,1,2,1,1
106,私立,技專校院,1055,中華醫事科技大學,05191017,食品營養系,31,13,18,0,0,2,1,3,4,8,13,0,0,10,5,5,31,13,18
106,私立,技專校院,1055,中華醫事科技大學,06131003,資訊管理系,5,4,1,0,0,1,0,0,0,3,1,0,0,1,1,0,5,4,1
106,私立,技專校院,1055,中華醫事科技大學,07121009,環境與安全衛生工程系,4,1,3,0,0,0,0,0,0,1,3,0,0,0,0,0,4,1,3
106,私立,技專校院,1055,中華醫事科技大學,09131018,護理系,52,19,33,1,0,1,1,4,5,13,27,0,0,12,6,6,52,19,33
106,私立,技專校院,1055,中華醫事科技大學,09131019,長期照顧系,13,6,7,0,0,2,0,0,1,4,6,0,0,3,2,1,13,6,7
106,私立,技專校院,1055,中華醫事科技大學,09141021,醫學檢驗生物技術系,30,18,12,0,0,5,0,6,3,7,9,0,0,14,11,3,30,18,12
106,私立,技專校院,1055,中華醫事科技大學,09141022,視光系,31,28,3,0,0,1,0,12,0,15,3,0,0,13,13,0,31,28,3
106,私立,技專校院,1055,中華醫事科技大學,09159016,調理保健技術科,16,11,5,0,0,0,0,2,0,9,5,0,0,2,2,0,16,11,5
106,私立,技專校院,1055,中華醫事科技大學,09161014,製劑製造工程系,1,1,0,0,0,0,0,1,0,0,0,0,0,1,1,0,1,1,0
106,私立,技專校院,1055,中華醫事科技大學,09191013,職業安全衛生系,20,18,2,0,0,0,0,6,1,12,1,0,0,7,6,1,20,18,2
106,私立,技專校院,1055,中華醫事科技大學,09221024,幼兒保育系,12,4,8,0,0,0,0,2,3,2,5,0,0,5,2,3,12,4,8
106,私立,技專校院,1055,中華醫事科技大學,10121027,化妝品應用與管理系,6,1,5,0,0,0,0,1,0,0,5,0,0,1,1,0,6,1,5
106,私立,技專校院,1055,中華醫事科技大學,10131025,餐旅管理系,22,15,7,0,0,3,3,2,1,10,3,0,0,9,5,4,22,15,7
106,私立,技專校院,1055,中華醫事科技大學,10152026,運動健康與休閒系,7,3,4,0,0,0,0,0,0,3,4,0,0,0,0,0,7,3,4
106,私立,技專校院,1055,中華醫事科技大學,10199028,寵物美容學士學位學程(寵物照護與美容科),8,5,3,0,0,0,0,0,0,5,3,0,0,0,0,0,8,5,3
106,私立,技專校院,1055,中華醫事科技大學,99999Z01,通識中心,75,40,35,0,0,2,3,6,3,32,29,0,0,14,8,6,75,40,35
106,私立,技專校院,1056,東南科技大學,02112003,數位媒體設計系,10,8,2,0,0,0,0,0,1,8,1,0,0,1,0,1,10,8,2
106,私立,技專校院,1056,東南科技大學,02123004,創意產品設計系,11,9,2,0,0,1,0,0,1,8,1,0,0,2,1,1,11,9,2
106,私立,技專校院,1056,東南科技大學,02124005,室內設計系,23,17,6,0,0,0,0,2,1,15,5,0,0,3,2,1,23,17,6
106,私立,技專校院,1056,東南科技大學,02199001,表演藝術系,13,7,6,0,0,0,0,0,1,7,5,0,0,1,0,1,13,7,6
106,私立,技專校院,1056,東南科技大學,02311002,應用英語(文)系,5,2,3,0,0,0,0,0,0,2,3,0,0,0,0,0,5,2,3
106,私立,技專校院,1056,東南科技大學,04131006,企業管理(學)系,2,2,0,0,0,0,0,1,0,1,0,0,0,1,1,0,2,2,0
106,私立,技專校院,1056,東南科技大學,04199008,工業管理系,1,1,0,0,0,0,0,1,0,0,0,0,0,1,1,0,1,1,0
106,私立,技專校院,1056,東南科技大學,06131010,資訊管理系,2,1,1,0,0,0,0,0,0,1,1,0,0,0,0,0,2,1,1
106,私立,技專校院,1056,東南科技大學,07121017,環境工程系,1,1,0,0,0,1,0,0,0,0,0,0,0,1,1,0,1,1,0
106,私立,技專校院,1056,東南科技大學,07132018,能源與冷凍空調工程系,5,4,1,0,0,1,0,1,1,2,0,0,0,3,2,1,5,4,1
106,私立,技專校院,1056,東南科技大學,07141012,電子工程(學)系,1,1,0,0,0,0,0,1,0,0,0,0,0,1,1,0,1,1,0
106,私立,技專校院,1056,東南科技大學,07151013,機械工程(學)系,25,25,0,0,0,0,0,7,0,18,0,0,0,7,7,0,25,25,0
106,私立,技專校院,1056,東南科技大學,07321015,營建與空間設計系,11,8,3,0,0,1,0,5,1,2,2,0,0,7,6,1,11,8,3
106,私立,技專校院,1056,東南科技大學,10131019,餐旅管理系,17,8,9,0,0,0,0,1,1,7,8,0,0,2,1,1,17,8,9
106,私立,技專校院,1056,東南科技大學,10151042,觀光系,10,6,4,0,0,0,0,2,0,4,4,0,0,2,2,0,10,6,4
106,私立,技專校院,1056,東南科技大學,10152021,休閒事業管理系,26,18,8,0,0,0,0,4,3,14,5,0,0,7,4,3,26,18,8
106,私立,技專校院,1056,東南科技大學,99999Z01,通識(教育)中心,20,16,4,0,0,0,1,3,0,13,3,0,0,4,3,1,20,16,4
106,私立,技專校院,1057,德明財經科技大學,02112002,多媒體設計系,11,8,3,0,0,0,0,1,0,7,3,0,0,1,1,0,11,8,3
106,私立,技專校院,1057,德明財經科技大學,02311001,應用外語系,25,9,16,0,0,0,0,3,3,6,13,0,0,6,3,3,25,9,16
106,私立,技專校院,1057,德明財經科技大學,04111003,會計資訊系,8,5,3,0,0,0,0,3,1,2,2,0,0,4,3,1,8,5,3
106,私立,技專校院,1057,德明財經科技大學,04121008,財務金融系(科、財務金融系理財與稅務管理碩士班),13,13,0,1,0,0,0,5,0,7,0,0,0,6,6,0,13,13,0
106,私立,技專校院,1057,德明財經科技大學,04122012,財政稅務系,8,4,4,0,0,1,2,2,1,1,1,0,0,6,3,3,8,4,4
106,私立,技專校院,1057,德明財經科技大學,04123011,保險金融管理系,4,3,1,0,0,0,0,1,1,2,0,0,0,2,1,1,4,3,1
106,私立,技專校院,1057,德明財經科技大學,04131006,企業管理系,21,20,1,0,0,2,0,5,0,13,1,0,0,7,7,0,21,20,1
106,私立,技專校院,1057,德明財經科技大學,04132014,流通管理系,10,8,2,1,0,1,0,3,1,3,1,0,0,6,5,1,10,8,2
106,私立,技專校院,1057,德明財經科技大學,04141007,國際貿易系,17,11,6,1,0,3,0,1,3,6,3,0,0,8,5,3,17,11,6
106,私立,技專校院,1057,德明財經科技大學,04143013,行銷管理系(含碩士班、碩士在職專班),36,25,11,2,0,3,1,2,6,18,4,0,0,14,7,7,36,25,11
106,私立,技專校院,1057,德明財經科技大學,04199017,不動產投資與經營學位學程,4,3,1,0,0,2,0,0,1,1,0,0,0,3,2,1,4,3,1
106,私立,技專校院,1057,德明財經科技大學,04199018,連鎖加盟經營管理學位學程,4,4,0,0,0,0,0,0,0,4,0,0,0,0,0,0,4,4,0
106,私立,技專校院,1057,德明財經科技大學,06131019,資訊科技系,6,6,0,1,0,3,0,0,0,2,0,0,0,4,4,0,6,6,0
106,私立,技專校院,1057,德明財經科技大學,06131021,資訊管理系(含碩士班、碩士在職專班),15,13,2,0,0,1,0,2,1,10,1,0,0,4,3,1,15,13,2
106,私立,技專校院,1057,德明財經科技大學,99999Z01,通識教育中心,73,38,35,4,0,0,1,13,6,20,28,1,0,24,17,7,72,37,35
106,私立,技專校院,1057,德明財經科技大學,99999Z07,體育室,11,8,3,1,0,2,1,0,1,5,1,0,0,5,3,2,11,8,3
106,私立,一般大學,1058,明道學校財團法人明道大學,01115001,課程與教學研究所,5,4,1,1,0,0,0,3,1,0,0,0,0,5,4,1,5,4,1
106,私立,一般大學,1058,明道學校財團法人明道大學,02112010,數位設計學系,9,6,3,0,0,0,0,1,0,5,3,0,0,1,1,0,9,6,3
106,私立,一般大學,1058,明道學校財團法人明道大學,02122007,時尚造形學系,14,5,9,0,0,0,0,2,0,3,9,0,0,2,2,0,14,5,9
106,私立,一般大學,1058,明道學校財團法人明道大學,02311006,應用日語學系,5,0,5,0,0,0,0,0,2,0,3,0,0,2,0,2,5,0,5
106,私立,一般大學,1058,明道學校財團法人明道大學,02322003,中國文學學系,11,11,0,3,0,1,0,4,0,3,0,0,0,8,8,0,11,11,0
106,私立,一般大學,1058,明道學校財團法人明道大學,04121017,財務金融學系,5,2,3,0,0,0,0,1,0,1,3,0,0,1,1,0,5,2,3
106,私立,一般大學,1058,明道學校財團法人明道大學,04131013,企業管理學系,5,3,2,0,0,0,0,1,2,2,0,0,0,3,1,2,5,3,2
106,私立,一般大學,1058,明道學校財團法人明道大學,04132018,行銷與物流學系,3,3,0,0,0,2,0,1,0,0,0,0,0,3,3,0,3,3,0
106,私立,一般大學,1058,明道學校財團法人明道大學,06111012,資訊傳播學系,7,6,1,0,0,1,0,3,0,2,1,0,0,4,4,0,7,6,1
106,私立,一般大學,1058,明道學校財團法人明道大學,07112032,材料與能源工程學系,2,2,0,1,0,0,0,1,0,0,0,0,0,2,2,0,2,2,0
106,私立,一般大學,1058,明道學校財團法人明道大學,07312035,景觀與環境設計學系,6,5,1,0,0,0,0,1,0,4,1,0,0,1,1,0,6,5,1
106,私立,一般大學,1058,明道學校財團法人明道大學,08111037,精緻農業學系,5,4,1,0,0,0,0,4,1,0,0,0,0,5,4,1,5,4,1
106,私立,一般大學,1058,明道學校財團法人明道大學,10131039,餐旅管理學系,14,8,6,0,0,0,0,4,4,4,2,0,0,8,4,4,14,8,6
106,私立,一般大學,1058,明道學校財團法人明道大學,10152040,休閒保健學系,17,13,4,0,0,2,0,0,0,11,4,0,0,2,2,0,17,13,4
106,私立,一般大學,1058,明道學校財團法人明道大學,99999Z01,通識教育中心,25,21,4,0,0,1,0,3,1,17,3,0,0,5,4,1,25,21,4
106,私立,技專校院,1060,南開科技大學,02122003,文化創意與設計系,5,3,2,0,0,0,0,0,0,3,2,0,0,0,0,0,5,3,2
106,私立,技專校院,1060,南開科技大學,02311001,應用外語系,2,1,1,0,0,0,0,0,0,1,1,0,0,0,0,0,2,1,1
106,私立,技專校院,1060,南開科技大學,04131004,企業管理(學)系,3,2,1,0,0,0,0,0,0,2,1,0,0,0,0,0,3,2,1
106,私立,技專校院,1060,南開科技大學,04132007,行銷與流通管理系,4,2,2,0,0,0,0,0,1,2,1,0,0,1,0,1,4,2,2
106,私立,技專校院,1060,南開科技大學,04199008,工業管理系,5,2,3,0,0,0,0,1,1,1,2,0,0,2,1,1,5,2,3
106,私立,技專校院,1060,南開科技大學,06132012,多媒體動畫應用系,2,1,1,1,0,0,0,0,0,0,1,0,0,1,1,0,2,1,1
106,私立,技專校院,1060,南開科技大學,07141016,電子工程(學)系,6,5,1,0,0,0,0,2,0,3,1,0,0,2,2,0,6,5,1
106,私立,技專校院,1060,南開科技大學,07141018,自動化(控制)工程系,2,2,0,0,0,0,0,1,0,1,0,0,0,1,1,0,2,2,0
106,私立,技專校院,1060,南開科技大學,07141021,電機與資訊技術系,12,10,2,0,0,0,0,3,2,7,0,0,0,5,3,2,12,10,2
106,私立,技專校院,1060,南開科技大學,07151023,機械工程(學)系,8,8,0,1,0,0,0,0,0,7,0,0,0,1,1,0,8,8,0
106,私立,技專校院,1060,南開科技大學,09211028,福祉科技與服務管理系,10,4,6,0,0,0,0,1,2,3,4,0,0,3,1,2,10,4,6
106,私立,技專校院,1060,南開科技大學,10131030,餐飲管理系,5,4,1,0,0,0,0,0,0,4,1,0,0,0,0,0,5,4,1
106,私立,技專校院,1060,南開科技大學,10151032,數位旅遊管理系,1,1,0,0,0,0,0,1,0,0,0,0,0,1,1,0,1,1,0
106,私立,技專校院,1060,南開科技大學,10151033,休閒事業管理系,9,5,4,0,0,1,0,1,0,3,4,0,0,2,2,0,9,5,4
106,私立,技專校院,1060,南開科技大學,99999Z01,通識(教育)中心,20,12,8,1,0,0,1,2,1,9,6,0,0,5,3,2,20,12,8
106,私立,技專校院,1060,南開科技大學,99999Z08,外語教學中心,11,2,9,0,0,0,0,1,0,1,9,0,0,1,1,0,11,2,9
106,私立,技專校院,1061,中華學校財團法人中華科技大學,05121010,生物科技系,5,3,2,0,0,1,0,0,0,2,2,0,0,1,1,0,5,3,2
106,私立,技專校院,1061,中華學校財團法人中華科技大學,06131012,資訊管理系,1,1,0,0,0,0,0,0,0,1,0,0,0,0,0,0,1,1,0
106,私立,技專校院,1061,中華學校財團法人中華科技大學,07151017,機械工程系,5,5,0,0,0,1,0,0,0,4,0,0,0,1,1,0,5,5,0
106,私立,技專校院,1061,中華學校財團法人中華科技大學,07162015,航空電子系,4,3,1,0,0,2,0,0,0,1,1,0,0,2,2,0,4,3,1
106,私立,技專校院,1061,中華學校財團法人中華科技大學,07162019,航空機械系,15,15,0,0,0,1,0,4,0,10,0,0,0,5,5,0,15,15,0
106,私立,技專校院,1061,中華學校財團法人中華科技大學,07311025,建築系,12,10,2,0,0,0,0,1,1,9,1,0,0,2,1,1,12,10,2
106,私立,技專校院,1061,中華學校財團法人中華科技大學,07321021,土木工程系,1,1,0,0,0,0,0,1,0,0,0,0,0,1,1,0,1,1,0
106,私立,技專校院,1061,中華學校財團法人中華科技大學,10151031,觀光餐旅系,1,0,1,0,0,0,0,0,0,0,1,0,0,0,0,0,1,0,1
106,私立,技專校院,1061,中華學校財團法人中華科技大學,10413033,航空服務管理系,1,1,0,0,0,0,0,0,0,1,0,0,0,0,0,0,1,1,0
106,私立,技專校院,1061,中華學校財團法人中華科技大學,99999Z01,通識(教育)中心,2,1,1,0,0,0,0,0,0,1,1,0,0,0,0,0,2,1,1
106,私立,技專校院,1062,僑光科技大學,02122004,生活創意設計系,7,3,4,0,0,0,0,1,1,2,3,0,0,2,1,1,7,3,4
106,私立,技專校院,1062,僑光科技大學,02123005,電腦輔助工業設計系,5,5,0,0,0,0,0,1,0,4,0,0,0,1,1,0,5,5,0
106,私立,技專校院,1062,僑光科技大學,02311003,應用英語系,9,2,7,0,0,0,1,0,0,2,6,0,0,1,0,1,9,2,7
106,私立,技專校院,1062,僑光科技大學,04121013,財務金融系,11,8,3,0,0,0,0,1,1,7,2,0,0,2,1,1,11,8,3
106,私立,技專校院,1062,僑光科技大學,04131009,企業管理系,21,19,2,0,0,0,0,3,1,16,1,0,0,4,3,1,21,19,2
106,私立,技專校院,1062,僑光科技大學,04132016,行銷與流通管理系,13,10,3,1,0,0,0,2,0,7,3,0,0,3,3,0,13,10,3
106,私立,技專校院,1062,僑光科技大學,04141011,國際貿易系,6,3,3,0,0,0,1,1,1,2,1,0,0,3,1,2,6,3,3
106,私立,技專校院,1062,僑光科技大學,04212018,財經法律系,13,9,4,1,0,0,1,2,1,6,2,0,0,5,3,2,13,9,4
106,私立,技專校院,1062,僑光科技大學,06131019,資訊科技系,7,7,0,0,0,0,0,2,0,5,0,0,0,2,2,0,7,7,0
106,私立,技專校院,1062,僑光科技大學,06132021,多媒體與遊戲設計系,4,4,0,0,0,0,0,0,0,4,0,0,0,0,0,0,4,4,0
106,私立,技專校院,1062,僑光科技大學,10131024,餐飲管理系,25,17,8,0,0,0,0,6,2,11,6,0,0,8,6,2,25,17,8
106,私立,技專校院,1062,僑光科技大學,10131025,旅館與會展管理系,12,4,8,0,0,1,1,1,0,2,7,0,0,3,2,1,12,4,8
106,私立,技專校院,1062,僑光科技大學,10151026,觀光與休閒事業管理系,26,15,11,0,0,0,1,2,0,13,10,0,0,3,2,1,26,15,11
106,私立,技專校院,1062,僑光科技大學,99999Z01,通識教育中心,71,42,29,1,0,1,1,7,3,33,25,0,0,13,9,4,71,42,29
106,私立,技專校院,1063,廣亞學校財團法人育達科技大學,02122007,時尚造型設計系,1,1,0,0,0,0,0,0,0,1,0,0,0,0,0,0,1,1,0
106,私立,技專校院,1063,廣亞學校財團法人育達科技大學,02311005,應用日語系,1,0,1,0,0,0,0,0,0,0,1,0,0,0,0,0,1,0,1
106,私立,技專校院,1063,廣亞學校財團法人育達科技大學,04132022,行銷與流通管理系,6,6,0,0,0,0,0,3,0,3,0,0,0,3,3,0,6,6,0
106,私立,技專校院,1063,廣亞學校財團法人育達科技大學,06131024,資訊管理系,13,8,5,0,0,0,0,0,1,8,4,0,0,1,0,1,13,8,5
106,私立,技專校院,1063,廣亞學校財團法人育達科技大學,09221028,幼兒保育系,6,4,2,1,0,0,0,1,0,2,2,0,0,2,2,0,6,4,2
106,私立,技專校院,1063,廣亞學校財團法人育達科技大學,09231027,健康照顧社會工作系,10,7,3,0,0,0,0,1,1,6,2,0,0,2,1,1,10,7,3
106,私立,技專校院,1063,廣亞學校財團法人育達科技大學,10131029,餐旅經營系,4,3,1,1,0,1,0,0,0,1,1,0,0,2,2,0,4,3,1
106,私立,技專校院,1063,廣亞學校財團法人育達科技大學,10152030,休閒運動管理系,4,3,1,0,0,1,0,1,0,1,1,0,0,2,2,0,4,3,1
106,私立,技專校院,1063,廣亞學校財團法人育達科技大學,10152031,休閒事業管理系,17,14,3,0,0,0,1,4,0,10,2,0,0,5,4,1,17,14,3
106,私立,技專校院,1063,廣亞學校財團法人育達科技大學,99999Z01,通識教育中心,12,8,4,2,0,0,0,1,2,5,2,0,0,5,3,2,12,8,4
106,私立,技專校院,1064,美和學校財團法人美和科技大學,02122003,珠寶系,1,1,0,0,0,0,0,0,0,1,0,0,0,0,0,0,1,1,0
106,私立,技專校院,1064,美和學校財團法人美和科技大學,02299002,文化創意系,4,4,0,0,0,0,0,0,0,4,0,0,0,0,0,0,4,4,0
106,私立,技專校院,1064,美和學校財團法人美和科技大學,04121006,財務金融系,2,2,0,0,0,0,0,1,0,1,0,0,0,1,1,0,2,2,0
106,私立,技專校院,1064,美和學校財團法人美和科技大學,04131004,企業管理系,12,10,2,1,0,1,0,1,0,7,2,0,0,3,3,0,12,10,2
106,私立,技專校院,1064,美和學校財團法人美和科技大學,04133007,健康事業管理系,2,1,1,0,0,0,0,0,0,1,1,0,0,0,0,0,2,1,1
106,私立,技專校院,1064,美和學校財團法人美和科技大學,05121008,生物科技系,5,2,3,0,0,0,0,1,0,1,3,0,0,1,1,0,5,2,3
106,私立,技專校院,1064,美和學校財團法人美和科技大學,05191012,食品營養系,18,10,8,1,0,0,0,3,0,6,8,0,0,4,4,0,18,10,8
106,私立,技專校院,1064,美和學校財團法人美和科技大學,06121011,資訊管理系,2,2,0,0,0,0,0,1,0,1,0,0,0,1,1,0,2,2,0
106,私立,技專校院,1064,美和學校財團法人美和科技大學,09131013,護理系,109,33,76,1,1,1,0,5,8,26,67,0,0,16,7,9,109,33,76
106,私立,技專校院,1064,美和學校財團法人美和科技大學,09231016,社會工作系,17,6,11,0,0,0,1,1,0,5,10,0,0,2,1,1,17,6,11
106,私立,技專校院,1064,美和學校財團法人美和科技大學,10121021,美容系,32,9,23,0,0,1,0,0,2,8,21,0,0,3,1,2,32,9,23
106,私立,技專校院,1064,美和學校財團法人美和科技大學,10131018,餐旅管理系,33,22,11,0,0,1,0,3,2,18,9,0,0,6,4,2,33,22,11
106,私立,技專校院,1064,美和學校財團法人美和科技大學,10151019,觀光系,9,4,5,0,0,0,0,0,1,4,4,0,0,1,0,1,9,4,5
106,私立,技專校院,1064,美和學校財團法人美和科技大學,10152020,運動與休閒系,19,10,9,0,0,0,0,0,1,10,8,0,0,1,0,1,19,10,9
106,私立,技專校院,1065,吳鳳科技大學,01121023,幼兒保育系,1,0,1,0,0,0,0,0,0,0,1,0,0,0,0,0,1,0,1
106,私立,技專校院,1065,吳鳳科技大學,02112005,應用數位媒體系,10,6,4,0,0,0,0,0,0,6,4,0,0,0,0,0,10,6,4
106,私立,技專校院,1065,吳鳳科技大學,04132011,行銷與流通管理系,5,3,2,0,0,1,0,0,0,2,2,0,0,1,1,0,5,3,2
106,私立,技專校院,1065,吳鳳科技大學,06131014,資訊管理系,1,0,1,0,0,0,0,0,0,0,1,0,0,0,0,0,1,0,1
106,私立,技專校院,1065,吳鳳科技大學,07141016,電機工程系,9,8,1,0,0,1,0,0,0,7,1,0,0,1,1,0,9,8,1
106,私立,技專校院,1065,吳鳳科技大學,07151019,機械工程系,6,6,0,0,0,1,0,1,0,4,0,0,0,2,2,0,6,6,0
106,私立,技專校院,1065,吳鳳科技大學,09131022,長期照護系,1,0,1,0,0,0,0,0,0,0,1,0,0,0,0,0,1,0,1
106,私立,技專校院,1065,吳鳳科技大學,10121028,美容美髮造型設計系,1,1,0,0,0,0,0,0,0,1,0,0,0,0,0,0,1,1,0
106,私立,技專校院,1065,吳鳳科技大學,10151025,觀光休閒管理系,3,2,1,0,0,0,0,0,0,2,1,0,0,0,0,0,3,2,1
106,私立,技專校院,1065,吳鳳科技大學,10152027,休閒遊憩與運動管理系,11,5,6,0,0,0,0,0,1,5,5,0,0,1,0,1,11,5,6
106,私立,技專校院,1065,吳鳳科技大學,10321029,消防系,6,6,0,0,0,0,0,0,0,6,0,0,0,0,0,0,6,6,0
106,私立,技專校院,1065,吳鳳科技大學,99999Z01,通識教育中心,9,5,4,1,0,1,0,0,0,3,4,0,0,2,2,0,9,5,4
106,私立,技專校院,1065,吳鳳科技大學,99999Z07,體育室,2,2,0,0,0,0,0,0,0,2,0,0,0,0,0,0,2,2,0
106,私立,技專校院,1066,環球學校財團法人環球科技大學,02111026,多媒體動畫設計系,1,1,0,0,0,0,0,0,0,1,0,0,0,0,0,0,1,1,0
106,私立,技專校院,1066,環球學校財團法人環球科技大學,02112003,視覺傳達設計系,3,2,1,0,0,0,0,0,0,2,1,0,0,0,0,0,3,2,1
106,私立,技專校院,1066,環球學校財團法人環球科技大學,04131011,企業管理系,30,21,9,0,0,0,0,6,1,15,8,0,0,7,6,1,30,21,9
106,私立,技專校院,1066,環球學校財團法人環球科技大學,04143021,行銷管理系,28,20,8,0,0,0,0,4,1,16,7,0,0,5,4,1,28,20,8
106,私立,技專校院,1066,環球學校財團法人環球科技大學,09221027,幼兒保育系,18,8,10,0,0,0,0,3,1,5,9,0,0,4,3,1,18,8,10
106,私立,技專校院,1066,環球學校財團法人環球科技大學,10121036,時尚造型設計系,4,0,4,0,0,0,0,0,1,0,3,0,0,1,0,1,4,0,4
106,私立,技專校院,1066,環球學校財團法人環球科技大學,10131028,餐飲廚藝系,2,2,0,0,0,0,0,1,0,1,0,0,0,1,1,0,2,2,0
106,私立,技專校院,1066,環球學校財團法人環球科技大學,10151029,觀光與餐飲旅館系,4,2,2,0,0,0,0,0,0,2,2,0,0,0,0,0,4,2,2
106,私立,技專校院,1066,環球學校財團法人環球科技大學,10151030,觀光與生態旅遊系,1,1,0,0,0,0,0,0,0,1,0,0,0,0,0,0,1,1,0
106,私立,技專校院,1066,環球學校財團法人環球科技大學,99999Z01,通識(教育)中心,48,25,23,0,0,0,0,11,3,14,20,0,0,14,11,3,48,25,23
106,私立,一般大學,1067,台灣首府學校財團法人台灣首府大學,01111001,教育研究所,1,1,0,0,0,0,0,1,0,0,0,0,0,1,1,0,1,1,0
106,私立,一般大學,1067,台灣首府學校財團法人台灣首府大學,01121002,幼兒教育學系,12,4,8,0,0,0,0,0,1,4,7,0,0,1,0,1,12,4,8
106,私立,一般大學,1067,台灣首府學校財團法人台灣首府大學,02311003,應用外語學系,1,0,1,0,0,0,0,0,0,0,1,0,0,0,0,0,1,0,1
106,私立,一般大學,1067,台灣首府學校財團法人台灣首府大學,04131009,企業管理學系,12,8,4,0,0,0,0,1,0,7,4,0,0,1,1,0,12,8,4
106,私立,一般大學,1067,台灣首府學校財團法人台灣首府大學,04199016,休閒資訊管理學系,10,7,3,0,0,0,0,0,0,7,3,0,0,0,0,0,10,7,3
106,私立,一般大學,1067,台灣首府學校財團法人台灣首府大學,06134021,資訊與多媒體設計學系,3,1,2,0,0,0,0,0,0,1,2,0,0,0,0,0,3,1,2
106,私立,一般大學,1067,台灣首府學校財團法人台灣首府大學,10131030,餐旅管理學系,10,7,3,0,0,0,0,1,1,6,2,0,0,2,1,1,10,7,3
106,私立,一般大學,1067,台灣首府學校財團法人台灣首府大學,10131032,烘焙管理學系,5,1,4,0,0,0,0,0,1,1,3,0,0,1,0,1,5,1,4
106,私立,一般大學,1067,台灣首府學校財團法人台灣首府大學,10131034,飯店管理學系,4,1,3,0,0,0,0,0,0,1,3,0,0,0,0,0,4,1,3
106,私立,一般大學,1067,台灣首府學校財團法人台灣首府大學,10151036,觀光事業管理學系,6,4,2,0,0,0,1,0,0,4,1,0,0,1,0,1,6,4,2
106,私立,一般大學,1067,台灣首府學校財團法人台灣首府大學,10152038,休閒管理學系,4,1,3,0,0,0,0,0,1,1,2,0,0,1,0,1,4,1,3
106,私立,一般大學,1067,台灣首府學校財團法人台灣首府大學,99999Z01,通識教育中心,42,26,16,1,0,1,0,7,1,17,15,0,0,10,9,1,42,26,16
106,私立,技專校院,1068,中州學校財團法人中州科技大學,02111003,視訊傳播系,2,0,2,0,0,0,0,0,0,0,2,0,0,0,0,0,2,0,2
106,私立,技專校院,1068,中州學校財團法人中州科技大學,04132006,行銷與流通管理系,3,1,2,1,0,0,0,0,0,0,2,0,0,1,1,0,3,1,2
106,私立,技專校院,1068,中州學校財團法人中州科技大學,06131008,資訊管理系,2,0,2,0,0,0,0,0,0,0,2,0,0,0,0,0,2,0,2
106,私立,技專校院,1068,中州學校財團法人中州科技大學,06132009,多媒體與遊戲發展科學系,1,1,0,0,0,0,0,0,0,1,0,0,0,0,0,0,1,1,0
106,私立,技專校院,1068,中州學校財團法人中州科技大學,07141015,電機與能源科技系,1,1,0,0,0,0,0,0,0,1,0,0,0,0,0,0,1,1,0
106,私立,技專校院,1068,中州學校財團法人中州科技大學,07211023,保健食品系(含碩士班),13,8,5,1,0,1,0,4,4,2,1,0,0,10,6,4,13,8,5
106,私立,技專校院,1068,中州學校財團法人中州科技大學,07312022,景觀系,1,1,0,0,0,1,0,0,0,0,0,0,0,1,1,0,1,1,0
106,私立,技專校院,1068,中州學校財團法人中州科技大學,09299032,幼兒保育與家庭服務系,8,4,4,0,0,0,0,3,0,1,4,0,0,3,3,0,8,4,4
106,私立,技專校院,1068,中州學校財團法人中州科技大學,10131027,餐飲廚藝系,18,14,4,0,0,1,0,7,0,6,4,0,0,8,8,0,18,14,4
106,私立,技專校院,1068,中州學校財團法人中州科技大學,10151029,觀光與休閒管理系,3,2,1,0,0,0,0,0,0,2,1,0,0,0,0,0,3,2,1
106,私立,技專校院,1068,中州學校財團法人中州科技大學,99999Z01,通識教育中心,6,2,4,0,0,0,0,1,1,1,3,0,0,2,1,1,6,2,4
106,私立,技專校院,1069,修平學校財團法人修平科技大學,02112005,數位媒體設計系,8,4,4,0,0,0,0,0,0,4,4,0,0,0,0,0,8,4,4
106,私立,技專校院,1069,修平學校財團法人修平科技大學,02311004,應用日語系,7,3,4,0,0,0,0,1,1,2,3,0,0,2,1,1,7,3,4
106,私立,技專校院,1069,修平學校財團法人修平科技大學,04131009,國際企業經營系,8,8,0,0,0,0,0,3,0,5,0,0,0,3,3,0,8,8,0
106,私立,技專校院,1069,修平學校財團法人修平科技大學,04132013,行銷與流通管理系,11,10,1,0,0,0,0,1,0,9,1,0,0,1,1,0,11,10,1
106,私立,技專校院,1069,修平學校財團法人修平科技大學,04199015,人力資源管理與發展系(含碩士班),9,5,4,0,0,1,0,2,0,2,4,0,0,3,3,0,9,5,4
106,私立,技專校院,1069,修平學校財團法人修平科技大學,06131017,資訊管理系,9,4,5,0,0,0,0,1,1,3,4,0,0,2,1,1,9,4,5
106,私立,技專校院,1069,修平學校財團法人修平科技大學,07141019,電機工程系(含碩士班),1,1,0,0,0,0,0,0,0,1,0,0,0,0,0,0,1,1,0
106,私立,技專校院,1069,修平學校財團法人修平科技大學,07151021,機械工程系(含精密機械與製造科技碩士班),6,6,0,0,0,1,0,0,0,5,0,0,0,1,1,0,6,6,0
106,私立,技專校院,1069,修平學校財團法人修平科技大學,07191026,工業工程與管理系(含精實生產管理碩士班),6,6,0,1,0,1,0,1,0,3,0,0,0,3,3,0,6,6,0
106,私立,技專校院,1069,修平學校財團法人修平科技大學,10151029,觀光與遊憩管理系,5,3,2,0,0,0,0,0,0,3,2,0,0,0,0,0,5,3,2
106,私立,技專校院,1069,修平學校財團法人修平科技大學,99999Z01,博雅學院,71,42,29,4,0,3,1,12,4,23,24,0,0,24,19,5,71,42,29
106,私立,技專校院,1070,長庚學校財團法人長庚科技大學,05121001,健康產業科技研究所,4,3,1,0,0,0,0,2,0,1,1,0,0,2,2,0,4,3,1
106,私立,技專校院,1070,長庚學校財團法人長庚科技大學,05191003,保健營養系,5,1,4,0,0,0,0,1,0,0,4,0,0,1,1,0,5,1,4
106,私立,技專校院,1070,長庚學校財團法人長庚科技大學,09131004,護理系,52,16,36,0,0,0,1,5,5,11,30,0,0,11,5,6,52,16,36
106,私立,技專校院,1070,長庚學校財團法人長庚科技大學,09131005,健康照護研究所,1,1,0,0,0,0,0,1,0,0,0,0,0,1,1,0,1,1,0
106,私立,技專校院,1070,長庚學校財團法人長庚科技大學,09131006,呼吸照護系,13,9,4,0,0,2,0,5,1,2,3,0,0,8,7,1,13,9,4
106,私立,技專校院,1070,長庚學校財團法人長庚科技大學,09211007,老人照顧管理系,1,1,0,1,0,0,0,0,0,0,0,0,0,1,1,0,1,1,0
106,私立,技專校院,1070,長庚學校財團法人長庚科技大學,09221008,幼兒保育系,11,3,8,0,0,0,0,0,0,3,8,0,0,0,0,0,11,3,8
106,私立,技專校院,1070,長庚學校財團法人長庚科技大學,10121009,化妝品應用系,20,9,11,1,0,1,0,3,4,4,7,0,0,9,5,4,20,9,11
106,私立,技專校院,1070,長庚學校財團法人長庚科技大學,99999Z01,通識教育中心,17,11,6,0,0,1,0,5,3,5,3,0,0,9,6,3,17,11,6
106,私立,技專校院,1070,長庚學校財團法人長庚科技大學,99999Z01,通識教育學科,7,5,2,0,0,0,0,2,0,3,2,0,0,2,2,0,7,5,2
106,私立,技專校院,1071,城市學校財團法人臺北城市科技大學,02112004,數位多媒體設計系,1,1,0,0,0,0,0,1,0,0,0,0,0,1,1,0,1,1,0
106,私立,技專校院,1071,城市學校財團法人臺北城市科技大學,02151001,流行音樂事業學士學位學程,5,2,3,0,0,0,0,2,2,0,1,0,0,4,2,2,5,2,3
106,私立,技專校院,1071,城市學校財團法人臺北城市科技大學,02152002,演藝事業學士學位學程,11,7,4,0,0,0,0,4,1,3,3,0,0,5,4,1,11,7,4
106,私立,技專校院,1071,城市學校財團法人臺北城市科技大學,02311003,應用外語系,9,5,4,0,0,0,0,1,0,4,4,0,0,1,1,0,9,5,4
106,私立,技專校院,1071,城市學校財團法人臺北城市科技大學,04131007,企業管理系,10,8,2,0,0,3,0,0,1,5,1,0,0,4,3,1,10,8,2
106,私立,技專校院,1071,城市學校財團法人臺北城市科技大學,04132009,行銷與流通管理系,9,4,5,0,0,0,0,1,3,3,2,0,0,4,1,3,9,4,5
106,私立,技專校院,1071,城市學校財團法人臺北城市科技大學,04199Y26,商管學院,1,1,0,0,0,0,0,1,0,0,0,0,0,1,1,0,1,1,0
106,私立,技專校院,1071,城市學校財團法人臺北城市科技大學,06131012,資訊管理系,4,3,1,0,0,0,0,0,0,3,1,0,0,0,0,0,4,3,1
106,私立,技專校院,1071,城市學校財團法人臺北城市科技大學,07141013,電機工程系,16,16,0,0,0,0,0,2,0,14,0,0,0,2,2,0,16,16,0
106,私立,技專校院,1071,城市學校財團法人臺北城市科技大學,07141015,資訊工程系,3,3,0,1,0,1,0,0,0,1,0,0,0,2,2,0,3,3,0
106,私立,技專校院,1071,城市學校財團法人臺北城市科技大學,07141016,電腦與通訊工程系,3,3,0,0,0,0,0,1,0,2,0,0,0,1,1,0,3,3,0
106,私立,技專校院,1071,城市學校財團法人臺北城市科技大學,07151017,機械工程系,19,18,1,0,0,1,0,1,0,16,1,0,0,2,2,0,19,18,1
106,私立,技專校院,1071,城市學校財團法人臺北城市科技大學,10121028,化妝品應用與管理系,10,0,10,0,0,0,1,0,1,0,8,0,0,2,0,2,10,0,10
106,私立,技專校院,1071,城市學校財團法人臺北城市科技大學,10131021,旅館事業管理學士學位學程,8,5,3,0,0,0,0,4,2,1,1,0,0,6,4,2,8,5,3
106,私立,技專校院,1071,城市學校財團法人臺北城市科技大學,10131022,餐飲管理系,21,17,4,0,0,1,0,5,0,11,4,0,0,6,6,0,21,17,4
106,私立,技專校院,1071,城市學校財團法人臺北城市科技大學,10131023,烘焙創意與經營管理學士學位學程,7,3,4,0,0,0,0,2,2,1,2,0,0,4,2,2,7,3,4
106,私立,技專校院,1071,城市學校財團法人臺北城市科技大學,10151024,觀光事業系,23,15,8,0,0,0,0,1,1,14,7,0,0,2,1,1,23,15,8
106,私立,技專校院,1071,城市學校財團法人臺北城市科技大學,10152027,休閒事業系,19,14,5,0,0,0,1,0,0,14,4,0,0,1,0,1,19,14,5
106,私立,技專校院,1071,城市學校財團法人臺北城市科技大學,10199029,會議展覽服務業(專業人員)學位學程,9,8,1,0,0,0,0,2,0,6,1,0,0,2,2,0,9,8,1
106,私立,技專校院,1071,城市學校財團法人臺北城市科技大學,99999Z01,通識(教育)中心,113,72,41,2,0,5,0,9,4,56,37,0,0,20,16,4,113,72,41
106,私立,技專校院,1072,大華學校財團法人敏實科技大學,02122003,創意設計學位學程,1,1,0,0,0,0,0,0,0,1,0,0,0,0,0,0,1,1,0
106,私立,技專校院,1072,大華學校財團法人敏實科技大學,04191005,商務與觀光企劃系,2,0,2,0,0,0,0,0,0,0,2,0,0,0,0,0,2,0,2
106,私立,技專校院,1072,大華學校財團法人敏實科技大學,06131010,資訊管理系,3,2,1,0,0,0,0,0,0,2,1,0,0,0,0,0,3,2,1
106,私立,技專校院,1072,大華學校財團法人敏實科技大學,07141017,電機與電子工程系,9,8,1,0,0,0,0,1,0,7,1,0,0,1,1,0,9,8,1
106,私立,技專校院,1072,大華學校財團法人敏實科技大學,07151019,機電工程系,14,14,0,0,0,0,0,0,0,14,0,0,0,0,0,0,14,14,0
106,私立,技專校院,1072,大華學校財團法人敏實科技大學,07191022,工業工程與管理系,6,6,0,0,0,0,0,3,0,3,0,0,0,3,3,0,6,6,0
106,私立,技專校院,1072,大華學校財團法人敏實科技大學,10111026,生活應用科技系,1,0,1,0,0,0,0,0,0,0,1,0,0,0,0,0,1,0,1
106,私立,技專校院,1072,大華學校財團法人敏實科技大學,10131023,餐飲管理系,18,13,5,0,0,0,0,1,0,12,5,0,0,1,1,0,18,13,5
106,私立,技專校院,1072,大華學校財團法人敏實科技大學,10141025,運動與健康促進系,2,1,1,0,0,0,0,0,0,1,1,0,0,0,0,0,2,1,1
106,私立,技專校院,1072,大華學校財團法人敏實科技大學,10151024,觀光管理系,10,7,3,0,0,1,0,2,0,4,3,0,0,3,3,0,10,7,3
106,私立,技專校院,1072,大華學校財團法人敏實科技大學,99999Z01,通識教育中心,2,0,2,0,0,0,0,0,0,0,2,0,0,0,0,0,2,0,2
106,私立,技專校院,1072,大華學校財團法人敏實科技大學,99999Z07,體育教育中心,1,1,0,0,0,1,0,0,0,0,0,0,0,1,1,0,1,1,0
106,私立,技專校院,1073,醒吾學校財團法人醒吾科技大學,02112004,數位設計系,7,6,1,0,0,2,0,2,0,2,1,0,0,4,4,0,7,6,1
106,私立,技專校院,1073,醒吾學校財團法人醒吾科技大學,02122003,時尚造形設計系,17,4,13,0,0,0,0,0,0,4,13,0,0,0,0,0,17,4,13
106,私立,技專校院,1073,醒吾學校財團法人醒吾科技大學,02123005,商業設計系,16,14,2,0,0,0,0,6,1,8,1,0,0,7,6,1,16,14,2
106,私立,技專校院,1073,醒吾學校財團法人醒吾科技大學,02152031,表演藝術系,1,0,1,0,0,0,1,0,0,0,0,0,0,1,0,1,1,0,1
106,私立,技專校院,1073,醒吾學校財團法人醒吾科技大學,02311002,應用英語系,4,2,2,0,0,0,0,1,0,1,2,0,0,1,1,0,4,2,2
106,私立,技專校院,1073,醒吾學校財團法人醒吾科技大學,03211007,資訊傳播系,6,4,2,0,0,1,0,1,0,2,2,0,0,2,2,0,6,4,2
106,私立,技專校院,1073,醒吾學校財團法人醒吾科技大學,04121016,財務金融系,8,4,4,0,0,1,0,2,1,1,3,0,0,4,3,1,8,4,4
106,私立,技專校院,1073,醒吾學校財團法人醒吾科技大學,04121018,理財經營管理系,7,6,1,0,0,1,0,1,0,4,1,0,0,2,2,0,7,6,1
106,私立,技專校院,1073,醒吾學校財團法人醒吾科技大學,04131011,企業管理系,17,8,9,0,0,0,0,1,4,7,5,0,0,5,1,4,17,8,9
106,私立,技專校院,1073,醒吾學校財團法人醒吾科技大學,04132019,行銷(與)流通管理系,39,29,10,3,0,2,0,5,0,19,10,0,0,10,10,0,39,29,10
106,私立,技專校院,1073,醒吾學校財團法人醒吾科技大學,04141015,國際商務系,3,3,0,0,0,0,0,0,0,3,0,0,0,0,0,0,3,3,0
106,私立,技專校院,1073,醒吾學校財團法人醒吾科技大學,04191008,時尚產業經營管理學士學位學程,1,1,0,1,0,0,0,0,0,0,0,0,0,1,1,0,1,1,0
106,私立,技專校院,1073,醒吾學校財團法人醒吾科技大學,10131025,餐旅管理系,20,12,8,0,0,0,0,2,1,10,7,0,0,3,2,1,20,12,8
106,私立,技專校院,1073,醒吾學校財團法人醒吾科技大學,10151026,觀光休閒系,18,9,9,1,0,1,0,2,0,5,9,0,0,4,4,0,18,9,9
106,私立,技專校院,1073,醒吾學校財團法人醒吾科技大學,10151030,旅運管理系,4,1,3,0,0,0,0,0,0,1,3,0,0,0,0,0,4,1,3
106,私立,技專校院,1073,醒吾學校財團法人醒吾科技大學,99999Z01,共同科目,44,24,20,0,0,2,0,10,4,12,16,0,0,16,12,4,44,24,20
106,私立,技專校院,1074,南榮學校財團法人南榮科技大學,02123014,創意產品設計系,2,1,1,0,0,0,0,0,0,1,1,0,0,0,0,0,2,1,1
106,私立,技專校院,1074,南榮學校財團法人南榮科技大學,02311012,應用日語系,1,0,1,0,0,0,0,0,1,0,0,0,0,1,0,1,1,0,1
106,私立,技專校院,1074,南榮學校財團法人南榮科技大學,04131017,企業管理系,1,1,0,0,0,0,0,0,0,1,0,0,0,0,0,0,1,1,0
106,私立,技專校院,1074,南榮學校財團法人南榮科技大學,06131019,資訊科技系,1,0,1,0,0,0,0,0,0,0,1,0,0,0,0,0,1,0,1
106,私立,技專校院,1074,南榮學校財團法人南榮科技大學,07151024,機械工程系,1,1,0,0,0,0,0,0,0,1,0,0,0,0,0,0,1,1,0
106,私立,技專校院,1074,南榮學校財團法人南榮科技大學,07321025,營建工程系,3,3,0,0,0,1,0,1,0,1,0,0,0,2,2,0,3,3,0
106,私立,技專校院,1074,南榮學校財團法人南榮科技大學,10121031,美容造型設計系,1,0,1,0,0,0,0,0,0,0,1,0,0,0,0,0,1,0,1
106,私立,技專校院,1074,南榮學校財團法人南榮科技大學,10131027,餐旅管理系,3,2,1,0,0,0,0,0,1,2,0,0,0,1,0,1,3,2,1
106,私立,技專校院,1074,南榮學校財團法人南榮科技大學,99999Z01,通識(教育)中心,2,1,1,0,0,0,0,1,0,0,1,0,0,1,1,0,2,1,1
106,私立,技專校院,1075,文藻學校財團法人文藻外語大學,01131002,外語教學系,2,0,2,0,0,0,0,0,1,0,1,0,0,1,0,1,2,0,2
106,私立,技專校院,1075,文藻學校財團法人文藻外語大學,02311007,英國語文系,29,8,21,0,0,0,1,2,2,6,18,0,0,5,2,3,29,8,21
106,私立,技專校院,1075,文藻學校財團法人文藻外語大學,02311009,法國語文系,14,6,8,0,0,0,0,0,1,6,7,0,0,1,0,1,14,6,8
106,私立,技專校院,1075,文藻學校財團法人文藻外語大學,02311010,德國語文系,16,7,9,0,0,1,0,0,1,6,8,0,0,2,1,1,16,7,9
106,私立,技專校院,1075,文藻學校財團法人文藻外語大學,02311011,西班牙語文系,7,3,4,0,0,0,0,0,1,3,3,0,0,1,0,1,7,3,4
106,私立,技專校院,1075,文藻學校財團法人文藻外語大學,02311012,日本語文系,37,17,20,0,0,1,0,4,3,12,17,0,0,8,5,3,37,17,20
106,私立,技專校院,1075,文藻學校財團法人文藻外語大學,02312013,翻譯系,5,3,2,0,0,0,0,0,0,3,2,0,0,0,0,0,5,3,2
106,私立,技專校院,1075,文藻學校財團法人文藻外語大學,02323004,應用華語文系,23,8,15,0,0,0,0,4,10,4,5,0,0,14,4,10,23,8,15
106,私立,技專校院,1075,文藻學校財團法人文藻外語大學,03122016,國際事務系,2,2,0,0,0,0,0,1,0,1,0,0,0,1,1,0,2,2,0
106,私立,技專校院,1075,文藻學校財團法人文藻外語大學,03211018,傳播藝術系,10,6,4,0,0,0,0,0,1,6,3,0,0,1,0,1,10,6,4
106,私立,技專校院,1075,文藻學校財團法人文藻外語大學,04131020,國際企業管理系,8,6,2,1,0,1,0,2,1,2,1,0,0,5,4,1,8,6,2
106,私立,技專校院,1075,文藻學校財團法人文藻外語大學,06134024,數位內容應用與管理系,14,12,2,0,0,0,0,1,2,11,0,0,0,3,1,2,14,12,2
106,私立,技專校院,1075,文藻學校財團法人文藻外語大學,10151025,國際觀光與會展學士學位學程,5,2,3,0,0,0,0,1,1,1,2,0,0,2,1,1,5,2,3
106,私立,技專校院,1075,文藻學校財團法人文藻外語大學,99999Z01,吳甦樂教育中心,6,3,3,0,0,0,0,0,0,3,3,0,0,0,0,0,6,3,3
106,私立,技專校院,1075,文藻學校財團法人文藻外語大學,99999Z01,通識教育中心,22,11,11,0,1,1,0,6,1,4,9,0,0,9,7,2,22,11,11
106,私立,技專校院,1075,文藻學校財團法人文藻外語大學,99999Z05,師資培育中心,5,4,1,0,0,0,0,2,0,2,1,0,0,2,2,0,5,4,1
106,私立,技專校院,1075,文藻學校財團法人文藻外語大學,99999Z07,體育教學中心,8,5,3,0,0,0,0,1,0,4,3,0,0,1,1,0,8,5,3
106,私立,技專校院,1075,文藻學校財團法人文藻外語大學,99999Z08,東南亞語言教學中心,3,1,2,0,0,0,0,0,0,1,2,0,0,0,0,0,3,1,2
106,私立,技專校院,1075,文藻學校財團法人文藻外語大學,99999Z08,英語教學中心,31,6,25,0,0,0,1,0,1,6,23,0,0,2,0,2,31,6,25
106,私立,技專校院,1076,華夏學校財團法人華夏科技大學,02112002,數位媒體設計系,16,7,9,0,0,0,0,0,0,7,9,0,0,0,0,0,16,7,9
106,私立,技專校院,1076,華夏學校財團法人華夏科技大學,02124003,室內設計系,27,23,4,0,0,0,0,2,1,21,3,0,0,3,2,1,27,23,4
106,私立,技專校院,1076,華夏學校財團法人華夏科技大學,04131004,企業管理系,7,3,4,0,0,0,0,1,0,2,4,0,0,1,1,0,7,3,4
106,私立,技專校院,1076,華夏學校財團法人華夏科技大學,04199005,資產與物業管理系,8,8,0,1,0,0,0,3,0,4,0,0,0,4,4,0,8,8,0
106,私立,技專校院,1076,華夏學校財團法人華夏科技大學,06131009,資訊管理(學)系,9,5,4,0,0,0,0,2,0,3,4,0,0,2,2,0,9,5,4
106,私立,技專校院,1076,華夏學校財團法人華夏科技大學,07141010,電機工程(學)系,4,4,0,0,0,0,0,1,0,3,0,0,0,1,1,0,4,4,0
106,私立,技專校院,1076,華夏學校財團法人華夏科技大學,07141011,電子工程(學)系,2,2,0,0,0,0,0,1,0,1,0,0,0,1,1,0,2,2,0
106,私立,技專校院,1076,華夏學校財團法人華夏科技大學,07141012,資訊工程系,5,5,0,0,0,0,0,2,0,3,0,0,0,2,2,0,5,5,0
106,私立,技專校院,1076,華夏學校財團法人華夏科技大學,07151013,機械工程(學)系,3,3,0,0,0,0,0,3,0,0,0,0,0,3,3,0,3,3,0
106,私立,技專校院,1076,華夏學校財團法人華夏科技大學,07311017,建築(工程)學系,9,8,1,0,0,0,0,1,0,7,1,0,0,1,1,0,9,8,1
106,私立,技專校院,1076,華夏學校財團法人華夏科技大學,10121019,化妝品應用系,23,4,19,0,0,0,0,1,0,3,19,0,0,1,1,0,23,4,19
106,私立,技專校院,1076,華夏學校財團法人華夏科技大學,99999Z01,通識(教育)中心,8,5,3,0,0,0,0,2,1,3,2,0,0,3,2,1,8,5,3
106,私立,技專校院,1076,華夏學校財團法人華夏科技大學,99999Z07,體育中心,2,2,0,0,0,1,0,0,0,1,0,0,0,1,1,0,2,2,0
106,私立,技專校院,1076,華夏學校財團法人華夏科技大學,99999Z08,語文中心,7,5,2,1,0,0,0,1,0,3,2,0,0,2,2,0,7,5,2
106,私立,技專校院,1077,慈濟學校財團法人慈濟科技大學,04132003,行銷與流通管理系,6,1,5,0,0,0,0,1,2,0,3,0,0,3,1,2,6,1,5
106,私立,技專校院,1077,慈濟學校財團法人慈濟科技大學,04133012,醫務暨健康管理系,11,8,3,0,0,1,0,3,0,4,3,0,0,4,4,0,11,8,3
106,私立,技專校院,1077,慈濟學校財團法人慈濟科技大學,06131005,資訊科技與管理系,12,10,2,0,0,0,0,4,0,6,2,0,0,4,4,0,12,10,2
106,私立,技專校院,1077,慈濟學校財團法人慈濟科技大學,09131007,護理系,83,28,55,0,0,3,0,11,4,14,51,0,0,18,14,4,83,28,55
106,私立,技專校院,1077,慈濟學校財團法人慈濟科技大學,09141010,醫學影像暨放射科學系,4,2,2,0,0,0,0,0,1,2,1,0,0,1,0,1,4,2,2
106,私立,技專校院,1078,致理學校財團法人致理科技大學,02112012,多媒體設計系,16,7,9,0,0,0,0,1,0,6,9,0,0,1,1,0,16,7,9
106,私立,技專校院,1078,致理學校財團法人致理科技大學,02311010,應用英語系,30,18,12,0,0,0,1,2,2,16,9,0,0,5,2,3,30,18,12
106,私立,技專校院,1078,致理學校財團法人致理科技大學,02311011,應用日語系,17,7,10,0,1,1,0,2,1,4,8,0,0,5,3,2,17,7,10
106,私立,技專校院,1078,致理學校財團法人致理科技大學,04111013,會計資訊系,26,21,5,3,0,3,0,4,2,11,3,0,0,12,10,2,26,21,5
106,私立,技專校院,1078,致理學校財團法人致理科技大學,04121016,財務金融系,29,23,6,0,0,3,0,4,2,16,4,0,0,9,7,2,29,23,6
106,私立,技專校院,1078,致理學校財團法人致理科技大學,04131014,企業管理系、企業管理系服務業經營管理碩士班(含碩士在職專班),35,29,6,6,0,3,0,10,1,10,5,0,0,20,19,1,35,29,6
106,私立,技專校院,1078,致理學校財團法人致理科技大學,04132019,行銷與流通管理系,24,17,7,0,0,1,1,6,4,10,2,0,0,12,7,5,24,17,7
106,私立,技專校院,1078,致理學校財團法人致理科技大學,04141015,國際貿易系、國際貿易系碩士班,27,18,9,1,0,3,0,5,1,9,8,0,0,10,9,1,27,18,9
106,私立,技專校院,1078,致理學校財團法人致理科技大學,04199020,商務科技管理系,3,3,0,0,0,0,0,1,0,2,0,0,0,1,1,0,3,3,0
106,私立,技專校院,1078,致理學校財團法人致理科技大學,06131021,資訊管理系,11,6,5,0,0,0,0,3,0,3,5,0,0,3,3,0,11,6,5
106,私立,技專校院,1078,致理學校財團法人致理科技大學,10151018,休閒遊憩管理系,19,15,4,0,0,0,0,2,1,13,3,0,0,3,2,1,19,15,4
106,私立,技專校院,1078,致理學校財團法人致理科技大學,99999Z01,通識教育中心,108,56,52,3,0,4,1,10,11,39,40,0,0,29,17,12,108,56,52
106,私立,一般大學,1079,康寧學校財團法人康寧大學,02111001,數位影視動畫科,12,9,3,0,0,0,0,1,0,8,3,0,0,1,1,0,12,9,3
106,私立,一般大學,1079,康寧學校財團法人康寧大學,02311003,應用外語科,16,6,10,0,0,0,0,0,0,6,10,0,0,0,0,0,16,6,10
106,私立,一般大學,1079,康寧學校財團法人康寧大學,02311003,應用外語學系,5,4,1,0,0,0,0,0,0,4,1,0,0,0,0,0,5,4,1
106,私立,一般大學,1079,康寧學校財團法人康寧大學,03211009,資訊傳播學系,9,9,0,0,0,0,0,1,0,8,0,0,0,1,1,0,9,9,0
106,私立,一般大學,1079,康寧學校財團法人康寧大學,04131011,企業管理科,3,3,0,0,0,0,0,0,0,3,0,0,0,0,0,0,3,3,0
106,私立,一般大學,1079,康寧學校財團法人康寧大學,04131011,企業管理學系,6,5,1,0,0,1,0,1,0,3,1,0,0,2,2,0,6,5,1
106,私立,一般大學,1079,康寧學校財團法人康寧大學,04199Y24,商業資訊學院,1,1,0,0,0,0,0,1,0,0,0,0,0,1,1,0,1,1,0
106,私立,一般大學,1079,康寧學校財團法人康寧大學,06131032,資訊管理科,10,4,6,0,0,0,0,2,2,2,4,0,0,4,2,2,10,4,6
106,私立,一般大學,1079,康寧學校財團法人康寧大學,09131042,護理科,20,4,16,0,0,0,0,1,0,3,16,0,0,1,1,0,20,4,16
106,私立,一般大學,1079,康寧學校財團法人康寧大學,09131043,健康照護管理學系,8,2,6,0,0,0,0,0,0,2,6,0,0,0,0,0,8,2,6
106,私立,一般大學,1079,康寧學校財團法人康寧大學,09141045,視光科,16,11,5,0,0,0,0,1,0,10,5,0,0,1,1,0,16,11,5
106,私立,一般大學,1079,康寧學校財團法人康寧大學,09211047,高齡社會健康管理科,7,2,5,0,0,0,1,0,0,2,4,0,0,1,0,1,7,2,5
106,私立,一般大學,1079,康寧學校財團法人康寧大學,09212062,長期照護學系,6,4,2,1,0,1,0,1,0,1,2,0,0,3,3,0,6,4,2
106,私立,一般大學,1079,康寧學校財團法人康寧大學,09221048,嬰幼兒保育學系,9,2,7,0,0,0,0,0,1,2,6,0,0,1,0,1,9,2,7
106,私立,一般大學,1079,康寧學校財團法人康寧大學,10131050,餐飲管理學系,8,5,3,0,0,0,0,0,0,5,3,0,0,0,0,0,8,5,3
106,私立,一般大學,1079,康寧學校財團法人康寧大學,10152055,休閒管理學系,11,9,2,0,0,0,0,3,0,6,2,0,0,3,3,0,11,9,2
106,私立,一般大學,1079,康寧學校財團法人康寧大學,99999Z01,通識教育中心,71,40,31,0,0,1,1,10,3,29,27,0,0,15,11,4,71,40,31
106,私立,一般大學,1079,康寧學校財團法人康寧大學,99999Z08,外語中心、華語中心,4,1,3,0,0,0,1,0,0,1,2,0,0,1,0,1,4,1,3
106,私立,技專校院,1080,宏國學校財團法人宏國德霖科技大學,02123004,創意產品設計系,1,1,0,0,0,0,0,0,0,1,0,0,0,0,0,0,1,1,0
106,私立,技專校院,1080,宏國學校財團法人宏國德霖科技大學,02124005,室內設計系,11,9,2,0,0,0,0,0,0,9,2,0,0,0,0,0,11,9,2
106,私立,技專校院,1080,宏國學校財團法人宏國德霖科技大學,02311002,應用英語系,10,1,9,0,0,0,1,1,2,0,6,0,0,4,1,3,10,1,9
106,私立,技專校院,1080,宏國學校財團法人宏國德霖科技大學,04131006,企業管理系,11,8,3,1,0,0,0,2,3,5,0,0,0,6,3,3,11,8,3
106,私立,技專校院,1080,宏國學校財團法人宏國德霖科技大學,04199011,不動產經營系,22,19,3,0,0,5,0,5,1,9,2,0,0,11,10,1,22,19,3
106,私立,技專校院,1080,宏國學校財團法人宏國德霖科技大學,04199023,會展與觀光系,9,8,1,2,0,0,0,0,0,6,1,0,0,2,2,0,9,8,1
106,私立,技專校院,1080,宏國學校財團法人宏國德霖科技大學,06131014,資訊工程系,9,9,0,0,0,1,0,1,0,7,0,0,0,2,2,0,9,9,0
106,私立,技專校院,1080,宏國學校財團法人宏國德霖科技大學,07151016,機械工程系,3,3,0,0,0,1,0,1,0,1,0,0,0,2,2,0,3,3,0
106,私立,技專校院,1080,宏國學校財團法人宏國德霖科技大學,07321017,土木工程系(科),17,14,3,1,0,0,0,3,0,10,3,0,0,4,4,0,17,14,3
106,私立,技專校院,1080,宏國學校財團法人宏國德霖科技大學,10131020,餐旅管理系,34,16,18,0,0,1,0,5,6,10,12,0,0,12,6,6,34,16,18
106,私立,技專校院,1080,宏國學校財團法人宏國德霖科技大學,10131021,餐飲廚藝系,17,15,2,0,0,0,0,3,0,12,2,0,0,3,3,0,17,15,2
106,私立,技專校院,1080,宏國學校財團法人宏國德霖科技大學,10151022,休閒事業管理系,11,10,1,0,0,0,0,0,0,10,1,0,0,0,0,0,11,10,1
106,私立,技專校院,1080,宏國學校財團法人宏國德霖科技大學,99999Z01,通識教育中心,27,12,15,0,0,1,0,1,3,10,12,0,0,5,2,3,27,12,15
106,私立,技專校院,1080,宏國學校財團法人宏國德霖科技大學,99999Z08,語言中心,16,6,10,0,0,0,0,2,1,4,9,0,0,3,2,1,16,6,10
106,私立,技專校院,1081,東方學校財團法人東方設計大學,02111003,影視藝術系,2,1,1,0,0,0,0,1,0,0,1,0,0,1,1,0,2,1,1
106,私立,技專校院,1081,東方學校財團法人東方設計大學,02122008,遊戲與動畫設計系,2,1,1,0,0,0,0,0,0,1,1,0,0,0,0,0,2,1,1
106,私立,技專校院,1081,東方學校財團法人東方設計大學,02123014,流行商品設計系,6,3,3,0,0,0,0,0,1,3,2,0,0,1,0,1,6,3,3
106,私立,技專校院,1081,東方學校財團法人東方設計大學,02123020,設計行銷系,4,2,2,0,0,0,0,0,0,2,2,0,0,0,0,0,4,2,2
106,私立,技專校院,1081,東方學校財團法人東方設計大學,02124017,室內設計系,4,2,2,0,0,0,0,0,1,2,1,0,0,1,0,1,4,2,2
106,私立,技專校院,1081,東方學校財團法人東方設計大學,02131001,攝影學位學程,3,3,0,0,0,0,0,0,0,3,0,0,0,0,0,0,3,3,0
106,私立,技專校院,1081,東方學校財團法人東方設計大學,02141002,美術工藝系,20,14,6,0,0,0,0,4,1,10,5,0,0,5,4,1,20,14,6
106,私立,技專校院,1081,東方學校財團法人東方設計大學,02152006,表演藝術學位學程,5,0,5,0,0,0,0,0,0,0,5,0,0,0,0,0,5,0,5
106,私立,技專校院,1081,東方學校財團法人東方設計大學,02199018,文化創意設計研究所,5,5,0,3,0,2,0,0,0,0,0,0,0,5,5,0,5,5,0
106,私立,技專校院,1081,東方學校財團法人東方設計大學,10121032,時尚美妝設計系,21,10,11,0,0,0,0,3,1,7,10,0,0,4,3,1,21,10,11
106,私立,技專校院,1081,東方學校財團法人東方設計大學,10131025,餐飲管理系,11,7,4,0,0,0,0,0,0,7,4,0,0,0,0,0,11,7,4
106,私立,技專校院,1081,東方學校財團法人東方設計大學,10151028,觀光與休閒事業管理系,5,2,3,0,0,0,0,0,0,2,3,0,0,0,0,0,5,2,3
106,私立,技專校院,1081,東方學校財團法人東方設計大學,99999Z01,通識教育中心,10,5,5,0,0,0,0,3,0,2,5,0,0,3,3,0,10,5,5
106,私立,技專校院,1082,崇右學校財團法人崇右影藝科技大學,02111009,數位媒體設計系,4,3,1,0,0,0,0,0,0,3,1,0,0,0,0,0,4,3,1
106,私立,技專校院,1082,崇右學校財團法人崇右影藝科技大學,02122007,時尚造型設計系,9,0,9,0,0,0,0,0,1,0,8,0,0,1,0,1,9,0,9
106,私立,技專校院,1082,崇右學校財團法人崇右影藝科技大學,02123011,創意商品設計系,3,2,1,0,0,0,0,0,0,2,1,0,0,0,0,0,3,2,1
106,私立,技專校院,1082,崇右學校財團法人崇右影藝科技大學,02131001,攝影學士學位學程,2,2,0,0,0,0,0,1,0,1,0,0,0,1,1,0,2,2,0
106,私立,技專校院,1082,崇右學校財團法人崇右影藝科技大學,02152002,演藝事業系,9,6,3,0,0,0,0,6,2,0,1,0,0,8,6,2,9,6,3
106,私立,技專校院,1082,崇右學校財團法人崇右影藝科技大學,02191004,表演藝術系,6,4,2,0,0,0,0,4,1,0,1,0,0,5,4,1,6,4,2
106,私立,技專校院,1082,崇右學校財團法人崇右影藝科技大學,03213013,影視傳播系,2,1,1,0,0,0,0,1,0,0,1,0,0,1,1,0,2,1,1
106,私立,技專校院,1082,崇右學校財團法人崇右影藝科技大學,04131018,經營管理系,10,6,4,0,0,0,0,1,0,5,4,0,0,1,1,0,10,6,4
106,私立,技專校院,1082,崇右學校財團法人崇右影藝科技大學,10151032,觀光旅遊管理系,3,0,3,0,0,0,0,0,0,0,3,0,0,0,0,0,3,0,3
106,私立,技專校院,1082,崇右學校財團法人崇右影藝科技大學,10152033,休閒事業經營系,1,1,0,0,0,0,0,0,0,1,0,0,0,0,0,0,1,1,0
106,私立,技專校院,1082,崇右學校財團法人崇右影藝科技大學,99999Z01,通識(教育)中心,8,6,2,1,0,1,0,0,0,4,2,0,0,2,2,0,8,6,2
106,私立,技專校院,1083,台北海洋學校財團法人台北海洋科技大學,02112004,視覺傳達設計系,13,7,6,0,0,0,0,1,2,6,4,0,0,3,1,2,13,7,6
106,私立,技專校院,1083,台北海洋學校財團法人台北海洋科技大學,02122002,時尚造型設計管理系,10,3,7,0,0,0,0,1,1,2,6,0,0,2,1,1,10,3,7
106,私立,技專校院,1083,台北海洋學校財團法人台北海洋科技大學,02122003,數位遊戲與動畫設計系,4,3,1,0,0,0,0,0,0,3,1,0,0,0,0,0,4,3,1
106,私立,技專校院,1083,台北海洋學校財團法人台北海洋科技大學,02152001,表演藝術系,3,2,1,0,0,0,0,0,1,2,0,0,0,1,0,1,3,2,1
106,私立,技專校院,1083,台北海洋學校財團法人台北海洋科技大學,07163012,輪機工程系,15,15,0,1,0,4,0,8,0,2,0,0,0,13,13,0,15,15,0
106,私立,技專校院,1083,台北海洋學校財團法人台北海洋科技大學,09211016,健康促進與銀髮保健系,7,5,2,0,0,0,0,2,2,3,0,0,0,4,2,2,7,5,2
106,私立,技專校院,1083,台北海洋學校財團法人台北海洋科技大學,09231017,健康照顧社會工作系,12,5,7,0,0,0,0,3,1,2,6,0,0,4,3,1,12,5,7
106,私立,技專校院,1083,台北海洋學校財團法人台北海洋科技大學,10131019,餐飲管理系,12,9,3,0,0,0,0,2,2,7,1,0,0,4,2,2,12,9,3
106,私立,技專校院,1083,台北海洋學校財團法人台北海洋科技大學,10151020,旅遊管理系,9,4,5,0,0,1,0,0,1,3,4,0,0,2,1,1,9,4,5
106,私立,技專校院,1083,台北海洋學校財團法人台北海洋科技大學,10151022,海洋休閒觀光系,11,8,3,0,0,2,0,2,2,4,1,0,0,6,4,2,11,8,3
106,私立,技專校院,1083,台北海洋學校財團法人台北海洋科技大學,10152024,海洋運動休閒系,12,8,4,0,0,2,0,2,2,4,2,0,0,6,4,2,12,8,4
106,私立,技專校院,1083,台北海洋學校財團法人台北海洋科技大學,10411028,海空物流與行銷系,17,15,2,0,0,1,0,3,1,11,1,0,0,5,4,1,17,15,2
106,私立,技專校院,1083,台北海洋學校財團法人台北海洋科技大學,10414029,航海系,13,13,0,1,0,4,0,6,0,2,0,0,0,11,11,0,13,13,0
106,私立,技專校院,1083,台北海洋學校財團法人台北海洋科技大學,99999Z01,通識教育中心,47,35,12,1,0,0,0,11,6,23,6,0,0,18,12,6,47,35,12
106,私立,一般大學,1125,中信學校財團法人中信金融管理學院,02199001,模特兒與展演學系,2,0,2,0,0,0,0,0,0,0,2,0,0,0,0,0,2,0,2
106,私立,一般大學,1125,中信學校財團法人中信金融管理學院,04121014,財務金融學系,1,1,0,0,0,0,0,0,0,1,0,0,0,0,0,0,1,1,0
106,私立,一般大學,1125,中信學校財團法人中信金融管理學院,04131012,企業管理學系,5,5,0,2,0,0,0,2,0,1,0,0,0,4,4,0,5,5,0
106,私立,一般大學,1125,中信學校財團法人中信金融管理學院,04212022,財經法律學系,3,2,1,0,0,0,0,0,0,2,1,0,0,0,0,0,3,2,1
106,私立,一般大學,1125,中信學校財團法人中信金融管理學院,10151030,文化創意與觀光學系,1,0,1,0,0,0,0,0,0,0,1,0,0,0,0,0,1,0,1
106,私立,一般大學,1125,中信學校財團法人中信金融管理學院,99999Z01,通識教育中心,14,9,5,1,1,0,0,0,0,8,4,0,0,2,1,1,14,9,5
106,私立,技專校院,1148,大漢技術學院,02122001,珠寶技術系,2,1,1,0,0,0,0,0,0,1,1,0,0,0,0,0,2,1,1
106,私立,技專校院,1148,大漢技術學院,04131005,企業管理系,6,5,1,0,0,0,0,0,0,5,1,0,0,0,0,0,6,5,1
106,私立,技專校院,1148,大漢技術學院,07321019,土木工程與環境資源管理系,12,12,0,0,0,0,0,0,0,12,0,0,0,0,0,0,12,12,0
106,私立,技專校院,1148,大漢技術學院,10152024,休閒與運動管理系,8,4,4,0,0,0,0,0,0,4,4,0,0,0,0,0,8,4,4
106,私立,技專校院,1159,和春技術學院,02311001,應用外語系,5,2,3,0,0,0,0,0,0,2,3,0,0,0,0,0,5,2,3
106,私立,技專校院,1159,和春技術學院,04131013,企業管理系,6,5,1,0,0,0,0,0,0,5,1,0,0,0,0,0,6,5,1
106,私立,技專校院,1159,和春技術學院,04199022,房仲與物業管理系,2,1,1,0,0,0,0,1,1,0,0,0,0,2,1,1,2,1,1
106,私立,技專校院,1159,和春技術學院,06131025,資訊管理系,5,4,1,0,0,0,0,0,0,4,1,0,0,0,0,0,5,4,1
106,私立,技專校院,1159,和春技術學院,07141026,電機工程系,8,8,0,0,0,0,0,0,0,8,0,0,0,0,0,0,8,8,0
106,私立,技專校院,1159,和春技術學院,07141028,資訊工程系,3,3,0,0,0,0,0,1,0,2,0,0,0,1,1,0,3,3,0
106,私立,技專校院,1159,和春技術學院,07191030,工業工程與管理系,7,7,0,0,0,0,0,0,0,7,0,0,0,0,0,0,7,7,0
106,私立,技專校院,1159,和春技術學院,10131031,餐飲管理系,3,2,1,0,0,0,0,0,0,2,1,0,0,0,0,0,3,2,1
106,私立,技專校院,1159,和春技術學院,10151032,觀光與休閒事業管理系,1,1,0,0,0,0,0,0,0,1,0,0,0,0,0,0,1,1,0
106,私立,技專校院,1159,和春技術學院,99999Z01,通識教育中心,19,10,9,0,0,0,0,0,0,10,9,0,0,0,0,0,19,10,9
106,私立,技專校院,1166,亞東技術學院,02123001,工商業設計系,12,9,3,0,0,2,0,2,0,5,3,0,0,4,4,0,12,9,3
106,私立,技專校院,1166,亞東技術學院,04132003,行銷與流通管理系,2,2,0,0,0,0,0,0,0,2,0,0,0,0,0,0,2,2,0
106,私立,技專校院,1166,亞東技術學院,04133005,醫務管理系,7,3,4,0,0,0,0,3,0,0,4,0,0,3,3,0,7,3,4
106,私立,技專校院,1166,亞東技術學院,04199006,工業管理系,9,5,4,1,0,1,1,2,1,1,2,0,0,6,4,2,9,5,4
106,私立,技專校院,1166,亞東技術學院,07141010,電子工程系,6,6,0,0,0,2,0,2,0,2,0,0,0,4,4,0,6,6,0
106,私立,技專校院,1166,亞東技術學院,07141012,通訊工程系,4,4,0,1,0,0,0,2,0,1,0,0,0,3,3,0,4,4,0
106,私立,技專校院,1166,亞東技術學院,07151014,機械工程系,10,10,0,0,0,2,0,3,0,5,0,0,0,5,5,0,10,10,0
106,私立,技專校院,1166,亞東技術學院,07192019,材料與纖維系,11,7,4,1,0,2,0,3,1,1,3,0,0,7,6,1,11,7,4
106,私立,技專校院,1166,亞東技術學院,09131021,護理系,20,3,17,0,0,0,1,1,2,2,14,0,0,4,1,3,20,3,17
106,私立,技專校院,1166,亞東技術學院,99999Z01,通識(教育)中心,55,37,18,1,0,4,1,25,12,7,5,0,0,43,30,13,55,37,18
106,私立,技專校院,1168,南亞科技學校財團法人南亞技術學院,02124005,室內設計系,19,11,8,0,0,1,1,0,0,10,7,0,0,2,1,1,19,11,8
106,私立,技專校院,1168,南亞科技學校財團法人南亞技術學院,02125028,創意流行時尚設計系,4,1,3,0,0,0,0,0,1,1,2,0,0,1,0,1,4,1,3
106,私立,技專校院,1168,南亞科技學校財團法人南亞技術學院,04131006,企業管理系,6,5,1,0,0,1,0,2,0,2,1,0,0,3,3,0,6,5,1
106,私立,技專校院,1168,南亞科技學校財團法人南亞技術學院,05211030,環境科技與管理系,2,2,0,0,0,0,0,1,0,1,0,0,0,1,1,0,2,2,0
106,私立,技專校院,1168,南亞科技學校財團法人南亞技術學院,06131010,資訊管理系,3,1,2,0,0,0,0,0,0,1,2,0,0,0,0,0,3,1,2
106,私立,技專校院,1168,南亞科技學校財團法人南亞技術學院,07151012,機械工程系,11,10,1,0,0,5,1,2,0,3,0,0,0,8,7,1,11,10,1
106,私立,技專校院,1168,南亞科技學校財團法人南亞技術學院,09221024,幼兒保育系,8,1,7,0,0,0,0,0,0,1,7,0,0,0,0,0,8,1,7
106,私立,技專校院,1168,南亞科技學校財團法人南亞技術學院,10121029,化妝品應用系,5,1,4,0,0,1,0,0,0,0,4,0,0,1,1,0,5,1,4
106,私立,技專校院,1168,南亞科技學校財團法人南亞技術學院,10131025,餐旅管理系,8,3,5,0,0,0,0,2,5,1,0,0,0,7,2,5,8,3,5
106,私立,技專校院,1168,南亞科技學校財團法人南亞技術學院,10131026,餐飲廚藝管理系,8,5,3,0,0,0,0,4,0,1,3,0,0,4,4,0,8,5,3
106,私立,技專校院,1168,南亞科技學校財團法人南亞技術學院,10151027,觀光與休閒事業管理系,3,1,2,0,0,0,0,0,1,1,1,0,0,1,0,1,3,1,2
106,私立,技專校院,1168,南亞科技學校財團法人南亞技術學院,99999Z01,通識教育中心,10,9,1,1,0,1,0,1,0,6,1,0,0,3,3,0,10,9,1
106,私立,技專校院,1168,南亞科技學校財團法人南亞技術學院,99999Z08,國際語文教學中心,10,6,4,0,0,0,0,0,0,6,4,0,0,0,0,0,10,6,4
106,私立,一般大學,1176,稻江科技暨管理學院,01121001,幼兒教育學系,3,0,3,0,0,0,0,0,0,0,3,0,0,0,0,0,3,0,3
106,私立,一般大學,1176,稻江科技暨管理學院,02122006,時尚設計學系,4,0,4,0,0,0,0,0,0,0,4,0,0,0,0,0,4,0,4
106,私立,一般大學,1176,稻江科技暨管理學院,02152002,表演藝術學士學位學程,2,1,1,0,0,0,0,0,0,1,1,0,0,0,0,0,2,1,1
106,私立,一般大學,1176,稻江科技暨管理學院,04131015,經營管理學士學位學程,6,5,1,0,0,0,0,0,0,5,1,0,0,0,0,0,6,5,1
106,私立,一般大學,1176,稻江科技暨管理學院,04211022,法律學士學位學程,9,8,1,0,0,0,0,3,0,5,1,0,0,3,3,0,9,8,1
106,私立,一般大學,1176,稻江科技暨管理學院,09231048,社會工作學系,10,3,7,0,0,0,0,0,1,3,6,0,0,1,0,1,10,3,7
106,私立,一般大學,1176,稻江科技暨管理學院,10121044,時尚美容藝術與保健管理學士學位學程,14,4,10,0,0,0,0,0,0,4,10,0,0,0,0,0,14,4,10
106,私立,一般大學,1176,稻江科技暨管理學院,10131037,餐飲管理學系,10,5,5,0,0,0,0,0,0,5,5,0,0,0,0,0,10,5,5
106,私立,一般大學,1176,稻江科技暨管理學院,10151042,觀光規劃學士學位學程,8,4,4,0,0,0,0,0,1,4,3,0,0,1,0,1,8,4,4
106,私立,一般大學,1176,稻江科技暨管理學院,10152039,休閒遊憩管理學系,4,4,0,1,0,0,0,1,0,2,0,0,0,2,2,0,4,4,0
106,私立,一般大學,1176,稻江科技暨管理學院,99999Z01,通識教育中心,12,7,5,0,0,0,0,1,2,6,3,0,0,3,1,2,12,7,5
106,私立,技專校院,1182,蘭陽技術學院,02124002,室內設計系,4,4,0,0,0,0,0,0,0,4,0,0,0,0,0,0,4,4,0
106,私立,技專校院,1182,蘭陽技術學院,07151021,機電工程系,2,2,0,0,0,0,0,0,0,2,0,0,0,0,0,0,2,2,0
106,私立,技專校院,1182,蘭陽技術學院,10121033,時尚美容設計系,2,0,2,0,0,0,0,0,0,0,2,0,0,0,0,0,2,0,2
106,私立,技專校院,1182,蘭陽技術學院,10131029,餐旅管理系,5,3,2,0,0,0,0,1,0,2,2,0,0,1,1,0,5,3,2
106,私立,技專校院,1182,蘭陽技術學院,10152031,健康休閒管理系,6,3,3,0,0,0,0,1,1,2,2,0,0,2,1,1,6,3,3
106,私立,技專校院,1182,蘭陽技術學院,99999Z08,通識暨語文中心,5,3,2,0,0,0,0,0,0,3,2,0,0,0,0,0,5,3,2
106,私立,技專校院,1183,黎明技術學院,02122002,流行設計系,3,0,3,0,0,0,0,0,0,0,3,0,0,0,0,0,3,0,3
106,私立,技專校院,1183,黎明技術學院,02122003,時尚造型設計系,4,1,3,0,0,0,0,0,1,1,2,0,0,1,0,1,4,1,3
106,私立,技專校院,1183,黎明技術學院,02123004,創意產品設計系,2,1,1,0,0,0,0,0,0,1,1,0,0,0,0,0,2,1,1
106,私立,技專校院,1183,黎明技術學院,02191001,表演藝術系,15,10,5,0,0,0,0,2,1,8,4,0,0,3,2,1,15,10,5
106,私立,技專校院,1183,黎明技術學院,02191027,影視傳播系,3,2,1,0,0,0,0,1,1,1,0,0,0,2,1,1,3,2,1
106,私立,技專校院,1183,黎明技術學院,04131005,企業管理系,1,1,0,0,0,0,0,1,0,0,0,0,0,1,1,0,1,1,0
106,私立,技專校院,1183,黎明技術學院,04199007,時尚經營管理系,5,3,2,0,0,0,0,1,2,2,0,0,0,3,1,2,5,3,2
106,私立,技專校院,1183,黎明技術學院,06131008,資訊科技系,1,0,1,0,0,0,0,0,0,0,1,0,0,0,0,0,1,0,1
106,私立,技專校院,1183,黎明技術學院,06131009,資訊管理系,5,5,0,0,0,0,0,0,0,5,0,0,0,0,0,0,5,5,0
106,私立,技專校院,1183,黎明技術學院,06132010,數位多媒體系,12,7,5,0,0,0,0,0,1,7,4,0,0,1,0,1,12,7,5
106,私立,技專校院,1183,黎明技術學院,07141011,電機工程系,7,7,0,0,0,0,0,2,0,5,0,0,0,2,2,0,7,7,0
106,私立,技專校院,1183,黎明技術學院,07151015,機械工程系,6,6,0,1,0,0,0,1,0,4,0,0,0,2,2,0,6,6,0
106,私立,技專校院,1183,黎明技術學院,10121024,化妝品應用系,33,6,27,1,0,0,0,1,0,4,27,0,0,2,2,0,33,6,27
106,私立,技專校院,1183,黎明技術學院,10131020,旅館管理系,6,3,3,0,0,0,0,0,0,3,3,0,0,0,0,0,6,3,3
106,私立,技專校院,1183,黎明技術學院,10131021,餐飲管理系,22,16,6,2,0,1,0,3,3,10,3,0,0,9,6,3,22,16,6
106,私立,技專校院,1183,黎明技術學院,10151022,觀光休閒系,5,2,3,0,0,0,0,0,0,2,3,0,0,0,0,0,5,2,3
106,私立,技專校院,1183,黎明技術學院,99999Z01,通識(教育)中心,36,24,12,0,0,2,0,4,2,18,10,0,0,8,6,2,36,24,12
106,私立,技專校院,1185,經國管理暨健康學院,06134005,資訊多媒體應用系,1,1,0,0,0,0,0,0,0,1,0,0,0,0,0,0,1,1,0
106,私立,技專校院,1185,經國管理暨健康學院,07211007,食品保健系,5,4,1,0,0,1,0,1,1,2,0,0,0,3,2,1,5,4,1
106,私立,技專校院,1185,經國管理暨健康學院,09111021,口腔衛生照護系,2,1,1,0,0,0,0,1,0,0,1,0,0,1,1,0,2,1,1
106,私立,技專校院,1185,經國管理暨健康學院,09131009,護理系,16,5,11,0,0,0,0,0,1,5,10,0,0,1,0,1,16,5,11
106,私立,技專校院,1185,經國管理暨健康學院,09211022,高齡照顧福祉系,4,1,3,0,0,0,0,0,0,1,3,0,0,0,0,0,4,1,3
106,私立,技專校院,1185,經國管理暨健康學院,09221011,幼兒保育系,5,2,3,0,0,0,0,0,0,2,3,0,0,0,0,0,5,2,3
106,私立,技專校院,1185,經國管理暨健康學院,10121016,美容流行設計系,11,2,9,0,0,0,0,0,0,2,9,0,0,0,0,0,11,2,9
106,私立,技專校院,1185,經國管理暨健康學院,10131012,餐旅管理系,23,10,13,0,0,0,0,0,0,10,13,0,0,0,0,0,23,10,13
106,私立,技專校院,1185,經國管理暨健康學院,10131014,餐飲廚藝系,8,5,3,0,0,0,0,1,0,4,3,0,0,1,1,0,8,5,3
106,私立,技專校院,1185,經國管理暨健康學院,10152020,觀光休閒與健康系,2,0,2,0,0,0,0,0,1,0,1,0,0,1,0,1,2,0,2
106,私立,技專校院,1185,經國管理暨健康學院,99999Z01,通識(教育)中心,60,33,27,0,0,2,0,6,3,25,24,0,0,11,8,3,60,33,27
106,私立,技專校院,1188,大同技術學院,04131011,商業經營與設計系,12,9,3,0,0,2,0,0,0,7,3,0,0,2,2,0,12,9,3
106,私立,技專校院,1188,大同技術學院,09231021,社會工作與服務管理系,13,7,6,1,0,0,0,1,0,5,6,0,0,2,2,0,13,7,6
106,私立,技專校院,1188,大同技術學院,10121001,時尚造型設計系,17,3,14,0,0,0,0,0,2,3,12,0,0,2,0,2,17,3,14
106,私立,技專校院,1188,大同技術學院,10131024,餐飲管理系,14,6,8,1,0,1,0,1,0,3,8,0,0,3,3,0,14,6,8
106,私立,技專校院,1188,大同技術學院,10131025,烘焙管理系,11,7,4,0,0,0,0,0,0,7,4,0,0,0,0,0,11,7,4
106,私立,技專校院,1188,大同技術學院,10151029,旅遊與休閒娛樂管理系,6,2,4,0,0,0,0,0,0,2,4,0,0,0,0,0,6,2,4
106,私立,技專校院,1188,大同技術學院,10152030,運動健康與休閒系,5,4,1,0,0,1,0,1,0,2,1,0,0,2,2,0,5,4,1
106,私立,技專校院,1188,大同技術學院,10199034,婚禮企劃與設計系,1,0,1,0,0,0,0,0,0,0,1,0,0,0,0,0,1,0,1
106,私立,技專校院,1189,亞太學校財團法人亞太創意技術學院,02112005,數位媒體設計系,1,1,0,0,0,0,0,0,0,1,0,0,0,0,0,0,1,1,0
106,私立,技專校院,1189,亞太學校財團法人亞太創意技術學院,02199009,文化創意設計研究所,1,1,0,1,0,0,0,0,0,0,0,0,0,1,1,0,1,1,0
106,私立,技專校院,1189,亞太學校財團法人亞太創意技術學院,09221034,兒童與家庭服務系,5,0,5,0,0,0,0,0,1,0,4,0,0,1,0,1,5,0,5
106,私立,技專校院,1192,臺灣觀光學院,10131012,餐飲管理系,2,2,0,0,0,0,0,0,0,2,0,0,0,0,0,0,2,2,0
106,私立,技專校院,1192,臺灣觀光學院,10131016,廚藝管理系(科),1,1,0,0,0,0,0,0,0,1,0,0,0,0,0,0,1,1,0
106,私立,技專校院,1192,臺灣觀光學院,10151024,觀光餐旅系(科),6,2,4,0,0,0,0,0,0,2,4,0,0,0,0,0,6,2,4
106,私立,技專校院,1192,臺灣觀光學院,99999Z01,通識教育中心,1,0,1,0,0,0,0,0,0,0,1,0,0,0,0,0,1,0,1
106,私立,一般大學,1195,馬偕學校財團法人馬偕醫學院,09121002,醫學系,133,108,25,15,1,11,1,36,10,46,13,0,0,74,62,12,133,108,25
106,私立,一般大學,1195,馬偕學校財團法人馬偕醫學院,09131004,護理學系,16,2,14,0,0,0,0,1,5,1,9,0,0,6,1,5,16,2,14
106,私立,一般大學,1195,馬偕學校財團法人馬偕醫學院,09153003,聽力暨語言治療學系,18,2,16,0,0,0,0,0,3,2,13,0,0,3,0,3,18,2,16
106,私立,一般大學,1195,馬偕學校財團法人馬偕醫學院,99999Z01,全人教育中心,18,12,6,2,0,3,0,3,3,4,3,0,0,11,8,3,18,12,6
106,私立,一般大學,1196,法鼓學校財團法人法鼓文理學院,02211002,佛教學系,22,11,11,2,1,3,2,3,7,3,1,0,0,18,8,10,22,11,11
106,私立,一般大學,1196,法鼓學校財團法人法鼓文理學院,99999999,人文社會學群,8,5,3,0,0,2,0,3,3,0,0,0,0,8,5,3,8,5,3
106,私立,技專校院,1282,馬偕學校財團法人馬偕醫護管理專科學校,02311001,應用外語科,23,14,9,0,0,0,0,0,1,14,8,0,0,1,0,1,23,14,9
106,私立,技專校院,1282,馬偕學校財團法人馬偕醫護管理專科學校,09131003,護理科,22,6,16,0,0,0,0,3,0,3,16,0,0,3,3,0,22,6,16
106,私立,技專校院,1282,馬偕學校財團法人馬偕醫護管理專科學校,09141004,視光學科,21,17,4,0,0,2,0,4,1,11,3,0,0,7,6,1,21,17,4
106,私立,技專校院,1282,馬偕學校財團法人馬偕醫護管理專科學校,09211006,高齡服務事業科,3,0,3,0,0,0,0,0,0,0,3,0,0,0,0,0,3,0,3
106,私立,技專校院,1282,馬偕學校財團法人馬偕醫護管理專科學校,09221007,幼兒保育科,17,10,7,0,0,0,0,1,1,9,6,0,0,2,1,1,17,10,7
106,私立,技專校院,1282,馬偕學校財團法人馬偕醫護管理專科學校,10121009,化妝品應用與管理科,16,7,9,0,0,1,0,0,3,6,6,0,0,4,1,3,16,7,9
106,私立,技專校院,1282,馬偕學校財團法人馬偕醫護管理專科學校,10131008,餐飲管理科,11,2,9,0,0,1,0,0,0,1,9,0,0,1,1,0,11,2,9
106,私立,技專校院,1282,馬偕學校財團法人馬偕醫護管理專科學校,99999010,生命關懷事業科,3,1,2,0,0,0,0,0,0,1,2,0,0,0,0,0,3,1,2
106,私立,技專校院,1282,馬偕學校財團法人馬偕醫護管理專科學校,99999Z01,通識教育中心,53,24,29,0,0,2,1,3,7,19,21,0,0,13,5,8,53,24,29
106,私立,技專校院,1283,仁德醫護管理專科學校,06134003,行動數位商務科,5,4,1,1,0,0,0,1,0,2,1,0,0,2,2,0,5,4,1
106,私立,技專校院,1283,仁德醫護管理專科學校,09111020,口腔衛生學科,1,0,1,0,0,0,0,0,0,0,1,0,0,0,0,0,1,0,1
106,私立,技專校院,1283,仁德醫護管理專科學校,09131011,護理科,40,10,30,0,1,0,1,3,2,7,26,0,0,7,3,4,40,10,30
106,私立,技專校院,1283,仁德醫護管理專科學校,09141013,視光學科,16,13,3,0,0,0,0,1,0,12,3,0,0,1,1,0,16,13,3
106,私立,技專校院,1283,仁德醫護管理專科學校,09141014,醫事檢驗科,24,15,9,0,0,0,0,0,1,15,8,0,0,1,0,1,24,15,9
106,私立,技專校院,1283,仁德醫護管理專科學校,09159001,復健(技術)科,52,33,19,0,0,3,0,6,3,24,16,0,0,12,9,3,52,33,19
106,私立,技專校院,1283,仁德醫護管理專科學校,09171010,調理保健技術科,27,23,4,0,0,0,0,2,1,21,3,0,0,3,2,1,27,23,4
106,私立,技專校院,1283,仁德醫護管理專科學校,09191008,職業安全衛生科,1,1,0,0,0,0,0,0,0,1,0,0,0,0,0,0,1,1,0
106,私立,技專校院,1283,仁德醫護管理專科學校,09211016,高齡健康促進科,4,0,4,0,0,0,0,0,1,0,3,0,0,1,0,1,4,0,4
106,私立,技專校院,1283,仁德醫護管理專科學校,09221017,幼兒保育科,1,0,1,0,0,0,0,0,1,0,0,0,0,1,0,1,1,0,1
106,私立,技專校院,1283,仁德醫護管理專科學校,09299004,生命關懷事業科,26,17,9,0,0,0,0,0,1,17,8,0,0,1,0,1,26,17,9
106,私立,技專校院,1283,仁德醫護管理專科學校,10199019,健康美容觀光科,5,1,4,0,0,0,0,1,0,0,4,0,0,1,1,0,5,1,4
106,私立,技專校院,1283,仁德醫護管理專科學校,99999Z01,共同科目,36,24,12,0,0,0,0,11,0,13,12,0,0,11,11,0,36,24,12
106,私立,技專校院,1284,樹人醫護管理專科學校,02311002,應用英語科,10,7,3,0,0,0,0,0,0,7,3,0,0,0,0,0,10,7,3
106,私立,技專校院,1284,樹人醫護管理專科學校,02311003,應用日語科,13,4,9,0,0,0,0,0,0,4,9,0,0,0,0,0,13,4,9
106,私立,技專校院,1284,樹人醫護管理專科學校,06131004,資訊管理科,14,12,2,1,0,0,0,0,0,11,2,0,0,1,1,0,14,12,2
106,私立,技專校院,1284,樹人醫護管理專科學校,09111013,牙體技術科,28,17,11,0,0,2,0,4,1,11,10,0,0,7,6,1,28,17,11
106,私立,技專校院,1284,樹人醫護管理專科學校,09131009,護理科,52,16,36,0,0,0,0,6,2,10,34,0,0,8,6,2,52,16,36
106,私立,技專校院,1284,樹人醫護管理專科學校,09141010,視光學科,30,23,7,0,0,3,0,7,0,13,7,0,0,10,10,0,30,23,7
106,私立,技專校院,1284,樹人醫護管理專科學校,09141012,醫學影像暨放射技術科,34,22,12,1,0,0,1,4,2,17,9,0,0,8,5,3,34,22,12
106,私立,技專校院,1284,樹人醫護管理專科學校,09151005,物理治療科,45,29,16,0,0,4,0,2,1,23,15,0,0,7,6,1,45,29,16
106,私立,技專校院,1284,樹人醫護管理專科學校,09152006,職能治療科,23,14,9,0,0,0,0,1,0,13,9,0,0,1,1,0,23,14,9
106,私立,技專校院,1284,樹人醫護管理專科學校,09221014,幼兒保育科,6,1,5,0,0,0,0,0,0,1,5,0,0,0,0,0,6,1,5
106,私立,技專校院,1284,樹人醫護管理專科學校,10121015,美容保健科,25,9,16,0,0,0,0,1,0,8,16,0,0,1,1,0,25,9,16
106,私立,技專校院,1284,樹人醫護管理專科學校,99999Z01,通識(教育)中心,73,40,33,0,0,0,0,6,2,34,31,0,0,8,6,2,73,40,33
106,私立,技專校院,1285,慈惠醫護管理專科學校,02112002,數位媒體創意設計科,16,13,3,0,0,0,0,0,0,13,3,0,0,0,0,0,16,13,3
106,私立,技專校院,1285,慈惠醫護管理專科學校,09131006,護理科,24,10,14,0,0,0,0,0,0,10,14,0,0,0,0,0,24,10,14
106,私立,技專校院,1285,慈惠醫護管理專科學校,09151004,物理治療科,21,14,7,0,0,0,0,2,0,12,7,0,0,2,2,0,21,14,7
106,私立,技專校院,1285,慈惠醫護管理專科學校,09221007,幼兒保育科,18,5,13,0,0,0,0,0,0,5,13,0,0,0,0,0,18,5,13
106,私立,技專校院,1285,慈惠醫護管理專科學校,10121011,美容造型設計科,5,1,4,0,0,0,0,0,0,1,4,0,0,0,0,0,5,1,4
106,私立,技專校院,1285,慈惠醫護管理專科學校,10131008,餐飲管理科,7,5,2,0,0,0,0,0,0,5,2,0,0,0,0,0,7,5,2
106,私立,技專校院,1285,慈惠醫護管理專科學校,10151009,觀光事業科,6,2,4,0,0,0,0,0,0,2,4,0,0,0,0,0,6,2,4
106,私立,技專校院,1285,慈惠醫護管理專科學校,10152010,休閒事業管理科,16,11,5,0,0,0,0,0,0,11,5,0,0,0,0,0,16,11,5
106,私立,技專校院,1285,慈惠醫護管理專科學校,99999Z01,通識教育中心,71,50,21,0,0,0,0,0,0,50,21,0,0,0,0,0,71,50,21
106,私立,技專校院,1286,耕莘健康管理專科學校,02112001,數位媒體設計科,9,8,1,0,0,0,0,0,0,8,1,0,0,0,0,0,9,8,1
106,私立,技專校院,1286,耕莘健康管理專科學校,09111010,口腔衛生與健康照護科,1,1,0,0,0,0,0,0,0,1,0,0,0,0,0,0,1,1,0
106,私立,技專校院,1286,耕莘健康管理專科學校,09131003,護理科,176,79,97,0,0,3,1,14,5,62,91,0,0,23,17,6,176,79,97
106,私立,技專校院,1286,耕莘健康管理專科學校,09221004,嬰幼兒保育科,27,11,16,0,0,0,0,2,0,9,16,0,0,2,2,0,27,11,16
106,私立,技專校院,1286,耕莘健康管理專科學校,10121008,化妝品應用與管理科,43,13,30,0,0,0,1,4,2,9,27,0,0,7,4,3,43,13,30
106,私立,技專校院,1286,耕莘健康管理專科學校,10131006,健康餐旅科,16,12,4,0,0,0,0,0,1,12,3,0,0,1,0,1,16,12,4
106,私立,技專校院,1287,敏惠醫護管理專科學校,09111002,牙體技術科,22,20,2,0,0,0,0,2,0,18,2,0,0,2,2,0,22,20,2
106,私立,技專校院,1287,敏惠醫護管理專科學校,09131001,護理科,46,15,31,0,0,1,0,2,0,12,31,0,0,3,3,0,46,15,31
106,私立,技專校院,1287,敏惠醫護管理專科學校,09221003,幼兒保育科,4,3,1,0,0,0,0,0,0,3,1,0,0,0,0,0,4,3,1
106,私立,技專校院,1287,敏惠醫護管理專科學校,10121004,美容保健科,18,7,11,0,0,0,0,2,0,5,11,0,0,2,2,0,18,7,11
106,私立,技專校院,1287,敏惠醫護管理專科學校,99999Z01,通識教育中心,61,38,23,0,0,0,0,8,7,30,16,0,0,15,8,7,61,38,23
106,私立,技專校院,1288,高美醫護管理專科學校,06131001,資訊管理科,1,0,1,0,0,0,0,0,0,0,1,0,0,0,0,0,1,0,1
106,私立,技專校院,1288,高美醫護管理專科學校,09131002,護理科,17,7,10,0,0,1,0,0,1,6,9,0,0,2,1,1,17,7,10
106,私立,技專校院,1288,高美醫護管理專科學校,09211003,長青事業服務科,14,7,7,0,0,0,0,1,0,6,7,0,0,1,1,0,14,7,7
106,私立,技專校院,1288,高美醫護管理專科學校,10131004,餐旅管理科,9,8,1,0,0,0,0,0,0,8,1,0,0,0,0,0,9,8,1
106,私立,技專校院,1289,育英醫護管理專科學校,09131001,護理科,5,0,5,0,0,0,0,0,0,0,5,0,0,0,0,0,5,0,5
106,私立,技專校院,1289,育英醫護管理專科學校,09211002,老人服務事業管理科,10,4,6,0,0,1,0,0,1,3,5,0,0,2,1,1,10,4,6
106,私立,技專校院,1289,育英醫護管理專科學校,10121003,化妝品應用與管理科,17,4,13,0,0,1,0,2,1,1,12,0,0,4,3,1,17,4,13
106,私立,技專校院,1289,育英醫護管理專科學校,99999Z01,通識中心,28,14,14,0,0,1,0,5,5,8,9,0,0,11,6,5,28,14,14
106,私立,技專校院,1290,崇仁醫護管理專科學校,04191001,應用外語科,4,3,1,0,0,1,0,0,0,2,1,0,0,1,1,0,4,3,1
106,私立,技專校院,1290,崇仁醫護管理專科學校,09131002,護理科,36,11,25,0,0,1,0,2,0,8,25,0,0,3,3,0,36,11,25
106,私立,技專校院,1290,崇仁醫護管理專科學校,09211006,老人服務事業管理科,9,3,6,0,0,0,0,0,0,3,6,0,0,0,0,0,9,3,6
106,私立,技專校院,1290,崇仁醫護管理專科學校,10121005,美容保健科,13,4,9,0,0,0,0,0,0,4,9,0,0,0,0,0,13,4,9
106,私立,技專校院,1290,崇仁醫護管理專科學校,10131004,餐飲管理科,6,2,4,0,0,0,0,0,1,2,3,0,0,1,0,1,6,2,4
106,私立,技專校院,1290,崇仁醫護管理專科學校,99999Z01,通識教育中心,39,21,18,0,0,0,1,4,3,17,14,0,0,8,4,4,39,21,18
106,私立,技專校院,1291,聖母醫護管理專科學校,06131004,資訊管理科,7,6,1,0,0,1,0,0,0,5,1,0,0,1,1,0,7,6,1
106,私立,技專校院,1291,聖母醫護管理專科學校,09131006,護理科,59,14,45,0,0,0,0,2,2,12,43,0,0,4,2,2,59,14,45
106,私立,技專校院,1291,聖母醫護管理專科學校,09221002,幼兒保育科,2,0,2,0,0,0,0,0,0,0,2,0,0,0,0,0,2,0,2
106,私立,技專校院,1291,聖母醫護管理專科學校,10121001,化妝品應用與管理科,11,5,6,0,0,0,0,3,0,2,6,0,0,3,3,0,11,5,6
106,私立,技專校院,1291,聖母醫護管理專科學校,10131005,餐旅管理科,2,1,1,0,0,0,0,0,0,1,1,0,0,0,0,0,2,1,1
106,私立,技專校院,1291,聖母醫護管理專科學校,10152003,健康與休閒管理科,5,3,2,0,0,0,0,1,0,2,2,0,0,1,1,0,5,3,2
106,私立,技專校院,1291,聖母醫護管理專科學校,99999Z01,通識教育中心,63,41,22,1,0,1,1,12,3,27,18,0,0,18,14,4,63,41,22
106,私立,技專校院,1292,新生醫護管理專科學校,02311002,應用英語科,8,1,7,0,0,0,0,1,0,0,7,0,0,1,1,0,8,1,7
106,私立,技專校院,1292,新生醫護管理專科學校,02311003,應用日語科,4,2,2,0,0,0,0,0,0,2,2,0,0,0,0,0,4,2,2
106,私立,技專校院,1292,新生醫護管理專科學校,04133006,醫藥保健商務科,1,1,0,0,0,0,0,0,0,1,0,0,0,0,0,0,1,1,0
106,私立,技專校院,1292,新生醫護管理專科學校,04141004,國際商務科,4,2,2,0,0,0,0,0,1,2,1,0,0,1,0,1,4,2,2
106,私立,技專校院,1292,新生醫護管理專科學校,09111010,口腔衛生學科,2,1,1,0,0,0,0,0,0,1,1,0,0,0,0,0,2,1,1
106,私立,技專校院,1292,新生醫護管理專科學校,09131007,護理科,62,13,49,0,0,0,0,2,1,11,48,0,0,3,2,1,62,13,49
106,私立,技專校院,1292,新生醫護管理專科學校,09141009,視光學科,8,7,1,0,0,0,0,3,0,4,1,0,0,3,3,0,8,7,1
106,私立,技專校院,1292,新生醫護管理專科學校,09211008,長期照護科,8,1,7,0,0,0,0,0,0,1,7,0,0,0,0,0,8,1,7
106,私立,技專校院,1292,新生醫護管理專科學校,09221011,幼兒保育科,2,0,2,0,0,0,0,0,0,0,2,0,0,0,0,0,2,0,2
106,私立,技專校院,1292,新生醫護管理專科學校,10121013,美容造型科,7,1,6,0,0,0,0,0,0,1,6,0,0,0,0,0,7,1,6
106,私立,技專校院,1292,新生醫護管理專科學校,10152012,健康休閒管理科,2,0,2,0,0,0,0,0,0,0,2,0,0,0,0,0,2,0,2
106,私立,技專校院,1292,新生醫護管理專科學校,99999Z01,通識教育發展中心,105,63,42,0,0,2,0,18,12,43,30,0,0,32,20,12,105,63,42
106,私立,宗教研修學院,1R02,學校財團法人中華浸信會基督教台灣浸會神學院,02211001,基督教神學研究所,1,1,0,1,0,0,0,0,0,0,0,0,0,1,1,0,1,1,0
106,私立,宗教研修學院,1R03,臺北基督學院,02211001,基督教博雅學系,39,20,19,0,0,2,1,4,4,14,14,0,0,11,6,5,39,20,19
106,私立,宗教研修學院,1R03,臺北基督學院,99999Z01,基督教博雅核心課程中心,9,6,3,1,0,0,0,1,1,4,2,0,0,3,2,1,9,6,3
106,私立,宗教研修學院,1R04,財團法人一貫道天皇基金會一貫道天皇學院,02211001,一貫道學系,12,6,6,1,1,2,0,0,0,3,5,0,0,4,3,1,12,6,6
106,私立,宗教研修學院,1R05,台神學校財團法人台灣神學研究學院,02211001,基督教研究所,7,2,5,0,2,0,1,2,2,0,0,0,0,7,2,5,7,2,5
106,私立,宗教研修學院,1R05,台神學校財團法人台灣神學研究學院,02211002,神學研究所,2,2,0,1,0,0,0,1,0,0,0,0,0,2,2,0,2,2,0
106,私立,宗教研修學院,1R06,一貫道崇德學院,02211001,一貫道研究所,1,0,1,0,0,0,0,0,1,0,0,0,0,1,0,1,1,0,1
106,公立,一般大學,3002,臺北市立大學,01111001,教育學系,14,8,6,0,0,0,0,4,4,4,2,0,0,8,4,4,14,8,6
106,公立,一般大學,3002,臺北市立大學,01113029,特殊教育學系,9,6,3,1,0,1,0,3,2,1,1,0,0,7,5,2,9,6,3
106,公立,一般大學,3002,臺北市立大學,01114035,教育行政與評鑑研究所,9,7,2,4,0,1,0,2,2,0,0,0,0,9,7,2,9,7,2
106,公立,一般大學,3002,臺北市立大學,01115036,學習與媒材設計學系,8,5,3,2,0,1,0,0,1,2,2,0,0,4,3,1,8,5,3
106,公立,一般大學,3002,臺北市立大學,01121027,幼兒教育學系,20,6,14,1,0,1,1,1,3,3,10,0,0,7,3,4,20,6,14
106,公立,一般大學,3002,臺北市立大學,01131017,英語教學系,23,5,18,0,0,0,0,0,3,5,15,0,0,3,0,3,23,5,18
106,公立,一般大學,3002,臺北市立大學,01141025,體育學系,50,42,8,2,0,1,0,5,1,34,7,0,0,9,8,1,50,42,8
106,公立,一般大學,3002,臺北市立大學,01141026,運動教育研究所,4,3,1,1,0,1,1,1,0,0,0,0,0,4,3,1,4,3,1
106,公立,一般大學,3002,臺北市立大學,02111040,視覺藝術學系,30,14,16,2,0,1,1,5,6,6,9,0,0,15,8,7,30,14,16
106,公立,一般大學,3002,臺北市立大學,02151037,音樂學系,72,25,47,3,6,6,12,8,13,8,16,0,0,48,17,31,72,25,47
106,公立,一般大學,3002,臺北市立大學,02152039,舞蹈學系,27,6,21,0,0,0,1,1,3,5,17,0,0,5,1,4,27,6,21
106,公立,一般大學,3002,臺北市立大學,02221019,歷史與地理學系,4,2,2,0,0,0,1,1,1,1,0,0,0,3,1,2,4,2,2
106,公立,一般大學,3002,臺北市立大學,02322043,中國語文學系,20,7,13,1,0,0,1,6,12,0,0,0,0,20,7,13,20,7,13
106,公立,一般大學,3002,臺北市立大學,03131055,心理與諮商學系,10,4,6,0,0,1,1,2,1,1,4,0,0,5,3,2,10,4,6
106,公立,一般大學,3002,臺北市立大學,04134056,社會暨公共事務學系,15,14,1,3,0,6,0,5,1,0,0,0,0,15,14,1,15,14,1
106,公立,一般大學,3002,臺北市立大學,04199045,都會產業經營與行銷學系,2,2,0,0,0,0,0,2,0,0,0,0,0,2,2,0,2,2,0
106,公立,一般大學,3002,臺北市立大學,05211023,地球環境暨生物資源學系,8,6,2,1,0,1,2,4,0,0,0,0,0,8,6,2,8,6,2
106,公立,一般大學,3002,臺北市立大學,05399011,應用物理暨化學系,5,4,1,0,0,1,0,3,1,0,0,0,0,5,4,1,5,4,1
106,公立,一般大學,3002,臺北市立大學,05411012,數學系,2,1,1,0,0,0,0,0,0,1,1,0,0,0,0,0,2,1,1
106,公立,一般大學,3002,臺北市立大學,06131016,資訊科學系,2,2,0,0,0,1,0,0,0,1,0,0,0,1,1,0,2,2,0
106,公立,一般大學,3002,臺北市立大學,07313058,城市發展學系,8,8,0,0,0,3,0,5,0,0,0,0,0,8,8,0,8,8,0
106,公立,一般大學,3002,臺北市立大學,09191059,衛生福利學系,4,3,1,0,0,1,0,2,0,0,1,0,0,3,3,0,4,3,1
106,公立,一般大學,3002,臺北市立大學,10141046,運動藝術學系,10,9,1,1,0,0,0,2,0,6,1,0,0,3,3,0,10,9,1
106,公立,一般大學,3002,臺北市立大學,10141054,競技運動訓練研究所,1,1,0,0,0,0,0,1,0,0,0,0,0,1,1,0,1,1,0
106,公立,一般大學,3002,臺北市立大學,10141060,球類運動學系,36,27,9,2,2,4,2,4,0,17,5,0,0,14,10,4,36,27,9
106,公立,一般大學,3002,臺北市立大學,10141062,陸上運動學系,8,6,2,1,0,0,0,1,0,4,2,0,0,2,2,0,8,6,2
106,公立,一般大學,3002,臺北市立大學,10141063,水上運動學系,10,4,6,0,0,0,0,1,1,3,5,0,0,2,1,1,10,4,6
106,公立,一般大學,3002,臺北市立大學,10141064,技擊運動學系,14,10,4,0,0,0,0,2,0,8,4,0,0,2,2,0,14,10,4
106,公立,一般大學,3002,臺北市立大學,10142053,運動科學研究所,3,3,0,3,0,0,0,0,0,0,0,0,0,3,3,0,3,3,0
106,公立,一般大學,3002,臺北市立大學,10152030,身心障礙者轉銜及休閒教育碩士學位學程,3,1,2,1,0,0,0,0,2,0,0,0,0,3,1,2,3,1,2
106,公立,一般大學,3002,臺北市立大學,10152050,休閒運動管理學系,8,2,6,0,0,0,2,0,1,2,3,0,0,3,0,3,8,2,6
106,公立,一般大學,3002,臺北市立大學,10152052,運動健康科學系,9,6,3,0,0,0,0,1,1,5,2,0,0,2,1,1,9,6,3
106,公立,一般大學,3002,臺北市立大學,99999Z01,通識教育中心,41,20,21,1,3,0,1,11,11,8,6,0,0,27,12,15,41,20,21
106,公立,一般大學,3002,臺北市立大學,99999Z05,師資培育及職涯發展中心,19,6,13,1,0,0,0,2,2,3,11,0,0,5,3,2,19,6,13
107,公立,一般大學,0001,國立政治大學,01199Y03,教育學院,4,1,3,1,0,0,1,0,0,0,2,0,0,2,1,1,4,1,3
107,公立,一般大學,0001,國立政治大學,02211019,宗教研究所,4,3,1,1,0,0,1,2,0,0,0,0,0,4,3,1,4,3,1
107,公立,一般大學,0001,國立政治大學,02221020,歷史學系,6,5,1,4,0,0,1,1,0,0,0,0,0,6,5,1,6,5,1
107,公立,一般大學,0001,國立政治大學,02221021,台灣史研究所,8,5,3,1,0,3,2,1,1,0,0,0,0,8,5,3,8,5,3
107,公立,一般大學,0001,國立政治大學,02222031,民族學系,10,7,3,3,1,2,0,1,2,1,0,0,0,9,6,3,10,7,3
107,公立,一般大學,0001,國立政治大學,02231022,哲學系,6,6,0,4,0,0,0,0,0,2,0,0,0,4,4,0,6,6,0
107,公立,一般大學,0001,國立政治大學,02311009,英國語文學系,15,6,9,1,0,0,1,3,2,2,6,0,0,7,4,3,15,6,9
107,公立,一般大學,0001,國立政治大學,02311011,日本語文學系,22,4,18,1,1,1,1,0,3,2,13,0,0,7,2,5,22,4,18
107,公立,一般大學,0001,國立政治大學,02311012,阿拉伯語文學系,1,1,0,0,0,0,0,0,0,1,0,0,0,0,0,0,1,1,0
107,公立,一般大學,0001,國立政治大學,02311014,韓國語文學系,9,6,3,1,0,0,0,1,1,4,2,0,0,3,2,1,9,6,3
107,公立,一般大學,0001,國立政治大學,02311015,土耳其語文學系,1,1,0,0,0,1,0,0,0,0,0,0,0,1,1,0,1,1,0
107,公立,一般大學,0001,國立政治大學,02311016,歐洲語文學系,6,2,4,0,0,0,0,1,3,1,1,0,0,4,1,3,6,2,4
107,公立,一般大學,0001,國立政治大學,02311017,斯拉夫語文學系,5,2,3,1,0,0,1,0,1,1,1,0,0,3,1,2,5,2,3
107,公立,一般大學,0001,國立政治大學,02311087,東南亞語言與文化學士學位學程,1,1,0,0,0,0,0,0,0,1,0,0,0,0,0,0,1,1,0
107,公立,一般大學,0001,國立政治大學,02321007,台灣文學研究所,3,3,0,2,0,1,0,0,0,0,0,0,0,3,3,0,3,3,0
107,公立,一般大學,0001,國立政治大學,02322008,中國文學系,26,20,6,8,2,0,2,1,0,11,2,0,0,13,9,4,26,20,6
107,公立,一般大學,0001,國立政治大學,02323002,華語文教學碩士學位學程,8,4,4,1,0,1,1,0,1,2,2,0,0,4,2,2,8,4,4
107,公立,一般大學,0001,國立政治大學,03111024,經濟學系,8,8,0,7,0,1,0,0,0,0,0,0,0,8,8,0,8,8,0
107,公立,一般大學,0001,國立政治大學,03121026,政治學系,7,5,2,3,0,2,1,0,1,0,0,0,0,7,5,2,7,5,2
107,公立,一般大學,0001,國立政治大學,03122045,外交學系,1,1,0,0,0,1,0,0,0,0,0,0,0,1,1,0,1,1,0
107,公立,一般大學,0001,國立政治大學,03122Y18,國際事務學院,19,16,3,10,1,3,1,3,1,0,0,0,0,19,16,3,19,16,3
107,公立,一般大學,0001,國立政治大學,03131032,心理學系,19,15,4,6,2,1,0,5,1,3,1,0,0,15,12,3,19,15,4
107,公立,一般大學,0001,國立政治大學,03141030,社會學系,4,2,2,0,1,1,0,1,1,0,0,0,0,4,2,2,4,2,2
107,公立,一般大學,0001,國立政治大學,03143036,日本研究碩士學位學程,2,1,1,1,0,0,1,0,0,0,0,0,0,2,1,1,2,1,1
107,公立,一般大學,0001,國立政治大學,03143040,亞太研究英語博士學位學程,2,2,0,2,0,0,0,0,0,0,0,0,0,2,2,0,2,2,0
107,公立,一般大學,0001,國立政治大學,03143040,亞太研究英語碩士學位學程,1,1,0,1,0,0,0,0,0,0,0,0,0,1,1,0,1,1,0
107,公立,一般大學,0001,國立政治大學,03143043,地政學系,4,4,0,3,0,1,0,0,0,0,0,0,0,4,4,0,4,4,0
107,公立,一般大學,0001,國立政治大學,03191047,國家發展研究所,2,2,0,2,0,0,0,0,0,0,0,0,0,2,2,0,2,2,0
107,公立,一般大學,0001,國立政治大學,03199048,勞工研究所,1,1,0,0,0,1,0,0,0,0,0,0,0,1,1,0,1,1,0
107,公立,一般大學,0001,國立政治大學,03199Y20,社會科學學院,2,2,0,1,0,1,0,0,0,0,0,0,0,2,2,0,2,2,0
107,公立,一般大學,0001,國立政治大學,03211050,國際傳播英語碩士學位學程,1,0,1,0,0,0,1,0,0,0,0,0,0,1,0,1,1,0,1
107,公立,一般大學,0001,國立政治大學,03213052,廣播電視學系,2,2,0,0,0,0,0,1,0,1,0,0,0,1,1,0,2,2,0
107,公立,一般大學,0001,國立政治大學,03214051,新聞學系,4,2,2,0,2,1,0,0,0,1,0,0,0,3,1,2,4,2,2
107,公立,一般大學,0001,國立政治大學,03222054,圖書資訊與檔案學研究所,2,2,0,1,0,0,0,1,0,0,0,0,0,2,2,0,2,2,0
107,公立,一般大學,0001,國立政治大學,03299Y22,傳播學院,26,19,7,4,0,2,2,9,5,4,0,0,0,22,15,7,26,19,7
107,公立,一般大學,0001,國立政治大學,04111059,會計學系,24,19,5,11,1,7,1,0,1,1,2,0,0,21,18,3,24,19,5
107,公立,一般大學,0001,國立政治大學,04121065,財務管理學系,12,9,3,8,2,1,1,0,0,0,0,0,0,12,9,3,12,9,3
107,公立,一般大學,0001,國立政治大學,04121068,金融學系,3,3,0,3,0,0,0,0,0,0,0,0,0,3,3,0,3,3,0
107,公立,一般大學,0001,國立政治大學,04122070,財政學系,5,4,1,3,0,0,0,0,0,1,1,0,0,3,3,0,5,4,1
107,公立,一般大學,0001,國立政治大學,04123069,風險管理與保險學系,3,2,1,2,1,0,0,0,0,0,0,0,0,3,2,1,3,2,1
107,公立,一般大學,0001,國立政治大學,04131060,企業管理研究所(MBA學位學程),2,2,0,0,0,1,0,1,0,0,0,0,0,2,2,0,2,2,0
107,公立,一般大學,0001,國立政治大學,04131060,企業管理學系,13,7,6,2,1,0,1,1,0,4,4,0,0,5,3,2,13,7,6
107,公立,一般大學,0001,國立政治大學,04131064,國際經營管理英語碩士學位學程,7,6,1,3,1,1,0,2,0,0,0,0,0,7,6,1,7,6,1
107,公立,一般大學,0001,國立政治大學,04134041,公共行政學系,3,3,0,2,0,1,0,0,0,0,0,0,0,3,3,0,3,3,0
107,公立,一般大學,0001,國立政治大學,04134042,行政管理碩士學程,1,1,0,1,0,0,0,0,0,0,0,0,0,1,1,0,1,1,0
107,公立,一般大學,0001,國立政治大學,04141067,國際經營與貿易學系,7,5,2,3,0,2,1,0,0,0,1,0,0,6,5,1,7,5,2
107,公立,一般大學,0001,國立政治大學,04143055,廣告學系,4,3,1,0,0,0,0,0,1,3,0,0,0,1,0,1,4,3,1
107,公立,一般大學,0001,國立政治大學,04199072,科技管理與智慧財產研究所,7,6,1,5,0,1,0,0,1,0,0,0,0,7,6,1,7,6,1
107,公立,一般大學,0001,國立政治大學,04199Y27,商學院,7,6,1,0,1,6,0,0,0,0,0,0,0,7,6,1,7,6,1
107,公立,一般大學,0001,國立政治大學,04211073,法律學系,6,6,0,5,0,1,0,0,0,0,0,0,0,6,6,0,6,6,0
107,公立,一般大學,0001,國立政治大學,04299Y34,法學院,19,13,6,7,1,2,3,3,1,1,1,0,0,17,12,5,19,13,6
107,公立,一般大學,0001,國立政治大學,05199083,神經科學研究所,11,7,4,1,2,1,1,2,0,3,1,0,0,7,4,3,11,7,4
107,公立,一般大學,0001,國立政治大學,05331077,應用物理研究所,2,2,0,2,0,0,0,0,0,0,0,0,0,2,2,0,2,2,0
107,公立,一般大學,0001,國立政治大學,05399Y37,理學院,1,1,0,0,0,0,0,0,0,1,0,0,0,0,0,0,1,1,0
107,公立,一般大學,0001,國立政治大學,05411078,應用數學系,7,6,1,5,0,1,0,0,1,0,0,0,0,7,6,1,7,6,1
107,公立,一般大學,0001,國立政治大學,05421079,統計學系,2,2,0,2,0,0,0,0,0,0,0,0,0,2,2,0,2,2,0
107,公立,一般大學,0001,國立政治大學,06131080,資訊管理學系,7,7,0,4,0,0,0,1,0,2,0,0,0,5,5,0,7,7,0
107,公立,一般大學,0001,國立政治大學,06131081,資訊科學系,4,4,0,0,0,1,0,2,0,1,0,0,0,3,3,0,4,4,0
107,公立,一般大學,0001,國立政治大學,09231084,社會工作研究所,1,0,1,0,0,0,0,0,1,0,0,0,0,1,0,1,1,0,1
107,公立,一般大學,0001,國立政治大學,99999Z05,師資培育中心,2,1,1,0,1,1,0,0,0,0,0,0,0,2,1,1,2,1,1
107,公立,一般大學,0001,國立政治大學,99999Z07,體育室,15,12,3,1,0,5,0,1,2,5,1,0,0,9,7,2,15,12,3
107,公立,一般大學,0001,國立政治大學,99999Z08,外文中心,20,8,12,0,1,0,0,2,1,6,10,0,0,4,2,2,20,8,12
107,公立,一般大學,0001,國立政治大學,99999Z99,國際關係研究中心,6,5,1,5,0,0,0,0,1,0,0,0,0,6,5,1,6,5,1
107,公立,一般大學,0001,國立政治大學,99999Z99,選舉研究中心,3,3,0,1,0,1,0,1,0,0,0,0,0,3,3,0,3,3,0
107,公立,一般大學,0002,國立清華大學,01111112,竹師教育學院學士班,1,1,0,0,0,0,0,0,0,1,0,0,0,0,0,0,1,1,0
107,公立,一般大學,0002,國立清華大學,01113095,特殊教育學系,7,4,3,0,0,0,0,1,1,3,2,0,0,2,1,1,7,4,3
107,公立,一般大學,0002,國立清華大學,01121091,幼兒教育學系,9,3,6,0,0,0,1,1,2,2,3,0,0,4,1,3,9,3,6
107,公立,一般大學,0002,國立清華大學,01131084,教育與學習科技學系,18,11,7,0,0,3,0,4,3,4,4,0,0,10,7,3,18,11,7
107,公立,一般大學,0002,國立清華大學,01131085,數理教育研究所,3,2,1,0,0,1,0,1,1,0,0,0,0,3,2,1,3,2,1
107,公立,一般大學,0002,國立清華大學,01131105,英語教學系,7,2,5,0,0,0,0,0,1,2,4,0,0,1,0,1,7,2,5
107,公立,一般大學,0002,國立清華大學,01141090,體育學系,18,14,4,1,0,0,2,0,0,13,2,0,0,3,1,2,18,14,4
107,公立,一般大學,0002,國立清華大學,01199Y02,竹師教育學院,2,0,2,0,0,0,0,0,0,0,2,0,0,0,0,0,2,0,2
107,公立,一般大學,0002,國立清華大學,02131098,藝術與設計學系,27,16,11,1,1,1,0,2,3,12,7,0,0,8,4,4,27,16,11
107,公立,一般大學,0002,國立清華大學,02151096,音樂學系,72,19,53,1,1,4,7,11,23,3,22,0,0,47,16,31,72,19,53
107,公立,一般大學,0002,國立清華大學,02191113,藝術學院學士班,3,3,0,0,0,0,0,0,0,3,0,0,0,0,0,0,3,3,0
107,公立,一般大學,0002,國立清華大學,02221006,歷史研究所,6,3,3,1,1,0,1,2,1,0,0,0,0,6,3,3,6,3,3
107,公立,一般大學,0002,國立清華大學,02222007,人類學研究所,1,1,0,1,0,0,0,0,0,0,0,0,0,1,1,0,1,1,0
107,公立,一般大學,0002,國立清華大學,02299010,人文社會學院學士班,7,4,3,1,0,1,0,1,2,1,1,0,0,5,3,2,7,4,3
107,公立,一般大學,0002,國立清華大學,02311002,外國語文學系,28,9,19,0,1,1,1,2,7,6,10,0,0,12,3,9,28,9,19
107,公立,一般大學,0002,國立清華大學,02321001,台灣文學研究所,3,1,2,0,0,0,0,0,1,1,1,0,0,1,0,1,3,1,2
107,公立,一般大學,0002,國立清華大學,02322003,中國文學系,33,14,19,1,0,0,0,5,12,8,7,0,0,18,6,12,33,14,19
107,公立,一般大學,0002,國立清華大學,02323114,華文文學研究所,2,2,0,1,0,1,0,0,0,0,0,0,0,2,2,0,2,2,0
107,公立,一般大學,0002,國立清華大學,02399005,語言學研究所,1,1,0,1,0,0,0,0,0,0,0,0,0,1,1,0,1,1,0
107,公立,一般大學,0002,國立清華大學,03111011,經濟學系,10,6,4,1,0,0,1,0,0,5,3,0,0,2,1,1,10,6,4
107,公立,一般大學,0002,國立清華大學,03131077,教育心理與諮商學系,9,5,4,0,0,1,2,0,1,4,1,0,0,4,1,3,9,5,4
107,公立,一般大學,0002,國立清華大學,03141012,社會學研究所,4,2,2,0,0,0,0,2,2,0,0,0,0,4,2,2,4,2,2
107,公立,一般大學,0002,國立清華大學,04121020,計量財務金融學系,13,9,4,1,0,1,0,1,4,6,0,0,0,7,3,4,13,9,4
107,公立,一般大學,0002,國立清華大學,04199017,科技管理研究所,10,9,1,7,0,0,0,1,1,1,0,0,0,9,8,1,10,9,1
107,公立,一般大學,0002,國立清華大學,04199022,服務科學研究所,2,1,1,0,0,0,0,1,1,0,0,0,0,2,1,1,2,1,1
107,公立,一般大學,0002,國立清華大學,04212024,科技法律研究所,15,12,3,0,0,1,1,6,2,5,0,0,0,10,7,3,15,12,3
107,公立,一般大學,0002,國立清華大學,05121026,生物科技研究所,3,3,0,1,0,0,0,1,0,1,0,0,0,2,2,0,3,3,0
107,公立,一般大學,0002,國立清華大學,05124072,分子醫學研究所,1,1,0,1,0,0,0,0,0,0,0,0,0,1,1,0,1,1,0
107,公立,一般大學,0002,國立清華大學,05211102,環境與文化資源學系,3,3,0,0,0,0,0,2,0,1,0,0,0,2,2,0,3,3,0
107,公立,一般大學,0002,國立清華大學,05311037,化學系,5,5,0,5,0,0,0,0,0,0,0,0,0,5,5,0,5,5,0
107,公立,一般大學,0002,國立清華大學,05331038,物理學系,3,3,0,2,0,1,0,0,0,0,0,0,0,3,3,0,3,3,0
107,公立,一般大學,0002,國立清華大學,05399040,先進光源科技碩士學位學程,2,1,1,1,1,0,0,0,0,0,0,0,0,2,1,1,2,1,1
107,公立,一般大學,0002,國立清華大學,05411043,數學系,9,7,2,3,1,1,0,1,1,2,0,0,0,7,5,2,9,7,2
107,公立,一般大學,0002,國立清華大學,06131053,資訊工程學系,7,7,0,2,0,0,0,4,0,1,0,0,0,6,6,0,7,7,0
107,公立,一般大學,0002,國立清華大學,07111057,化學工程學系,2,2,0,1,0,1,0,0,0,0,0,0,0,2,2,0,2,2,0
107,公立,一般大學,0002,國立清華大學,07112058,材料科學工程學系,3,3,0,2,0,0,0,0,0,1,0,0,0,2,2,0,3,3,0
107,公立,一般大學,0002,國立清華大學,07131068,核子工程與科學研究所,4,3,1,1,0,1,1,1,0,0,0,0,0,4,3,1,4,3,1
107,公立,一般大學,0002,國立清華大學,07132066,工程與系統科學系,6,5,1,1,0,1,0,3,0,0,1,0,0,5,5,0,6,5,1
107,公立,一般大學,0002,國立清華大學,07141049,電機工程學系,4,3,1,1,1,2,0,0,0,0,0,0,0,4,3,1,4,3,1
107,公立,一般大學,0002,國立清華大學,07151056,動力機械工程學系,9,9,0,3,0,3,0,2,0,1,0,0,0,8,8,0,9,9,0
107,公立,一般大學,0002,國立清華大學,07191061,工業工程與工程管理學系,3,2,1,0,0,0,0,2,0,0,1,0,0,2,2,0,3,2,1
107,公立,一般大學,0002,國立清華大學,07193063,生醫工程與環境科學系,5,3,2,2,1,1,0,0,1,0,0,0,0,5,3,2,5,3,2
107,公立,一般大學,0002,國立清華大學,07194059,奈米工程與微系統研究所,1,1,0,0,0,1,0,0,0,0,0,0,0,1,1,0,1,1,0
107,公立,一般大學,0002,國立清華大學,99999074,跨院國際博士班學位學程,1,0,1,0,0,0,0,0,1,0,0,0,0,1,0,1,1,0,1
107,公立,一般大學,0002,國立清華大學,99999075,清華學院學士班,4,4,0,0,0,0,0,2,0,2,0,0,0,2,2,0,4,4,0
107,公立,一般大學,0002,國立清華大學,99999Z01,通識教育中心,58,41,17,6,1,1,2,17,6,17,8,0,0,33,24,9,58,41,17
107,公立,一般大學,0002,國立清華大學,99999Z05,師資培育中心,34,17,17,4,0,1,3,1,6,11,8,0,0,15,6,9,34,17,17
107,公立,一般大學,0002,國立清華大學,99999Z07,體育室,31,20,11,1,0,1,2,3,1,15,8,0,0,8,5,3,31,20,11
107,公立,一般大學,0002,國立清華大學,99999Z08,華語中心,12,5,7,0,0,0,1,0,0,5,6,0,0,1,0,1,12,5,7
107,公立,一般大學,0002,國立清華大學,99999Z08,語言中心,35,9,26,0,0,0,0,1,2,8,24,0,0,3,1,2,35,9,26
107,公立,一般大學,0003,國立臺灣大學,01131001,華語教學碩士學位學程,26,0,26,0,0,0,0,0,0,0,26,0,0,0,0,0,26,0,26
107,公立,一般大學,0003,國立臺灣大學,02151002,音樂學研究所,4,2,2,0,0,1,0,1,1,0,1,0,0,3,2,1,4,2,2
107,公立,一般大學,0003,國立臺灣大學,02152003,戲劇學系,16,9,7,1,1,1,2,1,1,6,3,0,0,7,3,4,16,9,7
107,公立,一般大學,0003,國立臺灣大學,02191004,藝術史研究所,4,1,3,0,3,1,0,0,0,0,0,0,0,4,1,3,4,1,3
107,公立,一般大學,0003,國立臺灣大學,02221012,歷史學系,17,12,5,10,1,1,1,1,2,0,1,0,0,16,12,4,17,12,5
107,公立,一般大學,0003,國立臺灣大學,02222013,人類學系,8,6,2,1,0,3,1,1,1,1,0,0,0,7,5,2,8,6,2
107,公立,一般大學,0003,國立臺灣大學,02231014,哲學系,4,4,0,4,0,0,0,0,0,0,0,0,0,4,4,0,4,4,0
107,公立,一般大學,0003,國立臺灣大學,02299Y15,文學院,7,2,5,0,0,0,0,0,2,2,3,0,0,2,0,2,7,2,5
107,公立,一般大學,0003,國立臺灣大學,02311007,外國語文學系,35,13,22,1,0,0,1,7,6,5,15,0,0,15,8,7,35,13,22
107,公立,一般大學,0003,國立臺灣大學,02311009,日本語文學系,24,5,19,3,1,0,0,0,0,2,18,0,0,4,3,1,24,5,19
107,公立,一般大學,0003,國立臺灣大學,02312010,翻譯碩士學位學程,7,1,6,0,0,0,0,0,2,1,4,0,0,2,0,2,7,1,6
107,公立,一般大學,0003,國立臺灣大學,02321005,臺灣文學研究所,1,1,0,1,0,0,0,0,0,0,0,0,0,1,1,0,1,1,0
107,公立,一般大學,0003,國立臺灣大學,02322006,中國文學系,32,16,16,5,2,2,3,8,9,1,2,0,0,29,15,14,32,16,16
107,公立,一般大學,0003,國立臺灣大學,03111015,經濟學系,11,9,2,8,1,1,0,0,0,0,1,0,0,10,9,1,11,9,2
107,公立,一般大學,0003,國立臺灣大學,03121016,政治學系,7,7,0,3,0,1,0,2,0,1,0,0,0,6,6,0,7,7,0
107,公立,一般大學,0003,國立臺灣大學,03131019,心理學系,10,7,3,6,1,0,1,1,1,0,0,0,0,10,7,3,10,7,3
107,公立,一般大學,0003,國立臺灣大學,03141018,社會學系,3,3,0,2,0,1,0,0,0,0,0,0,0,3,3,0,3,3,0
107,公立,一般大學,0003,國立臺灣大學,03142021,地理環境資源學系,3,2,1,2,0,0,0,0,1,0,0,0,0,3,2,1,3,2,1
107,公立,一般大學,0003,國立臺灣大學,03191023,國家發展研究所,7,6,1,5,0,0,0,0,1,1,0,0,0,6,5,1,7,6,1
107,公立,一般大學,0003,國立臺灣大學,03212024,新聞研究所,10,8,2,1,0,5,0,2,2,0,0,0,0,10,8,2,10,8,2
107,公立,一般大學,0003,國立臺灣大學,03222025,圖書資訊學系,4,0,4,0,2,0,2,0,0,0,0,0,0,4,0,4,4,0,4
107,公立,一般大學,0003,國立臺灣大學,04111027,會計學系,9,8,1,5,1,1,0,1,0,1,0,0,0,8,7,1,9,8,1
107,公立,一般大學,0003,國立臺灣大學,04121032,財務金融學系,12,9,3,6,3,1,0,1,0,1,0,0,0,11,8,3,12,9,3
107,公立,一般大學,0003,國立臺灣大學,04131028,管理學院企業管理碩士專班,5,5,0,2,0,1,0,2,0,0,0,0,0,5,5,0,5,5,0
107,公立,一般大學,0003,國立臺灣大學,04131029,工商管理學系,8,8,0,3,0,3,0,1,0,1,0,0,0,7,7,0,8,8,0
107,公立,一般大學,0003,國立臺灣大學,04131031,國際企業學系,10,6,4,2,0,1,2,2,1,1,1,0,0,8,5,3,10,6,4
107,公立,一般大學,0003,國立臺灣大學,04134022,公共事務研究所,1,1,0,0,0,1,0,0,0,0,0,0,0,1,1,0,1,1,0
107,公立,一般大學,0003,國立臺灣大學,04199148,管理學院創業創新管理碩士在職專班,1,1,0,1,0,0,0,0,0,0,0,0,0,1,1,0,1,1,0
107,公立,一般大學,0003,國立臺灣大學,04211035,法律學系,17,16,1,15,1,0,0,1,0,0,0,0,0,17,16,1,17,16,1
107,公立,一般大學,0003,國立臺灣大學,04212036,科際整合法律學研究所,1,1,0,1,0,0,0,0,0,0,0,0,0,1,1,0,1,1,0
107,公立,一般大學,0003,國立臺灣大學,05111038,生命科學系,6,4,2,2,1,2,1,0,0,0,0,0,0,6,4,2,6,4,2
107,公立,一般大學,0003,國立臺灣大學,05111040,植物科學研究所,2,2,0,2,0,0,0,0,0,0,0,0,0,2,2,0,2,2,0
107,公立,一般大學,0003,國立臺灣大學,05111041,昆蟲學系,2,2,0,2,0,0,0,0,0,0,0,0,0,2,2,0,2,2,0
107,公立,一般大學,0003,國立臺灣大學,05121044,生物科技研究所,2,2,0,0,0,2,0,0,0,0,0,0,0,2,2,0,2,2,0
107,公立,一般大學,0003,國立臺灣大學,05121045,生化科學研究所,23,19,4,11,1,2,2,5,1,1,0,0,0,22,18,4,23,19,4
107,公立,一般大學,0003,國立臺灣大學,05121046,分子與細胞生物學研究所,10,7,3,4,2,1,1,2,0,0,0,0,0,10,7,3,10,7,3
107,公立,一般大學,0003,國立臺灣大學,05121047,基因體與系統生物學學位學程,21,16,5,6,2,6,2,4,1,0,0,0,0,21,16,5,21,16,5
107,公立,一般大學,0003,國立臺灣大學,05121151,生化科技學系,9,6,3,5,2,1,1,0,0,0,0,0,0,9,6,3,9,6,3
107,公立,一般大學,0003,國立臺灣大學,05123050,生物化學暨分子生物學研究所,4,2,2,2,1,0,0,0,1,0,0,0,0,4,2,2,4,2,2
107,公立,一般大學,0003,國立臺灣大學,05212043,生態學與演化生物學研究所,4,2,2,2,1,0,1,0,0,0,0,0,0,4,2,2,4,2,2
107,公立,一般大學,0003,國立臺灣大學,05311051,化學系,7,5,2,5,1,0,0,0,1,0,0,0,0,7,5,2,7,5,2
107,公立,一般大學,0003,國立臺灣大學,05321052,地質科學系,5,4,1,3,0,1,0,0,1,0,0,0,0,5,4,1,5,4,1
107,公立,一般大學,0003,國立臺灣大學,05321053,氣候變遷與永續發展國際碩士學位學程,3,3,0,0,0,2,0,1,0,0,0,0,0,3,3,0,3,3,0
107,公立,一般大學,0003,國立臺灣大學,05322056,大氣科學系,1,1,0,1,0,0,0,0,0,0,0,0,0,1,1,0,1,1,0
107,公立,一般大學,0003,國立臺灣大學,05323057,海洋研究所,6,6,0,4,0,1,0,1,0,0,0,0,0,6,6,0,6,6,0
107,公立,一般大學,0003,國立臺灣大學,05331054,物理學系,11,11,0,10,0,1,0,0,0,0,0,0,0,11,11,0,11,11,0
107,公立,一般大學,0003,國立臺灣大學,05411059,數學系,24,22,2,12,1,2,0,8,1,0,0,0,0,24,22,2,24,22,2
107,公立,一般大學,0003,國立臺灣大學,06131062,資訊管理學系,6,6,0,0,0,3,0,2,0,1,0,0,0,5,5,0,6,6,0
107,公立,一般大學,0003,國立臺灣大學,06131063,資訊網路與多媒體研究所,2,2,0,1,0,0,0,1,0,0,0,0,0,2,2,0,2,2,0
107,公立,一般大學,0003,國立臺灣大學,06131067,資訊工程學系,7,7,0,5,0,2,0,0,0,0,0,0,0,7,7,0,7,7,0
107,公立,一般大學,0003,國立臺灣大學,06131158,資料科學博士學位學程,2,1,1,1,1,0,0,0,0,0,0,0,0,2,1,1,2,1,1
107,公立,一般大學,0003,國立臺灣大學,07111076,化學工程學系,4,3,1,3,1,0,0,0,0,0,0,0,0,4,3,1,4,3,1
107,公立,一般大學,0003,國立臺灣大學,07112078,材料科學與工程學系,3,3,0,2,0,1,0,0,0,0,0,0,0,3,3,0,3,3,0
107,公立,一般大學,0003,國立臺灣大學,07121080,環境工程學研究所,9,8,1,7,0,1,0,0,1,0,0,0,0,9,8,1,9,8,1
107,公立,一般大學,0003,國立臺灣大學,07141064,電機工程學系,7,6,1,6,1,0,0,0,0,0,0,0,0,7,6,1,7,6,1
107,公立,一般大學,0003,國立臺灣大學,07141065,電子工程學研究所,10,10,0,9,0,1,0,0,0,0,0,0,0,10,10,0,10,10,0
107,公立,一般大學,0003,國立臺灣大學,07141068,電信工程學研究所,6,6,0,5,0,1,0,0,0,0,0,0,0,6,6,0,6,6,0
107,公立,一般大學,0003,國立臺灣大學,07151069,機械工程學系,1,1,0,0,0,1,0,0,0,0,0,0,0,1,1,0,1,1,0
107,公立,一般大學,0003,國立臺灣大學,07151082,工程科學及海洋工程學系,3,3,0,1,0,1,0,1,0,0,0,0,0,3,3,0,3,3,0
107,公立,一般大學,0003,國立臺灣大學,07193081,生醫電子與資訊學研究所,3,3,0,1,0,1,0,1,0,0,0,0,0,3,3,0,3,3,0
107,公立,一般大學,0003,國立臺灣大學,07194071,應用力學研究所,1,1,0,0,0,1,0,0,0,0,0,0,0,1,1,0,1,1,0
107,公立,一般大學,0003,國立臺灣大學,07211099,食品科技研究所,5,3,2,2,1,0,0,1,1,0,0,0,0,5,3,2,5,3,2
107,公立,一般大學,0003,國立臺灣大學,07313086,建築與城鄉研究所,2,2,0,1,0,0,0,0,0,1,0,0,0,1,1,0,2,2,0
107,公立,一般大學,0003,國立臺灣大學,07321074,土木工程學系,8,8,0,3,0,3,0,1,0,1,0,0,0,7,7,0,8,8,0
107,公立,一般大學,0003,國立臺灣大學,08111087,農藝學系,12,9,3,4,3,2,0,1,0,2,0,0,0,10,7,3,12,9,3
107,公立,一般大學,0003,國立臺灣大學,08112089,動物科學技術學系,1,1,0,0,0,0,0,1,0,0,0,0,0,1,1,0,1,1,0
107,公立,一般大學,0003,國立臺灣大學,08121091,園藝暨景觀學系,9,9,0,4,0,2,0,1,0,2,0,0,0,7,7,0,9,9,0
107,公立,一般大學,0003,國立臺灣大學,08191100,農業化學系,3,3,0,2,0,1,0,0,0,0,0,0,0,3,3,0,3,3,0
107,公立,一般大學,0003,國立臺灣大學,08193096,農業經濟學系,5,3,2,0,2,3,0,0,0,0,0,0,0,5,3,2,5,3,2
107,公立,一般大學,0003,國立臺灣大學,08193098,生物產業傳播暨發展學系,4,2,2,1,0,0,0,0,1,1,1,0,0,2,1,1,4,2,2
107,公立,一般大學,0003,國立臺灣大學,08194094,植物病理與微生物學系,2,0,2,0,2,0,0,0,0,0,0,0,0,2,0,2,2,0,2
107,公立,一般大學,0003,國立臺灣大學,08194095,植物醫學碩士學位學程,2,2,0,2,0,0,0,0,0,0,0,0,0,2,2,0,2,2,0
107,公立,一般大學,0003,國立臺灣大學,08211102,森林環境暨資源學系,2,1,1,0,0,1,0,0,1,0,0,0,0,2,1,1,2,1,1
107,公立,一般大學,0003,國立臺灣大學,08311103,漁業科學研究所,5,5,0,4,0,1,0,0,0,0,0,0,0,5,5,0,5,5,0
107,公立,一般大學,0003,國立臺灣大學,08411104,獸醫學系,5,4,1,2,0,1,0,1,1,0,0,0,0,5,4,1,5,4,1
107,公立,一般大學,0003,國立臺灣大學,08411105,臨床動物醫學研究所,3,2,1,1,0,0,0,0,1,1,0,0,0,2,1,1,3,2,1
107,公立,一般大學,0003,國立臺灣大學,08411106,分子暨比較病理生物學研究所,1,0,1,0,0,0,0,0,1,0,0,0,0,1,0,1,1,0,1
107,公立,一般大學,0003,國立臺灣大學,09111137,牙醫學系,22,17,5,0,0,6,0,4,2,7,3,0,0,12,10,2,22,17,5
107,公立,一般大學,0003,國立臺灣大學,09111138,臨床牙醫學研究所,2,1,1,0,0,0,0,1,1,0,0,0,0,2,1,1,2,1,1
107,公立,一般大學,0003,國立臺灣大學,09111139,口腔生物科學研究所,2,1,1,1,0,0,0,0,1,0,0,0,0,2,1,1,2,1,1
107,公立,一般大學,0003,國立臺灣大學,09121048,微生物學研究所,3,2,1,1,0,1,1,0,0,0,0,0,0,3,2,1,3,2,1
107,公立,一般大學,0003,國立臺灣大學,09121107,醫學系,522,429,93,49,3,76,19,161,31,143,40,0,0,339,286,53,522,429,93
107,公立,一般大學,0003,國立臺灣大學,09121108,臨床醫學研究所,6,5,1,1,0,3,1,1,0,0,0,0,0,6,5,1,6,5,1
107,公立,一般大學,0003,國立臺灣大學,09121109,分子醫學研究所,9,5,4,5,4,0,0,0,0,0,0,0,0,9,5,4,9,5,4
107,公立,一般大學,0003,國立臺灣大學,09121110,免疫學研究所,5,3,2,3,2,0,0,0,0,0,0,0,0,5,3,2,5,3,2
107,公立,一般大學,0003,國立臺灣大學,09121111,生理學研究所,2,2,0,2,0,0,0,0,0,0,0,0,0,2,2,0,2,2,0
107,公立,一般大學,0003,國立臺灣大學,09121112,病理學研究所,1,1,0,1,0,0,0,0,0,0,0,0,0,1,1,0,1,1,0
107,公立,一般大學,0003,國立臺灣大學,09121114,解剖學暨細胞生物學研究所,2,2,0,2,0,0,0,0,0,0,0,0,0,2,2,0,2,2,0
107,公立,一般大學,0003,國立臺灣大學,09121118,腫瘤醫學研究所,9,8,1,3,0,0,0,4,1,1,0,0,0,8,7,1,9,8,1
107,公立,一般大學,0003,國立臺灣大學,09121120,基因體暨蛋白體醫學研究所,1,1,0,0,0,0,0,1,0,0,0,0,0,1,1,0,1,1,0
107,公立,一般大學,0003,國立臺灣大學,09121121,醫學教育暨生醫倫理研究所,5,4,1,0,0,1,0,3,0,0,1,0,0,4,4,0,5,4,1
107,公立,一般大學,0003,國立臺灣大學,09121130,藥理學研究所,3,1,2,1,2,0,0,0,0,0,0,0,0,3,1,2,3,1,2
107,公立,一般大學,0003,國立臺灣大學,09121140,法醫學研究所,9,8,1,2,1,5,0,0,0,1,0,0,0,8,7,1,9,8,1
107,公立,一般大學,0003,國立臺灣大學,09131134,護理學系,7,0,7,0,1,0,3,0,2,0,1,0,0,6,0,6,7,0,7
107,公立,一般大學,0003,國立臺灣大學,09141136,醫學檢驗暨生物技術學系,5,4,1,3,0,1,0,0,0,0,1,0,0,4,4,0,5,4,1
107,公立,一般大學,0003,國立臺灣大學,09141143,醫療器材與醫學影像研究所,1,1,0,1,0,0,0,0,0,0,0,0,0,1,1,0,1,1,0
107,公立,一般大學,0003,國立臺灣大學,09151132,物理治療學系,8,1,7,0,1,0,3,1,1,0,2,0,0,6,1,5,8,1,7
107,公立,一般大學,0003,國立臺灣大學,09152133,職能治療學系,4,1,3,0,0,0,1,0,0,1,2,0,0,1,0,1,4,1,3
107,公立,一般大學,0003,國立臺灣大學,09161129,藥學系,12,5,7,3,2,1,0,0,3,1,2,0,0,9,4,5,12,5,7
107,公立,一般大學,0003,國立臺灣大學,09161131,臨床藥學研究所,2,1,1,0,1,0,0,0,0,1,0,0,0,1,0,1,2,1,1
107,公立,一般大學,0003,國立臺灣大學,09191122,公共衛生碩士學位學程,2,1,1,0,0,0,0,1,1,0,0,0,0,2,1,1,2,1,1
107,公立,一般大學,0003,國立臺灣大學,09191122,公共衛生學系,3,3,0,0,0,2,0,0,0,1,0,0,0,2,2,0,3,3,0
107,公立,一般大學,0003,國立臺灣大學,09191123,職業醫學與工業衛生研究所,6,5,1,2,0,1,1,2,0,0,0,0,0,6,5,1,6,5,1
107,公立,一般大學,0003,國立臺灣大學,09191125,環境衛生研究所,1,1,0,0,0,1,0,0,0,0,0,0,0,1,1,0,1,1,0
107,公立,一般大學,0003,國立臺灣大學,09191126,流行病學與預防醫學研究所,9,5,4,2,0,1,1,2,3,0,0,0,0,9,5,4,9,5,4
107,公立,一般大學,0003,國立臺灣大學,09191127,健康政策與管理研究所,7,4,3,3,2,1,1,0,0,0,0,0,0,7,4,3,7,4,3
107,公立,一般大學,0003,國立臺灣大學,09191128,健康行為與社區科學研究所,1,1,0,0,0,1,0,0,0,0,0,0,0,1,1,0,1,1,0
107,公立,一般大學,0003,國立臺灣大學,09199141,毒理學研究所,2,2,0,1,0,1,0,0,0,0,0,0,0,2,2,0,2,2,0
107,公立,一般大學,0003,國立臺灣大學,09231144,社會工作學系,3,1,2,1,0,0,0,0,2,0,0,0,0,3,1,2,3,1,2
107,公立,一般大學,0003,國立臺灣大學,10152145,運動設施與健康管理碩士學位學程,2,1,1,0,0,1,1,0,0,0,0,0,0,2,1,1,2,1,1
107,公立,一般大學,0003,國立臺灣大學,99999Z01,共同教育中心,50,38,12,7,1,8,2,11,7,12,2,0,0,36,26,10,50,38,12
107,公立,一般大學,0004,國立臺灣師範大學,01111001,教育學系,13,10,3,5,1,1,0,4,2,0,0,0,0,13,10,3,13,10,3
107,公立,一般大學,0004,國立臺灣師範大學,01113018,特殊教育學系,10,5,5,0,2,2,2,2,1,1,0,0,0,9,4,5,10,5,5
107,公立,一般大學,0004,國立臺灣師範大學,01116014,資訊教育研究所,1,1,0,1,0,0,0,0,0,0,0,0,0,1,1,0,1,1,0
107,公立,一般大學,0004,國立臺灣師範大學,01131004,公民教育與活動領導學系,9,4,5,1,0,1,1,1,0,1,4,0,0,4,3,1,9,4,5
107,公立,一般大學,0004,國立臺灣師範大學,01131009,社會教育學系,6,3,3,1,2,0,1,1,0,1,0,0,0,5,2,3,6,3,3
107,公立,一般大學,0004,國立臺灣師範大學,01131017,健康促進與衛生教育學系,6,3,3,1,3,2,0,0,0,0,0,0,0,6,3,3,6,3,3
107,公立,一般大學,0004,國立臺灣師範大學,01141007,人類發展與家庭學系,9,3,6,0,1,0,0,2,2,1,3,0,0,5,2,3,9,3,6
107,公立,一般大學,0004,國立臺灣師範大學,01141010,工業教育學系,11,11,0,2,0,3,0,6,0,0,0,0,0,11,11,0,11,11,0
107,公立,一般大學,0004,國立臺灣師範大學,01141013,環境教育研究所,1,1,0,0,0,1,0,0,0,0,0,0,0,1,1,0,1,1,0
107,公立,一般大學,0004,國立臺灣師範大學,01141015,體育學系,10,7,3,4,2,1,1,1,0,1,0,0,0,9,6,3,10,7,3
107,公立,一般大學,0004,國立臺灣師範大學,01199022,科技應用與人力資源發展學系,7,6,1,1,0,0,1,2,0,3,0,0,0,4,3,1,7,6,1
107,公立,一般大學,0004,國立臺灣師範大學,01199Y03,教育學院,1,0,1,0,1,0,0,0,0,0,0,0,0,1,0,1,1,0,1
107,公立,一般大學,0004,國立臺灣師範大學,02112037,設計學系,18,17,1,2,0,0,0,3,0,12,1,0,0,5,5,0,18,17,1
107,公立,一般大學,0004,國立臺灣師範大學,02131023,美術學系,38,30,8,15,1,5,2,8,4,2,1,0,0,35,28,7,38,30,8
107,公立,一般大學,0004,國立臺灣師範大學,02151024,音樂學系,76,34,42,7,12,11,7,9,17,7,6,0,0,63,27,36,76,34,42
107,公立,一般大學,0004,國立臺灣師範大學,02151025,民族音樂研究所,6,5,1,3,0,1,0,1,1,0,0,0,0,6,5,1,6,5,1
107,公立,一般大學,0004,國立臺灣師範大學,02152027,表演藝術研究所,13,5,8,0,1,0,1,2,4,3,2,0,0,8,2,6,13,5,8
107,公立,一般大學,0004,國立臺灣師範大學,02191026,藝術史研究所,3,0,3,0,0,0,2,0,1,0,0,0,0,3,0,3,3,0,3
107,公立,一般大學,0004,國立臺灣師範大學,02199Y06,音樂學院,3,2,1,0,0,0,0,2,1,0,0,0,0,3,2,1,3,2,1
107,公立,一般大學,0004,國立臺灣師範大學,02199Y09,藝術學院,1,1,0,1,0,0,0,0,0,0,0,0,0,1,1,0,1,1,0
107,公立,一般大學,0004,國立臺灣師範大學,02221035,歷史學系,8,6,2,4,2,2,0,0,0,0,0,0,0,8,6,2,8,6,2
107,公立,一般大學,0004,國立臺灣師範大學,02221036,臺灣史研究所,3,3,0,1,0,2,0,0,0,0,0,0,0,3,3,0,3,3,0
107,公立,一般大學,0004,國立臺灣師範大學,02299045,歐洲文化與觀光研究所,4,3,1,0,0,1,0,2,1,0,0,0,0,4,3,1,4,3,1
107,公立,一般大學,0004,國立臺灣師範大學,02299Y15,文學院,12,9,3,0,0,4,1,1,0,4,2,0,0,6,5,1,12,9,3
107,公立,一般大學,0004,國立臺灣師範大學,02311033,英語學系,8,2,6,0,0,1,0,0,0,1,6,0,0,1,1,0,8,2,6
107,公立,一般大學,0004,國立臺灣師範大學,02312034,翻譯研究所,8,7,1,2,0,2,0,2,1,1,0,0,0,7,6,1,8,7,1
107,公立,一般大學,0004,國立臺灣師範大學,02313005,華語文教學系,4,2,2,0,0,0,0,0,0,2,2,0,0,0,0,0,4,2,2
107,公立,一般大學,0004,國立臺灣師範大學,02321028,臺灣語文學系,3,2,1,0,0,0,1,2,0,0,0,0,0,3,2,1,3,2,1
107,公立,一般大學,0004,國立臺灣師範大學,02322029,國文學系,9,4,5,3,1,0,3,0,0,1,1,0,0,7,3,4,9,4,5
107,公立,一般大學,0004,國立臺灣師範大學,03131003,教育心理與輔導學系,20,13,7,6,5,4,0,3,2,0,0,0,0,20,13,7,20,13,7
107,公立,一般大學,0004,國立臺灣師範大學,03142041,地理學系,6,4,2,1,0,2,1,1,1,0,0,0,0,6,4,2,6,4,2
107,公立,一般大學,0004,國立臺灣師範大學,03143042,東亞學系,5,2,3,1,0,1,0,0,2,0,1,0,0,4,2,2,5,2,3
107,公立,一般大學,0004,國立臺灣師範大學,03199Y21,國際與社會科學學院,1,0,1,0,0,0,0,0,1,0,0,0,0,1,0,1,1,0,1
107,公立,一般大學,0004,國立臺灣師範大學,03211048,大眾傳播研究所,1,1,0,1,0,0,0,0,0,0,0,0,0,1,1,0,1,1,0
107,公立,一般大學,0004,國立臺灣師範大學,03214050,圖文傳播學系,15,10,5,2,0,2,2,0,0,6,3,0,0,6,4,2,15,10,5
107,公立,一般大學,0004,國立臺灣師範大學,03222049,圖書資訊學研究所,1,0,1,0,1,0,0,0,0,0,0,0,0,1,0,1,1,0,1
107,公立,一般大學,0004,國立臺灣師範大學,04131047,全球經營與策略研究所,1,1,0,0,0,1,0,0,0,0,0,0,0,1,1,0,1,1,0
107,公立,一般大學,0004,國立臺灣師範大學,04131051,企業管理學系,3,2,1,0,1,0,0,0,0,2,0,0,0,1,0,1,3,2,1
107,公立,一般大學,0004,國立臺灣師範大學,04131052,管理研究所,2,1,1,0,0,0,0,0,1,1,0,0,0,1,0,1,2,1,1
107,公立,一般大學,0004,國立臺灣師範大學,04191054,國際人力資源發展研究所,2,2,0,1,0,1,0,0,0,0,0,0,0,2,2,0,2,2,0
107,公立,一般大學,0004,國立臺灣師範大學,04199Y31,管理學院,3,3,0,3,0,0,0,0,0,0,0,0,0,3,3,0,3,3,0
107,公立,一般大學,0004,國立臺灣師範大學,05111056,生命科學系,34,30,4,10,2,14,2,6,0,0,0,0,0,34,30,4,34,30,4
107,公立,一般大學,0004,國立臺灣師範大學,05311059,化學系,4,4,0,3,0,1,0,0,0,0,0,0,0,4,4,0,4,4,0
107,公立,一般大學,0004,國立臺灣師範大學,05321060,地球科學系,3,2,1,2,0,0,1,0,0,0,0,0,0,3,2,1,3,2,1
107,公立,一般大學,0004,國立臺灣師範大學,05411062,數學系,10,10,0,7,0,1,0,2,0,0,0,0,0,10,10,0,10,10,0
107,公立,一般大學,0004,國立臺灣師範大學,06131065,資訊工程學系,4,4,0,4,0,0,0,0,0,0,0,0,0,4,4,0,4,4,0
107,公立,一般大學,0004,國立臺灣師範大學,07141063,電機工程學系,3,3,0,2,0,1,0,0,0,0,0,0,0,3,3,0,3,3,0
107,公立,一般大學,0004,國立臺灣師範大學,07141064,光電科技研究所,3,3,0,1,0,1,0,1,0,0,0,0,0,3,3,0,3,3,0
107,公立,一般大學,0004,國立臺灣師範大學,07151068,機電工程學系,2,2,0,0,0,1,0,1,0,0,0,0,0,2,2,0,2,2,0
107,公立,一般大學,0004,國立臺灣師範大學,10141074,運動競技學系,6,2,4,0,0,0,0,0,0,2,4,0,0,0,0,0,6,2,4
107,公立,一般大學,0004,國立臺灣師範大學,10152076,運動與休閒學院,2,2,0,1,0,1,0,0,0,0,0,0,0,2,2,0,2,2,0
107,公立,一般大學,0004,國立臺灣師範大學,10152077,運動休閒與餐旅管理研究所,1,1,0,1,0,0,0,0,0,0,0,0,0,1,1,0,1,1,0
107,公立,一般大學,0004,國立臺灣師範大學,99999078,管理學院國際時尚高階管理碩士在職專班,7,4,3,4,3,0,0,0,0,0,0,0,0,7,4,3,7,4,3
107,公立,一般大學,0004,國立臺灣師範大學,99999Y43,師資培育學院,13,5,8,1,0,2,2,1,6,1,0,0,0,12,4,8,13,5,8
107,公立,一般大學,0004,國立臺灣師範大學,99999Z99,教務處,107,57,50,7,0,5,5,14,17,31,28,0,0,48,26,22,107,57,50
107,公立,一般大學,0005,國立成功大學,01111103,教育研究所,5,4,1,4,1,0,0,0,0,0,0,0,0,5,4,1,5,4,1
107,公立,一般大學,0005,國立成功大學,02122112,創意產業設計研究所,2,1,1,0,0,1,0,0,1,0,0,0,0,2,1,1,2,1,1
107,公立,一般大學,0005,國立成功大學,02123113,工業設計學系,9,7,2,1,0,0,1,2,0,4,1,0,0,4,3,1,9,7,2
107,公立,一般大學,0005,國立成功大學,02191104,藝術研究所,4,2,2,1,0,1,1,0,1,0,0,0,0,4,2,2,4,2,2
107,公立,一般大學,0005,國立成功大學,02221110,歷史學系,12,8,4,6,3,1,1,1,0,0,0,0,0,12,8,4,12,8,4
107,公立,一般大學,0005,國立成功大學,02222111,考古學研究所,2,1,1,0,0,0,1,1,0,0,0,0,0,2,1,1,2,1,1
107,公立,一般大學,0005,國立成功大學,02311108,外國語文學系,2,2,0,1,0,0,0,0,0,1,0,0,0,1,1,0,2,2,0
107,公立,一般大學,0005,國立成功大學,02321106,台灣文學系,19,10,9,4,1,4,0,1,1,1,7,0,0,11,9,2,19,10,9
107,公立,一般大學,0005,國立成功大學,02322107,中國文學系,9,8,1,8,1,0,0,0,0,0,0,0,0,9,8,1,9,8,1
107,公立,一般大學,0005,國立成功大學,03111114,經濟學系,3,3,0,2,0,0,0,1,0,0,0,0,0,3,3,0,3,3,0
107,公立,一般大學,0005,國立成功大學,03121115,政治學系,1,1,0,1,0,0,0,0,0,0,0,0,0,1,1,0,1,1,0
107,公立,一般大學,0005,國立成功大學,03131117,心理學系,1,1,0,1,0,0,0,0,0,0,0,0,0,1,1,0,1,1,0
107,公立,一般大學,0005,國立成功大學,03131119,行為醫學研究所,4,1,3,0,1,0,0,1,2,0,0,0,0,4,1,3,4,1,3
107,公立,一般大學,0005,國立成功大學,04111120,會計學系,12,11,1,2,0,1,0,5,1,3,0,0,0,9,8,1,12,11,1
107,公立,一般大學,0005,國立成功大學,04131056,電信管理研究所,2,2,0,1,0,0,0,1,0,0,0,0,0,2,2,0,2,2,0
107,公立,一般大學,0005,國立成功大學,04131121,企業管理學系,3,2,1,0,0,0,0,2,0,0,1,0,0,2,2,0,3,2,1
107,公立,一般大學,0005,國立成功大學,04131125,國際經營管理研究所(IMBA),4,4,0,1,0,3,0,0,0,0,0,0,0,4,4,0,4,4,0
107,公立,一般大學,0005,國立成功大學,04199057,工業與資訊管理學系,1,1,0,0,0,0,0,0,0,1,0,0,0,0,0,0,1,1,0
107,公立,一般大學,0005,國立成功大學,04199Y31,管理學院,1,1,0,1,0,0,0,0,0,0,0,0,0,1,1,0,1,1,0
107,公立,一般大學,0005,國立成功大學,04211001,法律學系,6,5,1,2,0,1,0,2,0,0,1,0,0,5,5,0,6,5,1
107,公立,一般大學,0005,國立成功大學,05111003,生命科學系,11,7,4,5,3,2,0,0,0,0,1,0,0,10,7,3,11,7,4
107,公立,一般大學,0005,國立成功大學,05111005,熱帶植物科學研究所,10,8,2,4,0,2,1,2,1,0,0,0,0,10,8,2,10,8,2
107,公立,一般大學,0005,國立成功大學,05121008,生物科技與產業科學系,8,8,0,6,0,2,0,0,0,0,0,0,0,8,8,0,8,8,0
107,公立,一般大學,0005,國立成功大學,05122009,微生物及免疫學研究所,3,2,1,1,1,0,0,1,0,0,0,0,0,3,2,1,3,2,1
107,公立,一般大學,0005,國立成功大學,05123010,生物化學暨分子生物學研究所,5,4,1,2,1,0,0,2,0,0,0,0,0,5,4,1,5,4,1
107,公立,一般大學,0005,國立成功大學,05311017,化學系,5,5,0,3,0,2,0,0,0,0,0,0,0,5,5,0,5,5,0
107,公立,一般大學,0005,國立成功大學,05321019,地球科學系,7,7,0,4,0,3,0,0,0,0,0,0,0,7,7,0,7,7,0
107,公立,一般大學,0005,國立成功大學,05331021,物理學系,9,8,1,7,1,0,0,1,0,0,0,0,0,9,8,1,9,8,1
107,公立,一般大學,0005,國立成功大學,05331023,太空與電漿科學研究所,1,1,0,1,0,0,0,0,0,0,0,0,0,1,1,0,1,1,0
107,公立,一般大學,0005,國立成功大學,05399Y37,理學院,11,8,3,3,0,0,0,5,3,0,0,0,0,11,8,3,11,8,3
107,公立,一般大學,0005,國立成功大學,05411027,數學系,2,1,1,0,0,0,0,1,1,0,0,0,0,2,1,1,2,1,1
107,公立,一般大學,0005,國立成功大學,05421029,統計學系,7,6,1,5,0,0,1,1,0,0,0,0,0,7,6,1,7,6,1
107,公立,一般大學,0005,國立成功大學,06131036,資訊工程學系,9,8,1,5,0,2,1,1,0,0,0,0,0,9,8,1,9,8,1
107,公立,一般大學,0005,國立成功大學,07111050,化學工程學系,5,4,1,3,0,1,1,0,0,0,0,0,0,5,4,1,5,4,1
107,公立,一般大學,0005,國立成功大學,07112063,材料科學及工程學系,7,7,0,5,0,1,0,1,0,0,0,0,0,7,7,0,7,7,0
107,公立,一般大學,0005,國立成功大學,07121070,環境工程學系,5,4,1,3,1,0,0,0,0,1,0,0,0,4,3,1,5,4,1
107,公立,一般大學,0005,國立成功大學,07122026,水利及海洋工程學系,34,32,2,14,0,4,0,14,2,0,0,0,0,34,32,2,34,32,2
107,公立,一般大學,0005,國立成功大學,07141032,電機工程學系,25,24,1,15,0,5,1,2,0,2,0,0,0,23,22,1,25,24,1
107,公立,一般大學,0005,國立成功大學,07141035,光電科學與工程學系,10,8,2,7,1,1,1,0,0,0,0,0,0,10,8,2,10,8,2
107,公立,一般大學,0005,國立成功大學,07141041,製造資訊與系統研究所,1,1,0,1,0,0,0,0,0,0,0,0,0,1,1,0,1,1,0
107,公立,一般大學,0005,國立成功大學,07141071,工程科學系,20,20,0,13,0,4,0,3,0,0,0,0,0,20,20,0,20,20,0
107,公立,一般大學,0005,國立成功大學,07151042,機械工程學系,14,13,1,11,1,1,0,1,0,0,0,0,0,14,13,1,14,13,1
107,公立,一般大學,0005,國立成功大學,07162043,航空太空工程學系,15,15,0,6,0,3,0,6,0,0,0,0,0,15,15,0,15,15,0
107,公立,一般大學,0005,國立成功大學,07163044,系統及船舶機電工程學系,5,5,0,4,0,1,0,0,0,0,0,0,0,5,5,0,5,5,0
107,公立,一般大學,0005,國立成功大學,07193061,生物醫學工程學系,8,8,0,6,0,0,0,2,0,0,0,0,0,8,8,0,8,8,0
107,公立,一般大學,0005,國立成功大學,07199Y40,工學院,2,2,0,1,0,1,0,0,0,0,0,0,0,2,2,0,2,2,0
107,公立,一般大學,0005,國立成功大學,07211127,食品安全衛生暨風險管理研究所,2,1,1,0,0,0,0,1,1,0,0,0,0,2,1,1,2,1,1
107,公立,一般大學,0005,國立成功大學,07241064,資源工程學系,7,7,0,5,0,0,0,2,0,0,0,0,0,7,7,0,7,7,0
107,公立,一般大學,0005,國立成功大學,07311075,建築學系,33,28,5,7,0,4,0,8,2,9,3,0,0,21,19,2,33,28,5
107,公立,一般大學,0005,國立成功大學,07313076,都市計劃學系,11,10,1,1,0,4,0,4,1,1,0,0,0,10,9,1,11,10,1
107,公立,一般大學,0005,國立成功大學,07321049,土木工程學系,20,19,1,4,0,12,0,3,1,0,0,0,0,20,19,1,20,19,1
107,公立,一般大學,0005,國立成功大學,07322067,測量及空間資訊學系,1,1,0,0,0,0,0,0,0,1,0,0,0,0,0,0,1,1,0
107,公立,一般大學,0005,國立成功大學,08192039,轉譯農業科學博士學位學程,11,7,4,1,2,4,0,2,2,0,0,0,0,11,7,4,11,7,4
107,公立,一般大學,0005,國立成功大學,09111096,口腔醫學研究所,10,7,3,1,1,1,0,2,0,3,2,0,0,5,4,1,10,7,3
107,公立,一般大學,0005,國立成功大學,09121053,基礎醫學研究所,1,1,0,1,0,0,0,0,0,0,0,0,0,1,1,0,1,1,0
107,公立,一般大學,0005,國立成功大學,09121054,分子醫學研究所,1,1,0,0,0,0,0,1,0,0,0,0,0,1,1,0,1,1,0
107,公立,一般大學,0005,國立成功大學,09121077,醫學系,173,130,43,15,2,29,7,52,21,34,13,0,0,126,96,30,173,130,43
107,公立,一般大學,0005,國立成功大學,09121078,臨床醫學研究所,1,1,0,0,0,1,0,0,0,0,0,0,0,1,1,0,1,1,0
107,公立,一般大學,0005,國立成功大學,09121084,細胞生物與解剖學研究所,2,2,0,0,0,0,0,0,0,2,0,0,0,0,0,0,2,2,0
107,公立,一般大學,0005,國立成功大學,09131090,護理學系,11,0,11,0,1,0,1,0,4,0,5,0,0,6,0,6,11,0,11
107,公立,一般大學,0005,國立成功大學,09141094,醫學檢驗生物技術學系,10,2,8,0,0,0,1,2,4,0,3,0,0,7,2,5,10,2,8
107,公立,一般大學,0005,國立成功大學,09151082,物理治療學系,4,1,3,0,0,0,1,0,0,1,2,0,0,1,0,1,4,1,3
107,公立,一般大學,0005,國立成功大學,09152089,職能治療學系,4,0,4,0,0,0,0,0,1,0,3,0,0,1,0,1,4,0,4
107,公立,一般大學,0005,國立成功大學,09159091,健康照護科學研究所,1,0,1,0,1,0,0,0,0,0,0,0,0,1,0,1,1,0,1
107,公立,一般大學,0005,國立成功大學,09161086,藥學系,29,10,19,2,2,2,3,4,2,2,12,0,0,15,8,7,29,10,19
107,公立,一般大學,0005,國立成功大學,09161087,藥理學研究所,2,2,0,2,0,0,0,0,0,0,0,0,0,2,2,0,2,2,0
107,公立,一般大學,0005,國立成功大學,09161088,臨床藥學與藥物科技研究所,1,1,0,0,0,1,0,0,0,0,0,0,0,1,1,0,1,1,0
107,公立,一般大學,0005,國立成功大學,09191079,公共衛生研究所,3,2,1,1,1,0,0,0,0,1,0,0,0,2,1,1,3,2,1
107,公立,一般大學,0005,國立成功大學,09191085,環境醫學研究所,1,0,1,0,0,0,0,0,1,0,0,0,0,1,0,1,1,0,1
107,公立,一般大學,0005,國立成功大學,09211101,老年學研究所,1,1,0,0,0,1,0,0,0,0,0,0,0,1,1,0,1,1,0
107,公立,一般大學,0005,國立成功大學,10152097,體育健康與休閒研究所,1,1,0,1,0,0,0,0,0,0,0,0,0,1,1,0,1,1,0
107,公立,一般大學,0005,國立成功大學,10411098,交通管理科學系,1,1,0,0,0,0,0,1,0,0,0,0,0,1,1,0,1,1,0
107,公立,一般大學,0005,國立成功大學,99999Z01,通識教育中心,18,11,7,3,0,2,1,3,4,3,2,0,0,13,8,5,18,11,7
107,公立,一般大學,0005,國立成功大學,99999Z05,師資培育中心,2,1,1,0,0,0,0,1,0,0,1,0,0,1,1,0,2,1,1
107,公立,一般大學,0005,國立成功大學,99999Z07,體育室,7,4,3,0,0,2,0,1,0,1,3,0,0,3,3,0,7,4,3
107,公立,一般大學,0005,國立成功大學,99999Z08,外語中心,14,2,12,0,0,0,0,0,1,2,11,0,0,1,0,1,14,2,12
107,公立,一般大學,0005,國立成功大學,99999Z08,華語中心,4,0,4,0,0,0,0,0,0,0,4,0,0,0,0,0,4,0,4
107,公立,一般大學,0006,國立中興大學,02221007,歷史學系,6,6,0,3,0,1,0,2,0,0,0,0,0,6,6,0,6,6,0
107,公立,一般大學,0006,國立中興大學,02299008,文化創意產業學士學位學程,10,7,3,0,0,1,0,3,0,3,3,0,0,4,4,0,10,7,3
107,公立,一般大學,0006,國立中興大學,02299Y15,文學院,31,10,21,0,1,0,3,5,1,5,16,0,0,10,5,5,31,10,21
107,公立,一般大學,0006,國立中興大學,02311006,外國語文學系,30,10,20,0,1,0,2,2,3,8,14,0,0,8,2,6,30,10,20
107,公立,一般大學,0006,國立中興大學,02321003,台灣文學與跨國文化研究所,5,3,2,1,0,2,0,0,2,0,0,0,0,5,3,2,5,3,2
107,公立,一般大學,0006,國立中興大學,02322005,中國文學系,20,15,5,4,1,5,0,3,1,3,3,0,0,14,12,2,20,15,5
107,公立,一般大學,0006,國立中興大學,03111009,應用經濟學系,4,3,1,3,0,0,0,0,1,0,0,0,0,4,3,1,4,3,1
107,公立,一般大學,0006,國立中興大學,03222013,圖書資訊學研究所,2,1,1,0,0,1,1,0,0,0,0,0,0,2,1,1,2,1,1
107,公立,一般大學,0006,國立中興大學,04111015,會計學系,5,5,0,2,0,0,0,2,0,1,0,0,0,4,4,0,5,5,0
107,公立,一般大學,0006,國立中興大學,04121019,財務金融學系,6,3,3,1,0,1,0,1,2,0,1,0,0,5,3,2,6,3,3
107,公立,一般大學,0006,國立中興大學,04131018,創新產業經營學士學位學程,5,3,2,1,1,0,0,0,1,2,0,0,0,3,1,2,5,3,2
107,公立,一般大學,0006,國立中興大學,04199022,高階經理人碩士在職專班,4,3,1,2,0,0,0,0,0,1,1,0,0,2,2,0,4,3,1
107,公立,一般大學,0006,國立中興大學,04199Y31,管理學院,3,1,2,0,0,1,0,0,1,0,1,0,0,2,1,1,3,1,2
107,公立,一般大學,0006,國立中興大學,04211023,法律學系,12,12,0,2,0,1,0,7,0,2,0,0,0,10,10,0,12,12,0
107,公立,一般大學,0006,國立中興大學,05111026,生命科學系,7,6,1,2,0,4,1,0,0,0,0,0,0,7,6,1,7,6,1
107,公立,一般大學,0006,國立中興大學,05111029,昆蟲學系,2,2,0,1,0,0,0,0,0,1,0,0,0,1,1,0,2,2,0
107,公立,一般大學,0006,國立中興大學,05121037,基因體暨生物資訊學研究所,4,4,0,1,0,1,0,2,0,0,0,0,0,4,4,0,4,4,0
107,公立,一般大學,0006,國立中興大學,05123034,生物化學研究所,5,4,1,2,1,1,0,1,0,0,0,0,0,5,4,1,5,4,1
107,公立,一般大學,0006,國立中興大學,05292082,水土保持學系,5,4,1,4,1,0,0,0,0,0,0,0,0,5,4,1,5,4,1
107,公立,一般大學,0006,國立中興大學,05311039,化學系,2,2,0,1,0,1,0,0,0,0,0,0,0,2,2,0,2,2,0
107,公立,一般大學,0006,國立中興大學,05331040,物理學系,5,5,0,1,0,3,0,1,0,0,0,0,0,5,5,0,5,5,0
107,公立,一般大學,0006,國立中興大學,05411041,應用數學系,13,7,6,2,1,5,3,0,2,0,0,0,0,13,7,6,13,7,6
107,公立,一般大學,0006,國立中興大學,06131048,資訊科學與工程學系,3,3,0,2,0,1,0,0,0,0,0,0,0,3,3,0,3,3,0
107,公立,一般大學,0006,國立中興大學,07111055,化學工程學系,1,1,0,1,0,0,0,0,0,0,0,0,0,1,1,0,1,1,0
107,公立,一般大學,0006,國立中興大學,07112057,材料科學與工程學系,1,1,0,1,0,0,0,0,0,0,0,0,0,1,1,0,1,1,0
107,公立,一般大學,0006,國立中興大學,07141045,電機工程學系,3,2,1,2,0,0,0,0,1,0,0,0,0,3,2,1,3,2,1
107,公立,一般大學,0006,國立中興大學,07141046,光電工程研究所,1,1,0,1,0,0,0,0,0,0,0,0,0,1,1,0,1,1,0
107,公立,一般大學,0006,國立中興大學,07151050,機械工程學系,3,3,0,1,0,1,0,1,0,0,0,0,0,3,3,0,3,3,0
107,公立,一般大學,0006,國立中興大學,07151051,精密工程研究所,1,0,1,0,1,0,0,0,0,0,0,0,0,1,0,1,1,0,1
107,公立,一般大學,0006,國立中興大學,07193060,生醫工程研究所,2,2,0,2,0,0,0,0,0,0,0,0,0,2,2,0,2,2,0
107,公立,一般大學,0006,國立中興大學,07211081,食品暨應用生物科技學系,1,1,0,1,0,0,0,0,0,0,0,0,0,1,1,0,1,1,0
107,公立,一般大學,0006,國立中興大學,07312061,景觀與遊憩學士學位學程,3,3,0,0,0,0,0,0,0,3,0,0,0,0,0,0,3,3,0
107,公立,一般大學,0006,國立中興大學,08111063,農藝學系,2,2,0,1,0,0,0,1,0,0,0,0,0,2,2,0,2,2,0
107,公立,一般大學,0006,國立中興大學,08111064,國際農學碩士學位學程,2,1,1,1,0,0,0,0,1,0,0,0,0,2,1,1,2,1,1
107,公立,一般大學,0006,國立中興大學,08112066,動物科學系,8,7,1,6,1,1,0,0,0,0,0,0,0,8,7,1,8,7,1
107,公立,一般大學,0006,國立中興大學,08121067,園藝學系,8,8,0,4,0,2,0,1,0,1,0,0,0,7,7,0,8,8,0
107,公立,一般大學,0006,國立中興大學,08191083,土壤環境科學系,6,6,0,4,0,2,0,0,0,0,0,0,0,6,6,0,6,6,0
107,公立,一般大學,0006,國立中興大學,08193076,生物產業管理進修學士學位學程,11,10,1,0,0,2,0,5,1,3,0,0,0,8,7,1,11,10,1
107,公立,一般大學,0006,國立中興大學,08193078,國際農企業學士學位學程,4,3,1,1,0,1,1,0,0,1,0,0,0,3,2,1,4,3,1
107,公立,一般大學,0006,國立中興大學,08194068,植物病理學系,5,4,1,4,0,0,0,0,1,0,0,0,0,5,4,1,5,4,1
107,公立,一般大學,0006,國立中興大學,08194069,植物醫學暨安全農業碩士學位學程,1,0,1,0,1,0,0,0,0,0,0,0,0,1,0,1,1,0,1
107,公立,一般大學,0006,國立中興大學,08211086,森林學系,4,4,0,2,0,1,0,0,0,1,0,0,0,3,3,0,4,4,0
107,公立,一般大學,0006,國立中興大學,08411087,獸醫學系,3,3,0,1,0,1,0,0,0,1,0,0,0,2,2,0,3,3,0
107,公立,一般大學,0006,國立中興大學,08411089,獸醫病理生物學研究所,5,5,0,2,0,1,0,2,0,0,0,0,0,5,5,0,5,5,0
107,公立,一般大學,0006,國立中興大學,08411092,微生物暨公共衛生學研究所,2,2,0,1,0,0,0,1,0,0,0,0,0,2,2,0,2,2,0
107,公立,一般大學,0006,國立中興大學,09121093,轉譯醫學博士學位學程,1,0,1,0,0,0,0,0,1,0,0,0,0,1,0,1,1,0,1
107,公立,一般大學,0006,國立中興大學,99999Z01,通識教育中心,16,6,10,0,0,2,0,4,7,0,3,0,0,13,6,7,16,6,10
107,公立,一般大學,0006,國立中興大學,99999Z05,師資培育中心,5,4,1,0,0,1,0,3,1,0,0,0,0,5,4,1,5,4,1
107,公立,一般大學,0006,國立中興大學,99999Z07,體育室,4,3,1,0,0,0,0,0,0,3,1,0,0,0,0,0,4,3,1
107,公立,一般大學,0006,國立中興大學,99999Z99,永續能源與奈米科技研究中心,1,1,0,1,0,0,0,0,0,0,0,0,0,1,1,0,1,1,0
107,公立,一般大學,0007,國立陽明交通大學,02122004,應用藝術研究所,8,6,2,2,0,1,0,2,1,1,1,0,0,6,5,1,8,6,2
107,公立,一般大學,0007,國立陽明交通大學,02151003,音樂研究所,18,6,12,1,0,1,1,4,8,0,3,0,0,15,6,9,18,6,12
107,公立,一般大學,0007,國立陽明交通大學,02299008,人文社會學系,1,1,0,0,0,0,0,1,0,0,0,0,0,1,1,0,1,1,0
107,公立,一般大學,0007,國立陽明交通大學,02299010,社會與文化研究所,1,1,0,1,0,0,0,0,0,0,0,0,0,1,1,0,1,1,0
107,公立,一般大學,0007,國立陽明交通大學,02299Y11,人文社會學院,4,3,1,0,0,0,0,1,0,2,1,0,0,1,1,0,4,3,1
107,公立,一般大學,0007,國立陽明交通大學,02311005,外國語文學系,8,2,6,1,0,0,1,0,1,1,4,0,0,3,1,2,8,2,6
107,公立,一般大學,0007,國立陽明交通大學,03211015,傳播與科技學系,1,0,1,0,0,0,0,0,1,0,0,0,0,1,0,1,1,0,1
107,公立,一般大學,0007,國立陽明交通大學,04121020,資訊管理與財務金融學系,4,4,0,2,0,0,0,2,0,0,0,0,0,4,4,0,4,4,0
107,公立,一般大學,0007,國立陽明交通大學,04131017,經營管理研究所,12,11,1,6,1,2,0,3,0,0,0,0,0,12,11,1,12,11,1
107,公立,一般大學,0007,國立陽明交通大學,04131018,管理科學系,1,1,0,0,0,0,0,1,0,0,0,0,0,1,1,0,1,1,0
107,公立,一般大學,0007,國立陽明交通大學,04199023,科技管理研究所,5,5,0,3,0,1,0,1,0,0,0,0,0,5,5,0,5,5,0
107,公立,一般大學,0007,國立陽明交通大學,04199024,高階主管管理碩士學程,11,11,0,6,0,2,0,3,0,0,0,0,0,11,11,0,11,11,0
107,公立,一般大學,0007,國立陽明交通大學,04212027,科技法律研究所,10,6,4,1,1,2,0,2,2,1,1,0,0,8,5,3,10,6,4
107,公立,一般大學,0007,國立陽明交通大學,05121028,生物科技學系,1,1,0,0,0,0,0,0,0,1,0,0,0,0,0,0,1,1,0
107,公立,一般大學,0007,國立陽明交通大學,05121030,分子醫學與生物工程研究所,1,1,0,0,0,1,0,0,0,0,0,0,0,1,1,0,1,1,0
107,公立,一般大學,0007,國立陽明交通大學,05124034,生物資訊及系統生物研究所,1,0,1,0,0,0,0,0,1,0,0,0,0,1,0,1,1,0,1
107,公立,一般大學,0007,國立陽明交通大學,05311036,應用化學系,1,1,0,0,0,1,0,0,0,0,0,0,0,1,1,0,1,1,0
107,公立,一般大學,0007,國立陽明交通大學,05331040,物理研究所,1,1,0,1,0,0,0,0,0,0,0,0,0,1,1,0,1,1,0
107,公立,一般大學,0007,國立陽明交通大學,05331041,電子物理學系,3,3,0,3,0,0,0,0,0,0,0,0,0,3,3,0,3,3,0
107,公立,一般大學,0007,國立陽明交通大學,05411045,應用數學系,1,1,0,1,0,0,0,0,0,0,0,0,0,1,1,0,1,1,0
107,公立,一般大學,0007,國立陽明交通大學,05421047,統計學研究所,1,1,0,1,0,0,0,0,0,0,0,0,0,1,1,0,1,1,0
107,公立,一般大學,0007,國立陽明交通大學,06131058,資訊工程學系,2,2,0,0,0,0,0,1,0,1,0,0,0,1,1,0,2,2,0
107,公立,一般大學,0007,國立陽明交通大學,06131061,資訊科學與工程研究所,1,1,0,1,0,0,0,0,0,0,0,0,0,1,1,0,1,1,0
107,公立,一般大學,0007,國立陽明交通大學,06132049,多媒體工程研究所,1,1,0,1,0,0,0,0,0,0,0,0,0,1,1,0,1,1,0
107,公立,一般大學,0007,國立陽明交通大學,07121076,環境工程研究所,1,1,0,1,0,0,0,0,0,0,0,0,0,1,1,0,1,1,0
107,公立,一般大學,0007,國立陽明交通大學,07141050,電機工程學系,1,1,0,0,0,0,0,0,0,1,0,0,0,0,0,0,1,1,0
107,公立,一般大學,0007,國立陽明交通大學,07141051,電子工程學系,1,1,0,1,0,0,0,0,0,0,0,0,0,1,1,0,1,1,0
107,公立,一般大學,0007,國立陽明交通大學,07141053,電子研究所,11,11,0,1,0,0,0,0,0,10,0,0,0,1,1,0,11,11,0
107,公立,一般大學,0007,國立陽明交通大學,07141055,光電工程學系,3,2,1,2,1,0,0,0,0,0,0,0,0,3,2,1,3,2,1
107,公立,一般大學,0007,國立陽明交通大學,07141062,電信工程研究所,2,2,0,2,0,0,0,0,0,0,0,0,0,2,2,0,2,2,0
107,公立,一般大學,0007,國立陽明交通大學,07141064,電控工程研究所,2,2,0,0,0,0,0,2,0,0,0,0,0,2,2,0,2,2,0
107,公立,一般大學,0007,國立陽明交通大學,07141065,光電系統研究所,1,1,0,1,0,0,0,0,0,0,0,0,0,1,1,0,1,1,0
107,公立,一般大學,0007,國立陽明交通大學,07151070,機械工程學系,7,6,1,2,0,1,0,3,0,0,1,0,0,6,6,0,7,6,1
107,公立,一般大學,0007,國立陽明交通大學,07191075,工業工程與管理學系,2,1,1,0,0,1,0,0,1,0,0,0,0,2,1,1,2,1,1
107,公立,一般大學,0007,國立陽明交通大學,07193077,生醫工程研究所,2,2,0,0,0,0,0,2,0,0,0,0,0,2,2,0,2,2,0
107,公立,一般大學,0007,國立陽明交通大學,07193079,影像與生醫光電研究所,1,1,0,0,0,1,0,0,0,0,0,0,0,1,1,0,1,1,0
107,公立,一般大學,0007,國立陽明交通大學,07199083,工學院碩士在職專班,7,7,0,0,0,4,0,3,0,0,0,0,0,7,7,0,7,7,0
107,公立,一般大學,0007,國立陽明交通大學,07311085,建築研究所,11,10,1,0,0,0,0,8,1,2,0,0,0,9,8,1,11,10,1
107,公立,一般大學,0007,國立陽明交通大學,07321071,土木工程學系,3,3,0,0,0,2,0,1,0,0,0,0,0,3,3,0,3,3,0
107,公立,一般大學,0007,國立陽明交通大學,10411086,運輸與物流管理學系,3,2,1,2,0,0,0,0,1,0,0,0,0,3,2,1,3,2,1
107,公立,一般大學,0007,國立陽明交通大學,99999Z01,共同教育委員會,1,1,0,0,0,0,0,1,0,0,0,0,0,1,1,0,1,1,0
107,公立,一般大學,0007,國立陽明交通大學,99999Z01,通識教育中心,8,6,2,1,0,2,0,3,2,0,0,0,0,8,6,2,8,6,2
107,公立,一般大學,0007,國立陽明交通大學,99999Z05,師資培育中心,6,5,1,0,1,0,0,2,0,3,0,0,0,3,2,1,6,5,1
107,公立,一般大學,0007,國立陽明交通大學,99999Z07,體育室,11,8,3,0,0,0,0,0,1,8,2,0,0,1,0,1,11,8,3
107,公立,一般大學,0007,國立陽明交通大學,99999Z08,語言教學與研究中心,32,2,30,0,0,0,0,0,4,2,26,0,0,4,0,4,32,2,30
107,公立,一般大學,0007,國立陽明交通大學,99999Z99,國際半導體產業學院,1,1,0,0,0,0,0,1,0,0,0,0,0,1,1,0,1,1,0
107,公立,一般大學,0008,國立中央大學,01115001,學習與教學研究所,1,1,0,1,0,0,0,0,0,0,0,0,0,1,1,0,1,1,0
107,公立,一般大學,0008,國立中央大學,02191004,藝術學研究所,2,1,1,0,0,0,0,1,0,0,1,0,0,1,1,0,2,1,1
107,公立,一般大學,0008,國立中央大學,02221010,歷史研究所,7,6,1,2,0,1,1,3,0,0,0,0,0,7,6,1,7,6,1
107,公立,一般大學,0008,國立中央大學,02231011,哲學研究所,4,4,0,4,0,0,0,0,0,0,0,0,0,4,4,0,4,4,0
107,公立,一般大學,0008,國立中央大學,02311008,法國語文學系,7,5,2,0,0,2,0,0,0,3,2,0,0,2,2,0,7,5,2
107,公立,一般大學,0008,國立中央大學,02322006,中國文學系,29,12,17,2,2,0,0,4,7,6,8,0,0,15,6,9,29,12,17
107,公立,一般大學,0008,國立中央大學,03111013,經濟學系,6,3,3,0,0,1,1,0,1,2,1,0,0,3,1,2,6,3,3
107,公立,一般大學,0008,國立中央大學,03111014,產業經濟研究所,5,5,0,5,0,0,0,0,0,0,0,0,0,5,5,0,5,5,0
107,公立,一般大學,0008,國立中央大學,03131017,認知神經科學研究所,7,5,2,2,1,3,0,0,1,0,0,0,0,7,5,2,7,5,2
107,公立,一般大學,0008,國立中央大學,03199020,客家語文暨社會科學學系,10,5,5,2,1,0,1,0,1,3,2,0,0,5,2,3,10,5,5
107,公立,一般大學,0008,國立中央大學,04111022,會計研究所,1,0,1,0,0,0,1,0,0,0,0,0,0,1,0,1,1,0,1
107,公立,一般大學,0008,國立中央大學,04121024,財務金融學系,8,8,0,0,0,2,0,1,0,5,0,0,0,3,3,0,8,8,0
107,公立,一般大學,0008,國立中央大學,04131023,企業管理學系,8,5,3,1,1,1,1,2,1,1,0,0,0,7,4,3,8,5,3
107,公立,一般大學,0008,國立中央大學,04199027,人力資源管理研究所,5,3,2,2,1,1,0,0,1,0,0,0,0,5,3,2,5,3,2
107,公立,一般大學,0008,國立中央大學,04211030,法律與政府研究所,3,3,0,2,0,0,0,1,0,0,0,0,0,3,3,0,3,3,0
107,公立,一般大學,0008,國立中央大學,05121031,生命科學系,11,9,2,6,1,3,0,0,1,0,0,0,0,11,9,2,11,9,2
107,公立,一般大學,0008,國立中央大學,05311035,化學學系,4,4,0,4,0,0,0,0,0,0,0,0,0,4,4,0,4,4,0
107,公立,一般大學,0008,國立中央大學,05321036,地球科學學系,28,26,2,7,1,12,1,7,0,0,0,0,0,28,26,2,28,26,2
107,公立,一般大學,0008,國立中央大學,05321037,應用地質研究所,7,7,0,6,0,1,0,0,0,0,0,0,0,7,7,0,7,7,0
107,公立,一般大學,0008,國立中央大學,05322044,大氣科學學系,30,26,4,19,2,5,1,2,1,0,0,0,0,30,26,4,30,26,4
107,公立,一般大學,0008,國立中央大學,05322047,太空科學研究所,6,6,0,5,0,1,0,0,0,0,0,0,0,6,6,0,6,6,0
107,公立,一般大學,0008,國立中央大學,05323039,水文與海洋科學研究所,5,4,1,3,0,0,0,1,1,0,0,0,0,5,4,1,5,4,1
107,公立,一般大學,0008,國立中央大學,05331042,物理學系,10,9,1,6,0,1,1,1,0,1,0,0,0,9,8,1,10,9,1
107,公立,一般大學,0008,國立中央大學,05411051,數學系,24,20,4,13,0,2,1,2,2,3,1,0,0,20,17,3,24,20,4
107,公立,一般大學,0008,國立中央大學,05421052,統計研究所,5,5,0,3,0,2,0,0,0,0,0,0,0,5,5,0,5,5,0
107,公立,一般大學,0008,國立中央大學,06131053,資訊管理學系,5,4,1,1,1,1,0,2,0,0,0,0,0,5,4,1,5,4,1
107,公立,一般大學,0008,國立中央大學,06131059,資訊工程學系,8,8,0,6,0,0,0,1,0,1,0,0,0,7,7,0,8,8,0
107,公立,一般大學,0008,國立中央大學,06132002,網路學習科技研究所,1,0,1,0,0,0,0,0,1,0,0,0,0,1,0,1,1,0,1
107,公立,一般大學,0008,國立中央大學,07111069,化學工程與材料工程學系,5,5,0,3,0,1,0,1,0,0,0,0,0,5,5,0,5,5,0
107,公立,一般大學,0008,國立中央大學,07112070,材料科學與工程研究所,5,5,0,1,0,2,0,2,0,0,0,0,0,5,5,0,5,5,0
107,公立,一般大學,0008,國立中央大學,07121072,環境工程研究所,15,15,0,8,0,4,0,3,0,0,0,0,0,15,15,0,15,15,0
107,公立,一般大學,0008,國立中央大學,07141055,電機工程學系,3,2,1,1,1,0,0,1,0,0,0,0,0,3,2,1,3,2,1
107,公立,一般大學,0008,國立中央大學,07141057,光電科學與工程學系,11,11,0,8,0,0,0,3,0,0,0,0,0,11,11,0,11,11,0
107,公立,一般大學,0008,國立中央大學,07141060,通訊工程學系,2,2,0,1,0,0,0,1,0,0,0,0,0,2,2,0,2,2,0
107,公立,一般大學,0008,國立中央大學,07151064,機械工程學系,2,2,0,2,0,0,0,0,0,0,0,0,0,2,2,0,2,2,0
107,公立,一般大學,0008,國立中央大學,07193074,生醫科學與工程學系,12,12,0,4,0,4,0,4,0,0,0,0,0,12,12,0,12,12,0
107,公立,一般大學,0008,國立中央大學,07321028,營建管理研究所,2,2,0,1,0,1,0,0,0,0,0,0,0,2,2,0,2,2,0
107,公立,一般大學,0008,國立中央大學,07321067,土木工程學系,15,15,0,5,0,3,0,7,0,0,0,0,0,15,15,0,15,15,0
107,公立,一般大學,0008,國立中央大學,99999Z01,通識教育中心,17,13,4,4,1,2,0,5,3,2,0,0,0,15,11,4,17,13,4
107,公立,一般大學,0008,國立中央大學,99999Z05,師資培育中心,2,0,2,0,0,0,0,0,1,0,1,0,0,1,0,1,2,0,2
107,公立,一般大學,0008,國立中央大學,99999Z07,體育室,4,3,1,0,0,0,0,0,1,3,0,0,0,1,0,1,4,3,1
107,公立,一般大學,0008,國立中央大學,99999Z08,語言中心,21,4,17,0,0,0,1,1,1,3,15,0,0,3,1,2,21,4,17
107,公立,一般大學,0008,國立中央大學,99999Z99,太空及遙測研究中心,2,2,0,2,0,0,0,0,0,0,0,0,0,2,2,0,2,2,0
107,公立,一般大學,0009,國立中山大學,01111001,教育研究所,3,3,0,2,0,1,0,0,0,0,0,0,0,3,3,0,3,3,0
107,公立,一般大學,0009,國立中山大學,02151002,音樂學系,43,17,26,0,2,1,2,6,12,10,10,0,0,23,7,16,43,17,26
107,公立,一般大學,0009,國立中山大學,02152003,劇場藝術學系,6,3,3,1,0,0,2,1,0,1,1,0,0,4,2,2,6,3,3
107,公立,一般大學,0009,國立中山大學,02231008,哲學研究所,2,2,0,1,0,0,0,1,0,0,0,0,0,2,2,0,2,2,0
107,公立,一般大學,0009,國立中山大學,02311006,外國語文學系,13,4,9,0,1,0,0,2,1,2,7,0,0,4,2,2,13,4,9
107,公立,一般大學,0009,國立中山大學,02322005,中國文學系,9,4,5,1,0,0,1,3,4,0,0,0,0,9,4,5,9,4,5
107,公立,一般大學,0009,國立中山大學,03111009,經濟學研究所,7,5,2,2,0,2,2,1,0,0,0,0,0,7,5,2,7,5,2
107,公立,一般大學,0009,國立中山大學,03121011,政治學研究所,2,2,0,0,0,2,0,0,0,0,0,0,0,2,2,0,2,2,0
107,公立,一般大學,0009,國立中山大學,03121027,海洋事務研究所,1,1,0,0,0,0,0,1,0,0,0,0,0,1,1,0,1,1,0
107,公立,一般大學,0009,國立中山大學,03141013,社會學系,1,1,0,1,0,0,0,0,0,0,0,0,0,1,1,0,1,1,0
107,公立,一般大學,0009,國立中山大學,03143016,中國與亞太區域研究所,4,4,0,1,0,0,0,3,0,0,0,0,0,4,4,0,4,4,0
107,公立,一般大學,0009,國立中山大學,03199Y19,社會科學院,1,1,0,0,0,0,0,1,0,0,0,0,0,1,1,0,1,1,0
107,公立,一般大學,0009,國立中山大學,04121024,財務管理學系,4,3,1,1,0,0,0,0,0,2,1,0,0,1,1,0,4,3,1
107,公立,一般大學,0009,國立中山大學,04131021,企業管理學系,9,8,1,3,0,2,0,2,0,1,1,0,0,7,7,0,9,8,1
107,公立,一般大學,0009,國立中山大學,04131022,管理學院國際經營管理碩士學程,2,1,1,0,0,0,0,1,1,0,0,0,0,2,1,1,2,1,1
107,公立,一般大學,0009,國立中山大學,04131028,人力資源管理研究所,3,2,1,1,0,1,1,0,0,0,0,0,0,3,2,1,3,2,1
107,公立,一般大學,0009,國立中山大學,04134010,政治經濟學系,3,3,0,2,0,0,0,1,0,0,0,0,0,3,3,0,3,3,0
107,公立,一般大學,0009,國立中山大學,04134017,公共事務管理研究所,1,1,0,0,0,0,0,1,0,0,0,0,0,1,1,0,1,1,0
107,公立,一般大學,0009,國立中山大學,04199025,行銷傳播管理研究所,1,1,0,0,0,0,0,1,0,0,0,0,0,1,1,0,1,1,0
107,公立,一般大學,0009,國立中山大學,04199068,管理學院EMBA,1,1,0,1,0,0,0,0,0,0,0,0,0,1,1,0,1,1,0
107,公立,一般大學,0009,國立中山大學,05111033,生物科學系,3,3,0,1,0,2,0,0,0,0,0,0,0,3,3,0,3,3,0
107,公立,一般大學,0009,國立中山大學,05121035,生物醫學研究所,1,1,0,0,0,1,0,0,0,0,0,0,0,1,1,0,1,1,0
107,公立,一般大學,0009,國立中山大學,05311037,化學系,1,1,0,1,0,0,0,0,0,0,0,0,0,1,1,0,1,1,0
107,公立,一般大學,0009,國立中山大學,05323044,海洋生物科技暨資源學系,5,5,0,2,0,1,0,0,0,2,0,0,0,3,3,0,5,5,0
107,公立,一般大學,0009,國立中山大學,05323047,海洋科學系,2,2,0,2,0,0,0,0,0,0,0,0,0,2,2,0,2,2,0
107,公立,一般大學,0009,國立中山大學,05331038,物理學系,6,6,0,6,0,0,0,0,0,0,0,0,0,6,6,0,6,6,0
107,公立,一般大學,0009,國立中山大學,05411051,應用數學系,3,2,1,1,0,0,0,0,0,1,1,0,0,1,1,0,3,2,1
107,公立,一般大學,0009,國立中山大學,06131052,資訊管理學系,10,6,4,2,1,2,1,2,1,0,1,0,0,9,6,3,10,6,4
107,公立,一般大學,0009,國立中山大學,07121064,環境工程研究所,2,2,0,2,0,0,0,0,0,0,0,0,0,2,2,0,2,2,0
107,公立,一般大學,0009,國立中山大學,07122065,海洋環境及工程學系,6,6,0,3,0,0,0,3,0,0,0,0,0,6,6,0,6,6,0
107,公立,一般大學,0009,國立中山大學,07141053,電機工程學系,5,5,0,3,0,0,0,2,0,0,0,0,0,5,5,0,5,5,0
107,公立,一般大學,0009,國立中山大學,07141055,資訊工程學系,2,2,0,1,0,1,0,0,0,0,0,0,0,2,2,0,2,2,0
107,公立,一般大學,0009,國立中山大學,07151061,機械與機電工程學系,5,5,0,4,0,1,0,0,0,0,0,0,0,5,5,0,5,5,0
107,公立,一般大學,0009,國立中山大學,07193067,醫學科技研究所,1,1,0,0,0,0,0,1,0,0,0,0,0,1,1,0,1,1,0
107,公立,一般大學,0009,國立中山大學,99999Z01,通識教育中心人文與社會科學教育組,3,1,2,0,0,0,0,1,2,0,0,0,0,3,1,2,3,1,2
107,公立,一般大學,0009,國立中山大學,99999Z01,通識教育中心自然與應用科學教育組,3,2,1,0,0,0,0,1,1,1,0,0,0,2,1,1,3,2,1
107,公立,一般大學,0009,國立中山大學,99999Z01,通識教育中心服務學習教育組,2,1,1,0,0,0,0,1,0,0,1,0,0,1,1,0,2,1,1
107,公立,一般大學,0009,國立中山大學,99999Z01,通識教育中心運動與健康教育組,10,7,3,0,0,0,1,1,0,6,2,0,0,2,1,1,10,7,3
107,公立,一般大學,0009,國立中山大學,99999Z05,師資培育中心,7,2,5,0,0,1,1,0,3,1,1,0,0,5,1,4,7,2,5
107,公立,一般大學,0012,國立臺灣海洋大學,01111002,教育研究所,2,1,1,0,0,0,0,1,0,0,1,0,0,1,1,0,2,1,1
107,公立,一般大學,0012,國立臺灣海洋大學,02122005,海洋文創設計產業學士學位學程,2,1,1,0,0,0,0,1,1,0,0,0,0,2,1,1,2,1,1
107,公立,一般大學,0012,國立臺灣海洋大學,02299004,海洋文化研究所,2,1,1,1,0,0,1,0,0,0,0,0,0,2,1,1,2,1,1
107,公立,一般大學,0012,國立臺灣海洋大學,02311003,應用英語研究所,13,3,10,0,0,0,2,0,2,3,6,0,0,4,0,4,13,3,10
107,公立,一般大學,0012,國立臺灣海洋大學,03111006,應用經濟研究所,2,1,1,1,0,0,1,0,0,0,0,0,0,2,1,1,2,1,1
107,公立,一般大學,0012,國立臺灣海洋大學,04199055,海洋觀光管理學士學位學程,7,7,0,0,0,2,0,4,0,1,0,0,0,6,6,0,7,7,0
107,公立,一般大學,0012,國立臺灣海洋大學,04199056,海洋經營管理學士學位學程,3,1,2,0,0,1,2,0,0,0,0,0,0,3,1,2,3,1,2
107,公立,一般大學,0012,國立臺灣海洋大學,04212009,海洋法律研究所,1,1,0,1,0,0,0,0,0,0,0,0,0,1,1,0,1,1,0
107,公立,一般大學,0012,國立臺灣海洋大學,04212010,海洋法政學士學位學程,8,5,3,1,0,1,1,3,2,0,0,0,0,8,5,3,8,5,3
107,公立,一般大學,0012,國立臺灣海洋大學,05121014,生命科學暨生物科技學系,16,11,5,3,0,5,2,3,3,0,0,0,0,16,11,5,16,11,5
107,公立,一般大學,0012,國立臺灣海洋大學,05211008,海洋事務與資源管理研究所,1,1,0,1,0,0,0,0,0,0,0,0,0,1,1,0,1,1,0
107,公立,一般大學,0012,國立臺灣海洋大學,05321057,地球科學研究所,3,3,0,2,0,0,0,1,0,0,0,0,0,3,3,0,3,3,0
107,公立,一般大學,0012,國立臺灣海洋大學,05323017,海洋生物研究所,5,4,1,3,0,1,0,0,1,0,0,0,0,5,4,1,5,4,1
107,公立,一般大學,0012,國立臺灣海洋大學,06131028,資訊工程學系,4,4,0,2,0,0,0,1,0,1,0,0,0,3,3,0,4,4,0
107,公立,一般大學,0012,國立臺灣海洋大學,07122040,河海工程學系,9,9,0,2,0,2,0,5,0,0,0,0,0,9,9,0,9,9,0
107,公立,一般大學,0012,國立臺灣海洋大學,07122041,海洋工程科技學士學位學程,1,1,0,1,0,0,0,0,0,0,0,0,0,1,1,0,1,1,0
107,公立,一般大學,0012,國立臺灣海洋大學,07141025,電機工程學系,9,9,0,4,0,1,0,4,0,0,0,0,0,9,9,0,9,9,0
107,公立,一般大學,0012,國立臺灣海洋大學,07141026,光電科學研究所,3,3,0,1,0,1,0,1,0,0,0,0,0,3,3,0,3,3,0
107,公立,一般大學,0012,國立臺灣海洋大學,07141030,通訊與導航工程學系,1,1,0,0,0,1,0,0,0,0,0,0,0,1,1,0,1,1,0
107,公立,一般大學,0012,國立臺灣海洋大學,07151036,機械與機電工程學系,3,2,1,1,0,0,0,0,0,1,1,0,0,1,1,0,3,2,1
107,公立,一般大學,0012,國立臺灣海洋大學,07163033,系統工程暨造船學系,7,7,0,3,0,0,0,1,0,3,0,0,0,4,4,0,7,7,0
107,公立,一般大學,0012,國立臺灣海洋大學,07163035,輪機工程學系,6,5,1,0,0,1,0,2,0,2,1,0,0,3,3,0,6,5,1
107,公立,一般大學,0012,國立臺灣海洋大學,07211042,食品科學系,13,10,3,3,0,4,0,2,3,1,0,0,0,12,9,3,13,10,3
107,公立,一般大學,0012,國立臺灣海洋大學,07211059,食品安全與風險管理研究所,1,1,0,0,0,1,0,0,0,0,0,0,0,1,1,0,1,1,0
107,公立,一般大學,0012,國立臺灣海洋大學,08311045,環境生物與漁業科學學系,3,3,0,3,0,0,0,0,0,0,0,0,0,3,3,0,3,3,0
107,公立,一般大學,0012,國立臺灣海洋大學,08312046,水產養殖學系,8,8,0,2,0,2,0,4,0,0,0,0,0,8,8,0,8,8,0
107,公立,一般大學,0012,國立臺灣海洋大學,10411050,運輸科學系,7,5,2,0,0,2,1,3,1,0,0,0,0,7,5,2,7,5,2
107,公立,一般大學,0012,國立臺灣海洋大學,10412048,航運管理學系,35,32,3,5,1,8,1,9,0,10,1,0,0,24,22,2,35,32,3
107,公立,一般大學,0012,國立臺灣海洋大學,10414052,商船學系,10,8,2,2,0,1,0,2,0,3,2,0,0,5,5,0,10,8,2
107,公立,一般大學,0012,國立臺灣海洋大學,99999Z01,共同教育中心,59,35,24,6,1,4,2,14,9,11,12,0,0,36,24,12,59,35,24
107,公立,一般大學,0013,國立中正大學,01112005,成人及繼續教育學系,4,3,1,1,0,0,0,2,1,0,0,0,0,4,3,1,4,3,1
107,公立,一般大學,0013,國立中正大學,01114007,教育領導與管理發展國際碩士學位學程,2,2,0,2,0,0,0,0,0,0,0,0,0,2,2,0,2,2,0
107,公立,一般大學,0013,國立中正大學,02221015,歷史學系,8,7,1,3,1,2,0,2,0,0,0,0,0,8,7,1,8,7,1
107,公立,一般大學,0013,國立中正大學,02231016,哲學系,2,1,1,0,0,0,0,1,1,0,0,0,0,2,1,1,2,1,1
107,公立,一般大學,0013,國立中正大學,02311012,外國語文學系,4,0,4,0,0,0,1,0,0,0,3,0,0,1,0,1,4,0,4
107,公立,一般大學,0013,國立中正大學,02321010,台灣文學與創意應用研究所,2,2,0,0,0,1,0,1,0,0,0,0,0,2,2,0,2,2,0
107,公立,一般大學,0013,國立中正大學,02322011,中國文學系,14,10,4,0,0,0,0,3,4,7,0,0,0,7,3,4,14,10,4
107,公立,一般大學,0013,國立中正大學,02399014,語言學研究所,2,0,2,0,0,0,0,0,2,0,0,0,0,2,0,2,2,0,2
107,公立,一般大學,0013,國立中正大學,03111017,經濟學系,3,3,0,1,0,0,0,2,0,0,0,0,0,3,3,0,3,3,0
107,公立,一般大學,0013,國立中正大學,03122024,戰略暨國際事務研究所,2,2,0,0,0,0,0,2,0,0,0,0,0,2,2,0,2,2,0
107,公立,一般大學,0013,國立中正大學,03131019,心理學系,2,1,1,0,0,0,0,1,1,0,0,0,0,2,1,1,2,1,1
107,公立,一般大學,0013,國立中正大學,03191025,勞工關係學系,3,3,0,0,0,0,0,1,0,2,0,0,0,1,1,0,3,3,0
107,公立,一般大學,0013,國立中正大學,03199026,犯罪防治學系,7,6,1,1,0,1,0,4,1,0,0,0,0,7,6,1,7,6,1
107,公立,一般大學,0013,國立中正大學,03211028,傳播學系,1,0,1,0,0,0,0,0,0,0,1,0,0,0,0,0,1,0,1
107,公立,一般大學,0013,國立中正大學,04111032,會計與資訊科技學系,7,7,0,0,0,0,0,4,0,3,0,0,0,4,4,0,7,7,0
107,公立,一般大學,0013,國立中正大學,04121034,財務金融學系,4,4,0,0,0,0,0,2,0,2,0,0,0,2,2,0,4,4,0
107,公立,一般大學,0013,國立中正大學,04131033,企業管理學系,4,2,2,0,1,0,0,2,0,0,1,0,0,3,2,1,4,2,2
107,公立,一般大學,0013,國立中正大學,04211039,法律學系,3,3,0,1,0,1,0,1,0,0,0,0,0,3,3,0,3,3,0
107,公立,一般大學,0013,國立中正大學,04212040,財經法律學系,7,5,2,1,0,1,0,2,1,1,1,0,0,5,4,1,7,5,2
107,公立,一般大學,0013,國立中正大學,05121075,生物醫學科學系,2,2,0,0,0,1,0,1,0,0,0,0,0,2,2,0,2,2,0
107,公立,一般大學,0013,國立中正大學,05311045,化學暨生物化學系,2,2,0,2,0,0,0,0,0,0,0,0,0,2,2,0,2,2,0
107,公立,一般大學,0013,國立中正大學,05321047,地球與環境科學系,1,0,1,0,0,0,0,0,1,0,0,0,0,1,0,1,1,0,1
107,公立,一般大學,0013,國立中正大學,05411049,數學系,3,3,0,1,0,2,0,0,0,0,0,0,0,3,3,0,3,3,0
107,公立,一般大學,0013,國立中正大學,06131053,資訊管理學系,1,1,0,0,0,0,0,1,0,0,0,0,0,1,1,0,1,1,0
107,公立,一般大學,0013,國立中正大學,06131055,資訊工程學系,3,3,0,0,0,0,0,1,0,2,0,0,0,1,1,0,3,3,0
107,公立,一般大學,0013,國立中正大學,07111061,化學工程學系,3,2,1,0,0,1,1,1,0,0,0,0,0,3,2,1,3,2,1
107,公立,一般大學,0013,國立中正大學,07141054,電機工程學系,2,2,0,0,0,0,0,1,0,1,0,0,0,1,1,0,2,2,0
107,公立,一般大學,0013,國立中正大學,07151058,機械工程學系,7,7,0,1,0,1,0,2,0,3,0,0,0,4,4,0,7,7,0
107,公立,一般大學,0013,國立中正大學,07151059,光機電整合工程研究所,1,1,0,0,0,0,0,1,0,0,0,0,0,1,1,0,1,1,0
107,公立,一般大學,0013,國立中正大學,09231063,社會福利學系,8,5,3,1,0,0,0,1,1,3,2,0,0,3,2,1,8,5,3
107,公立,一般大學,0013,國立中正大學,10141064,運動競技學系,7,7,0,2,0,0,0,1,0,4,0,0,0,3,3,0,7,7,0
107,公立,一般大學,0013,國立中正大學,99999Z01,通識中心,26,18,8,1,0,1,0,10,2,6,6,0,0,14,12,2,26,18,8
107,公立,一般大學,0013,國立中正大學,99999Z05,師資培育中心,3,0,3,0,0,0,1,0,2,0,0,0,0,3,0,3,3,0,3
107,公立,一般大學,0013,國立中正大學,99999Z07,體育中心,12,9,3,0,0,1,0,1,2,7,1,0,0,4,2,2,12,9,3
107,公立,一般大學,0014,國立高雄師範大學,01111001,教育學系,23,12,11,1,2,1,0,9,9,1,0,0,0,22,11,11,23,12,11
107,公立,一般大學,0014,國立高雄師範大學,01112009,成人教育研究所,6,6,0,3,0,2,0,1,0,0,0,0,0,6,6,0,6,6,0
107,公立,一般大學,0014,國立高雄師範大學,01113010,特殊教育學系,6,2,4,1,1,1,0,0,1,0,2,0,0,4,2,2,6,2,4
107,公立,一般大學,0014,國立高雄師範大學,01141003,工業科技教育學系,10,10,0,3,0,3,0,1,0,3,0,0,0,7,7,0,10,10,0
107,公立,一般大學,0014,國立高雄師範大學,01141005,體育學系,28,21,7,0,0,2,1,6,0,13,6,0,0,9,8,1,28,21,7
107,公立,一般大學,0014,國立高雄師範大學,01141006,科學教育暨環境教育研究所,7,5,2,0,0,0,0,5,2,0,0,0,0,7,5,2,7,5,2
107,公立,一般大學,0014,國立高雄師範大學,01199011,性別教育研究所,1,1,0,0,0,1,0,0,0,0,0,0,0,1,1,0,1,1,0
107,公立,一般大學,0014,國立高雄師範大學,02112022,視覺設計學系,12,10,2,0,0,1,1,3,0,6,1,0,0,5,4,1,12,10,2
107,公立,一般大學,0014,國立高雄師範大學,02123024,工業設計學系,5,5,0,0,0,0,0,2,0,3,0,0,0,2,2,0,5,5,0
107,公立,一般大學,0014,國立高雄師範大學,02131012,美術學系,27,17,10,1,0,2,0,4,3,10,7,0,0,10,7,3,27,17,10
107,公立,一般大學,0014,國立高雄師範大學,02141055,藝術產業學士原住民專班,16,9,7,0,0,0,0,4,0,5,7,0,0,4,4,0,16,9,7
107,公立,一般大學,0014,國立高雄師範大學,02151013,音樂學系,41,17,24,0,0,0,4,11,12,6,8,0,0,27,11,16,41,17,24
107,公立,一般大學,0014,國立高雄師範大學,02191014,跨領域藝術研究所,2,1,1,1,0,0,0,0,1,0,0,0,0,2,1,1,2,1,1
107,公立,一般大學,0014,國立高雄師範大學,02191047,表演藝術碩士學位學程,2,1,1,0,0,0,0,1,1,0,0,0,0,2,1,1,2,1,1
107,公立,一般大學,0014,國立高雄師範大學,02299020,經學研究所,2,2,0,0,0,2,0,0,0,0,0,0,0,2,2,0,2,2,0
107,公立,一般大學,0014,國立高雄師範大學,02311021,英語學系,31,11,20,1,1,2,1,2,8,6,10,0,0,15,5,10,31,11,20
107,公立,一般大學,0014,國立高雄師範大學,02322019,國文學系,22,10,12,1,0,2,2,3,3,4,7,0,0,11,6,5,22,10,12
107,公立,一般大學,0014,國立高雄師範大學,03142030,地理學系,1,1,0,0,0,0,0,1,0,0,0,0,0,1,1,0,1,1,0
107,公立,一般大學,0014,國立高雄師範大學,03143052,東南亞學碩士在職學位學程,1,0,1,0,0,0,0,0,1,0,0,0,0,1,0,1,1,0,1
107,公立,一般大學,0014,國立高雄師範大學,04131032,事業經營學系,3,2,1,0,0,0,0,1,1,1,0,0,0,2,1,1,3,2,1
107,公立,一般大學,0014,國立高雄師範大學,04199033,人力與知識管理研究所,3,3,0,1,0,0,0,2,0,0,0,0,0,3,3,0,3,3,0
107,公立,一般大學,0014,國立高雄師範大學,05121034,生物科技系,4,4,0,1,0,1,0,2,0,0,0,0,0,4,4,0,4,4,0
107,公立,一般大學,0014,國立高雄師範大學,05311036,化學系,6,3,3,1,0,1,1,1,2,0,0,0,0,6,3,3,6,3,3
107,公立,一般大學,0014,國立高雄師範大學,05331037,物理學系,3,3,0,0,0,1,0,2,0,0,0,0,0,3,3,0,3,3,0
107,公立,一般大學,0014,國立高雄師範大學,05411038,數學系,2,1,1,1,0,0,0,0,1,0,0,0,0,2,1,1,2,1,1
107,公立,一般大學,0014,國立高雄師範大學,07141042,光電與通訊工程學系,2,2,0,0,0,0,0,1,0,1,0,0,0,1,1,0,2,2,0
107,公立,一般大學,0014,國立高雄師範大學,99999Z01,通識教育中心,39,21,18,0,0,1,2,13,11,7,5,0,0,27,14,13,39,21,18
107,公立,一般大學,0014,國立高雄師範大學,99999Z05,師資培育與就業輔導處,17,12,5,0,0,1,0,6,1,5,4,0,0,8,7,1,17,12,5
107,公立,一般大學,0015,國立彰化師範大學,01111002,教育研究所,1,1,0,1,0,0,0,0,0,0,0,0,0,1,1,0,1,1,0
107,公立,一般大學,0015,國立彰化師範大學,01113012,特殊教育學系,2,0,2,0,0,0,0,0,2,0,0,0,0,2,0,2,2,0,2
107,公立,一般大學,0015,國立彰化師範大學,01131004,科學教育研究所,1,1,0,1,0,0,0,0,0,0,0,0,0,1,1,0,1,1,0
107,公立,一般大學,0015,國立彰化師範大學,01131006,公共事務與公民教育學系,6,5,1,1,0,2,0,1,1,1,0,0,0,5,4,1,6,5,1
107,公立,一般大學,0015,國立彰化師範大學,01141007,工業教育與技術學系,20,20,0,8,0,2,0,10,0,0,0,0,0,20,20,0,20,20,0
107,公立,一般大學,0015,國立彰化師範大學,01141011,運動學系,22,15,7,4,1,0,0,2,3,9,3,0,0,10,6,4,22,15,7
107,公立,一般大學,0015,國立彰化師範大學,02131017,美術學系,10,5,5,0,0,0,0,0,2,5,3,0,0,2,0,2,10,5,5
107,公立,一般大學,0015,國立彰化師範大學,02221023,歷史學研究所,4,3,1,0,0,2,1,1,0,0,0,0,0,4,3,1,4,3,1
107,公立,一般大學,0015,國立彰化師範大學,02311020,英語學系,18,5,13,3,1,1,0,0,4,1,8,0,0,9,4,5,18,5,13
107,公立,一般大學,0015,國立彰化師範大學,02311021,兒童英語研究所,1,1,0,0,0,1,0,0,0,0,0,0,0,1,1,0,1,1,0
107,公立,一般大學,0015,國立彰化師範大學,02312022,翻譯研究所,2,1,1,0,0,0,1,1,0,0,0,0,0,2,1,1,2,1,1
107,公立,一般大學,0015,國立彰化師範大學,02321018,台灣文學研究所,1,1,0,1,0,0,0,0,0,0,0,0,0,1,1,0,1,1,0
107,公立,一般大學,0015,國立彰化師範大學,02322019,國文學系,10,4,6,2,2,1,1,1,0,0,3,0,0,7,4,3,10,4,6
107,公立,一般大學,0015,國立彰化師範大學,03131025,輔導與諮商學系,7,5,2,1,1,1,0,2,0,1,1,0,0,5,4,1,7,5,2
107,公立,一般大學,0015,國立彰化師範大學,04111028,會計學系,12,10,2,0,0,3,0,5,1,2,1,0,0,9,8,1,12,10,2
107,公立,一般大學,0015,國立彰化師範大學,04121031,財務金融技術學系,5,4,1,1,0,0,0,0,0,3,1,0,0,1,1,0,5,4,1
107,公立,一般大學,0015,國立彰化師範大學,04131029,企業管理學系,8,6,2,1,0,0,1,3,0,2,1,0,0,5,4,1,8,6,2
107,公立,一般大學,0015,國立彰化師範大學,04131033,人力資源管理研究所,1,1,0,0,0,0,0,1,0,0,0,0,0,1,1,0,1,1,0
107,公立,一般大學,0015,國立彰化師範大學,05111034,生物學系,3,1,2,0,2,1,0,0,0,0,0,0,0,3,1,2,3,1,2
107,公立,一般大學,0015,國立彰化師範大學,05331037,物理學系,1,1,0,0,0,1,0,0,0,0,0,0,0,1,1,0,1,1,0
107,公立,一般大學,0015,國立彰化師範大學,05411038,數學系,6,5,1,1,1,2,0,2,0,0,0,0,0,6,5,1,6,5,1
107,公立,一般大學,0015,國立彰化師範大學,05421039,統計資訊研究所,1,0,1,0,0,0,0,0,1,0,0,0,0,1,0,1,1,0,1
107,公立,一般大學,0015,國立彰化師範大學,06131040,資訊管理學系,9,7,2,0,0,0,0,2,0,5,2,0,0,2,2,0,9,7,2
107,公立,一般大學,0015,國立彰化師範大學,06131050,資訊工程學系,1,1,0,0,0,0,0,0,0,1,0,0,0,0,0,0,1,1,0
107,公立,一般大學,0015,國立彰化師範大學,07141042,電機工程學系,6,6,0,2,0,1,0,3,0,0,0,0,0,6,6,0,6,6,0
107,公立,一般大學,0015,國立彰化師範大學,07141051,電信工程學研究所,1,1,0,1,0,0,0,0,0,0,0,0,0,1,1,0,1,1,0
107,公立,一般大學,0015,國立彰化師範大學,07151054,機電工程學系,3,3,0,1,0,0,0,2,0,0,0,0,0,3,3,0,3,3,0
107,公立,一般大學,0015,國立彰化師範大學,07161053,車輛科技研究所,1,1,0,1,0,0,0,0,0,0,0,0,0,1,1,0,1,1,0
107,公立,一般大學,0015,國立彰化師範大學,09212055,復健諮商研究所,3,1,2,0,0,0,0,0,0,1,2,0,0,0,0,0,3,1,2
107,公立,一般大學,0015,國立彰化師範大學,99999Z01,通識教育中心,16,8,8,0,0,1,0,3,2,4,6,0,0,6,4,2,16,8,8
107,公立,一般大學,0015,國立彰化師範大學,99999Z05,師資培育中心,18,15,3,3,0,3,0,8,3,1,0,0,0,17,14,3,18,15,3
107,公立,一般大學,0015,國立彰化師範大學,99999Z08,語文中心,1,0,1,0,0,0,0,0,0,0,1,0,0,0,0,0,1,0,1
107,公立,一般大學,0016,國立陽明大學,02231002,心智哲學研究所,1,1,0,1,0,0,0,0,0,0,0,0,0,1,1,0,1,1,0
107,公立,一般大學,0016,國立陽明大學,02299Y66,人文與社會科學院,1,0,1,0,0,0,1,0,0,0,0,0,0,1,0,1,1,0,1
107,公立,一般大學,0016,國立陽明大學,04133005,醫務管理研究所,8,6,2,4,0,2,1,0,1,0,0,0,0,8,6,2,8,6,2
107,公立,一般大學,0016,國立陽明大學,05121007,生命科學系暨基因體科學研究所,5,5,0,2,0,1,0,1,0,1,0,0,0,4,4,0,5,5,0
107,公立,一般大學,0016,國立陽明大學,05122009,微生物及免疫學研究所,3,3,0,2,0,1,0,0,0,0,0,0,0,3,3,0,3,3,0
107,公立,一般大學,0016,國立陽明大學,05123011,生化暨分子生物研究所,4,4,0,2,0,0,0,2,0,0,0,0,0,4,4,0,4,4,0
107,公立,一般大學,0016,國立陽明大學,05124013,生物醫學資訊研究所,1,1,0,1,0,0,0,0,0,0,0,0,0,1,1,0,1,1,0
107,公立,一般大學,0016,國立陽明大學,07193019,生醫光電研究所,2,2,0,1,0,1,0,0,0,0,0,0,0,2,2,0,2,2,0
107,公立,一般大學,0016,國立陽明大學,07193021,生物醫學工程學系,3,3,0,1,0,1,0,1,0,0,0,0,0,3,3,0,3,3,0
107,公立,一般大學,0016,國立陽明大學,09111059,牙醫學系,49,29,20,5,1,6,7,8,6,10,6,0,0,33,19,14,49,29,20
107,公立,一般大學,0016,國立陽明大學,09111061,口腔生物研究所,2,1,1,0,0,1,1,0,0,0,0,0,0,2,1,1,2,1,1
107,公立,一般大學,0016,國立陽明大學,09121024,醫學系,329,262,67,40,3,55,10,92,24,75,30,0,0,224,187,37,329,262,67
107,公立,一般大學,0016,國立陽明大學,09121025,臨床醫學研究所,8,8,0,6,0,2,0,0,0,0,0,0,0,8,8,0,8,8,0
107,公立,一般大學,0016,國立陽明大學,09121028,生理學研究所,1,1,0,1,0,0,0,0,0,0,0,0,0,1,1,0,1,1,0
107,公立,一般大學,0016,國立陽明大學,09121029,神經科學研究所,3,0,3,0,2,0,1,0,0,0,0,0,0,3,0,3,3,0,3
107,公立,一般大學,0016,國立陽明大學,09121032,急重症醫學研究所,2,2,0,0,0,1,0,1,0,0,0,0,0,2,2,0,2,2,0
107,公立,一般大學,0016,國立陽明大學,09121033,腦科學研究所,3,2,1,0,0,2,1,0,0,0,0,0,0,3,2,1,3,2,1
107,公立,一般大學,0016,國立陽明大學,09121043,藥理學研究所,11,8,3,3,0,4,2,1,1,0,0,0,0,11,8,3,11,8,3
107,公立,一般大學,0016,國立陽明大學,09131048,護理學系,25,2,23,0,1,0,1,0,7,2,14,0,0,9,0,9,25,2,23
107,公立,一般大學,0016,國立陽明大學,09131049,臨床護理研究所,2,0,2,0,0,0,1,0,1,0,0,0,0,2,0,2,2,0,2
107,公立,一般大學,0016,國立陽明大學,09141057,醫學生物技術暨檢驗學系,5,4,1,0,0,3,0,1,0,0,1,0,0,4,4,0,5,4,1
107,公立,一般大學,0016,國立陽明大學,09141058,生物醫學影像暨放射科學系,18,16,2,2,1,2,0,4,0,8,1,0,0,9,8,1,18,16,2
107,公立,一般大學,0016,國立陽明大學,09151047,物理治療暨輔助科技學系,14,8,6,1,0,0,1,4,4,3,1,0,0,10,5,5,14,8,6
107,公立,一般大學,0016,國立陽明大學,09161044,生物藥學研究所,3,3,0,2,0,1,0,0,0,0,0,0,0,3,3,0,3,3,0
107,公立,一般大學,0016,國立陽明大學,09171042,傳統醫藥研究所,6,3,3,2,1,0,0,1,2,0,0,0,0,6,3,3,6,3,3
107,公立,一般大學,0016,國立陽明大學,09191036,公共衛生研究所,3,2,1,1,0,1,1,0,0,0,0,0,0,3,2,1,3,2,1
107,公立,一般大學,0016,國立陽明大學,09191037,衛生福利研究所,2,2,0,1,0,0,0,1,0,0,0,0,0,2,2,0,2,2,0
107,公立,一般大學,0016,國立陽明大學,09191039,環境與職業衛生研究所,5,3,2,1,1,2,0,0,1,0,0,0,0,5,3,2,5,3,2
107,公立,一般大學,0016,國立陽明大學,09199066,食品安全及健康風險評估研究所,3,1,2,0,1,1,0,0,1,0,0,0,0,3,1,2,3,1,2
107,公立,一般大學,0016,國立陽明大學,99999Z99,人文與社會教育中心,25,15,10,3,1,4,1,5,5,3,3,0,0,19,12,7,25,15,10
107,公立,一般大學,0017,國立臺北大學,02221005,歷史學系,9,5,4,2,1,2,0,1,2,0,1,0,0,8,5,3,9,5,4
107,公立,一般大學,0017,國立臺北大學,02299008,民俗藝術與文化資產研究所,4,3,1,2,1,1,0,0,0,0,0,0,0,4,3,1,4,3,1
107,公立,一般大學,0017,國立臺北大學,02311004,應用外語學系,7,3,4,2,0,0,0,0,2,1,2,0,0,4,2,2,7,3,4
107,公立,一般大學,0017,國立臺北大學,02322002,中國文學系,26,16,10,6,1,1,4,8,5,1,0,0,0,25,15,10,26,16,10
107,公立,一般大學,0017,國立臺北大學,03111009,經濟學系,6,2,4,1,0,1,1,0,2,0,1,0,0,5,2,3,6,2,4
107,公立,一般大學,0017,國立臺北大學,03141011,社會學系,1,1,0,1,0,0,0,0,0,0,0,0,0,1,1,0,1,1,0
107,公立,一般大學,0017,國立臺北大學,03199016,犯罪學研究所,1,1,0,1,0,0,0,0,0,0,0,0,0,1,1,0,1,1,0
107,公立,一般大學,0017,國立臺北大學,04111017,會計學系,14,7,7,1,1,3,0,0,1,3,5,0,0,6,4,2,14,7,7
107,公立,一般大學,0017,國立臺北大學,04121021,商學院國際財務金融碩士在職專班,3,3,0,3,0,0,0,0,0,0,0,0,0,3,3,0,3,3,0
107,公立,一般大學,0017,國立臺北大學,04121022,金融與合作經營學系,9,6,3,2,0,1,1,2,1,1,1,0,0,7,5,2,9,6,3
107,公立,一般大學,0017,國立臺北大學,04122023,財政學系,9,8,1,1,0,3,0,1,1,3,0,0,0,6,5,1,9,8,1
107,公立,一般大學,0017,國立臺北大學,04131018,企業管理學系,19,16,3,8,1,2,0,4,1,2,1,0,0,16,14,2,19,16,3
107,公立,一般大學,0017,國立臺北大學,04131019,國際企業研究所,1,1,0,1,0,0,0,0,0,0,0,0,0,1,1,0,1,1,0
107,公立,一般大學,0017,國立臺北大學,04134013,公共行政暨政策學系,30,23,7,8,1,11,4,2,2,2,0,0,0,28,21,7,30,23,7
107,公立,一般大學,0017,國立臺北大學,04134024,不動產與城鄉環境學系,14,13,1,0,0,6,1,4,0,3,0,0,0,11,10,1,14,13,1
107,公立,一般大學,0017,國立臺北大學,04141026,商學院數位行銷進修學士學位學程,7,5,2,0,0,0,1,5,1,0,0,0,0,7,5,2,7,5,2
107,公立,一般大學,0017,國立臺北大學,04211028,法律學系,30,26,4,9,1,7,2,6,1,4,0,0,0,26,22,4,30,26,4
107,公立,一般大學,0017,國立臺北大學,05211043,自然資源與環境管理研究所,3,3,0,3,0,0,0,0,0,0,0,0,0,3,3,0,3,3,0
107,公立,一般大學,0017,國立臺北大學,05421033,統計學系,15,11,4,2,0,1,2,6,1,2,1,0,0,12,9,3,15,11,4
107,公立,一般大學,0017,國立臺北大學,06131036,資訊工程學系,3,3,0,1,0,2,0,0,0,0,0,0,0,3,3,0,3,3,0
107,公立,一般大學,0017,國立臺北大學,06134034,資訊管理研究所,2,1,1,0,0,1,0,0,1,0,0,0,0,2,1,1,2,1,1
107,公立,一般大學,0017,國立臺北大學,07141035,電機工程學系,1,1,0,1,0,0,0,0,0,0,0,0,0,1,1,0,1,1,0
107,公立,一般大學,0017,國立臺北大學,07141037,通訊工程學系,1,1,0,0,0,0,0,0,0,1,0,0,0,0,0,0,1,1,0
107,公立,一般大學,0017,國立臺北大學,07313039,都市計劃研究所,2,2,0,2,0,0,0,0,0,0,0,0,0,2,2,0,2,2,0
107,公立,一般大學,0017,國立臺北大學,09231041,社會工作學系,25,9,16,3,1,2,1,3,9,1,5,0,0,19,8,11,25,9,16
107,公立,一般大學,0017,國立臺北大學,10152042,休閒運動管理學系,2,0,2,0,1,0,0,0,0,0,1,0,0,1,0,1,2,0,2
107,公立,一般大學,0017,國立臺北大學,99999Z01,通識教育中心,17,8,9,1,0,0,2,6,5,1,2,0,0,14,7,7,17,8,9
107,公立,一般大學,0017,國立臺北大學,99999Z07,體育室,2,2,0,0,0,0,0,0,0,2,0,0,0,0,0,0,2,2,0
107,公立,一般大學,0017,國立臺北大學,99999Z08,語言中心,18,6,12,0,1,2,0,1,0,3,11,0,0,4,3,1,18,6,12
107,公立,一般大學,0018,國立嘉義大學,01111001,教育學系,15,10,5,4,0,0,0,5,5,1,0,0,0,14,9,5,15,10,5
107,公立,一般大學,0018,國立嘉義大學,01111006,師範學院教學專業國際碩士學位學程,1,1,0,1,0,0,0,0,0,0,0,0,0,1,1,0,1,1,0
107,公立,一般大學,0018,國立嘉義大學,01113017,特殊教育學系,3,1,2,0,0,0,0,1,2,0,0,0,0,3,1,2,3,1,2
107,公立,一般大學,0018,國立嘉義大學,01114018,教育行政與政策發展研究所,3,3,0,2,0,0,0,1,0,0,0,0,0,3,3,0,3,3,0
107,公立,一般大學,0018,國立嘉義大學,01116021,數位學習設計與管理學系,2,1,1,0,0,0,0,0,0,1,1,0,0,0,0,0,2,1,1
107,公立,一般大學,0018,國立嘉義大學,01121016,幼兒教育學系,2,0,2,0,0,0,0,0,0,0,2,0,0,0,0,0,2,0,2
107,公立,一般大學,0018,國立嘉義大學,01131010,數理教育研究所,5,3,2,0,0,0,0,3,2,0,0,0,0,5,3,2,5,3,2
107,公立,一般大學,0018,國立嘉義大學,01141113,體育與健康休閒學系,8,6,2,2,1,0,0,0,1,4,0,0,0,4,2,2,8,6,2
107,公立,一般大學,0018,國立嘉義大學,02131025,視覺藝術學系,7,5,2,0,0,1,0,3,1,1,1,0,0,5,4,1,7,5,2
107,公立,一般大學,0018,國立嘉義大學,02151024,音樂學系,43,13,30,0,0,0,1,8,17,5,12,0,0,26,8,18,43,13,30
107,公立,一般大學,0018,國立嘉義大學,02221033,應用歷史學系,4,3,1,0,0,1,0,2,1,0,0,0,0,4,3,1,4,3,1
107,公立,一般大學,0018,國立嘉義大學,02311031,外國語言學系,2,0,2,0,0,0,0,0,1,0,1,0,0,1,0,1,2,0,2
107,公立,一般大學,0018,國立嘉義大學,02322029,中國文學系,15,8,7,0,0,2,1,2,6,4,0,0,0,11,4,7,15,8,7
107,公立,一般大學,0018,國立嘉義大學,03111034,應用經濟學系,3,1,2,0,0,0,0,1,0,0,2,0,0,1,1,0,3,1,2
107,公立,一般大學,0018,國立嘉義大學,03131035,輔導與諮商學系,8,3,5,0,0,0,2,3,1,0,2,0,0,6,3,3,8,3,5
107,公立,一般大學,0018,國立嘉義大學,04121041,財務金融學系,9,8,1,0,0,0,0,2,0,6,1,0,0,2,2,0,9,8,1
107,公立,一般大學,0018,國立嘉義大學,04131038,企業管理學系,7,5,2,1,0,2,0,1,1,1,1,0,0,5,4,1,7,5,2
107,公立,一般大學,0018,國立嘉義大學,04131045,生物事業管理學系,4,4,0,0,0,1,0,3,0,0,0,0,0,4,4,0,4,4,0
107,公立,一般大學,0018,國立嘉義大學,04143044,行銷與觀光管理學系,5,2,3,0,0,0,0,1,1,1,2,0,0,2,1,1,5,2,3
107,公立,一般大學,0018,國立嘉義大學,05111052,生物資源學系,2,2,0,0,0,0,0,1,0,1,0,0,0,1,1,0,2,2,0
107,公立,一般大學,0018,國立嘉義大學,05121053,生化科技學系,2,2,0,0,0,0,0,2,0,0,0,0,0,2,2,0,2,2,0
107,公立,一般大學,0018,國立嘉義大學,05199058,微生物免疫與生物藥學系,1,1,0,0,0,0,0,0,0,1,0,0,0,0,0,0,1,1,0
107,公立,一般大學,0018,國立嘉義大學,06131063,資訊管理學系,1,1,0,0,0,0,0,1,0,0,0,0,0,1,1,0,1,1,0
107,公立,一般大學,0018,國立嘉義大學,07151067,生物機電工程學系,2,2,0,0,0,0,0,1,0,1,0,0,0,1,1,0,2,2,0
107,公立,一般大學,0018,國立嘉義大學,07211088,食品科學系,2,2,0,2,0,0,0,0,0,0,0,0,0,2,2,0,2,2,0
107,公立,一般大學,0018,國立嘉義大學,07312072,景觀學系,7,4,3,0,0,0,0,1,1,3,2,0,0,2,1,1,7,4,3
107,公立,一般大學,0018,國立嘉義大學,07321070,土木與水資源工程學系,1,1,0,1,0,0,0,0,0,0,0,0,0,1,1,0,1,1,0
107,公立,一般大學,0018,國立嘉義大學,08112079,動物科學系,2,2,0,2,0,0,0,0,0,0,0,0,0,2,2,0,2,2,0
107,公立,一般大學,0018,國立嘉義大學,08121080,園藝學系,2,2,0,0,0,1,0,1,0,0,0,0,0,2,2,0,2,2,0
107,公立,一般大學,0018,國立嘉義大學,08199076,農場管理進修學士學位學程,4,4,0,1,0,0,0,1,0,2,0,0,0,2,2,0,4,4,0
107,公立,一般大學,0018,國立嘉義大學,08211106,木質材料與設計學系,5,4,1,3,0,0,0,1,0,0,1,0,0,4,4,0,5,4,1
107,公立,一般大學,0018,國立嘉義大學,08312047,水生生物科學系,1,1,0,0,0,0,0,0,0,1,0,0,0,0,0,0,1,1,0
107,公立,一般大學,0018,國立嘉義大學,08411108,獸醫學系,3,3,0,1,0,0,0,0,0,2,0,0,0,1,1,0,3,3,0
107,公立,一般大學,0018,國立嘉義大學,99999Z08,語言中心,15,0,15,0,0,0,0,0,4,0,11,0,0,4,0,4,15,0,15
107,公立,一般大學,0019,國立高雄大學,02122036,工藝與創意設計學系,3,3,0,0,0,1,0,0,0,2,0,0,0,1,1,0,3,3,0
107,公立,一般大學,0019,國立高雄大學,02311002,西洋語文學系,5,1,4,0,0,0,0,0,1,1,3,0,0,1,0,1,5,1,4
107,公立,一般大學,0019,國立高雄大學,02311003,東亞語文學系,6,1,5,0,0,0,0,1,0,0,5,0,0,1,1,0,6,1,5
107,公立,一般大學,0019,國立高雄大學,03111006,應用經濟學系,3,3,0,0,0,0,0,1,0,2,0,0,0,1,1,0,3,3,0
107,公立,一般大學,0019,國立高雄大學,04121011,金融管理學系,3,2,1,0,0,0,0,0,0,2,1,0,0,0,0,0,3,2,1
107,公立,一般大學,0019,國立高雄大學,04199012,高階經營管理碩士在職專班,1,1,0,1,0,0,0,0,0,0,0,0,0,1,1,0,1,1,0
107,公立,一般大學,0019,國立高雄大學,04211015,法律學系,6,5,1,1,0,0,0,3,0,1,1,0,0,4,4,0,6,5,1
107,公立,一般大學,0019,國立高雄大學,04212016,財經法律學系,5,5,0,2,0,0,0,1,0,2,0,0,0,3,3,0,5,5,0
107,公立,一般大學,0019,國立高雄大學,04212017,政治法律學系,8,5,3,1,1,0,0,2,1,2,1,0,0,5,3,2,8,5,3
107,公立,一般大學,0019,國立高雄大學,05331023,應用物理學系,1,0,1,0,0,0,0,0,1,0,0,0,0,1,0,1,1,0,1
107,公立,一般大學,0019,國立高雄大學,05411024,應用數學系,3,3,0,0,0,1,0,1,0,1,0,0,0,2,2,0,3,3,0
107,公立,一般大學,0019,國立高雄大學,06131026,資訊管理學系,2,2,0,0,0,0,0,0,0,2,0,0,0,0,0,0,2,2,0
107,公立,一般大學,0019,國立高雄大學,06131028,資訊工程學系,1,1,0,0,0,0,0,1,0,0,0,0,0,1,1,0,1,1,0
107,公立,一般大學,0019,國立高雄大學,07111030,化學工程及材料工程學系,1,1,0,0,0,0,0,1,0,0,0,0,0,1,1,0,1,1,0
107,公立,一般大學,0019,國立高雄大學,07141027,電機工程學系,7,6,1,2,0,1,0,3,1,0,0,0,0,7,6,1,7,6,1
107,公立,一般大學,0019,國立高雄大學,07311035,建築學系,6,5,1,0,0,0,0,3,0,2,1,0,0,3,3,0,6,5,1
107,公立,一般大學,0019,國立高雄大學,07321029,土木與環境工程學系,2,2,0,0,0,0,0,2,0,0,0,0,0,2,2,0,2,2,0
107,公立,一般大學,0019,國立高雄大學,10141032,運動競技學系,3,2,1,0,0,1,0,0,0,1,1,0,0,1,1,0,3,2,1
107,公立,一般大學,0019,國立高雄大學,10152033,運動健康與休閒學系,9,6,3,1,1,0,0,1,0,4,2,0,0,3,2,1,9,6,3
107,公立,一般大學,0019,國立高雄大學,99999Z01,通識教育中心,83,53,30,1,0,1,1,24,10,27,19,0,0,37,26,11,83,53,30
107,公立,一般大學,0020,國立東華大學,01111001,教育與潛能開發學系,11,4,7,0,1,0,0,0,1,4,5,0,0,2,0,2,11,4,7
107,公立,一般大學,0020,國立東華大學,01114015,教育行政與管理學系,7,3,4,0,0,0,0,0,1,3,3,0,0,1,0,1,7,3,4
107,公立,一般大學,0020,國立東華大學,01141010,體育與運動科學系,1,1,0,1,0,0,0,0,0,0,0,0,0,1,1,0,1,1,0
107,公立,一般大學,0020,國立東華大學,02121019,藝術與設計學系,7,6,1,0,0,1,0,1,1,4,0,0,0,3,2,1,7,6,1
107,公立,一般大學,0020,國立東華大學,02151018,音樂學系,22,6,16,0,0,0,0,1,9,5,7,0,0,10,1,9,22,6,16
107,公立,一般大學,0020,國立東華大學,02191022,藝術創意產業學系,7,4,3,1,0,0,0,0,0,3,3,0,0,1,1,0,7,4,3
107,公立,一般大學,0020,國立東華大學,02199Y09,藝術學院,3,1,2,0,0,0,0,1,0,0,2,0,0,1,1,0,3,1,2
107,公立,一般大學,0020,國立東華大學,02311029,英美語文學系,1,0,1,0,0,0,0,0,0,0,1,0,0,0,0,0,1,0,1
107,公立,一般大學,0020,國立東華大學,02321028,民族語言與傳播學系,8,6,2,1,0,0,0,1,0,4,2,0,0,2,2,0,8,6,2
107,公立,一般大學,0020,國立東華大學,02322025,中國語文學系,8,5,3,0,0,0,0,1,2,4,1,0,0,3,1,2,8,5,3
107,公立,一般大學,0020,國立東華大學,03131046,諮商與臨床心理學系,2,2,0,0,0,0,0,1,0,1,0,0,0,1,1,0,2,2,0
107,公立,一般大學,0020,國立東華大學,03141036,社會學系,1,1,0,0,0,0,0,1,0,0,0,0,0,1,1,0,1,1,0
107,公立,一般大學,0020,國立東華大學,03143051,臺灣文化學系,3,3,0,0,0,2,0,1,0,0,0,0,0,3,3,0,3,3,0
107,公立,一般大學,0020,國立東華大學,03199040,民族事務與發展學系,2,1,1,0,0,0,1,0,0,1,0,0,0,1,0,1,2,1,1
107,公立,一般大學,0020,國立東華大學,04111056,會計學系,1,1,0,0,0,0,0,0,0,1,0,0,0,0,0,0,1,1,0
107,公立,一般大學,0020,國立東華大學,04121061,財務金融學系,4,3,1,0,0,0,1,0,0,3,0,0,0,1,0,1,4,3,1
107,公立,一般大學,0020,國立東華大學,04131059,企業管理學系,1,0,1,0,0,0,0,0,1,0,0,0,0,1,0,1,1,0,1
107,公立,一般大學,0020,國立東華大學,04134054,公共行政學系,4,3,1,2,0,0,0,0,0,1,1,0,0,2,2,0,4,3,1
107,公立,一般大學,0020,國立東華大學,04191066,管理學院管理科學與財金國際學士學位學程,1,1,0,0,0,0,0,1,0,0,0,0,0,1,1,0,1,1,0
107,公立,一般大學,0020,國立東華大學,04212068,財經法律研究所,2,2,0,0,0,1,0,0,0,1,0,0,0,1,1,0,2,2,0
107,公立,一般大學,0020,國立東華大學,06131086,資訊工程學系,2,2,0,1,0,0,0,0,0,1,0,0,0,1,1,0,2,2,0
107,公立,一般大學,0020,國立東華大學,07141083,電機工程學系,2,2,0,0,0,0,0,0,0,2,0,0,0,0,0,0,2,2,0
107,公立,一般大學,0020,國立東華大學,10151091,觀光暨休閒遊憩學系,1,1,0,0,0,0,0,0,0,1,0,0,0,0,0,0,1,1,0
107,公立,一般大學,0020,國立東華大學,99999Z01,通識教育中心,35,19,16,0,0,0,0,2,4,17,12,0,0,6,2,4,35,19,16
107,公立,一般大學,0020,國立東華大學,99999Z05,師資培育中心,4,1,3,0,0,0,0,1,1,0,2,0,0,2,1,1,4,1,3
107,公立,一般大學,0020,國立東華大學,99999Z07,體育中心,3,2,1,0,0,0,0,0,0,2,1,0,0,0,0,0,3,2,1
107,公立,一般大學,0020,國立東華大學,99999Z08,語言中心,2,1,1,0,0,0,0,1,0,0,1,0,0,1,1,0,2,1,1
107,公立,一般大學,0021,國立暨南國際大學,01111001,國際文教與比較教育學系,5,3,2,0,0,0,0,2,0,1,2,0,0,2,2,0,5,3,2
107,公立,一般大學,0021,國立暨南國際大學,01111004,諮商心理與人力資源發展學系,12,5,7,1,1,1,0,3,4,0,2,0,0,10,5,5,12,5,7
107,公立,一般大學,0021,國立暨南國際大學,01114010,教育政策與行政學系,4,4,0,2,0,1,0,1,0,0,0,0,0,4,4,0,4,4,0
107,公立,一般大學,0021,國立暨南國際大學,01131007,華語文教學碩士學位學程,6,4,2,0,1,2,0,0,1,2,0,0,0,4,2,2,6,4,2
107,公立,一般大學,0021,國立暨南國際大學,02221015,歷史學系,5,2,3,1,0,1,1,0,0,0,2,0,0,3,2,1,5,2,3
107,公立,一般大學,0021,國立暨南國際大學,02311014,外國語文學系,10,2,8,0,0,0,1,0,2,2,5,0,0,3,0,3,10,2,8
107,公立,一般大學,0021,國立暨南國際大學,02322013,中國語文學系,12,5,7,1,0,0,0,0,2,4,5,0,0,3,1,2,12,5,7
107,公立,一般大學,0021,國立暨南國際大學,03111016,經濟學系,3,2,1,1,0,0,1,0,0,1,0,0,0,2,1,1,3,2,1
107,公立,一般大學,0021,國立暨南國際大學,03141045,原住民文化產業與社會工作學士學位學程原住民族專班,17,9,8,0,0,0,0,2,0,7,8,0,0,2,2,0,17,9,8
107,公立,一般大學,0021,國立暨南國際大學,03143019,東南亞學系,10,6,4,0,0,0,0,2,1,4,3,0,0,3,2,1,10,6,4
107,公立,一般大學,0021,國立暨南國際大學,04121025,財務金融學系,5,3,2,0,0,0,0,3,1,0,1,0,0,4,3,1,5,3,2
107,公立,一般大學,0021,國立暨南國際大學,04131022,國際企業學系,8,7,1,2,1,1,0,2,0,2,0,0,0,6,5,1,8,7,1
107,公立,一般大學,0021,國立暨南國際大學,04131026,新興產業策略與發展博士學位學程,2,1,1,0,0,1,0,0,0,0,1,0,0,1,1,0,2,1,1
107,公立,一般大學,0021,國立暨南國際大學,04134020,公共行政與政策學系,5,4,1,0,0,0,0,0,0,4,1,0,0,0,0,0,5,4,1
107,公立,一般大學,0021,國立暨南國際大學,05311027,應用化學系,16,13,3,0,0,3,0,8,3,2,0,0,0,14,11,3,16,13,3
107,公立,一般大學,0021,國立暨南國際大學,06131030,資訊管理學系,3,3,0,0,0,1,0,1,0,1,0,0,0,2,2,0,3,3,0
107,公立,一般大學,0021,國立暨南國際大學,06131034,資訊工程學系,9,9,0,0,0,0,0,1,0,8,0,0,0,1,1,0,9,9,0
107,公立,一般大學,0021,國立暨南國際大學,07112037,應用材料及光電工程學系,4,3,1,1,0,0,0,2,1,0,0,0,0,4,3,1,4,3,1
107,公立,一般大學,0021,國立暨南國際大學,07141031,電機工程學系,7,7,0,6,0,0,0,1,0,0,0,0,0,7,7,0,7,7,0
107,公立,一般大學,0021,國立暨南國際大學,07321035,土木工程學系,9,7,2,0,0,1,0,6,2,0,0,0,0,9,7,2,9,7,2
107,公立,一般大學,0021,國立暨南國際大學,09231038,社會政策與社會工作學系,9,5,4,0,0,1,0,1,2,3,2,0,0,4,2,2,9,5,4
107,公立,一般大學,0021,國立暨南國際大學,10151039,觀光休閒與餐旅管理學系,7,5,2,0,0,0,0,2,1,3,1,0,0,3,2,1,7,5,2
107,公立,一般大學,0021,國立暨南國際大學,99999Z01,通識教育中心,62,41,21,1,0,2,0,10,4,28,17,0,0,17,13,4,62,41,21
107,公立,一般大學,0021,國立暨南國際大學,99999Z05,師資培育中心,6,2,4,0,0,0,0,1,0,1,4,0,0,1,1,0,6,2,4
107,公立,一般大學,0021,國立暨南國際大學,99999Z08,語文教學研究中心,5,4,1,0,0,0,0,0,0,4,1,0,0,0,0,0,5,4,1
107,公立,技專校院,0022,國立臺灣科技大學,01116002,數位學習與教育研究所,1,1,0,0,0,0,0,1,0,0,0,0,0,1,1,0,1,1,0
107,公立,技專校院,0022,國立臺灣科技大學,02122004,設計系,57,46,11,6,0,8,2,12,4,20,5,0,0,32,26,6,57,46,11
107,公立,技專校院,0022,國立臺灣科技大學,02311003,應用外語系,11,6,5,1,0,2,0,1,0,2,5,0,0,4,4,0,11,6,5
107,公立,技專校院,0022,國立臺灣科技大學,04121010,財務金融研究所,9,6,3,1,0,2,0,3,2,0,1,0,0,8,6,2,9,6,3
107,公立,技專校院,0022,國立臺灣科技大學,04131008,企業管理系,21,14,7,2,0,2,1,8,3,2,3,0,0,16,12,4,21,14,7
107,公立,技專校院,0022,國立臺灣科技大學,04191009,管理研究所,11,9,2,6,0,3,0,0,2,0,0,0,0,11,9,2,11,9,2
107,公立,技專校院,0022,國立臺灣科技大學,04199013,管理學院,6,4,2,0,2,2,0,2,0,0,0,0,0,6,4,2,6,4,2
107,公立,技專校院,0022,國立臺灣科技大學,04212014,專利研究所,5,5,0,4,0,0,0,1,0,0,0,0,0,5,5,0,5,5,0
107,公立,技專校院,0022,國立臺灣科技大學,05399015,應用科技研究所,1,1,0,0,0,1,0,0,0,0,0,0,0,1,1,0,1,1,0
107,公立,技專校院,0022,國立臺灣科技大學,05399Y38,應用科技學院,4,4,0,0,0,1,0,1,0,2,0,0,0,2,2,0,4,4,0
107,公立,技專校院,0022,國立臺灣科技大學,06131016,資訊管理系,7,5,2,1,1,2,0,2,1,0,0,0,0,7,5,2,7,5,2
107,公立,技專校院,0022,國立臺灣科技大學,06131020,資訊工程系,2,2,0,2,0,0,0,0,0,0,0,0,0,2,2,0,2,2,0
107,公立,技專校院,0022,國立臺灣科技大學,07111026,化學工程系,6,6,0,3,0,2,0,0,0,1,0,0,0,5,5,0,6,6,0
107,公立,技專校院,0022,國立臺灣科技大學,07112028,材料科學與工程系,5,5,0,0,0,0,0,0,0,5,0,0,0,0,0,0,5,5,0
107,公立,技專校院,0022,國立臺灣科技大學,07141017,電機工程系,8,8,0,3,0,1,0,3,0,1,0,0,0,7,7,0,8,8,0
107,公立,技專校院,0022,國立臺灣科技大學,07141018,電子工程系,12,12,0,5,0,2,0,5,0,0,0,0,0,12,12,0,12,12,0
107,公立,技專校院,0022,國立臺灣科技大學,07141019,光電工程研究所,1,1,0,1,0,0,0,0,0,0,0,0,0,1,1,0,1,1,0
107,公立,技專校院,0022,國立臺灣科技大學,07141022,色彩與照明科技研究所,1,1,0,1,0,0,0,0,0,0,0,0,0,1,1,0,1,1,0
107,公立,技專校院,0022,國立臺灣科技大學,07151023,機械工程系,18,18,0,7,0,8,0,2,0,1,0,0,0,17,17,0,18,18,0
107,公立,技專校院,0022,國立臺灣科技大學,07151024,自動化及控制研究所,1,1,0,0,0,0,0,1,0,0,0,0,0,1,1,0,1,1,0
107,公立,技專校院,0022,國立臺灣科技大學,07191012,工業管理系,6,6,0,2,0,0,0,3,0,1,0,0,0,5,5,0,6,6,0
107,公立,技專校院,0022,國立臺灣科技大學,07199033,工程學院,11,10,1,4,0,3,0,2,1,1,0,0,0,10,9,1,11,10,1
107,公立,技專校院,0022,國立臺灣科技大學,07199Y53,電資學院,2,2,0,0,0,2,0,0,0,0,0,0,0,2,2,0,2,2,0
107,公立,技專校院,0022,國立臺灣科技大學,07311038,建築系,55,44,11,15,2,8,0,15,8,6,1,0,0,48,38,10,55,44,11
107,公立,技專校院,0022,國立臺灣科技大學,07321025,營建工程系,10,9,1,4,0,2,0,2,0,1,1,0,0,8,8,0,10,9,1
107,公立,技專校院,0022,國立臺灣科技大學,09171034,醫學工程研究所,5,5,0,1,0,1,0,3,0,0,0,0,0,5,5,0,5,5,0
107,公立,技專校院,0022,國立臺灣科技大學,99999Z01,人文社會學科,31,18,13,1,1,3,3,9,6,5,3,0,0,23,13,10,31,18,13
107,公立,技專校院,0022,國立臺灣科技大學,99999Z01,通識教育中心,34,15,19,0,2,3,2,7,4,5,11,0,0,18,10,8,34,15,19
107,公立,技專校院,0022,國立臺灣科技大學,99999Z05,師資培育中心,8,6,2,0,0,2,0,3,1,1,1,0,0,6,5,1,8,6,2
107,公立,技專校院,0022,國立臺灣科技大學,99999Z07,體育室,21,16,5,3,0,4,0,0,1,9,4,0,0,8,7,1,21,16,5
107,公立,技專校院,0022,國立臺灣科技大學,99999Z08,語言中心,35,5,30,0,0,1,1,0,3,4,26,0,0,5,1,4,35,5,30
107,公立,技專校院,0023,國立雲林科技大學,02112011,視覺傳達設計系,4,2,2,0,0,0,0,0,0,2,2,0,0,0,0,0,4,2,2
107,公立,技專校院,0023,國立雲林科技大學,02112013,數位媒體設計系,7,5,2,0,0,1,0,1,0,3,2,0,0,2,2,0,7,5,2
107,公立,技專校院,0023,國立雲林科技大學,02122007,設計學研究所,1,1,0,0,0,1,0,0,0,0,0,0,0,1,1,0,1,1,0
107,公立,技專校院,0023,國立雲林科技大學,02122009,創意生活設計系,15,10,5,0,0,1,0,1,0,8,5,0,0,2,2,0,15,10,5
107,公立,技專校院,0023,國立雲林科技大學,02123014,工業設計系,8,8,0,1,0,1,0,0,0,6,0,0,0,2,2,0,8,8,0
107,公立,技專校院,0023,國立雲林科技大學,02192002,文化資產維護系,9,7,2,1,0,0,0,1,1,5,1,0,0,3,2,1,9,7,2
107,公立,技專校院,0023,國立雲林科技大學,02311004,應用外語系,37,14,23,0,0,0,1,2,4,12,18,0,0,7,2,5,37,14,23
107,公立,技專校院,0023,國立雲林科技大學,02322003,漢學應用研究所,8,1,7,0,0,0,0,1,4,0,3,0,0,5,1,4,8,1,7
107,公立,技專校院,0023,國立雲林科技大學,04111018,會計系,7,5,2,0,0,2,0,0,2,3,0,0,0,4,2,2,7,5,2
107,公立,技專校院,0023,國立雲林科技大學,04121024,財務金融系,4,4,0,2,0,0,0,0,0,2,0,0,0,2,2,0,4,4,0
107,公立,技專校院,0023,國立雲林科技大學,04131019,企業管理系,10,7,3,0,0,0,1,5,2,2,0,0,0,8,5,3,10,7,3
107,公立,技專校院,0023,國立雲林科技大學,04131022,國際管理學士學位學程,3,1,2,0,0,1,0,0,0,0,2,0,0,1,1,0,3,1,2
107,公立,技專校院,0023,國立雲林科技大學,04131059,工商管理學士學位學程,4,4,0,0,0,0,0,2,0,2,0,0,0,2,2,0,4,4,0
107,公立,技專校院,0023,國立雲林科技大學,04212031,科技法律研究所,3,3,0,0,0,0,0,2,0,1,0,0,0,2,2,0,3,3,0
107,公立,技專校院,0023,國立雲林科技大學,06131032,資訊管理系,2,2,0,0,0,0,0,1,0,1,0,0,0,1,1,0,2,2,0
107,公立,技專校院,0023,國立雲林科技大學,07111045,化學工程與材料工程系,4,3,1,2,0,0,0,1,0,0,1,0,0,3,3,0,4,3,1
107,公立,技專校院,0023,國立雲林科技大學,07112047,材料科技研究所,5,4,1,0,0,2,1,1,0,1,0,0,0,4,3,1,5,4,1
107,公立,技專校院,0023,國立雲林科技大學,07121049,環境與安全衛生工程系,2,2,0,0,0,0,0,1,0,1,0,0,0,1,1,0,2,2,0
107,公立,技專校院,0023,國立雲林科技大學,07141033,電機工程系,3,3,0,1,0,2,0,0,0,0,0,0,0,3,3,0,3,3,0
107,公立,技專校院,0023,國立雲林科技大學,07141034,電子工程系,2,1,1,0,0,0,0,0,0,1,1,0,0,0,0,0,2,1,1
107,公立,技專校院,0023,國立雲林科技大學,07141037,資訊工程系,1,1,0,0,0,0,0,0,0,1,0,0,0,0,0,0,1,1,0
107,公立,技專校院,0023,國立雲林科技大學,07151041,機械工程系,7,7,0,1,0,2,0,2,0,2,0,0,0,5,5,0,7,7,0
107,公立,技專校院,0023,國立雲林科技大學,07191048,工業工程與管理系,8,8,0,1,0,2,0,2,0,3,0,0,0,5,5,0,8,8,0
107,公立,技專校院,0023,國立雲林科技大學,07311016,建築與室內設計系,12,9,3,0,0,1,0,0,0,8,3,0,0,1,1,0,12,9,3
107,公立,技專校院,0023,國立雲林科技大學,07321043,營建工程系,1,1,0,0,0,0,0,1,0,0,0,0,0,1,1,0,1,1,0
107,公立,技專校院,0023,國立雲林科技大學,10152053,休閒運動研究所,20,14,6,0,0,1,0,1,0,12,6,0,0,2,2,0,20,14,6
107,公立,技專校院,0023,國立雲林科技大學,99999006,前瞻學士學位學程,1,0,1,0,0,0,0,0,1,0,0,0,0,1,0,1,1,0,1
107,公立,技專校院,0023,國立雲林科技大學,99999Z01,通識教育中心,39,24,15,2,0,1,1,7,4,14,10,0,0,15,10,5,39,24,15
107,公立,技專校院,0023,國立雲林科技大學,99999Z05,師資培育中心,1,0,1,0,0,0,0,0,0,0,1,0,0,0,0,0,1,0,1
107,公立,技專校院,0024,國立屏東科技大學,02125003,時尚設計與管理系,2,0,2,0,0,0,0,0,1,0,1,0,0,1,0,1,2,0,2
107,公立,技專校院,0024,國立屏東科技大學,02299Y13,人文暨社會科學院,8,3,5,0,0,0,0,0,0,3,5,0,0,0,0,0,8,3,5
107,公立,技專校院,0024,國立屏東科技大學,03143004,客家文化產業研究所,2,1,1,0,0,0,0,1,1,0,0,0,0,2,1,1,2,1,1
107,公立,技專校院,0024,國立屏東科技大學,04121007,財務金融國際學士學位學程,1,1,0,0,0,0,0,1,0,0,0,0,0,1,1,0,1,1,0
107,公立,技專校院,0024,國立屏東科技大學,04131005,企業管理系,10,8,2,0,0,0,0,2,0,6,2,0,0,2,2,0,10,8,2
107,公立,技專校院,0024,國立屏東科技大學,04199008,科技管理研究所,1,1,0,0,0,0,0,1,0,0,0,0,0,1,1,0,1,1,0
107,公立,技專校院,0024,國立屏東科技大學,04199009,工業管理系,6,5,1,0,0,0,0,1,0,4,1,0,0,1,1,0,6,5,1
107,公立,技專校院,0024,國立屏東科技大學,05121050,動物用疫苗國際學位專班,1,1,0,1,0,0,0,0,0,0,0,0,0,1,1,0,1,1,0
107,公立,技專校院,0024,國立屏東科技大學,05292040,水土保持系,3,3,0,0,0,1,0,2,0,0,0,0,0,3,3,0,3,3,0
107,公立,技專校院,0024,國立屏東科技大學,07112065,先進材料學士學位學程,1,1,0,0,0,0,0,0,0,1,0,0,0,0,0,0,1,1,0
107,公立,技專校院,0024,國立屏東科技大學,07151018,機械工程系,2,2,0,0,0,0,0,0,0,2,0,0,0,0,0,0,2,2,0
107,公立,技專校院,0024,國立屏東科技大學,07151020,生物機電工程系,5,5,0,0,0,0,0,3,0,2,0,0,0,3,3,0,5,5,0
107,公立,技專校院,0024,國立屏東科技大學,07161019,車輛工程系,2,2,0,0,0,0,0,0,0,2,0,0,0,0,0,0,2,2,0
107,公立,技專校院,0024,國立屏東科技大學,07211037,食品科學系,6,5,1,0,0,0,0,1,1,4,0,0,0,2,1,1,6,5,1
107,公立,技專校院,0024,國立屏東科技大學,07211039,食品生技碩士學位學程在職專班,4,4,0,1,0,0,0,3,0,0,0,0,0,4,4,0,4,4,0
107,公立,技專校院,0024,國立屏東科技大學,07321021,土木工程系,3,3,0,0,0,0,0,1,0,2,0,0,0,1,1,0,3,3,0
107,公立,技專校院,0024,國立屏東科技大學,07321022,土壤與水工程國際碩士學位學程,1,1,0,0,0,0,0,1,0,0,0,0,0,1,1,0,1,1,0
107,公立,技專校院,0024,國立屏東科技大學,07321023,環境資源與防災學位學程,5,5,0,0,0,0,0,1,0,4,0,0,0,1,1,0,5,5,0
107,公立,技專校院,0024,國立屏東科技大學,08111029,農園生產系,3,3,0,0,0,2,0,0,0,1,0,0,0,2,2,0,3,3,0
107,公立,技專校院,0024,國立屏東科技大學,08112032,動物科學與畜產系,1,1,0,0,0,0,0,1,0,0,0,0,0,1,1,0,1,1,0
107,公立,技專校院,0024,國立屏東科技大學,08193036,農企業管理系,2,2,0,0,0,0,0,1,0,1,0,0,0,1,1,0,2,2,0
107,公立,技專校院,0024,國立屏東科技大學,08199030,熱帶農業暨國際合作系,5,5,0,3,0,1,0,1,0,0,0,0,0,5,5,0,5,5,0
107,公立,技專校院,0024,國立屏東科技大學,08199067,科技農業學士學位學程,1,1,0,0,0,1,0,0,0,0,0,0,0,1,1,0,1,1,0
107,公立,技專校院,0024,國立屏東科技大學,08199Y41,農學院,3,2,1,1,0,0,0,0,0,1,1,0,0,1,1,0,3,2,1
107,公立,技專校院,0024,國立屏東科技大學,08211041,森林系,1,1,0,1,0,0,0,0,0,0,0,0,0,1,1,0,1,1,0
107,公立,技專校院,0024,國立屏東科技大學,08211043,木材科學與設計系,1,1,0,1,0,0,0,0,0,0,0,0,0,1,1,0,1,1,0
107,公立,技專校院,0024,國立屏東科技大學,08312046,水產養殖系,1,1,0,0,0,0,0,0,0,1,0,0,0,0,0,0,1,1,0
107,公立,技專校院,0024,國立屏東科技大學,08312068,觀賞魚科技及水生動物健康國際學位專班,3,3,0,3,0,0,0,0,0,0,0,0,0,3,3,0,3,3,0
107,公立,技專校院,0024,國立屏東科技大學,08411048,獸醫學系,5,4,1,1,0,2,0,1,1,0,0,0,0,5,4,1,5,4,1
107,公立,技專校院,0024,國立屏東科技大學,09231051,社會工作系,10,5,5,0,0,1,0,0,0,4,5,0,0,1,1,0,10,5,5
107,公立,技專校院,0024,國立屏東科技大學,10131054,餐旅管理系,7,4,3,0,0,0,0,1,0,3,3,0,0,1,1,0,7,4,3
107,公立,技專校院,0024,國立屏東科技大學,10152057,休閒運動健康系,6,5,1,0,0,0,0,0,0,5,1,0,0,0,0,0,6,5,1
107,公立,技專校院,0024,國立屏東科技大學,99999Z01,通識教育中心,23,18,5,0,0,2,1,10,3,6,1,0,0,16,12,4,23,18,5
107,公立,技專校院,0024,國立屏東科技大學,99999Z05,師資培育中心,3,2,1,0,0,0,0,0,0,2,1,0,0,0,0,0,3,2,1
107,公立,技專校院,0024,國立屏東科技大學,99999Z07,體育室,13,11,2,0,0,0,0,1,1,10,1,0,0,2,1,1,13,11,2
107,公立,技專校院,0024,國立屏東科技大學,99999Z08,語言中心,22,12,10,0,0,0,0,0,0,12,10,0,0,0,0,0,22,12,10
107,公立,技專校院,0025,國立臺北科技大學,01118001,技術及職業教育研究所,3,3,0,2,0,1,0,0,0,0,0,0,0,3,3,0,3,3,0
107,公立,技專校院,0025,國立臺北科技大學,02112007,互動設計系,23,20,3,1,0,1,0,6,0,12,3,0,0,8,8,0,23,20,3
107,公立,技專校院,0025,國立臺北科技大學,02122004,創意設計學士班,9,7,2,1,0,2,0,0,1,4,1,0,0,4,3,1,9,7,2
107,公立,技專校院,0025,國立臺北科技大學,02123009,工業設計系,45,36,9,1,0,5,0,4,1,26,8,0,0,11,10,1,45,36,9
107,公立,技專校院,0025,國立臺北科技大學,02299018,文化事業發展系,5,4,1,0,0,1,0,2,0,1,1,0,0,3,3,0,5,4,1
107,公立,技專校院,0025,國立臺北科技大學,02311002,應用英文系,43,22,21,0,0,1,2,2,3,19,16,0,0,8,3,5,43,22,21
107,公立,技專校院,0025,國立臺北科技大學,04131011,經營管理系,24,17,7,2,2,3,0,7,2,5,3,0,0,16,12,4,24,17,7
107,公立,技專校院,0025,國立臺北科技大學,04131011,管理學院經營管理EMBA專班,11,9,2,4,0,2,1,3,1,0,0,0,0,11,9,2,11,9,2
107,公立,技專校院,0025,國立臺北科技大學,04212024,智慧財產權研究所,3,3,0,0,0,1,0,2,0,0,0,0,0,3,3,0,3,3,0
107,公立,技專校院,0025,國立臺北科技大學,06131016,資訊與財金管理系,19,17,2,1,0,4,1,5,1,7,0,0,0,12,10,2,19,17,2
107,公立,技專校院,0025,國立臺北科技大學,06131034,資訊工程系,2,2,0,0,0,1,0,1,0,0,0,0,0,2,2,0,2,2,0
107,公立,技專校院,0025,國立臺北科技大學,07111048,化學工程與生物科技系,9,9,0,2,0,4,0,3,0,0,0,0,0,9,9,0,9,9,0
107,公立,技專校院,0025,國立臺北科技大學,07111053,分子科學與工程系,5,5,0,0,0,2,0,2,0,1,0,0,0,4,4,0,5,5,0
107,公立,技專校院,0025,國立臺北科技大學,07112058,材料及資源工程系,4,4,0,2,0,2,0,0,0,0,0,0,0,4,4,0,4,4,0
107,公立,技專校院,0025,國立臺北科技大學,07112059,資源工程研究所,2,2,0,0,0,2,0,0,0,0,0,0,0,2,2,0,2,2,0
107,公立,技專校院,0025,國立臺北科技大學,07121063,環境工程與管理研究所,5,2,3,1,0,0,1,1,2,0,0,0,0,5,2,3,5,2,3
107,公立,技專校院,0025,國立臺北科技大學,07132068,能源與冷凍空調工程系,22,21,1,0,0,3,0,12,1,6,0,0,0,16,15,1,22,21,1
107,公立,技專校院,0025,國立臺北科技大學,07141025,電機工程系,23,19,4,4,0,5,1,7,3,3,0,0,0,20,16,4,23,19,4
107,公立,技專校院,0025,國立臺北科技大學,07141028,電子工程系,22,22,0,3,0,5,0,10,0,4,0,0,0,18,18,0,22,22,0
107,公立,技專校院,0025,國立臺北科技大學,07141032,光電工程系,11,10,1,0,0,3,1,7,0,0,0,0,0,11,10,1,11,10,1
107,公立,技專校院,0025,國立臺北科技大學,07151037,機械工程系,29,27,2,4,0,12,0,6,2,5,0,0,0,24,22,2,29,27,2
107,公立,技專校院,0025,國立臺北科技大學,07151043,製造科技研究所,3,3,0,2,0,0,0,1,0,0,0,0,0,3,3,0,3,3,0
107,公立,技專校院,0025,國立臺北科技大學,07151073,智慧自動化工程科,3,3,0,0,0,0,0,0,0,3,0,0,0,0,0,0,3,3,0
107,公立,技專校院,0025,國立臺北科技大學,07161042,車輛工程系,7,7,0,1,0,3,0,1,0,2,0,0,0,5,5,0,7,7,0
107,公立,技專校院,0025,國立臺北科技大學,07191022,工業工程與管理系,20,17,3,2,0,4,1,9,2,2,0,0,0,18,15,3,20,17,3
107,公立,技專校院,0025,國立臺北科技大學,07311071,建築系,77,60,17,2,0,4,1,18,2,36,14,0,0,27,24,3,77,60,17
107,公立,技專校院,0025,國立臺北科技大學,07321045,土木工程系,8,7,1,1,0,1,0,3,1,2,0,0,0,6,5,1,8,7,1
107,公立,技專校院,0025,國立臺北科技大學,99999Z01,通識教育中心,104,52,52,3,2,5,5,21,23,23,22,0,0,59,29,30,104,52,52
107,公立,技專校院,0025,國立臺北科技大學,99999Z05,師資培育中心,1,1,0,0,0,0,0,0,0,1,0,0,0,0,0,0,1,1,0
107,公立,技專校院,0025,國立臺北科技大學,99999Z07,體育室,23,21,2,7,0,3,0,3,1,8,1,0,0,14,13,1,23,21,2
107,公立,一般大學,0028,國立臺北藝術大學,02111018,電影創作學系,19,10,9,1,1,2,0,6,4,1,4,0,0,14,9,5,19,10,9
107,公立,一般大學,0028,國立臺北藝術大學,02111019,動畫學系,6,6,0,0,0,0,0,2,0,4,0,0,0,2,2,0,6,6,0
107,公立,一般大學,0028,國立臺北藝術大學,02131003,美術學系,40,31,9,1,0,3,2,5,2,22,5,0,0,13,9,4,40,31,9
107,公立,一般大學,0028,國立臺北藝術大學,02131020,藝術跨域研究所,3,2,1,0,0,0,0,2,1,0,0,0,0,3,2,1,3,2,1
107,公立,一般大學,0028,國立臺北藝術大學,02151005,音樂學系,77,37,40,9,5,13,14,10,9,5,12,0,0,60,32,28,77,37,40
107,公立,一般大學,0028,國立臺北藝術大學,02151005,音樂學研究所,1,0,1,0,1,0,0,0,0,0,0,0,0,1,0,1,1,0,1
107,公立,一般大學,0028,國立臺北藝術大學,02151006,傳統音樂學系,19,5,14,3,3,1,1,0,4,1,6,0,0,12,4,8,19,5,14
107,公立,一般大學,0028,國立臺北藝術大學,02151007,管絃與擊樂研究所,2,1,1,1,1,0,0,0,0,0,0,0,0,2,1,1,2,1,1
107,公立,一般大學,0028,國立臺北藝術大學,02151B01,學士後跨藝合創音樂學士學位學程,11,9,2,0,0,0,1,0,0,9,1,0,0,1,0,1,11,9,2
107,公立,一般大學,0028,國立臺北藝術大學,02152008,戲劇學系,32,17,15,1,0,2,1,4,4,10,10,0,0,12,7,5,32,17,15
107,公立,一般大學,0028,國立臺北藝術大學,02152010,劇場藝術創作研究所,5,3,2,1,1,0,0,2,1,0,0,0,0,5,3,2,5,3,2
107,公立,一般大學,0028,國立臺北藝術大學,02152011,劇場設計學系,20,10,10,0,0,0,1,1,1,9,8,0,0,3,1,2,20,10,10
107,公立,一般大學,0028,國立臺北藝術大學,02152013,舞蹈研究所,3,0,3,0,3,0,0,0,0,0,0,0,0,3,0,3,3,0,3
107,公立,一般大學,0028,國立臺北藝術大學,02152013,舞蹈學系,36,14,22,0,1,3,0,3,3,8,18,0,0,10,6,4,36,14,22
107,公立,一般大學,0028,國立臺北藝術大學,02191001,藝術與人文教育研究所,2,1,1,0,1,0,0,1,0,0,0,0,0,2,1,1,2,1,1
107,公立,一般大學,0028,國立臺北藝術大學,02191023,新媒體藝術學系,16,13,3,0,1,0,0,1,0,12,2,0,0,2,1,1,16,13,3
107,公立,一般大學,0028,國立臺北藝術大學,02192026,文創產業國際藝術碩士學位學程,1,1,0,1,0,0,0,0,0,0,0,0,0,1,1,0,1,1,0
107,公立,一般大學,0028,國立臺北藝術大學,03221028,博物館研究所,5,5,0,2,0,1,0,2,0,0,0,0,0,5,5,0,5,5,0
107,公立,一般大學,0028,國立臺北藝術大學,07311030,建築與文化資產研究所,1,1,0,0,0,1,0,0,0,0,0,0,0,1,1,0,1,1,0
107,公立,一般大學,0028,國立臺北藝術大學,99999Z01,通識教育中心,42,24,18,1,0,1,0,7,8,15,10,0,0,17,9,8,42,24,18
107,公立,一般大學,0028,國立臺北藝術大學,99999Z05,師資培育中心,8,3,5,0,0,1,0,1,0,1,5,0,0,2,2,0,8,3,5
107,公立,一般大學,0028,國立臺北藝術大學,99999Z07,體育室,6,4,2,0,0,2,0,0,1,2,1,0,0,3,2,1,6,4,2
107,公立,一般大學,0029,國立臺灣藝術大學,01115001,藝術與人文教學研究所,1,0,1,0,0,0,1,0,0,0,0,0,0,1,0,1,1,0,1
107,公立,一般大學,0029,國立臺灣藝術大學,02111015,電影學系,21,17,4,1,0,2,0,3,2,11,2,0,0,8,6,2,21,17,4
107,公立,一般大學,0029,國立臺灣藝術大學,02112023,多媒體動畫藝術學系,10,7,3,0,0,0,0,0,1,7,2,0,0,1,0,1,10,7,3
107,公立,一般大學,0029,國立臺灣藝術大學,02112028,視覺傳達設計學系,29,24,5,3,0,1,0,2,2,18,3,0,0,8,6,2,29,24,5
107,公立,一般大學,0029,國立臺灣藝術大學,02131003,美術學系,25,17,8,2,0,2,0,8,4,5,4,0,0,16,12,4,25,17,8
107,公立,一般大學,0029,國立臺灣藝術大學,02131005,書畫藝術學系,39,30,9,10,0,1,2,11,2,8,5,0,0,26,22,4,39,30,9
107,公立,一般大學,0029,國立臺灣藝術大學,02132006,雕塑學系,8,5,3,0,0,0,1,1,2,4,0,0,0,4,1,3,8,5,3
107,公立,一般大學,0029,國立臺灣藝術大學,02141007,工藝設計學系,34,25,9,3,0,2,0,6,1,14,8,0,0,12,11,1,34,25,9
107,公立,一般大學,0029,國立臺灣藝術大學,02151010,音樂學系,142,46,96,4,1,5,19,13,32,24,44,0,0,74,22,52,142,46,96
107,公立,一般大學,0029,國立臺灣藝術大學,02151011,中國音樂學系,91,23,68,2,1,2,7,6,21,13,39,0,0,39,10,29,91,23,68
107,公立,一般大學,0029,國立臺灣藝術大學,02152012,戲劇學系,26,19,7,0,1,1,0,4,3,14,3,0,0,9,5,4,26,19,7
107,公立,一般大學,0029,國立臺灣藝術大學,02152014,舞蹈學系,18,2,16,0,1,0,0,1,2,1,13,0,0,4,1,3,18,2,16
107,公立,一般大學,0029,國立臺灣藝術大學,02191017,古蹟藝術修護學系,9,6,3,0,0,0,0,2,1,4,2,0,0,3,2,1,9,6,3
107,公立,一般大學,0029,國立臺灣藝術大學,02192026,藝術管理與文化政策研究所,3,3,0,1,0,0,0,2,0,0,0,0,0,3,3,0,3,3,0
107,公立,一般大學,0029,國立臺灣藝術大學,02199030,圖文傳播藝術學系,23,20,3,0,1,1,0,2,0,17,2,0,0,4,3,1,23,20,3
107,公立,一般大學,0029,國立臺灣藝術大學,02199Y04,表演藝術學院,5,1,4,0,1,1,0,0,2,0,1,0,0,4,1,3,5,1,4
107,公立,一般大學,0029,國立臺灣藝術大學,02199Y05,美術學院,3,2,1,1,0,0,0,0,0,1,1,0,0,1,1,0,3,2,1
107,公立,一般大學,0029,國立臺灣藝術大學,02199Y10,設計學院,1,0,1,0,0,0,0,0,0,0,1,0,0,0,0,0,1,0,1
107,公立,一般大學,0029,國立臺灣藝術大學,03213029,廣播電視學系,25,18,7,1,0,3,0,1,1,13,6,0,0,6,5,1,25,18,7
107,公立,一般大學,0029,國立臺灣藝術大學,03299Y22,傳播學院,5,3,2,1,0,1,0,1,1,0,1,0,0,4,3,1,5,3,2
107,公立,一般大學,0029,國立臺灣藝術大學,99999Z01,通識教育中心,80,52,28,1,1,4,1,23,10,24,16,0,0,40,28,12,80,52,28
107,公立,一般大學,0029,國立臺灣藝術大學,99999Z05,師資培育中心,15,8,7,0,0,1,0,3,2,4,5,0,0,6,4,2,15,8,7
107,公立,一般大學,0029,國立臺灣藝術大學,99999Z07,體育室,10,6,4,0,0,1,0,1,1,4,3,0,0,3,2,1,10,6,4
107,公立,一般大學,0030,國立臺東大學,01111001,教育學系,4,4,0,0,0,0,0,2,0,2,0,0,0,2,2,0,4,4,0
107,公立,一般大學,0030,國立臺東大學,01113008,特殊教育學系,2,1,1,0,0,0,0,0,0,1,1,0,0,0,0,0,2,1,1
107,公立,一般大學,0030,國立臺東大學,01121007,幼兒教育學系,10,2,8,0,0,1,0,0,2,1,6,0,0,3,1,2,10,2,8
107,公立,一般大學,0030,國立臺東大學,01141006,體育學系,2,1,1,0,0,0,0,0,0,1,1,0,0,0,0,0,2,1,1
107,公立,一般大學,0030,國立臺東大學,02131009,美術產業學系,5,2,3,0,0,1,0,1,0,0,3,0,0,2,2,0,5,2,3
107,公立,一般大學,0030,國立臺東大學,02151011,音樂學系,26,9,17,0,0,0,0,2,10,7,7,0,0,12,2,10,26,9,17
107,公立,一般大學,0030,國立臺東大學,02311015,英美語文學系,3,3,0,0,0,1,0,0,0,2,0,0,0,1,1,0,3,3,0
107,公立,一般大學,0030,國立臺東大學,02323013,華語文學系,1,1,0,0,0,0,0,0,0,1,0,0,0,0,0,0,1,1,0
107,公立,一般大學,0030,國立臺東大學,02399016,兒童文學研究所,1,1,0,1,0,0,0,0,0,0,0,0,0,1,1,0,1,1,0
107,公立,一般大學,0030,國立臺東大學,03199017,公共與文化事務學系,4,4,0,1,0,1,0,1,0,1,0,0,0,3,3,0,4,4,0
107,公立,一般大學,0030,國立臺東大學,05399021,應用科學系,2,2,0,0,0,0,0,1,0,1,0,0,0,1,1,0,2,2,0
107,公立,一般大學,0030,國立臺東大學,05411024,應用數學系,2,2,0,0,0,1,0,1,0,0,0,0,0,2,2,0,2,2,0
107,公立,一般大學,0030,國立臺東大學,06131028,資訊管理學系,5,3,2,1,0,0,0,0,0,2,2,0,0,1,1,0,5,3,2
107,公立,一般大學,0030,國立臺東大學,10141034,運動競技學士學位學程,7,6,1,0,0,0,0,0,0,6,1,0,0,0,0,0,7,6,1
107,公立,一般大學,0030,國立臺東大學,10151031,文化資源與休閒產業學系,6,4,2,0,0,0,0,2,0,2,2,0,0,2,2,0,6,4,2
107,公立,一般大學,0030,國立臺東大學,10152035,身心整合與運動休閒產業學系,5,3,2,1,0,0,0,0,0,2,2,0,0,1,1,0,5,3,2
107,公立,一般大學,0030,國立臺東大學,99999Y44,師範學院,2,0,2,0,0,0,0,0,0,0,2,0,0,0,0,0,2,0,2
107,公立,一般大學,0030,國立臺東大學,99999Z01,通識教育中心,16,9,7,0,0,2,0,1,4,6,3,0,0,7,3,4,16,9,7
107,公立,一般大學,0030,國立臺東大學,99999Z05,師資培育中心,7,2,5,0,0,0,0,2,0,0,5,0,0,2,2,0,7,2,5
107,公立,一般大學,0031,國立宜蘭大學,02311001,外國語文學系,19,5,14,0,0,0,1,1,5,4,8,0,0,7,1,6,19,5,14
107,公立,一般大學,0031,國立宜蘭大學,03111007,應用經濟與管理學系,12,6,6,1,0,2,1,2,0,1,5,0,0,6,5,1,12,6,6
107,公立,一般大學,0031,國立宜蘭大學,04199006,人文及管理學院高階經營管理碩士在職專班,1,1,0,0,0,1,0,0,0,0,0,0,0,1,1,0,1,1,0
107,公立,一般大學,0031,國立宜蘭大學,07121024,環境工程學系,6,6,0,0,0,1,0,4,0,1,0,0,0,5,5,0,6,6,0
107,公立,一般大學,0031,國立宜蘭大學,07141011,電機工程學系,1,1,0,0,0,1,0,0,0,0,0,0,0,1,1,0,1,1,0
107,公立,一般大學,0031,國立宜蘭大學,07141012,電子工程學系,3,3,0,0,0,1,0,2,0,0,0,0,0,3,3,0,3,3,0
107,公立,一般大學,0031,國立宜蘭大學,07141013,資訊工程學系,1,1,0,0,0,1,0,0,0,0,0,0,0,1,1,0,1,1,0
107,公立,一般大學,0031,國立宜蘭大學,07151017,機械與機電工程學系,3,3,0,1,0,0,0,0,0,2,0,0,0,1,1,0,3,3,0
107,公立,一般大學,0031,國立宜蘭大學,07151019,生物機電工程學系,3,2,1,0,0,0,1,1,0,1,0,0,0,2,1,1,3,2,1
107,公立,一般大學,0031,國立宜蘭大學,07194025,綠色科技學程碩士在職專班,1,1,0,0,0,0,0,1,0,0,0,0,0,1,1,0,1,1,0
107,公立,一般大學,0031,國立宜蘭大學,07211033,食品科學系,3,3,0,1,0,1,0,1,0,0,0,0,0,3,3,0,3,3,0
107,公立,一般大學,0031,國立宜蘭大學,07311027,建築與永續規劃研究所,4,3,1,1,0,0,1,2,0,0,0,0,0,4,3,1,4,3,1
107,公立,一般大學,0031,國立宜蘭大學,07321021,土木工程學系,11,10,1,0,0,1,0,7,1,2,0,0,0,9,8,1,11,10,1
107,公立,一般大學,0031,國立宜蘭大學,07321021,土木工程學系原住民專班,5,4,1,0,0,1,0,3,1,0,0,0,0,5,4,1,5,4,1
107,公立,一般大學,0031,國立宜蘭大學,08112030,生物技術與動物科學系,9,9,0,3,0,3,0,2,0,1,0,0,0,8,8,0,9,9,0
107,公立,一般大學,0031,國立宜蘭大學,08121031,園藝學系,3,1,2,0,0,0,0,1,2,0,0,0,0,3,1,2,3,1,2
107,公立,一般大學,0031,國立宜蘭大學,08199037,生物資源學院碩士在職專班,1,1,0,0,0,1,0,0,0,0,0,0,0,1,1,0,1,1,0
107,公立,一般大學,0031,國立宜蘭大學,08211036,森林暨自然資源學系,3,3,0,1,0,0,0,0,0,2,0,0,0,1,1,0,3,3,0
107,公立,一般大學,0031,國立宜蘭大學,10152038,休閒產業與健康促進學系,11,6,5,1,0,1,1,3,0,1,4,0,0,6,5,1,11,6,5
107,公立,一般大學,0031,國立宜蘭大學,99999Z01,通識教育中心,35,21,14,1,0,2,1,14,7,4,6,0,0,25,17,8,35,21,14
107,公立,一般大學,0032,國立聯合大學,02122005,文化創意與數位行銷學系,14,11,3,0,0,0,0,3,1,8,2,0,0,4,3,1,14,11,3
107,公立,一般大學,0032,國立聯合大學,02123006,工業設計學系,11,10,1,0,0,0,0,0,0,10,1,0,0,0,0,0,11,10,1
107,公立,一般大學,0032,國立聯合大學,02123044,原住民學士學位學程專班,8,4,4,0,0,0,0,1,0,3,4,0,0,1,1,0,8,4,4
107,公立,一般大學,0032,國立聯合大學,02321001,臺灣語文與傳播學系,7,4,3,0,0,0,0,2,2,2,1,0,0,4,2,2,7,4,3
107,公立,一般大學,0032,國立聯合大學,02323002,華語文學系,7,4,3,0,0,0,0,4,1,0,2,0,0,5,4,1,7,4,3
107,公立,一般大學,0032,國立聯合大學,04121014,財務金融學系,7,5,2,0,0,0,0,4,0,1,2,0,0,4,4,0,7,5,2
107,公立,一般大學,0032,國立聯合大學,04131011,經營管理學系,10,8,2,1,0,1,0,3,2,3,0,0,0,7,5,2,10,8,2
107,公立,一般大學,0032,國立聯合大學,06131016,資訊管理學系,3,2,1,0,1,0,0,1,0,1,0,0,0,2,1,1,3,2,1
107,公立,一般大學,0032,國立聯合大學,06131020,資訊工程學系,5,3,2,0,0,0,0,1,1,2,1,0,0,2,1,1,5,3,2
107,公立,一般大學,0032,國立聯合大學,07111028,化學工程學系,3,3,0,1,0,0,0,2,0,0,0,0,0,3,3,0,3,3,0
107,公立,一般大學,0032,國立聯合大學,07111043,工程科技轉譯醫學國際碩士學位學程,1,1,0,0,0,0,0,1,0,0,0,0,0,1,1,0,1,1,0
107,公立,一般大學,0032,國立聯合大學,07112029,材料科學工程學系,2,2,0,1,0,1,0,0,0,0,0,0,0,2,2,0,2,2,0
107,公立,一般大學,0032,國立聯合大學,07121034,環境與安全衛生工程學系,2,2,0,1,0,1,0,0,0,0,0,0,0,2,2,0,2,2,0
107,公立,一般大學,0032,國立聯合大學,07132035,能源工程學系,1,1,0,1,0,0,0,0,0,0,0,0,0,1,1,0,1,1,0
107,公立,一般大學,0032,國立聯合大學,07141017,電機工程學系,9,9,0,1,0,0,0,5,0,3,0,0,0,6,6,0,9,9,0
107,公立,一般大學,0032,國立聯合大學,07141018,電子工程學系,2,2,0,1,0,0,0,1,0,0,0,0,0,2,2,0,2,2,0
107,公立,一般大學,0032,國立聯合大學,07141019,光電工程學系,4,3,1,0,0,1,0,2,0,0,1,0,0,3,3,0,4,3,1
107,公立,一般大學,0032,國立聯合大學,07151025,機械工程學系,4,4,0,1,0,2,0,0,0,1,0,0,0,3,3,0,4,4,0
107,公立,一般大學,0032,國立聯合大學,07311040,建築學系,43,35,8,1,0,2,0,7,0,25,8,0,0,10,10,0,43,35,8
107,公立,一般大學,0032,國立聯合大學,07321027,土木與防災工程學系,10,8,2,1,0,0,0,3,2,4,0,0,0,6,4,2,10,8,2
107,公立,一般大學,0032,國立聯合大學,10151042,文化觀光產業學系,12,7,5,1,0,1,0,2,1,3,4,0,0,5,4,1,12,7,5
107,公立,一般大學,0032,國立聯合大學,99999Z01,通識教育中心,61,42,19,1,0,2,2,17,8,22,9,0,0,30,20,10,61,42,19
107,公立,一般大學,0032,國立聯合大學,99999Z08,語文中心,15,9,6,0,0,0,0,2,0,7,6,0,0,2,2,0,15,9,6
107,公立,技專校院,0033,國立虎尾科技大學,02112002,多媒體設計系,7,4,3,0,0,0,0,0,0,4,3,0,0,0,0,0,7,4,3
107,公立,技專校院,0033,國立虎尾科技大學,02311001,應用外語系,5,2,3,0,0,0,1,0,0,2,2,0,0,1,0,1,5,2,3
107,公立,技專校院,0033,國立虎尾科技大學,04121005,財務金融系,10,7,3,0,0,0,0,1,1,6,2,0,0,2,1,1,10,7,3
107,公立,技專校院,0033,國立虎尾科技大學,04131003,企業管理系,9,8,1,0,0,0,0,3,1,5,0,0,0,4,3,1,9,8,1
107,公立,技專校院,0033,國立虎尾科技大學,05121007,生物科技系,5,2,3,0,0,0,0,2,3,0,0,0,0,5,2,3,5,2,3
107,公立,技專校院,0033,國立虎尾科技大學,06131008,資訊管理系,6,5,1,0,0,0,0,3,0,2,1,0,0,3,3,0,6,5,1
107,公立,技專校院,0033,國立虎尾科技大學,07112025,材料科學與工程系,5,5,0,2,0,2,0,1,0,0,0,0,0,5,5,0,5,5,0
107,公立,技專校院,0033,國立虎尾科技大學,07141009,電機工程系,5,5,0,0,0,1,0,1,0,3,0,0,0,2,2,0,5,5,0
107,公立,技專校院,0033,國立虎尾科技大學,07141010,電子工程系,5,2,3,0,0,0,2,2,0,0,1,0,0,4,2,2,5,2,3
107,公立,技專校院,0033,國立虎尾科技大學,07141011,光電工程系,2,2,0,0,0,0,0,1,0,1,0,0,0,1,1,0,2,2,0
107,公立,技專校院,0033,國立虎尾科技大學,07151014,自動化工程系,4,3,1,0,0,1,0,1,0,1,1,0,0,2,2,0,4,3,1
107,公立,技專校院,0033,國立虎尾科技大學,07151016,動力機械工程系,2,2,0,0,0,1,0,1,0,0,0,0,0,2,2,0,2,2,0
107,公立,技專校院,0033,國立虎尾科技大學,07151020,機械與電腦輔助工程系,22,20,2,2,0,5,0,6,0,7,2,0,0,13,13,0,22,20,2
107,公立,技專校院,0033,國立虎尾科技大學,07161017,車輛工程系,7,6,1,0,0,1,0,2,0,3,1,0,0,3,3,0,7,6,1
107,公立,技專校院,0033,國立虎尾科技大學,07162018,飛機工程系,2,1,1,0,0,0,0,0,1,1,0,0,0,1,0,1,2,1,1
107,公立,技專校院,0033,國立虎尾科技大學,07191006,工業管理系,5,5,0,0,0,0,0,0,0,5,0,0,0,0,0,0,5,5,0
107,公立,技專校院,0033,國立虎尾科技大學,10199030,休閒遊憩系,1,1,0,0,0,0,0,1,0,0,0,0,0,1,1,0,1,1,0
107,公立,技專校院,0033,國立虎尾科技大學,99999Z01,通識教育中心,61,41,20,0,2,3,1,17,6,21,11,0,0,29,20,9,61,41,20
107,公立,技專校院,0033,國立虎尾科技大學,99999Z07,體育教育中心,11,9,2,0,0,1,0,2,0,6,2,0,0,3,3,0,11,9,2
107,公立,技專校院,0033,國立虎尾科技大學,99999Z08,語言教學中心,35,9,26,0,0,0,0,2,3,7,23,0,0,5,2,3,35,9,26
107,公立,一般大學,0035,國立臺南藝術大學,02111013,動畫藝術與影像美學研究所,1,1,0,1,0,0,0,0,0,0,0,0,0,1,1,0,1,1,0
107,公立,一般大學,0035,國立臺南藝術大學,02131012,造形藝術研究所,1,1,0,0,0,0,0,1,0,0,0,0,0,1,1,0,1,1,0
107,公立,一般大學,0035,國立臺南藝術大學,02131016,藝術創作理論研究所,1,1,0,0,0,1,0,0,0,0,0,0,0,1,1,0,1,1,0
107,公立,一般大學,0035,國立臺南藝術大學,02141017,應用藝術研究所,2,1,1,0,0,0,0,1,1,0,0,0,0,2,1,1,2,1,1
107,公立,一般大學,0035,國立臺南藝術大學,02141020,材質創作與設計系,7,3,4,0,0,0,0,0,0,3,4,0,0,0,0,0,7,3,4
107,公立,一般大學,0035,國立臺南藝術大學,02151001,音樂學系,29,9,20,0,0,1,2,2,13,6,5,0,0,18,3,15,29,9,20
107,公立,一般大學,0035,國立臺南藝術大學,02151002,中國音樂學系,44,14,30,0,0,0,1,1,4,13,25,0,0,6,1,5,44,14,30
107,公立,一般大學,0035,國立臺南藝術大學,02151003,應用音樂學系,8,6,2,1,0,0,0,2,0,3,2,0,0,3,3,0,8,6,2
107,公立,一般大學,0035,國立臺南藝術大學,02151006,鋼琴合作藝術研究所,6,1,5,0,0,1,0,0,5,0,0,0,0,6,1,5,6,1,5
107,公立,一般大學,0035,國立臺南藝術大學,02191014,藝術史學系,7,6,1,0,0,0,0,2,0,4,1,0,0,2,2,0,7,6,1
107,公立,一般大學,0035,國立臺南藝術大學,02192022,博物館學與古物維護研究所,1,1,0,0,0,0,0,1,0,0,0,0,0,1,1,0,1,1,0
107,公立,一般大學,0035,國立臺南藝術大學,02199023,建築藝術研究所,2,2,0,0,0,0,0,2,0,0,0,0,0,2,2,0,2,2,0
107,公立,一般大學,0035,國立臺南藝術大學,99999Z01,通識教育中心,13,5,8,0,0,0,0,2,3,3,5,0,0,5,2,3,13,5,8
107,公立,一般大學,0036,國立臺南大學,01111001,教育學系,15,10,5,2,0,0,0,5,5,3,0,0,0,12,7,5,15,10,5
107,公立,一般大學,0036,國立臺南大學,01113019,特殊教育學系,5,3,2,0,1,1,0,2,1,0,0,0,0,5,3,2,5,3,2
107,公立,一般大學,0036,國立臺南大學,01141017,體育學系,10,8,2,1,0,3,1,0,1,4,0,0,0,6,4,2,10,8,2
107,公立,一般大學,0036,國立臺南大學,01199Y03,教育學院,2,2,0,0,0,0,0,2,0,0,0,0,0,2,2,0,2,2,0
107,公立,一般大學,0036,國立臺南大學,02111030,視覺藝術與設計學系,11,9,2,0,0,2,1,2,1,5,0,0,0,6,4,2,11,9,2
107,公立,一般大學,0036,國立臺南大學,02112035,動畫媒體設計研究所,1,1,0,0,0,1,0,0,0,0,0,0,0,1,1,0,1,1,0
107,公立,一般大學,0036,國立臺南大學,02151027,音樂學系,64,21,43,0,1,0,5,14,21,7,16,0,0,41,14,27,64,21,43
107,公立,一般大學,0036,國立臺南大學,02152029,戲劇創作與應用學系,4,2,2,0,0,0,0,0,0,2,2,0,0,0,0,0,4,2,2
107,公立,一般大學,0036,國立臺南大學,02311032,英語學系,16,1,15,0,0,0,0,0,3,1,12,0,0,3,0,3,16,1,15
107,公立,一般大學,0036,國立臺南大學,02322031,國語文學系,17,11,6,3,0,1,1,2,2,5,3,0,0,9,6,3,17,11,6
107,公立,一般大學,0036,國立臺南大學,03131036,諮商與輔導學系,6,2,4,0,0,1,1,1,2,0,1,0,0,5,2,3,6,2,4
107,公立,一般大學,0036,國立臺南大學,03143037,文化與自然資源學系,7,6,1,0,0,2,0,2,1,2,0,0,0,5,4,1,7,6,1
107,公立,一般大學,0036,國立臺南大學,04131041,經營與管理學系,3,3,0,0,0,2,0,1,0,0,0,0,0,3,3,0,3,3,0
107,公立,一般大學,0036,國立臺南大學,04134040,行政管理學系,2,2,0,0,0,0,0,1,0,1,0,0,0,1,1,0,2,2,0
107,公立,一般大學,0036,國立臺南大學,05212063,生態暨環境資源學系,3,3,0,0,0,2,0,1,0,0,0,0,0,3,3,0,3,3,0
107,公立,一般大學,0036,國立臺南大學,05399Y36,理工學院,1,1,0,0,0,0,0,0,0,1,0,0,0,0,0,0,1,1,0
107,公立,一般大學,0036,國立臺南大學,05411047,應用數學系,3,1,2,0,0,0,0,0,1,1,1,0,0,1,0,1,3,1,2
107,公立,一般大學,0036,國立臺南大學,06131052,資訊工程學系,2,2,0,0,0,0,0,1,0,1,0,0,0,1,1,0,2,2,0
107,公立,一般大學,0036,國立臺南大學,06134024,數位學習科技學系,3,2,1,0,0,0,0,0,1,2,0,0,0,1,0,1,3,2,1
107,公立,一般大學,0036,國立臺南大學,07132058,綠色能源科技學系,7,5,2,0,0,2,0,3,2,0,0,0,0,7,5,2,7,5,2
107,公立,一般大學,0036,國立臺南大學,07141049,電機工程學系,2,2,0,0,0,0,0,2,0,0,0,0,0,2,2,0,2,2,0
107,公立,一般大學,0036,國立臺南大學,07151054,機電系統工程研究所,3,3,0,1,0,0,0,2,0,0,0,0,0,3,3,0,3,3,0
107,公立,一般大學,0036,國立臺南大學,99999Z01,通識教育中心,28,22,6,0,0,2,0,15,4,5,2,0,0,21,17,4,28,22,6
107,公立,一般大學,0036,國立臺南大學,99999Z05,師資培育中心,10,5,5,1,0,1,0,2,3,1,2,0,0,7,4,3,10,5,5
107,公立,一般大學,0037,國立臺北教育大學,01113003,特殊教育學系,3,1,2,0,0,1,0,0,2,0,0,0,0,3,1,2,3,1,2
107,公立,一般大學,0037,國立臺北教育大學,01114044,教育經營與管理學系,10,7,3,3,2,2,0,2,1,0,0,0,0,10,7,3,10,7,3
107,公立,一般大學,0037,國立臺北教育大學,01115020,課程與教學傳播科技研究所,6,1,5,0,1,0,0,1,4,0,0,0,0,6,1,5,6,1,5
107,公立,一般大學,0037,國立臺北教育大學,01121035,幼兒與家庭教育學系,5,0,5,0,0,0,0,0,0,0,5,0,0,0,0,0,5,0,5
107,公立,一般大學,0037,國立臺北教育大學,01131001,教育學系,6,5,1,0,0,1,0,0,0,4,1,0,0,1,1,0,6,5,1
107,公立,一般大學,0037,國立臺北教育大學,01131038,數學暨資訊教育學系,6,4,2,1,0,1,0,2,0,0,2,0,0,4,4,0,6,4,2
107,公立,一般大學,0037,國立臺北教育大學,01141002,體育學系,18,13,5,1,1,4,2,3,1,5,1,0,0,12,8,4,18,13,5
107,公立,一般大學,0037,國立臺北教育大學,02121014,藝術與造形設計學系,24,17,7,3,0,3,1,7,3,4,3,0,0,17,13,4,24,17,7
107,公立,一般大學,0037,國立臺北教育大學,02121028,文化創意產業經營學系,9,7,2,1,0,1,0,5,2,0,0,0,0,9,7,2,9,7,2
107,公立,一般大學,0037,國立臺北教育大學,02122011,數位科技設計學系,8,5,3,0,0,1,0,1,0,3,3,0,0,2,2,0,8,5,3
107,公立,一般大學,0037,國立臺北教育大學,02151031,音樂學系,55,20,35,2,6,5,13,7,6,6,10,0,0,39,14,25,55,20,35
107,公立,一般大學,0037,國立臺北教育大學,02299025,臺灣文化研究所,3,2,1,1,1,1,0,0,0,0,0,0,0,3,2,1,3,2,1
107,公立,一般大學,0037,國立臺北教育大學,02311023,兒童英語教育學系,11,6,5,1,0,0,0,0,3,5,2,0,0,4,1,3,11,6,5
107,公立,一般大學,0037,國立臺北教育大學,02322018,語文與創作學系,11,5,6,1,0,2,0,1,4,1,2,0,0,8,4,4,11,5,6
107,公立,一般大學,0037,國立臺北教育大學,03131007,心理與諮商學系,3,0,3,0,0,0,1,0,1,0,1,0,0,2,0,2,3,0,3
107,公立,一般大學,0037,國立臺北教育大學,03143005,社會與區域發展學系,6,5,1,1,0,2,0,2,1,0,0,0,0,6,5,1,6,5,1
107,公立,一般大學,0037,國立臺北教育大學,05399040,自然科學教育學系,5,4,1,1,0,1,0,1,1,1,0,0,0,4,3,1,5,4,1
107,公立,一般大學,0037,國立臺北教育大學,06131004,資訊科學系,1,0,1,0,0,0,0,0,1,0,0,0,0,1,0,1,1,0,1
107,公立,一般大學,0037,國立臺北教育大學,99999Z01,通識教育中心,11,6,5,0,0,2,0,1,2,3,3,0,0,5,3,2,11,6,5
107,公立,一般大學,0037,國立臺北教育大學,99999Z05,師資培育暨就業輔導中心,16,7,9,1,0,0,3,4,1,2,5,0,0,9,5,4,16,7,9
107,公立,一般大學,0039,國立臺中教育大學,01111001,教育學系,17,12,5,4,0,3,2,5,3,0,0,0,0,17,12,5,17,12,5
107,公立,一般大學,0039,國立臺中教育大學,01111005,教師專業碩士學位學程,1,0,1,0,0,0,0,0,1,0,0,0,0,1,0,1,1,0,1
107,公立,一般大學,0039,國立臺中教育大學,01113022,特殊教育學系,8,7,1,0,0,0,0,7,1,0,0,0,0,8,7,1,8,7,1
107,公立,一般大學,0039,國立臺中教育大學,01114025,高等教育經營管理碩士學位學程,1,1,0,0,0,0,0,1,0,0,0,0,0,1,1,0,1,1,0
107,公立,一般大學,0039,國立臺中教育大學,01117028,教育資訊與測驗統計研究所,5,4,1,1,1,0,0,3,0,0,0,0,0,5,4,1,5,4,1
107,公立,一般大學,0039,國立臺中教育大學,01121021,幼兒教育學系,1,1,0,0,0,1,0,0,0,0,0,0,0,1,1,0,1,1,0
107,公立,一般大學,0039,國立臺中教育大學,01131006,語文教育學系,17,7,10,1,0,0,2,4,7,2,1,0,0,14,5,9,17,7,10
107,公立,一般大學,0039,國立臺中教育大學,01131008,科學教育與應用學系,4,2,2,0,0,1,0,1,1,0,1,0,0,3,2,1,4,2,2
107,公立,一般大學,0039,國立臺中教育大學,01131011,數學教育學系,4,4,0,1,0,0,0,1,0,2,0,0,0,2,2,0,4,4,0
107,公立,一般大學,0039,國立臺中教育大學,01131019,體育學系,19,15,4,0,1,1,0,1,0,13,3,0,0,3,2,1,19,15,4
107,公立,一般大學,0039,國立臺中教育大學,02122034,文化創意產業設計與營運學系,6,4,2,0,0,0,0,0,1,4,1,0,0,1,0,1,6,4,2
107,公立,一般大學,0039,國立臺中教育大學,02131029,美術學系,8,5,3,0,1,0,0,0,0,5,2,0,0,1,0,1,8,5,3
107,公立,一般大學,0039,國立臺中教育大學,02151030,音樂學系,95,26,69,2,0,3,8,9,23,12,38,0,0,45,14,31,95,26,69
107,公立,一般大學,0039,國立臺中教育大學,02311032,英語學系,12,3,9,0,0,0,1,3,2,0,6,0,0,6,3,3,12,3,9
107,公立,一般大學,0039,國立臺中教育大學,02321031,臺灣語文學系,2,2,0,0,0,0,0,0,0,2,0,0,0,0,0,0,2,2,0
107,公立,一般大學,0039,國立臺中教育大學,03131035,諮商與應用心理學系,9,6,3,0,0,3,0,3,1,0,2,0,0,7,6,1,9,6,3
107,公立,一般大學,0039,國立臺中教育大學,03199037,區域與社會發展學系,7,2,5,0,0,0,1,0,1,2,3,0,0,2,0,2,7,2,5
107,公立,一般大學,0039,國立臺中教育大學,04131039,國際企業學系,12,10,2,0,0,2,0,2,0,6,2,0,0,4,4,0,12,10,2
107,公立,一般大學,0039,國立臺中教育大學,06131042,資訊工程學系,1,1,0,0,0,0,0,1,0,0,0,0,0,1,1,0,1,1,0
107,公立,一般大學,0039,國立臺中教育大學,06133041,數位內容科技學系,3,2,1,0,0,0,0,0,0,2,1,0,0,0,0,0,3,2,1
107,公立,一般大學,0039,國立臺中教育大學,10151045,永續觀光暨遊憩管理碩士學位學程,1,1,0,1,0,0,0,0,0,0,0,0,0,1,1,0,1,1,0
107,公立,一般大學,0039,國立臺中教育大學,99999Z01,通識教育中心,23,8,15,0,0,0,2,2,1,6,12,0,0,5,2,3,23,8,15
107,公立,一般大學,0039,國立臺中教育大學,99999Z05,師資培育暨就業輔導處,8,6,2,0,0,0,0,4,0,2,2,0,0,4,4,0,8,6,2
107,公立,技專校院,0042,國立澎湖科技大學,02311001,應用外語系,2,1,1,0,0,0,0,1,0,0,1,0,0,1,1,0,2,1,1
107,公立,技專校院,0042,國立澎湖科技大學,04132002,行銷與物流管理系,2,2,0,0,0,0,0,0,0,2,0,0,0,0,0,0,2,2,0
107,公立,技專校院,0042,國立澎湖科技大學,06131004,資訊管理系,3,2,1,1,0,0,0,1,1,0,0,0,0,3,2,1,3,2,1
107,公立,技專校院,0042,國立澎湖科技大學,07141005,電機工程系,4,1,3,0,0,0,0,0,1,1,2,0,0,1,0,1,4,1,3
107,公立,技專校院,0042,國立澎湖科技大學,07141007,資訊工程系,1,1,0,0,0,0,0,0,0,1,0,0,0,0,0,0,1,1,0
107,公立,技專校院,0042,國立澎湖科技大學,07141009,電信工程系,1,1,0,0,0,1,0,0,0,0,0,0,0,1,1,0,1,1,0
107,公立,技專校院,0042,國立澎湖科技大學,07211011,食品科學系,1,0,1,0,0,0,0,0,1,0,0,0,0,1,0,1,1,0,1
107,公立,技專校院,0042,國立澎湖科技大學,08312012,水產養殖系,4,2,2,0,0,0,0,1,1,1,1,0,0,2,1,1,4,2,2
107,公立,技專校院,0042,國立澎湖科技大學,10131014,餐旅管理系,2,2,0,0,0,0,0,1,0,1,0,0,0,1,1,0,2,2,0
107,公立,技專校院,0042,國立澎湖科技大學,10151016,觀光休閒系,5,3,2,0,0,0,0,0,1,3,1,0,0,1,0,1,5,3,2
107,公立,技專校院,0042,國立澎湖科技大學,10152022,海洋遊憩系,1,0,1,0,0,0,0,0,0,0,1,0,0,0,0,0,1,0,1
107,公立,技專校院,0042,國立澎湖科技大學,10412025,航運管理系,1,1,0,0,0,0,0,0,0,1,0,0,0,0,0,0,1,1,0
107,公立,技專校院,0042,國立澎湖科技大學,99999Z01,基礎能力教學中心,2,2,0,0,0,0,0,0,0,2,0,0,0,0,0,0,2,2,0
107,公立,技專校院,0042,國立澎湖科技大學,99999Z01,通識(教育)中心,18,12,6,0,0,0,0,2,1,10,5,0,0,3,2,1,18,12,6
107,公立,技專校院,0043,國立勤益科技大學,02299005,文化創意事業系,9,7,2,0,0,4,0,2,2,1,0,0,0,8,6,2,9,7,2
107,公立,技專校院,0043,國立勤益科技大學,02311001,應用英語系,21,8,13,0,0,0,0,6,9,2,4,0,0,15,6,9,21,8,13
107,公立,技專校院,0043,國立勤益科技大學,04131002,企業管理系,26,18,8,0,0,1,0,8,4,9,4,0,0,13,9,4,26,18,8
107,公立,技專校院,0043,國立勤益科技大學,04132003,流通管理系,8,8,0,0,0,1,0,2,0,5,0,0,0,3,3,0,8,8,0
107,公立,技專校院,0043,國立勤益科技大學,06131010,資訊管理系,16,16,0,0,0,2,0,9,0,5,0,0,0,11,11,0,16,16,0
107,公立,技專校院,0043,國立勤益科技大學,06131013,資訊工程系,28,23,5,2,0,2,1,11,0,8,4,0,0,16,15,1,28,23,5
107,公立,技專校院,0043,國立勤益科技大學,07111020,化工與材料工程系,24,23,1,3,0,2,0,16,1,2,0,0,0,22,21,1,24,23,1
107,公立,技專校院,0043,國立勤益科技大學,07132026,冷凍空調與能源系,29,28,1,1,0,1,0,16,0,10,1,0,0,18,18,0,29,28,1
107,公立,技專校院,0043,國立勤益科技大學,07141011,電機工程系,25,24,1,2,0,4,0,10,0,8,1,0,0,16,16,0,25,24,1
107,公立,技專校院,0043,國立勤益科技大學,07141012,電子工程系,21,18,3,2,0,1,0,13,1,2,2,0,0,17,16,1,21,18,3
107,公立,技專校院,0043,國立勤益科技大學,07151016,機械工程系,11,11,0,0,0,2,0,6,0,3,0,0,0,8,8,0,11,11,0
107,公立,技專校院,0043,國立勤益科技大學,07191022,工業工程與管理系,45,35,10,4,0,4,1,20,3,7,6,0,0,32,28,4,45,35,10
107,公立,技專校院,0043,國立勤益科技大學,07312029,景觀系,26,20,6,0,0,0,1,5,2,15,3,0,0,8,5,3,26,20,6
107,公立,技專校院,0043,國立勤益科技大學,10151032,休閒產業管理系,18,11,7,3,0,1,0,5,1,2,6,0,0,10,9,1,18,11,7
107,公立,技專校院,0043,國立勤益科技大學,99999Z01,基礎通識教育中心,64,44,20,6,0,5,2,23,12,10,6,0,0,48,34,14,64,44,20
107,公立,技專校院,0043,國立勤益科技大學,99999Z01,博雅通識教育中心,35,20,15,1,0,1,0,12,10,6,5,0,0,24,14,10,35,20,15
107,公立,技專校院,0043,國立勤益科技大學,99999Z07,體育室,30,27,3,3,0,6,1,5,1,13,1,0,0,16,14,2,30,27,3
107,公立,技專校院,0043,國立勤益科技大學,99999Z08,語言中心,37,8,29,0,0,0,2,3,10,5,17,0,0,15,3,12,37,8,29
107,公立,一般大學,0044,國立體育大學,01141001,體育研究所,5,4,1,2,0,0,0,2,1,0,0,0,0,5,4,1,5,4,1
107,公立,一般大學,0044,國立體育大學,10141005,球類運動技術學系,1,1,0,1,0,0,0,0,0,0,0,0,0,1,1,0,1,1,0
107,公立,一般大學,0044,國立體育大學,10141006,陸上運動技術學系,1,1,0,0,0,0,0,0,0,1,0,0,0,0,0,0,1,1,0
107,公立,一般大學,0044,國立體育大學,10141007,技擊運動技術學系,3,1,2,0,0,0,0,0,0,1,2,0,0,0,0,0,3,1,2
107,公立,一般大學,0044,國立體育大學,10141008,競技與教練科學研究所,3,3,0,3,0,0,0,0,0,0,0,0,0,3,3,0,3,3,0
107,公立,一般大學,0044,國立體育大學,10142010,運動科學研究所,1,1,0,0,0,0,0,1,0,0,0,0,0,1,1,0,1,1,0
107,公立,一般大學,0044,國立體育大學,10152014,運動保健學系,8,5,3,0,0,0,0,1,0,4,3,0,0,1,1,0,8,5,3
107,公立,一般大學,0044,國立體育大學,10152015,休閒產業經營學系,10,6,4,0,0,1,1,0,1,5,2,0,0,3,1,2,10,6,4
107,公立,一般大學,0044,國立體育大學,10152016,體育推廣學系,15,9,6,0,0,1,0,4,2,4,4,0,0,7,5,2,15,9,6
107,公立,一般大學,0044,國立體育大學,10152017,適應體育學系,10,9,1,0,0,0,0,0,0,9,1,0,0,0,0,0,10,9,1
107,公立,一般大學,0044,國立體育大學,10152020,國際體育事務碩士學位學程,1,1,0,0,0,0,0,1,0,0,0,0,0,1,1,0,1,1,0
107,公立,一般大學,0044,國立體育大學,99999Z01,通識教育中心,20,10,10,0,0,0,0,6,2,4,8,0,0,8,6,2,20,10,10
107,公立,一般大學,0044,國立體育大學,99999Z03,學生事務處,2,2,0,0,0,2,0,0,0,0,0,0,0,2,2,0,2,2,0
107,公立,一般大學,0044,國立體育大學,99999Z05,師資培育中心,3,2,1,0,0,0,0,1,1,1,0,0,0,2,1,1,3,2,1
107,公立,技專校院,0046,國立臺北護理健康大學,01141019,醫護教育暨數位學習系,3,2,1,0,1,0,0,1,0,1,0,0,0,2,1,1,3,2,1
107,公立,技專校院,0046,國立臺北護理健康大學,03131002,生死與健康心理諮商系,13,7,6,1,0,1,0,2,0,3,6,0,0,4,4,0,13,7,6
107,公立,技專校院,0046,國立臺北護理健康大學,04133004,健康事業管理系,30,18,12,1,0,2,0,9,5,6,7,0,0,17,12,5,30,18,12
107,公立,技專校院,0046,國立臺北護理健康大學,06131006,資訊管理系,17,12,5,0,0,2,0,5,0,5,5,0,0,7,7,0,17,12,5
107,公立,技專校院,0046,國立臺北護理健康大學,09131009,護理系,75,23,52,2,3,5,4,9,8,7,37,0,0,31,16,15,75,23,52
107,公立,技專校院,0046,國立臺北護理健康大學,09131010,中西醫結合護理研究所,1,0,1,0,1,0,0,0,0,0,0,0,0,1,0,1,1,0,1
107,公立,技專校院,0046,國立臺北護理健康大學,09131021,護理助產及婦女健康系,10,3,7,0,1,1,1,2,1,0,4,0,0,6,3,3,10,3,7
107,公立,技專校院,0046,國立臺北護理健康大學,09153007,語言治療與聽力學系,33,11,22,3,1,1,0,4,5,3,16,0,0,14,8,6,33,11,22
107,公立,技專校院,0046,國立臺北護理健康大學,09199015,高齡健康照護系,4,1,3,0,0,0,1,1,1,0,1,0,0,3,1,2,4,1,3
107,公立,技專校院,0046,國立臺北護理健康大學,09221014,嬰幼兒保育系,14,7,7,2,1,0,0,2,2,3,4,0,0,7,4,3,14,7,7
107,公立,技專校院,0046,國立臺北護理健康大學,10142017,運動保健系,11,6,5,1,0,1,0,0,2,4,3,0,0,4,2,2,11,6,5
107,公立,技專校院,0046,國立臺北護理健康大學,10151018,休閒產業與健康促進系,8,4,4,0,0,0,1,0,2,4,1,0,0,3,0,3,8,4,4
107,公立,技專校院,0046,國立臺北護理健康大學,99999Z01,通識(教育)中心,67,30,37,1,0,7,1,8,14,14,22,0,0,31,16,15,67,30,37
107,公立,技專校院,0047,國立高雄餐旅大學,02311002,應用英語系,30,8,22,0,0,0,1,1,0,7,21,0,0,2,1,1,30,8,22
107,公立,技專校院,0047,國立高雄餐旅大學,02311003,應用日語系,11,3,8,0,0,0,0,0,1,3,7,0,0,1,0,1,11,3,8
107,公立,技專校院,0047,國立高雄餐旅大學,04199010,餐旅暨會展行銷管理系,6,4,2,0,0,1,0,0,0,3,2,0,0,1,1,0,6,4,2
107,公立,技專校院,0047,國立高雄餐旅大學,10131004,旅館管理系,4,2,2,0,0,0,0,0,0,2,2,0,0,0,0,0,4,2,2
107,公立,技專校院,0047,國立高雄餐旅大學,10131006,西餐廚藝系,2,2,0,0,0,0,0,1,0,1,0,0,0,1,1,0,2,2,0
107,公立,技專校院,0047,國立高雄餐旅大學,10131007,烘焙管理系,3,3,0,0,0,0,0,0,0,3,0,0,0,0,0,0,3,3,0
107,公立,技專校院,0047,國立高雄餐旅大學,10131009,國際廚藝學士學位學程,1,1,0,0,0,0,0,1,0,0,0,0,0,1,1,0,1,1,0
107,公立,技專校院,0047,國立高雄餐旅大學,10131028,餐飲廚藝科,5,3,2,0,0,0,0,1,0,2,2,0,0,1,1,0,5,3,2
107,公立,技專校院,0047,國立高雄餐旅大學,10131030,餐飲管理系,6,3,3,1,0,0,0,0,0,2,3,0,0,1,1,0,6,3,3
107,公立,技專校院,0047,國立高雄餐旅大學,10151013,休閒暨遊憩管理系,6,5,1,0,0,1,0,2,1,2,0,0,0,4,3,1,6,5,1
107,公立,技專校院,0047,國立高雄餐旅大學,10151015,旅運管理系,8,3,5,0,0,0,0,1,0,2,5,0,0,1,1,0,8,3,5
107,公立,技專校院,0047,國立高雄餐旅大學,10151016,國際觀光學士學位學程,4,1,3,0,0,0,0,0,2,1,1,0,0,2,0,2,4,1,3
107,公立,技專校院,0047,國立高雄餐旅大學,10151029,觀光研究所,1,1,0,1,0,0,0,0,0,0,0,0,0,1,1,0,1,1,0
107,公立,技專校院,0047,國立高雄餐旅大學,10499019,航空暨運輸服務管理系,11,7,4,0,0,1,0,2,0,4,4,0,0,3,3,0,11,7,4
107,公立,技專校院,0047,國立高雄餐旅大學,99999Z01,通識教育中心,52,33,19,0,0,2,0,11,6,20,13,0,0,19,13,6,52,33,19
107,公立,技專校院,0047,國立高雄餐旅大學,99999Z05,師資培育中心,2,1,1,0,0,0,0,0,0,1,1,0,0,0,0,0,2,1,1
107,公立,一般大學,0048,國立金門大學,02311002,應用英語學系,6,4,2,0,0,1,0,0,0,3,2,0,0,1,1,0,6,4,2
107,公立,一般大學,0048,國立金門大學,02322001,華語文學系,4,3,1,0,0,0,0,0,0,3,1,0,0,0,0,0,4,3,1
107,公立,一般大學,0048,國立金門大學,03121006,國際暨大陸事務學系,4,4,0,1,0,0,0,2,0,1,0,0,0,3,3,0,4,4,0
107,公立,一般大學,0048,國立金門大學,03143005,閩南文化碩士學位學程,1,1,0,1,0,0,0,0,0,0,0,0,0,1,1,0,1,1,0
107,公立,一般大學,0048,國立金門大學,04131009,企業管理學系,16,13,3,0,0,1,0,4,0,8,3,0,0,5,5,0,16,13,3
107,公立,一般大學,0048,國立金門大學,04212013,海洋與邊境管理學系,7,6,1,0,0,0,0,1,0,5,1,0,0,1,1,0,7,6,1
107,公立,一般大學,0048,國立金門大學,07141017,電子工程學系,1,1,0,0,0,0,0,0,0,1,0,0,0,0,0,0,1,1,0
107,公立,一般大學,0048,國立金門大學,07311026,建築學系,14,12,2,0,0,0,0,1,0,11,2,0,0,1,1,0,14,12,2
107,公立,一般大學,0048,國立金門大學,07313028,都市計畫與景觀學系,5,5,0,0,0,1,0,1,0,3,0,0,0,2,2,0,5,5,0
107,公立,一般大學,0048,國立金門大學,07321021,土木與工程管理學系,7,7,0,0,0,0,0,2,0,5,0,0,0,2,2,0,7,7,0
107,公立,一般大學,0048,國立金門大學,09131031,護理學系,7,4,3,0,0,0,0,0,1,4,2,0,0,1,0,1,7,4,3
107,公立,一般大學,0048,國立金門大學,09191032,長期照護學系,3,2,1,0,0,0,0,0,0,2,1,0,0,0,0,0,3,2,1
107,公立,一般大學,0048,國立金門大學,09231033,社會工作學系,10,4,6,0,0,0,0,0,0,4,6,0,0,0,0,0,10,4,6
107,公立,一般大學,0048,國立金門大學,10151034,觀光管理學系,11,6,5,0,0,0,0,2,1,4,4,0,0,3,2,1,11,6,5
107,公立,一般大學,0048,國立金門大學,10152011,管理學院事業經營碩士在職專班,1,1,0,0,0,0,0,1,0,0,0,0,0,1,1,0,1,1,0
107,公立,一般大學,0048,國立金門大學,10152036,運動與休閒學系,11,7,4,0,0,0,0,0,0,7,4,0,0,0,0,0,11,7,4
107,公立,一般大學,0048,國立金門大學,99999Z01,通識教育中心,28,23,5,2,0,0,0,6,3,15,2,0,0,11,8,3,28,23,5
107,公立,一般大學,0049,國立臺灣體育運動大學,01141001,體育學系,40,23,17,1,0,0,1,2,3,20,13,0,0,7,3,4,40,23,17
107,公立,一般大學,0049,國立臺灣體育運動大學,02152002,舞蹈學系,17,3,14,0,0,0,0,1,1,2,13,0,0,2,1,1,17,3,14
107,公立,一般大學,0049,國立臺灣體育運動大學,10141003,競技運動學系,7,6,1,0,0,0,0,0,0,6,1,0,0,0,0,0,7,6,1
107,公立,一般大學,0049,國立臺灣體育運動大學,10141004,球類運動學系,11,7,4,0,0,1,0,0,0,6,4,0,0,1,1,0,11,7,4
107,公立,一般大學,0049,國立臺灣體育運動大學,10141005,技擊運動學系,14,8,6,0,0,0,0,0,0,8,6,0,0,0,0,0,14,8,6
107,公立,一般大學,0049,國立臺灣體育運動大學,10142006,運動健康科學學系,15,11,4,0,0,1,0,3,2,7,2,0,0,6,4,2,15,11,4
107,公立,一般大學,0049,國立臺灣體育運動大學,10152007,休閒運動學系,14,10,4,0,0,0,0,0,0,10,4,0,0,0,0,0,14,10,4
107,公立,一般大學,0049,國立臺灣體育運動大學,10152010,運動事業管理學系,7,4,3,0,0,0,0,0,1,4,2,0,0,1,0,1,7,4,3
107,公立,一般大學,0049,國立臺灣體育運動大學,10152012,運動資訊與傳播學系,6,3,3,0,0,0,0,1,1,2,2,0,0,2,1,1,6,3,3
107,公立,一般大學,0049,國立臺灣體育運動大學,99999Z01,通識教育中心,23,12,11,1,0,0,0,2,3,9,8,0,0,6,3,3,23,12,11
107,公立,技專校院,0050,國立臺中科技大學,02112005,多媒體設計系,5,4,1,0,0,0,0,0,0,4,1,0,0,0,0,0,5,4,1
107,公立,技專校院,0050,國立臺中科技大學,02123006,商業設計系,36,22,14,1,0,4,0,2,2,15,12,0,0,9,7,2,36,22,14
107,公立,技專校院,0050,國立臺中科技大學,02123007,創意商品設計系,8,6,2,0,1,0,0,1,0,5,1,0,0,2,1,1,8,6,2
107,公立,技專校院,0050,國立臺中科技大學,02124008,室內設計系,13,10,3,1,0,0,0,4,1,5,2,0,0,6,5,1,13,10,3
107,公立,技專校院,0050,國立臺中科技大學,02311003,應用英語系,24,9,15,0,0,0,2,0,3,9,10,0,0,5,0,5,24,9,15
107,公立,技專校院,0050,國立臺中科技大學,02311004,應用日語系,10,8,2,2,0,2,1,1,0,3,1,0,0,6,5,1,10,8,2
107,公立,技專校院,0050,國立臺中科技大學,02322001,應用中文系,4,3,1,1,0,0,0,1,0,1,1,0,0,2,2,0,4,3,1
107,公立,技專校院,0050,國立臺中科技大學,04111012,會計資訊系,53,27,26,0,0,4,0,5,6,18,20,0,0,15,9,6,53,27,26
107,公立,技專校院,0050,國立臺中科技大學,04121021,財務金融系,22,12,10,2,0,2,1,1,0,7,9,0,0,6,5,1,22,12,10
107,公立,技專校院,0050,國立臺中科技大學,04122028,財政稅務系,16,9,7,1,1,0,0,4,1,4,5,0,0,7,5,2,16,9,7
107,公立,技專校院,0050,國立臺中科技大學,04123027,保險金融管理系,29,23,6,2,0,1,0,7,2,13,4,0,0,12,10,2,29,23,6
107,公立,技專校院,0050,國立臺中科技大學,04131015,企業管理系,36,23,13,0,0,2,2,7,3,14,8,0,0,14,9,5,36,23,13
107,公立,技專校院,0050,國立臺中科技大學,04132029,流通管理系,1,1,0,0,0,0,0,0,0,1,0,0,0,0,0,0,1,1,0
107,公立,技專校院,0050,國立臺中科技大學,04141020,國際貿易與經營系,41,22,19,0,0,3,2,6,4,13,13,0,0,15,9,6,41,22,19
107,公立,技專校院,0050,國立臺中科技大學,05421032,應用統計系,3,3,0,0,0,0,0,0,0,3,0,0,0,0,0,0,3,3,0
107,公立,技專校院,0050,國立臺中科技大學,06131033,資訊管理系,33,23,10,1,1,2,1,6,0,14,8,0,0,11,9,2,33,23,10
107,公立,技專校院,0050,國立臺中科技大學,07141036,資訊工程系,20,15,5,2,0,4,0,1,1,8,4,0,0,8,7,1,20,15,5
107,公立,技專校院,0050,國立臺中科技大學,09131037,護理系,43,13,30,0,2,3,3,7,5,3,20,0,0,20,10,10,43,13,30
107,公立,技專校院,0050,國立臺中科技大學,09211038,老人服務事業管理系,16,5,11,1,1,1,1,0,1,3,8,0,0,5,2,3,16,5,11
107,公立,技專校院,0050,國立臺中科技大學,10121040,美容系,9,3,6,1,0,0,0,1,1,1,5,0,0,3,2,1,9,3,6
107,公立,技專校院,0050,國立臺中科技大學,10151039,休閒事業經營系,20,10,10,0,0,1,0,2,3,7,7,0,0,6,3,3,20,10,10
107,公立,技專校院,0050,國立臺中科技大學,99999Z01,通識教育中心,94,52,42,1,1,2,2,24,15,25,24,0,0,45,27,18,94,52,42
107,公立,技專校院,0050,國立臺中科技大學,99999Z07,體育室,34,27,7,2,0,7,0,6,5,12,2,0,0,20,15,5,34,27,7
107,公立,技專校院,0050,國立臺中科技大學,99999Z08,語言中心,40,11,29,0,0,0,1,0,3,11,25,0,0,4,0,4,40,11,29
107,公立,技專校院,0051,國立臺北商業大學,02112007,數位多媒體設計系,14,10,4,0,0,0,0,1,1,9,3,0,0,2,1,1,14,10,4
107,公立,技專校院,0051,國立臺北商業大學,02123019,商品創意經營系,6,4,2,0,0,0,0,1,0,3,2,0,0,1,1,0,6,4,2
107,公立,技專校院,0051,國立臺北商業大學,02311006,應用外語系,42,23,19,0,0,3,1,1,10,19,8,0,0,15,4,11,42,23,19
107,公立,技專校院,0051,國立臺北商業大學,04111009,會計資訊系,47,32,15,3,0,6,2,5,3,18,10,0,0,19,14,5,47,32,15
107,公立,技專校院,0051,國立臺北商業大學,04121013,財務金融系,16,14,2,0,0,0,0,4,0,10,2,0,0,4,4,0,16,14,2
107,公立,技專校院,0051,國立臺北商業大學,04122014,財政稅務系,31,18,13,1,1,1,4,6,4,10,4,0,0,17,8,9,31,18,13
107,公立,技專校院,0051,國立臺北商業大學,04131010,企業管理系,59,37,22,1,1,1,2,9,4,26,15,0,0,18,11,7,59,37,22
107,公立,技專校院,0051,國立臺北商業大學,04141012,國際商務系,36,18,18,1,0,2,1,3,3,12,14,0,0,10,6,4,36,18,18
107,公立,技專校院,0051,國立臺北商業大學,04199015,商業設計管理系,16,9,7,0,0,0,0,5,0,4,7,0,0,5,5,0,16,9,7
107,公立,技專校院,0051,國立臺北商業大學,06131017,資訊管理系,27,20,7,0,1,3,1,6,0,11,5,0,0,11,9,2,27,20,7
107,公立,技專校院,0051,國立臺北商業大學,06131018,資訊與決策科學研究所,2,2,0,0,0,1,0,1,0,0,0,0,0,2,2,0,2,2,0
107,公立,技專校院,0051,國立臺北商業大學,99999Z01,通識教育中心,59,27,32,0,0,2,2,15,19,10,11,0,0,38,17,21,59,27,32
107,公立,技專校院,0051,國立臺北商業大學,99999Z03,軍訓教官,1,0,1,0,0,0,0,0,0,0,1,0,0,0,0,0,1,0,1
107,公立,技專校院,0051,國立臺北商業大學,99999Z07,體育室,15,11,4,0,0,2,1,3,1,6,2,0,0,7,5,2,15,11,4
107,公立,一般大學,0052,國立屏東大學,01111001,教育學系,9,5,4,1,0,0,0,2,3,2,1,0,0,6,3,3,9,5,4
107,公立,一般大學,0052,國立屏東大學,01111003,教育心理與輔導學系,4,3,1,1,0,0,0,2,1,0,0,0,0,4,3,1,4,3,1
107,公立,一般大學,0052,國立屏東大學,01113017,特殊教育學系,8,5,3,3,1,0,1,0,0,2,1,0,0,5,3,2,8,5,3
107,公立,一般大學,0052,國立屏東大學,01114018,教育行政研究所,1,1,0,0,0,0,0,1,0,0,0,0,0,1,1,0,1,1,0
107,公立,一般大學,0052,國立屏東大學,01121016,幼兒教育學系,6,0,6,0,0,0,0,0,0,0,6,0,0,0,0,0,6,0,6
107,公立,一般大學,0052,國立屏東大學,01199023,科普傳播學系,1,1,0,0,0,0,0,1,0,0,0,0,0,1,1,0,1,1,0
107,公立,一般大學,0052,國立屏東大學,01199Y03,教育學院,8,0,8,0,0,0,1,0,2,0,5,0,0,3,0,3,8,0,8
107,公立,一般大學,0052,國立屏東大學,02111025,視覺藝術學系,4,4,0,0,0,0,0,0,0,4,0,0,0,0,0,0,4,4,0
107,公立,一般大學,0052,國立屏東大學,02151024,音樂學系,38,10,28,0,1,0,1,4,11,6,15,0,0,17,4,13,38,10,28
107,公立,一般大學,0052,國立屏東大學,02299033,文化創意產業學系,3,1,2,0,0,0,0,0,1,1,1,0,0,1,0,1,3,1,2
107,公立,一般大學,0052,國立屏東大學,02299034,原住民族健康休閒與文化產業學士學位學程原住民專班,8,2,6,0,0,0,0,1,1,1,5,0,0,2,1,1,8,2,6
107,公立,一般大學,0052,國立屏東大學,02311030,應用英語學系,2,0,2,0,0,0,0,0,0,0,2,0,0,0,0,0,2,0,2
107,公立,一般大學,0052,國立屏東大學,02311031,應用日語學系,2,0,2,0,0,0,0,0,0,0,2,0,0,0,0,0,2,0,2
107,公立,一般大學,0052,國立屏東大學,04111038,會計學系,3,0,3,0,0,0,1,0,0,0,2,0,0,1,0,1,3,0,3
107,公立,一般大學,0052,國立屏東大學,04121045,財務金融學系,4,3,1,1,0,0,0,1,0,1,1,0,0,2,2,0,4,3,1
107,公立,一般大學,0052,國立屏東大學,04131039,企業管理學系,3,2,1,0,0,0,0,0,0,2,1,0,0,0,0,0,3,2,1
107,公立,一般大學,0052,國立屏東大學,04132046,行銷與流通管理學系,8,6,2,0,0,2,0,3,2,1,0,0,0,7,5,2,8,6,2
107,公立,一般大學,0052,國立屏東大學,04141044,國際貿易學系,3,3,0,0,0,0,0,2,0,1,0,0,0,2,2,0,3,3,0
107,公立,一般大學,0052,國立屏東大學,05311050,應用化學系,2,2,0,0,0,0,0,2,0,0,0,0,0,2,2,0,2,2,0
107,公立,一般大學,0052,國立屏東大學,05331053,應用物理系,1,1,0,1,0,0,0,0,0,0,0,0,0,1,1,0,1,1,0
107,公立,一般大學,0052,國立屏東大學,06131057,資訊管理學系,7,7,0,0,0,0,0,1,0,6,0,0,0,1,1,0,7,7,0
107,公立,一般大學,0052,國立屏東大學,10151065,休閒事業經營學系,2,1,1,0,0,0,0,1,0,0,1,0,0,1,1,0,2,1,1
107,公立,一般大學,0052,國立屏東大學,10152014,體育學系,16,11,5,0,0,0,0,1,2,10,3,0,0,3,1,2,16,11,5
107,公立,一般大學,0052,國立屏東大學,99999Z01,通識教育中心,41,23,18,1,0,3,2,9,6,10,10,0,0,21,13,8,41,23,18
107,公立,一般大學,0052,國立屏東大學,99999Z05,師資培育中心,3,1,2,0,0,0,0,0,1,1,1,0,0,1,0,1,3,1,2
107,公立,一般大學,0052,國立屏東大學,99999Z99,秘書室,2,2,0,2,0,0,0,0,0,0,0,0,0,2,2,0,2,2,0
107,公立,技專校院,0053,國立高雄科技大學,02121006,文化創意產業系(建工校區/燕巢校區),2,2,0,0,0,0,0,0,0,2,0,0,0,0,0,0,2,2,0
107,公立,技專校院,0053,國立高雄科技大學,02123017,創新設計工程系(第一校區),4,4,0,0,0,0,0,3,0,1,0,0,0,3,3,0,4,4,0
107,公立,技專校院,0053,國立高雄科技大學,02311001,應用外語系(建工校區/燕巢校區),9,2,7,0,0,0,0,0,0,2,7,0,0,0,0,0,9,2,7
107,公立,技專校院,0053,國立高雄科技大學,02311002,應用英語系(第一校區),11,3,8,0,0,0,0,1,2,2,6,0,0,3,1,2,11,3,8
107,公立,技專校院,0053,國立高雄科技大學,02311003,應用德語系(第一校區),5,3,2,0,0,0,0,0,0,3,2,0,0,0,0,0,5,3,2
107,公立,技專校院,0053,國立高雄科技大學,02311008,應用日語系(第一校區),14,7,7,2,0,2,1,2,1,1,5,0,0,8,6,2,14,7,7
107,公立,技專校院,0053,國立高雄科技大學,04111014,會計系(建工校區/燕巢校區),16,11,5,1,0,1,1,2,2,7,2,0,0,7,4,3,16,11,5
107,公立,技專校院,0053,國立高雄科技大學,04111020,會計資訊系(第一校區),3,2,1,0,0,0,0,1,0,1,1,0,0,1,1,0,3,2,1
107,公立,技專校院,0053,國立高雄科技大學,04111041,財富與稅務管理系(建工校區/燕巢校區),9,5,4,2,0,0,1,1,0,2,3,0,0,4,3,1,9,5,4
107,公立,技專校院,0053,國立高雄科技大學,04121034,金融資訊系(建工校區/燕巢校區),13,10,3,0,0,2,1,4,1,4,1,0,0,8,6,2,13,10,3
107,公立,技專校院,0053,國立高雄科技大學,04121040,財務管理系(第一校區),8,8,0,0,0,1,0,2,0,5,0,0,0,3,3,0,8,8,0
107,公立,技專校院,0053,國立高雄科技大學,04121104,金融系(第一校區),13,9,4,0,0,1,0,1,0,7,4,0,0,2,2,0,13,9,4
107,公立,技專校院,0053,國立高雄科技大學,04123054,風險管理與保險系(第一校區),9,8,1,0,0,1,0,3,0,4,1,0,0,4,4,0,9,8,1
107,公立,技專校院,0053,國立高雄科技大學,04131101,企業管理系(建工校區/燕巢校區),12,6,6,0,0,0,1,4,0,2,5,0,0,5,4,1,12,6,6
107,公立,技專校院,0053,國立高雄科技大學,04132004,供應鏈管理系(楠梓校區/旗津校區),6,3,3,0,0,0,1,2,0,1,2,0,0,3,2,1,6,3,3
107,公立,技專校院,0053,國立高雄科技大學,04132059,行銷與流通管理系(第一校區),9,8,1,2,0,3,0,1,1,2,0,0,0,7,6,1,9,8,1
107,公立,技專校院,0053,國立高雄科技大學,04132107,運籌管理系(第一校區),7,5,2,0,0,2,0,0,1,3,1,0,0,3,2,1,7,5,2
107,公立,技專校院,0053,國立高雄科技大學,04141023,國際企業系(建工校區/燕巢校區),20,13,7,0,0,0,0,4,2,9,5,0,0,6,4,2,20,13,7
107,公立,技專校院,0053,國立高雄科技大學,04212068,科技法律研究所(第一校區),2,2,0,0,0,1,0,1,0,0,0,0,0,2,2,0,2,2,0
107,公立,技專校院,0053,國立高雄科技大學,06131066,海事資訊科技系(楠梓校區/旗津校區),6,5,1,0,0,1,0,2,1,2,0,0,0,4,3,1,6,5,1
107,公立,技專校院,0053,國立高雄科技大學,06131067,資訊工程系(建工校區/燕巢校區),4,3,1,0,0,1,0,1,1,1,0,0,0,3,2,1,4,3,1
107,公立,技專校院,0053,國立高雄科技大學,06131100,資訊管理系(建工校區/燕巢校區),5,4,1,0,0,0,0,1,0,3,1,0,0,1,1,0,5,4,1
107,公立,技專校院,0053,國立高雄科技大學,06131100,資訊管理系(第一校區),7,4,3,0,0,0,0,2,0,2,3,0,0,2,2,0,7,4,3
107,公立,技專校院,0053,國立高雄科技大學,06131100,資訊管理系(楠梓校區/旗津校區),2,1,1,0,0,0,0,0,1,1,0,0,0,1,0,1,2,1,1
107,公立,技專校院,0053,國立高雄科技大學,07111085,化學工程與材料工程系(建工校區/燕巢校區),7,5,2,1,0,1,0,3,0,0,2,0,0,5,5,0,7,5,2
107,公立,技專校院,0053,國立高雄科技大學,07121030,海洋環境工程系(楠梓校區/旗津校區),7,7,0,0,0,1,0,5,0,1,0,0,0,6,6,0,7,7,0
107,公立,技專校院,0053,國立高雄科技大學,07121086,環境與安全衛生工程系(第一校區),4,4,0,1,0,1,0,1,0,1,0,0,0,3,3,0,4,4,0
107,公立,技專校院,0053,國立高雄科技大學,07141018,微電子工程系(楠梓校區/旗津校區),3,2,1,0,0,0,0,0,0,2,1,0,0,0,0,0,3,2,1
107,公立,技專校院,0053,國立高雄科技大學,07141021,電訊工程系(楠梓校區/旗津校區),10,8,2,1,0,0,0,3,1,4,1,0,0,5,4,1,10,8,2
107,公立,技專校院,0053,國立高雄科技大學,07141069,光電與通訊工程研究所(建工校區/燕巢校區),1,1,0,0,0,1,0,0,0,0,0,0,0,1,1,0,1,1,0
107,公立,技專校院,0053,國立高雄科技大學,07141103,電子工程系(建工校區/燕巢校區),21,20,1,4,0,7,0,7,1,2,0,0,0,19,18,1,21,20,1
107,公立,技專校院,0053,國立高雄科技大學,07141103,電子工程系(第一校區),7,6,1,0,0,3,0,1,0,2,1,0,0,4,4,0,7,6,1
107,公立,技專校院,0053,國立高雄科技大學,07141105,電機工程系(建工校區/燕巢校區),5,4,1,0,0,2,0,2,0,0,1,0,0,4,4,0,5,4,1
107,公立,技專校院,0053,國立高雄科技大學,07141105,電機工程研究所(第一校區),1,1,0,1,0,0,0,0,0,0,0,0,0,1,1,0,1,1,0
107,公立,技專校院,0053,國立高雄科技大學,07151026,輪機工程系(楠梓校區/旗津校區),13,12,1,1,0,1,0,2,0,8,1,0,0,4,4,0,13,12,1
107,公立,技專校院,0053,國立高雄科技大學,07151072,機械工程系(建工校區/燕巢校區),7,7,0,1,0,1,0,3,0,2,0,0,0,5,5,0,7,7,0
107,公立,技專校院,0053,國立高雄科技大學,07151074,模具工程系(建工校區/燕巢校區),21,20,1,3,0,2,0,4,0,11,1,0,0,9,9,0,21,20,1
107,公立,技專校院,0053,國立高雄科技大學,07151078,機械與自動化工程系(第一校區),3,3,0,2,0,0,0,0,0,1,0,0,0,2,2,0,3,3,0
107,公立,技專校院,0053,國立高雄科技大學,07163029,造船及海洋工程系(楠梓校區/旗津校區),20,20,0,0,0,0,0,8,0,12,0,0,0,8,8,0,20,20,0
107,公立,技專校院,0053,國立高雄科技大學,07191091,工業工程與管理系(建工校區/燕巢校區),5,4,1,0,0,0,0,3,1,1,0,0,0,4,3,1,5,4,1
107,公立,技專校院,0053,國立高雄科技大學,07194035,海洋工程學院海洋科技產學合作博士班(楠梓校區/旗津校區),1,1,0,1,0,0,0,0,0,0,0,0,0,1,1,0,1,1,0
107,公立,技專校院,0053,國立高雄科技大學,07211039,水產食品科學系(楠梓校區/旗津校區),12,9,3,1,0,0,0,2,2,6,1,0,0,5,3,2,12,9,3
107,公立,技專校院,0053,國立高雄科技大學,07321077,土木工程系(建工校區/燕巢校區),4,4,0,0,0,0,0,1,0,3,0,0,0,1,1,0,4,4,0
107,公立,技專校院,0053,國立高雄科技大學,07321082,營建工程系(第一校區),4,4,0,0,0,1,0,0,0,3,0,0,0,1,1,0,4,4,0
107,公立,技專校院,0053,國立高雄科技大學,08193007,海洋事務與產業管理研究所(楠梓校區/旗津校區),1,1,0,0,0,1,0,0,0,0,0,0,0,1,1,0,1,1,0
107,公立,技專校院,0053,國立高雄科技大學,08311045,漁業生產與管理系(楠梓校區/旗津校區),6,5,1,1,0,1,0,1,0,2,1,0,0,3,3,0,6,5,1
107,公立,技專校院,0053,國立高雄科技大學,08312047,水產養殖系(楠梓校區/旗津校區),14,10,4,0,0,0,0,4,1,6,3,0,0,5,4,1,14,10,4
107,公立,技專校院,0053,國立高雄科技大學,10151055,海洋休閒管理系(楠梓校區/旗津校區),6,5,1,0,0,0,0,2,1,3,0,0,0,3,2,1,6,5,1
107,公立,技專校院,0053,國立高雄科技大學,10151096,觀光管理系(建工校區/燕巢校區),25,17,8,1,0,1,0,0,0,15,8,0,0,2,2,0,25,17,8
107,公立,技專校院,0053,國立高雄科技大學,10412060,航運管理系(楠梓校區/旗津校區),29,22,7,1,0,0,0,7,1,14,6,0,0,9,8,1,29,22,7
107,公立,技專校院,0053,國立高雄科技大學,10414061,航運技術系(楠梓校區/旗津校區),9,7,2,0,0,0,0,3,0,4,2,0,0,3,3,0,9,7,2
107,公立,技專校院,0053,國立高雄科技大學,99999Z01,共同科目(第一校區),69,39,30,1,0,1,0,18,11,19,19,0,0,31,20,11,69,39,30
107,公立,技專校院,0053,國立高雄科技大學,99999Z01,基礎教育中心(楠梓校區/旗津校區),68,33,35,0,0,5,1,9,8,19,26,0,0,23,14,9,68,33,35
107,公立,技專校院,0053,國立高雄科技大學,99999Z01,通識(教育)中心(建工校區/燕巢校區),47,28,19,1,0,3,0,14,7,10,12,0,0,25,18,7,47,28,19
107,公立,技專校院,0053,國立高雄科技大學,99999Z07,體育教育中心(建工校區/燕巢校區),21,14,7,2,0,0,0,1,1,11,6,0,0,4,3,1,21,14,7
107,公立,技專校院,0053,國立高雄科技大學,99999Z07,體育教育中心(楠梓校區/旗津校區),23,19,4,0,0,4,1,3,0,12,3,0,0,8,7,1,23,19,4
107,公立,技專校院,0053,國立高雄科技大學,99999Z08,外語教育中心(楠梓校區/旗津校區),17,5,12,0,0,0,0,1,0,4,12,0,0,1,1,0,17,5,12
107,公立,技專校院,0053,國立高雄科技大學,99999Z08,語文中心(建工校區/燕巢校區),44,18,26,2,0,2,0,6,6,8,20,0,0,16,10,6,44,18,26
107,公立,技專校院,0053,國立高雄科技大學,99999Z08,語言教學中心(第一校區),47,12,35,0,0,0,0,1,3,11,32,0,0,4,1,3,47,12,35
107,公立,技專校院,0144,國立臺灣戲曲學院,02151001,戲曲音樂學系,41,18,23,0,0,1,0,0,1,17,22,0,0,2,1,1,41,18,23
107,公立,技專校院,0144,國立臺灣戲曲學院,02152004,歌仔戲學系,16,9,7,0,1,0,1,0,2,9,3,0,0,4,0,4,16,9,7
107,公立,技專校院,0144,國立臺灣戲曲學院,02152005,京劇學系,21,13,8,0,0,0,1,3,0,10,7,0,0,4,3,1,21,13,8
107,公立,技專校院,0144,國立臺灣戲曲學院,02152006,客家戲學系,11,6,5,1,0,1,0,2,1,2,4,0,0,5,4,1,11,6,5
107,公立,技專校院,0144,國立臺灣戲曲學院,02152007,劇場藝術學系,37,25,12,1,0,1,0,2,0,21,12,0,0,4,4,0,37,25,12
107,公立,技專校院,0144,國立臺灣戲曲學院,02152009,民俗技藝學系,31,16,15,0,0,1,0,0,1,15,14,0,0,2,1,1,31,16,15
107,公立,技專校院,0144,國立臺灣戲曲學院,99999Z01,通識教育中心,17,8,9,1,0,0,0,2,0,5,9,0,0,3,3,0,17,8,9
107,公立,技專校院,0221,國立臺南護理專科學校,09131001,護理科,16,3,13,0,0,0,0,1,2,2,11,0,0,3,1,2,16,3,13
107,公立,技專校院,0221,國立臺南護理專科學校,09211003,老人服務事業科,16,8,8,0,0,1,0,0,1,7,7,0,0,2,1,1,16,8,8
107,公立,技專校院,0221,國立臺南護理專科學校,10121004,化妝品應用科,14,7,7,0,0,1,0,1,1,5,6,0,0,3,2,1,14,7,7
107,公立,技專校院,0221,國立臺南護理專科學校,99999Z01,共同科目,42,18,24,1,0,2,0,3,7,12,17,0,0,13,6,7,42,18,24
107,公立,技專校院,0222,國立臺東專科學校,02123002,文化創意設計科,5,3,2,0,0,0,0,0,1,3,1,0,0,1,0,1,5,3,2
107,公立,技專校院,0222,國立臺東專科學校,06131003,資訊管理科,3,2,1,0,0,0,0,0,0,2,1,0,0,0,0,0,3,2,1
107,公立,技專校院,0222,國立臺東專科學校,07161005,動力機械科,4,4,0,0,0,0,0,0,0,4,0,0,0,0,0,0,4,4,0
107,公立,技專校院,0222,國立臺東專科學校,07211012,食品科技科,7,2,5,0,0,0,0,0,1,2,4,0,0,1,0,1,7,2,5
107,公立,技專校院,0222,國立臺東專科學校,07311007,建築科,18,16,2,0,0,0,0,1,0,15,2,0,0,1,1,0,18,16,2
107,公立,技專校院,0222,國立臺東專科學校,08121011,園藝暨景觀科,17,12,5,0,0,0,0,3,2,9,3,0,0,5,3,2,17,12,5
107,公立,技專校院,0222,國立臺東專科學校,10131014,餐旅管理科,5,1,4,0,0,0,0,0,0,1,4,0,0,0,0,0,5,1,4
107,公立,技專校院,0222,國立臺東專科學校,99999Z01,通識教育中心,23,14,9,1,0,0,0,4,2,9,7,0,0,7,5,2,23,14,9
107,私立,一般大學,1001,東海大學,01111001,教育研究所,1,1,0,1,0,0,0,0,0,0,0,0,0,1,1,0,1,1,0
107,私立,一般大學,1001,東海大學,02123011,工業設計學系,10,9,1,0,0,0,0,0,0,9,1,0,0,0,0,0,10,9,1
107,私立,一般大學,1001,東海大學,02131002,美術學系,29,22,7,2,1,1,1,4,1,15,4,0,0,10,7,3,29,22,7
107,私立,一般大學,1001,東海大學,02151003,音樂學系,66,26,40,2,1,0,1,15,19,9,19,0,0,38,17,21,66,26,40
107,私立,一般大學,1001,東海大學,02199Y09,創意設計暨藝術學院,1,0,1,0,1,0,0,0,0,0,0,0,0,1,0,1,1,0,1
107,私立,一般大學,1001,東海大學,02221009,歷史學系,4,3,1,0,0,1,1,1,0,1,0,0,0,3,2,1,4,3,1
107,私立,一般大學,1001,東海大學,02231010,哲學系,3,2,1,1,0,0,1,1,0,0,0,0,0,3,2,1,3,2,1
107,私立,一般大學,1001,東海大學,02311005,外國語文學系,19,6,13,0,0,2,0,0,0,4,13,0,0,2,2,0,19,6,13
107,私立,一般大學,1001,東海大學,02311007,日本語言文化學系,24,8,16,0,1,3,0,0,0,5,15,0,0,4,3,1,24,8,16
107,私立,一般大學,1001,東海大學,02322004,中國文學系,35,17,18,2,0,2,2,7,11,6,5,0,0,24,11,13,35,17,18
107,私立,一般大學,1001,東海大學,03111012,經濟學系,12,7,5,2,0,1,1,2,1,2,3,0,0,7,5,2,12,7,5
107,私立,一般大學,1001,東海大學,03121013,政治學系,12,12,0,2,0,6,0,3,0,1,0,0,0,11,11,0,12,12,0
107,私立,一般大學,1001,東海大學,03141014,社會學系,13,10,3,1,0,0,0,6,2,3,1,0,0,9,7,2,13,10,3
107,私立,一般大學,1001,東海大學,04111018,會計學系,12,9,3,0,0,3,0,4,2,2,1,0,0,9,7,2,12,9,3
107,私立,一般大學,1001,東海大學,04121024,財務金融學系,15,13,2,1,0,3,0,5,1,4,1,0,0,10,9,1,15,13,2
107,私立,一般大學,1001,東海大學,04131019,企業管理學系,14,11,3,1,0,2,0,6,3,2,0,0,0,12,9,3,14,11,3
107,私立,一般大學,1001,東海大學,04131021,國際學院國際經營管理學位學程,5,3,2,0,0,0,0,2,1,1,1,0,0,3,2,1,5,3,2
107,私立,一般大學,1001,東海大學,04131025,高階經營管理碩士在職專班,12,12,0,4,0,4,0,4,0,0,0,0,0,12,12,0,12,12,0
107,私立,一般大學,1001,東海大學,04134016,行政管理暨政策學系,2,1,1,0,1,0,0,0,0,1,0,0,0,1,0,1,2,1,1
107,私立,一般大學,1001,東海大學,04134017,公共事務碩士專班,1,1,0,0,0,1,0,0,0,0,0,0,0,1,1,0,1,1,0
107,私立,一般大學,1001,東海大學,04141023,國際經營與貿易學系,15,13,2,4,0,4,0,5,2,0,0,0,0,15,13,2,15,13,2
107,私立,一般大學,1001,東海大學,04199Y31,管理學院,1,1,0,1,0,0,0,0,0,0,0,0,0,1,1,0,1,1,0
107,私立,一般大學,1001,東海大學,04211027,法律學系,31,26,5,7,1,6,1,6,1,7,2,0,0,22,19,3,31,26,5
107,私立,一般大學,1001,東海大學,05111028,生命科學系,10,7,3,3,0,1,2,3,1,0,0,0,0,10,7,3,10,7,3
107,私立,一般大學,1001,東海大學,05211056,永續科學與工程學士學位學程,1,1,0,0,0,0,0,0,0,1,0,0,0,0,0,0,1,1,0
107,私立,一般大學,1001,東海大學,05311030,化學系,5,5,0,3,0,1,0,1,0,0,0,0,0,5,5,0,5,5,0
107,私立,一般大學,1001,東海大學,05331032,應用物理學系,6,6,0,1,0,3,0,2,0,0,0,0,0,6,6,0,6,6,0
107,私立,一般大學,1001,東海大學,05399Y37,理學院,15,15,0,2,0,3,0,10,0,0,0,0,0,15,15,0,15,15,0
107,私立,一般大學,1001,東海大學,05411034,應用數學系,8,6,2,0,1,1,0,4,1,1,0,0,0,7,5,2,8,6,2
107,私立,一般大學,1001,東海大學,05421035,統計學系,1,1,0,1,0,0,0,0,0,0,0,0,0,1,1,0,1,1,0
107,私立,一般大學,1001,東海大學,06133047,數位創新碩士學位學程,1,1,0,0,0,0,0,0,0,1,0,0,0,0,0,0,1,1,0
107,私立,一般大學,1001,東海大學,06134036,資訊管理學系,5,4,1,0,0,0,1,3,0,1,0,0,0,4,3,1,5,4,1
107,私立,一般大學,1001,東海大學,07111042,化學工程與材料工程學系,3,2,1,0,0,0,0,2,0,0,1,0,0,2,2,0,3,2,1
107,私立,一般大學,1001,東海大學,07121045,環境科學與工程學系,7,7,0,2,0,0,0,4,0,1,0,0,0,6,6,0,7,7,0
107,私立,一般大學,1001,東海大學,07141037,電機工程學系,8,7,1,4,0,0,0,3,1,0,0,0,0,8,7,1,8,7,1
107,私立,一般大學,1001,東海大學,07141039,資訊工程學系,9,8,1,1,0,1,0,1,0,5,1,0,0,3,3,0,9,8,1
107,私立,一般大學,1001,東海大學,07191044,工業工程與經營資訊學系,21,13,8,2,0,4,1,5,5,2,2,0,0,17,11,6,21,13,8
107,私立,一般大學,1001,東海大學,07199Y40,工學院,1,0,1,0,0,0,0,0,0,0,1,0,0,0,0,0,1,0,1
107,私立,一般大學,1001,東海大學,07211052,食品科學系,8,6,2,3,0,1,0,2,1,0,1,0,0,7,6,1,8,6,2
107,私立,一般大學,1001,東海大學,07311048,建築學系,27,24,3,2,0,4,2,5,0,13,1,0,0,13,11,2,27,24,3
107,私立,一般大學,1001,東海大學,07312049,景觀學系,22,15,7,1,1,1,0,2,1,11,5,0,0,6,4,2,22,15,7
107,私立,一般大學,1001,東海大學,08112051,畜產與生物科技學系,4,3,1,0,0,0,1,2,0,1,0,0,0,3,2,1,4,3,1
107,私立,一般大學,1001,東海大學,09231053,社會工作學系,34,9,25,0,0,0,0,3,4,6,21,0,0,7,3,4,34,9,25
107,私立,一般大學,1001,東海大學,10131054,餐旅管理學系,2,2,0,2,0,0,0,0,0,0,0,0,0,2,2,0,2,2,0
107,私立,一般大學,1001,東海大學,10152055,運動休閒與健康管理學位學程,8,5,3,0,0,0,0,3,2,2,1,0,0,5,3,2,8,5,3
107,私立,一般大學,1001,東海大學,99999Z01,共同學科暨通識教育中心,64,43,21,9,1,6,4,17,6,11,10,0,0,43,32,11,64,43,21
107,私立,一般大學,1001,東海大學,99999Z05,師資培育中心,4,4,0,0,0,1,0,0,0,3,0,0,0,1,1,0,4,4,0
107,私立,一般大學,1001,東海大學,99999Z07,體育室,24,15,9,2,0,4,4,3,1,6,4,0,0,14,9,5,24,15,9
107,私立,一般大學,1001,東海大學,99999Z08,英語中心,47,5,42,0,1,0,0,2,3,3,38,0,0,6,2,4,47,5,42
107,私立,一般大學,1002,輔仁大學,01114046,教育領導與科技發展學士學位學程,1,1,0,0,0,1,0,0,0,0,0,0,0,1,1,0,1,1,0
107,私立,一般大學,1002,輔仁大學,02122078,應用美術學系,28,22,6,2,0,2,0,4,0,14,6,0,0,8,8,0,28,22,6
107,私立,一般大學,1002,輔仁大學,02122087,藝術與文化創意學士學位學程,12,6,6,0,0,0,0,1,1,5,5,0,0,2,1,1,12,6,6
107,私立,一般大學,1002,輔仁大學,02125082,織品服裝學系,27,13,14,1,2,5,3,1,3,6,6,0,0,15,7,8,27,13,14
107,私立,一般大學,1002,輔仁大學,02151034,音樂學系,78,27,51,5,7,5,8,12,23,5,13,0,0,60,22,38,78,27,51
107,私立,一般大學,1002,輔仁大學,02211006,天主教研修學士學位學程,4,2,2,0,0,0,1,1,0,1,1,0,0,2,1,1,4,2,2
107,私立,一般大學,1002,輔仁大學,02211019,宗教學系,25,13,12,2,2,2,3,3,2,6,5,0,0,14,7,7,25,13,12
107,私立,一般大學,1002,輔仁大學,02221074,歷史學系,19,10,9,4,1,3,5,2,3,1,0,0,0,18,9,9,19,10,9
107,私立,一般大學,1002,輔仁大學,02231037,哲學系,31,20,11,6,2,4,4,9,4,1,1,0,0,29,19,10,31,20,11
107,私立,一般大學,1002,輔仁大學,02299060,跨文化研究所,24,18,6,6,0,2,1,4,1,6,4,0,0,14,12,2,24,18,6
107,私立,一般大學,1002,輔仁大學,02299093,人文社會服務進修學士學位學程,1,1,0,0,0,1,0,0,0,0,0,0,0,1,1,0,1,1,0
107,私立,一般大學,1002,輔仁大學,02311009,日本語文學系,29,9,20,0,0,2,0,1,4,6,16,0,0,7,3,4,29,9,20
107,私立,一般大學,1002,輔仁大學,02311016,西班牙語文學系,11,4,7,1,0,1,1,1,1,1,5,0,0,5,3,2,11,4,7
107,私立,一般大學,1002,輔仁大學,02311021,法國語文學系,11,4,7,0,1,1,3,1,0,2,3,0,0,6,2,4,11,4,7
107,私立,一般大學,1002,輔仁大學,02311033,英國語文學系,20,5,15,0,2,0,2,1,3,4,8,0,0,8,1,7,20,5,15
107,私立,一般大學,1002,輔仁大學,02311057,義大利語文學系,5,3,2,0,0,0,0,1,0,2,2,0,0,1,1,0,5,3,2
107,私立,一般大學,1002,輔仁大學,02311072,德語語文學系,8,2,6,1,1,1,1,0,0,0,4,0,0,4,2,2,8,2,6
107,私立,一般大學,1002,輔仁大學,02322003,中國文學系,24,13,11,3,0,4,1,1,6,5,4,0,0,15,8,7,24,13,11
107,私立,一般大學,1002,輔仁大學,02399Y16,外國語文學院,15,6,9,0,0,1,0,0,2,5,7,0,0,3,1,2,15,6,9
107,私立,一般大學,1002,輔仁大學,03111055,經濟學系,15,13,2,3,0,3,0,3,1,4,1,0,0,10,9,1,15,13,2
107,私立,一般大學,1002,輔仁大學,03131007,心理學系,8,6,2,1,0,2,0,1,2,2,0,0,0,6,4,2,8,6,2
107,私立,一般大學,1002,輔仁大學,03131081,臨床心理學系,7,2,5,1,0,0,1,1,1,0,3,0,0,4,2,2,7,2,5
107,私立,一般大學,1002,輔仁大學,03141023,社會學系,6,3,3,0,1,0,0,3,2,0,0,0,0,6,3,3,6,3,3
107,私立,一般大學,1002,輔仁大學,03199Y19,社會科學院,3,3,0,0,0,1,0,2,0,0,0,0,0,3,3,0,3,3,0
107,私立,一般大學,1002,輔仁大學,03211001,大眾傳播學士學位學程,18,12,6,1,0,1,0,1,1,9,5,0,0,4,3,1,18,12,6
107,私立,一般大學,1002,輔仁大學,03211002,大眾傳播學研究所,1,1,0,0,0,1,0,0,0,0,0,0,0,1,1,0,1,1,0
107,私立,一般大學,1002,輔仁大學,03212053,新聞傳播學系,5,3,2,0,0,1,0,1,1,1,1,0,0,3,2,1,5,3,2
107,私立,一般大學,1002,輔仁大學,03213070,影像傳播學系,10,5,5,0,0,1,0,0,0,4,5,0,0,1,1,0,10,5,5
107,私立,一般大學,1002,輔仁大學,03221051,博物館學研究所,2,1,1,0,1,0,0,1,0,0,0,0,0,2,1,1,2,1,1
107,私立,一般大學,1002,輔仁大學,03222065,圖書資訊學系,15,9,6,0,1,1,2,3,1,5,2,0,0,8,4,4,15,9,6
107,私立,一般大學,1002,輔仁大學,04111054,會計學系,9,8,1,3,0,2,1,1,0,2,0,0,0,7,6,1,9,8,1
107,私立,一般大學,1002,輔仁大學,04121027,金融與國際企業學系,9,8,1,2,0,2,0,3,0,1,1,0,0,7,7,0,9,8,1
107,私立,一般大學,1002,輔仁大學,04131015,企業管理學系,15,11,4,3,0,2,2,5,1,1,1,0,0,13,10,3,15,11,4
107,私立,一般大學,1002,輔仁大學,04131025,社會企業碩士在職學位學程,1,1,0,0,0,0,0,1,0,0,0,0,0,1,1,0,1,1,0
107,私立,一般大學,1002,輔仁大學,04131039,商業管理學士學位學程,22,16,6,0,1,1,1,12,2,3,2,0,0,17,13,4,22,16,6
107,私立,一般大學,1002,輔仁大學,04131041,國際創業與經營管理碩士學位學程,6,6,0,4,0,2,0,0,0,0,0,0,0,6,6,0,6,6,0
107,私立,一般大學,1002,輔仁大學,04131044,國際經營管理碩士學位學程,3,2,1,1,0,0,0,1,1,0,0,0,0,3,2,1,3,2,1
107,私立,一般大學,1002,輔仁大學,04143069,廣告傳播學系,9,8,1,0,0,0,0,4,0,4,1,0,0,4,4,0,9,8,1
107,私立,一般大學,1002,輔仁大學,04191040,商學研究所,5,5,0,3,0,1,0,1,0,0,0,0,0,5,5,0,5,5,0
107,私立,一般大學,1002,輔仁大學,04199028,非營利組織管理碩士學位學程,1,1,0,1,0,0,0,0,0,0,0,0,0,1,1,0,1,1,0
107,私立,一般大學,1002,輔仁大學,04211020,法律學系,27,24,3,11,1,5,0,5,2,3,0,0,0,24,21,3,27,24,3
107,私立,一般大學,1002,輔仁大學,04211020,學士後法律學系,1,0,1,0,0,0,0,0,1,0,0,0,0,1,0,1,1,0,1
107,私立,一般大學,1002,輔仁大學,04211038,財經法律學系,8,7,1,0,0,4,0,2,0,1,1,0,0,6,6,0,8,7,1
107,私立,一般大學,1002,輔仁大學,05111011,生命科學系,2,2,0,1,0,1,0,0,0,0,0,0,0,2,2,0,2,2,0
107,私立,一般大學,1002,輔仁大學,05191080,營養科學系,4,3,1,2,0,0,0,1,0,0,1,0,0,3,3,0,4,3,1
107,私立,一般大學,1002,輔仁大學,05311005,化學系,7,7,0,5,0,1,0,1,0,0,0,0,0,7,7,0,7,7,0
107,私立,一般大學,1002,輔仁大學,05331022,物理學系,2,1,1,0,0,1,1,0,0,0,0,0,0,2,1,1,2,1,1
107,私立,一般大學,1002,輔仁大學,05399Y36,理工學院,7,7,0,0,0,0,0,1,0,6,0,0,0,1,1,0,7,7,0
107,私立,一般大學,1002,輔仁大學,05411073,數學系,5,4,1,1,0,0,1,2,0,1,0,0,0,4,3,1,5,4,1
107,私立,一般大學,1002,輔仁大學,05421049,統計資訊學系,8,5,3,1,0,1,1,2,1,1,1,0,0,6,4,2,8,5,3
107,私立,一般大學,1002,輔仁大學,06131058,資訊工程學系,2,2,0,0,0,1,0,1,0,0,0,0,0,2,2,0,2,2,0
107,私立,一般大學,1002,輔仁大學,06131059,資訊管理學系,3,3,0,0,0,0,0,2,0,1,0,0,0,2,2,0,3,3,0
107,私立,一般大學,1002,輔仁大學,06132050,軟體工程與數位創意學士學位學程,9,9,0,0,0,1,0,4,0,4,0,0,0,5,5,0,9,9,0
107,私立,一般大學,1002,輔仁大學,06199086,醫學資訊與創新應用學士學位學程,7,7,0,1,0,0,0,4,0,2,0,0,0,5,5,0,7,7,0
107,私立,一般大學,1002,輔仁大學,07141064,電機工程學系,5,5,0,3,0,1,0,1,0,0,0,0,0,5,5,0,5,5,0
107,私立,一般大學,1002,輔仁大學,07194077,應用科學與工程研究所,1,0,1,0,0,0,0,0,1,0,0,0,0,1,0,1,1,0,1
107,私立,一般大學,1002,輔仁大學,07211035,食品科學系,10,9,1,3,0,0,1,3,0,3,0,0,0,7,6,1,10,9,1
107,私立,一般大學,1002,輔仁大學,07312052,景觀設計學系,18,9,9,0,0,1,0,1,1,7,8,0,0,3,2,1,18,9,9
107,私立,一般大學,1002,輔仁大學,09121013,生物醫學暨藥學研究所,4,4,0,4,0,0,0,0,0,0,0,0,0,4,4,0,4,4,0
107,私立,一般大學,1002,輔仁大學,09121085,醫學系,234,195,39,25,1,27,5,56,10,87,23,0,0,124,108,16,234,195,39
107,私立,一般大學,1002,輔仁大學,09121090,生物醫學海量資料分析碩士學位學程,2,1,1,0,0,1,0,0,1,0,0,0,0,2,1,1,2,1,1
107,私立,一般大學,1002,輔仁大學,09131088,護理學系,58,4,54,0,1,1,0,0,4,3,49,0,0,6,1,5,58,4,54
107,私立,一般大學,1002,輔仁大學,09152084,職能治療學系,6,2,4,0,0,0,0,1,1,1,3,0,0,2,1,1,6,2,4
107,私立,一般大學,1002,輔仁大學,09161091,生技醫藥博士學位學程,4,4,0,0,0,1,0,3,0,0,0,0,0,4,4,0,4,4,0
107,私立,一般大學,1002,輔仁大學,09191004,公共衛生學系,9,8,1,0,0,2,1,4,0,2,0,0,0,7,6,1,9,8,1
107,私立,一般大學,1002,輔仁大學,09199018,呼吸治療學系,6,2,4,0,0,0,0,2,0,0,4,0,0,2,2,0,6,2,4
107,私立,一般大學,1002,輔仁大學,09199Y42,醫學院,4,1,3,0,0,0,0,0,0,1,3,0,0,0,0,0,4,1,3
107,私立,一般大學,1002,輔仁大學,09211061,跨專業長期照護碩士學位學程,2,1,1,0,0,1,0,0,1,0,0,0,0,2,1,1,2,1,1
107,私立,一般大學,1002,輔仁大學,09211094,長期照護與健康管理進修學士學位學程,1,1,0,0,0,1,0,0,0,0,0,0,0,1,1,0,1,1,0
107,私立,一般大學,1002,輔仁大學,09221017,兒童與家庭學系,10,1,9,0,0,0,2,1,1,0,6,0,0,4,1,3,10,1,9
107,私立,一般大學,1002,輔仁大學,09231024,社會工作學系,4,3,1,0,0,1,1,0,0,2,0,0,0,2,1,1,4,3,1
107,私立,一般大學,1002,輔仁大學,10131075,餐旅管理學系,17,9,8,2,0,0,0,3,0,4,8,0,0,5,5,0,17,9,8
107,私立,一般大學,1002,輔仁大學,10141089,體育學系,5,4,1,1,0,0,0,2,0,1,1,0,0,3,3,0,5,4,1
107,私立,一般大學,1002,輔仁大學,10152062,運動休閒管理學士學位學程,10,8,2,0,0,1,0,0,1,7,1,0,0,2,1,1,10,8,2
107,私立,一般大學,1002,輔仁大學,99999Z05,師資培育中心,10,5,5,1,0,0,0,2,1,2,4,0,0,4,3,1,10,5,5
107,私立,一般大學,1002,輔仁大學,99999Z99,全人教育課程中心,215,112,103,7,6,18,10,30,23,57,64,0,0,94,55,39,215,112,103
107,私立,一般大學,1002,輔仁大學,99999Z99,教師發展與教學資源中心,1,1,0,0,0,0,0,0,0,1,0,0,0,0,0,0,1,1,0
107,私立,一般大學,1003,東吳大學,02151001,音樂學系,80,32,48,7,3,5,11,10,14,10,20,0,0,50,22,28,80,32,48
107,私立,一般大學,1003,東吳大學,02221006,歷史學系,18,8,10,2,0,1,0,4,6,1,4,0,0,13,7,6,18,8,10
107,私立,一般大學,1003,東吳大學,02231007,哲學系,8,7,1,6,0,0,0,0,1,1,0,0,0,7,6,1,8,7,1
107,私立,一般大學,1003,東吳大學,02311004,英文學系,38,14,24,1,0,3,3,4,5,6,16,0,0,16,8,8,38,14,24
107,私立,一般大學,1003,東吳大學,02311005,日本語文學系,66,20,46,6,0,0,1,2,4,12,41,0,0,13,8,5,66,20,46
107,私立,一般大學,1003,東吳大學,02311012,德國文化學系,10,3,7,0,0,2,0,0,0,1,7,0,0,2,2,0,10,3,7
107,私立,一般大學,1003,東吳大學,02322002,中國文學系,79,47,32,13,3,3,3,13,13,18,13,0,0,48,29,19,79,47,32
107,私立,一般大學,1003,東吳大學,03111008,經濟學系,30,26,4,7,0,6,4,8,0,5,0,0,0,25,21,4,30,26,4
107,私立,一般大學,1003,東吳大學,03121009,政治學系,15,14,1,3,0,4,0,4,0,3,1,0,0,11,11,0,15,14,1
107,私立,一般大學,1003,東吳大學,03131011,心理學系,18,7,11,1,0,2,2,2,4,2,5,0,0,11,5,6,18,7,11
107,私立,一般大學,1003,東吳大學,03141010,社會學系,6,6,0,1,0,3,0,1,0,1,0,0,0,5,5,0,6,6,0
107,私立,一般大學,1003,東吳大學,03199013,人權碩士學位學程,1,1,0,0,0,1,0,0,0,0,0,0,0,1,1,0,1,1,0
107,私立,一般大學,1003,東吳大學,04111015,會計學系,54,29,25,2,2,4,1,7,3,16,19,0,0,19,13,6,54,29,25
107,私立,一般大學,1003,東吳大學,04121027,財務工程與精算數學系,23,17,6,2,1,2,2,4,1,9,2,0,0,12,8,4,23,17,6
107,私立,一般大學,1003,東吳大學,04131016,企業管理學系,45,36,9,1,1,7,0,10,4,18,4,0,0,23,18,5,45,36,9
107,私立,一般大學,1003,東吳大學,04131020,商學院EMBA高階經營碩士在職專班,6,4,2,0,0,1,1,3,1,0,0,0,0,6,4,2,6,4,2
107,私立,一般大學,1003,東吳大學,04141019,國際經營與貿易學系,31,21,10,2,1,5,2,7,4,7,3,0,0,21,14,7,31,21,10
107,私立,一般大學,1003,東吳大學,04191014,商學進修學士班,1,1,0,0,0,0,0,0,0,1,0,0,0,0,0,0,1,1,0
107,私立,一般大學,1003,東吳大學,04199031,巨量資料管理學院,16,12,4,2,1,2,0,2,1,6,2,0,0,8,6,2,16,12,4
107,私立,一般大學,1003,東吳大學,04211021,法律學系,147,121,26,35,7,25,5,39,10,22,4,0,0,121,99,22,147,121,26
107,私立,一般大學,1003,東吳大學,05122022,微生物學系,11,8,3,1,0,3,0,4,3,0,0,0,0,11,8,3,11,8,3
107,私立,一般大學,1003,東吳大學,05311023,化學系,6,2,4,0,1,1,0,0,2,1,1,0,0,4,1,3,6,2,4
107,私立,一般大學,1003,東吳大學,05331024,物理學系,6,6,0,3,0,1,0,1,0,1,0,0,0,5,5,0,6,6,0
107,私立,一般大學,1003,東吳大學,05399Y37,理學院,4,4,0,1,0,1,0,2,0,0,0,0,0,4,4,0,4,4,0
107,私立,一般大學,1003,東吳大學,05411025,數學系,4,4,0,2,0,1,0,1,0,0,0,0,0,4,4,0,4,4,0
107,私立,一般大學,1003,東吳大學,06131028,資訊管理學系,8,6,2,1,0,0,0,2,0,3,2,0,0,3,3,0,8,6,2
107,私立,一般大學,1003,東吳大學,09231030,社會工作學系,29,6,23,0,1,1,1,1,4,4,17,0,0,8,2,6,29,6,23
107,私立,一般大學,1003,東吳大學,99999Z01,通識教育中心,9,6,3,2,0,0,0,0,1,4,2,0,0,3,2,1,9,6,3
107,私立,一般大學,1003,東吳大學,99999Z05,師資培育中心,8,2,6,0,0,0,0,2,2,0,4,0,0,4,2,2,8,2,6
107,私立,一般大學,1003,東吳大學,99999Z07,體育室,28,21,7,0,0,2,0,2,1,17,6,0,0,5,4,1,28,21,7
107,私立,一般大學,1003,東吳大學,99999Z08,語言教學中心,37,5,32,0,0,0,0,3,6,2,26,0,0,9,3,6,37,5,32
107,私立,一般大學,1004,中原大學,01113002,特殊教育學系,2,0,2,0,1,0,0,0,0,0,1,0,0,1,0,1,2,0,2
107,私立,一般大學,1004,中原大學,02112008,商業設計學系,27,15,12,0,0,3,1,3,4,9,7,0,0,11,6,5,27,15,12
107,私立,一般大學,1004,中原大學,02124009,室內設計學系,57,44,13,1,0,4,0,7,1,32,12,0,0,13,12,1,57,44,13
107,私立,一般大學,1004,中原大學,02211006,宗教研究所,2,2,0,0,0,0,0,2,0,0,0,0,0,2,2,0,2,2,0
107,私立,一般大學,1004,中原大學,02311005,應用外國語文學系,61,14,47,0,0,1,1,1,2,12,44,0,0,5,2,3,61,14,47
107,私立,一般大學,1004,中原大學,02323004,應用華語文學系,19,6,13,2,0,0,1,0,4,4,8,0,0,7,2,5,19,6,13
107,私立,一般大學,1004,中原大學,03131011,心理學系,11,5,6,0,0,1,0,0,5,4,1,0,0,6,1,5,11,5,6
107,私立,一般大學,1004,中原大學,04111013,會計學系,16,5,11,0,0,0,0,1,0,4,11,0,0,1,1,0,16,5,11
107,私立,一般大學,1004,中原大學,04121019,財務金融學系,8,7,1,0,0,2,0,2,0,3,1,0,0,4,4,0,8,7,1
107,私立,一般大學,1004,中原大學,04131014,企業管理學系,29,20,9,5,0,0,0,5,1,10,8,0,0,11,10,1,29,20,9
107,私立,一般大學,1004,中原大學,04141018,國際經營與貿易學系,9,4,5,0,0,1,1,0,3,3,1,0,0,5,1,4,9,4,5
107,私立,一般大學,1004,中原大學,04212021,財經法律學系,26,23,3,3,0,7,0,4,0,9,3,0,0,14,14,0,26,23,3
107,私立,一般大學,1004,中原大學,05121022,生物科技學系,5,5,0,0,0,1,0,4,0,0,0,0,0,5,5,0,5,5,0
107,私立,一般大學,1004,中原大學,05311023,化學系,5,4,1,2,1,2,0,0,0,0,0,0,0,5,4,1,5,4,1
107,私立,一般大學,1004,中原大學,05331024,物理學系,6,6,0,2,0,1,0,3,0,0,0,0,0,6,6,0,6,6,0
107,私立,一般大學,1004,中原大學,05411027,應用數學系,8,7,1,4,0,0,0,2,1,1,0,0,0,7,6,1,8,7,1
107,私立,一般大學,1004,中原大學,06131028,資訊管理學系,11,7,4,1,0,1,0,1,2,4,2,0,0,5,3,2,11,7,4
107,私立,一般大學,1004,中原大學,07111037,化學工程學系,6,5,1,1,0,1,0,3,0,0,1,0,0,5,5,0,6,5,1
107,私立,一般大學,1004,中原大學,07121042,環境工程學系,18,17,1,2,0,2,0,12,1,1,0,0,0,17,16,1,18,17,1
107,私立,一般大學,1004,中原大學,07141029,電機工程學系,12,11,1,4,0,1,0,5,1,1,0,0,0,11,10,1,12,11,1
107,私立,一般大學,1004,中原大學,07141030,電子工程學系,10,9,1,2,0,1,0,3,1,3,0,0,0,7,6,1,10,9,1
107,私立,一般大學,1004,中原大學,07141031,資訊工程學系,4,4,0,2,0,0,0,1,0,1,0,0,0,3,3,0,4,4,0
107,私立,一般大學,1004,中原大學,07151034,機械工程學系,27,26,1,4,0,3,0,18,1,1,0,0,0,26,25,1,27,26,1
107,私立,一般大學,1004,中原大學,07191041,工業與系統工程學系,11,9,2,2,0,0,0,5,0,2,2,0,0,7,7,0,11,9,2
107,私立,一般大學,1004,中原大學,07193043,生物醫學工程學系,10,7,3,0,0,1,0,4,3,2,0,0,0,8,5,3,10,7,3
107,私立,一般大學,1004,中原大學,07311046,建築學系,55,43,12,2,0,2,1,3,0,36,11,0,0,8,7,1,55,43,12
107,私立,一般大學,1004,中原大學,07312047,景觀學系,36,21,15,1,0,1,1,2,4,17,10,0,0,9,4,5,36,21,15
107,私立,一般大學,1004,中原大學,07321035,土木工程學系,15,15,0,0,0,3,0,9,0,3,0,0,0,12,12,0,15,15,0
107,私立,一般大學,1004,中原大學,99999Z01,通識教育中心,102,59,43,4,0,10,2,37,25,8,16,0,0,78,51,27,102,59,43
107,私立,一般大學,1004,中原大學,99999Z05,師資培育中心,2,0,2,0,0,0,0,0,1,0,1,0,0,1,0,1,2,0,2
107,私立,一般大學,1004,中原大學,99999Z07,體育室,24,21,3,0,0,2,0,4,0,15,3,0,0,6,6,0,24,21,3
107,私立,一般大學,1005,淡江大學學校財團法人淡江大學,01114095,教育政策與領導研究所,1,1,0,1,0,0,0,0,0,0,0,0,0,1,1,0,1,1,0
107,私立,一般大學,1005,淡江大學學校財團法人淡江大學,01115097,課程與教學研究所,1,1,0,0,0,0,0,1,0,0,0,0,0,1,1,0,1,1,0
107,私立,一般大學,1005,淡江大學學校財團法人淡江大學,01116092,教育科技學系,4,1,3,0,0,0,0,0,1,1,2,0,0,1,0,1,4,1,3
107,私立,一般大學,1005,淡江大學學校財團法人淡江大學,02221078,歷史學系,16,12,4,2,0,2,2,5,1,3,1,0,0,12,9,3,16,12,4
107,私立,一般大學,1005,淡江大學學校財團法人淡江大學,02311079,英美語言文化學系,1,1,0,0,0,0,0,0,0,1,0,0,0,0,0,0,1,1,0
107,私立,一般大學,1005,淡江大學學校財團法人淡江大學,02311081,俄國語文學系,7,3,4,1,0,0,0,1,1,1,3,0,0,3,2,1,7,3,4
107,私立,一般大學,1005,淡江大學學校財團法人淡江大學,02311082,日本語文學系,42,13,29,0,0,1,3,1,2,11,24,0,0,7,2,5,42,13,29
107,私立,一般大學,1005,淡江大學學校財團法人淡江大學,02311084,西班牙語文學系,12,7,5,1,0,0,1,1,0,5,4,0,0,3,2,1,12,7,5
107,私立,一般大學,1005,淡江大學學校財團法人淡江大學,02311085,德國語文學系,11,2,9,0,0,1,0,0,0,1,9,0,0,1,1,0,11,2,9
107,私立,一般大學,1005,淡江大學學校財團法人淡江大學,02311086,法國語文學系,19,7,12,0,0,2,1,1,3,4,8,0,0,7,3,4,19,7,12
107,私立,一般大學,1005,淡江大學學校財團法人淡江大學,02311088,英文學系,68,28,40,1,0,3,3,5,5,19,32,0,0,17,9,8,68,28,40
107,私立,一般大學,1005,淡江大學學校財團法人淡江大學,02322090,中國文學學系,39,17,22,4,1,1,1,6,8,6,12,0,0,21,11,10,39,17,22
107,私立,一般大學,1005,淡江大學學校財團法人淡江大學,03111075,產業經濟學系,9,7,2,0,0,2,1,4,1,1,0,0,0,8,6,2,9,7,2
107,私立,一般大學,1005,淡江大學學校財團法人淡江大學,03111076,經濟學系,19,12,7,0,0,3,0,6,3,3,4,0,0,12,9,3,19,12,7
107,私立,一般大學,1005,淡江大學學校財團法人淡江大學,03122059,外交與國際關係學系,8,8,0,3,0,2,0,1,0,2,0,0,0,6,6,0,8,8,0
107,私立,一般大學,1005,淡江大學學校財團法人淡江大學,03122060,國際事務與戰略研究所,5,5,0,3,0,2,0,0,0,0,0,0,0,5,5,0,5,5,0
107,私立,一般大學,1005,淡江大學學校財團法人淡江大學,03143064,拉丁美洲研究所,1,1,0,1,0,0,0,0,0,0,0,0,0,1,1,0,1,1,0
107,私立,一般大學,1005,淡江大學學校財團法人淡江大學,03143067,中國大陸研究所,2,2,0,2,0,0,0,0,0,0,0,0,0,2,2,0,2,2,0
107,私立,一般大學,1005,淡江大學學校財團法人淡江大學,03191057,未來學研究所,3,2,1,0,0,0,0,2,1,0,0,0,0,3,2,1,3,2,1
107,私立,一般大學,1005,淡江大學學校財團法人淡江大學,03211055,大眾傳播學系,13,7,6,1,0,0,0,1,1,5,5,0,0,3,2,1,13,7,6
107,私立,一般大學,1005,淡江大學學校財團法人淡江大學,03214054,資訊傳播學系,7,4,3,0,0,1,0,2,1,1,2,0,0,4,3,1,7,4,3
107,私立,一般大學,1005,淡江大學學校財團法人淡江大學,03222052,資訊與圖書館學系,12,5,7,1,1,1,0,1,2,2,4,0,0,6,3,3,12,5,7
107,私立,一般大學,1005,淡江大學學校財團法人淡江大學,04111051,會計學系,16,7,9,1,0,0,0,0,5,6,4,0,0,6,1,5,16,7,9
107,私立,一般大學,1005,淡江大學學校財團法人淡江大學,04121037,財務金融學系,21,15,6,2,0,3,1,6,1,4,4,0,0,13,11,2,21,15,6
107,私立,一般大學,1005,淡江大學學校財團法人淡江大學,04123104,風險管理與保險學系,9,5,4,1,0,1,1,0,2,3,1,0,0,5,2,3,9,5,4
107,私立,一般大學,1005,淡江大學學校財團法人淡江大學,04131040,國際企業學系,11,8,3,1,0,2,1,1,1,4,1,0,0,6,4,2,11,8,3
107,私立,一般大學,1005,淡江大學學校財團法人淡江大學,04131047,管理科學學系,11,5,6,3,1,0,2,0,2,2,1,0,0,8,3,5,11,5,6
107,私立,一般大學,1005,淡江大學學校財團法人淡江大學,04131049,企業管理學系,20,17,3,0,0,0,1,7,2,10,0,0,0,10,7,3,20,17,3
107,私立,一般大學,1005,淡江大學學校財團法人淡江大學,04134061,公共行政學系,14,11,3,2,0,1,0,4,0,4,3,0,0,7,7,0,14,11,3
107,私立,一般大學,1005,淡江大學學校財團法人淡江大學,05311031,化學學系,3,2,1,2,0,0,0,0,1,0,0,0,0,3,2,1,3,2,1
107,私立,一般大學,1005,淡江大學學校財團法人淡江大學,05331030,物理學系,3,3,0,1,0,1,0,1,0,0,0,0,0,3,3,0,3,3,0
107,私立,一般大學,1005,淡江大學學校財團法人淡江大學,05411026,數學學系,13,11,2,4,1,3,0,3,0,1,1,0,0,11,10,1,13,11,2
107,私立,一般大學,1005,淡江大學學校財團法人淡江大學,05421024,統計學系,15,10,5,2,0,2,1,3,2,3,2,0,0,10,7,3,15,10,5
107,私立,一般大學,1005,淡江大學學校財團法人淡江大學,06131018,資訊工程學系,14,14,0,1,0,1,0,10,0,2,0,0,0,12,12,0,14,14,0
107,私立,一般大學,1005,淡江大學學校財團法人淡江大學,06131023,資訊管理學系,10,9,1,0,0,1,0,2,1,6,0,0,0,4,3,1,10,9,1
107,私立,一般大學,1005,淡江大學學校財團法人淡江大學,07111010,化學工程與材料工程學系,4,4,0,2,0,0,0,2,0,0,0,0,0,4,4,0,4,4,0
107,私立,一般大學,1005,淡江大學學校財團法人淡江大學,07122009,水資源及環境工程學系,8,7,1,3,0,3,0,1,0,0,1,0,0,7,7,0,8,7,1
107,私立,一般大學,1005,淡江大學學校財團法人淡江大學,07141019,電機工程學系,11,10,1,1,0,2,0,5,1,2,0,0,0,9,8,1,11,10,1
107,私立,一般大學,1005,淡江大學學校財團法人淡江大學,07151015,機械與機電工程學系,6,6,0,1,0,0,0,2,0,3,0,0,0,3,3,0,6,6,0
107,私立,一般大學,1005,淡江大學學校財團法人淡江大學,07162017,航空太空工程學系,4,4,0,2,0,0,0,2,0,0,0,0,0,4,4,0,4,4,0
107,私立,一般大學,1005,淡江大學學校財團法人淡江大學,07311007,建築學系,40,28,12,0,0,1,0,1,0,26,12,0,0,2,2,0,40,28,12
107,私立,一般大學,1005,淡江大學學校財團法人淡江大學,07321012,土木工程學系,11,11,0,2,0,1,0,6,0,2,0,0,0,9,9,0,11,11,0
107,私立,一般大學,1005,淡江大學學校財團法人淡江大學,10411002,運輸管理學系,3,3,0,0,0,0,0,0,0,3,0,0,0,0,0,0,3,3,0
107,私立,一般大學,1005,淡江大學學校財團法人淡江大學,99999Z01,通識與核心課程中心,11,7,4,0,0,1,0,3,2,3,2,0,0,6,4,2,11,7,4
107,私立,一般大學,1005,淡江大學學校財團法人淡江大學,99999Z05,師資培育中心,4,0,4,0,0,0,0,0,1,0,3,0,0,1,0,1,4,0,4
107,私立,一般大學,1005,淡江大學學校財團法人淡江大學,99999Z07,體育事務處,30,25,5,6,0,4,1,2,1,13,3,0,0,14,12,2,30,25,5
107,私立,一般大學,1006,中國文化大學,01111046,教育學系,2,2,0,0,0,0,0,2,0,0,0,0,0,2,2,0,2,2,0
107,私立,一般大學,1006,中國文化大學,01141023,體育學系,33,22,11,3,1,8,3,3,0,8,7,0,0,18,14,4,33,22,11
107,私立,一般大學,1006,中國文化大學,02111121,科技藝術碩士學位學程,1,1,0,0,0,1,0,0,0,0,0,0,0,1,1,0,1,1,0
107,私立,一般大學,1006,中國文化大學,02112060,數位媒體學士學位學程,16,9,7,0,1,1,0,3,0,5,6,0,0,5,4,1,16,9,7
107,私立,一般大學,1006,中國文化大學,02131059,美術學系,10,6,4,2,1,0,1,1,1,3,1,0,0,6,3,3,10,6,4
107,私立,一般大學,1006,中國文化大學,02151007,中國音樂學系,62,24,38,0,1,2,3,9,18,13,16,0,0,33,11,22,62,24,38
107,私立,一般大學,1006,中國文化大學,02151040,音樂學系,97,38,59,4,3,6,13,18,21,10,22,0,0,65,28,37,97,38,59
107,私立,一般大學,1006,中國文化大學,02152008,中國戲劇學系,11,7,4,0,0,1,1,5,3,1,0,0,0,10,6,4,11,7,4
107,私立,一般大學,1006,中國文化大學,02152009,舞蹈學系,5,2,3,0,0,0,1,2,0,0,2,0,0,3,2,1,5,2,3
107,私立,一般大學,1006,中國文化大學,02152043,戲劇學系,10,6,4,2,0,1,0,1,1,2,3,0,0,5,4,1,10,6,4
107,私立,一般大學,1006,中國文化大學,02221098,史學系,12,10,2,5,1,4,0,1,1,0,0,0,0,12,10,2,12,10,2
107,私立,一般大學,1006,中國文化大學,02231081,哲學系,10,8,2,4,0,1,0,3,1,0,1,0,0,9,8,1,10,8,2
107,私立,一般大學,1006,中國文化大學,02311010,韓國語文學系,6,5,1,2,0,1,0,2,1,0,0,0,0,6,5,1,6,5,1
107,私立,一般大學,1006,中國文化大學,02311047,俄國語文學系,3,0,3,0,0,0,0,0,3,0,0,0,0,3,0,3,3,0,3
107,私立,一般大學,1006,中國文化大學,02311052,英國語文學系,10,3,7,1,0,1,1,0,3,1,3,0,0,6,2,4,10,3,7
107,私立,一般大學,1006,中國文化大學,02311077,日本語文學系,14,7,7,1,0,4,0,0,2,2,5,0,0,7,5,2,14,7,7
107,私立,一般大學,1006,中國文化大學,02311079,德國語文學系,6,4,2,1,0,2,1,1,0,0,1,0,0,5,4,1,6,4,2
107,私立,一般大學,1006,中國文化大學,02311089,法國語文學系,6,4,2,0,0,1,0,1,1,2,1,0,0,3,2,1,6,4,2
107,私立,一般大學,1006,中國文化大學,02322001,中國文學系,40,9,31,5,2,0,3,4,22,0,4,0,0,36,9,27,40,9,31
107,私立,一般大學,1006,中國文化大學,03111099,經濟學系,10,9,1,4,0,1,0,4,1,0,0,0,0,10,9,1,10,9,1
107,私立,一般大學,1006,中國文化大學,03121011,國家發展與中國大陸研究所,2,2,0,1,0,1,0,0,0,0,0,0,0,2,2,0,2,2,0
107,私立,一般大學,1006,中國文化大學,03121061,政治學系,8,6,2,2,0,1,2,2,0,1,0,0,0,7,5,2,8,6,2
107,私立,一般大學,1006,中國文化大學,03131004,心理輔導學系,2,1,1,1,1,0,0,0,0,0,0,0,0,2,1,1,2,1,1
107,私立,一般大學,1006,中國文化大學,03142087,地學研究所,3,2,1,2,0,0,0,0,1,0,0,0,0,3,2,1,3,2,1
107,私立,一般大學,1006,中國文化大學,03199049,勞工關係學系,6,4,2,0,0,0,0,1,2,3,0,0,0,3,1,2,6,4,2
107,私立,一般大學,1006,中國文化大學,03211036,大眾傳播學系,6,4,2,0,0,1,0,2,0,1,2,0,0,3,3,0,6,4,2
107,私立,一般大學,1006,中國文化大學,03211101,資訊傳播學系,3,2,1,0,0,0,0,1,0,1,1,0,0,1,1,0,3,2,1
107,私立,一般大學,1006,中國文化大學,03212033,新聞學系,12,10,2,0,0,3,0,2,1,5,1,0,0,6,5,1,12,10,2
107,私立,一般大學,1006,中國文化大學,04111065,會計學系,9,7,2,1,0,1,1,3,0,2,1,0,0,6,5,1,9,7,2
107,私立,一般大學,1006,中國文化大學,04121037,財務金融學系,29,25,4,2,0,4,0,9,2,10,2,0,0,17,15,2,29,25,4
107,私立,一般大學,1006,中國文化大學,04131015,國際企業管理學系,71,30,41,6,1,6,3,7,10,11,27,0,0,33,19,14,71,30,41
107,私立,一般大學,1006,中國文化大學,04134012,行政管理學系,7,6,1,1,0,1,0,3,1,1,0,0,0,6,5,1,7,6,1
107,私立,一般大學,1006,中國文化大學,04134062,社會企業管理碩士在職學位學程,1,1,0,0,0,0,0,1,0,0,0,0,0,1,1,0,1,1,0
107,私立,一般大學,1006,中國文化大學,04134063,社會科學院澳門境外碩士在職專班,2,2,0,1,0,1,0,0,0,0,0,0,0,2,2,0,2,2,0
107,私立,一般大學,1006,中國文化大學,04141041,國際貿易學系,18,17,1,5,0,3,0,2,1,7,0,0,0,11,10,1,18,17,1
107,私立,一般大學,1006,中國文化大學,04143013,廣告學系,21,11,10,0,0,4,2,4,3,3,5,0,0,13,8,5,21,11,10
107,私立,一般大學,1006,中國文化大學,04143027,行銷碩士學位學程,1,1,0,1,0,0,0,0,0,0,0,0,0,1,1,0,1,1,0
107,私立,一般大學,1006,中國文化大學,04191014,全球商務學士學位學程,4,4,0,2,0,2,0,0,0,0,0,0,0,4,4,0,4,4,0
107,私立,一般大學,1006,中國文化大學,04199064,時尚與創意產業品牌建構及經營進修學士學位學程,12,4,8,0,0,1,2,1,2,2,4,0,0,6,2,4,12,4,8
107,私立,一般大學,1006,中國文化大學,04211020,法律學系,51,40,11,13,1,7,2,4,3,16,5,0,0,30,24,6,51,40,11
107,私立,一般大學,1006,中國文化大學,05111091,生命科學系,4,3,1,1,1,1,0,1,0,0,0,0,0,4,3,1,4,3,1
107,私立,一般大學,1006,中國文化大學,05191057,保健營養學系,4,0,4,0,0,0,1,0,0,0,3,0,0,1,0,1,4,0,4
107,私立,一般大學,1006,中國文化大學,05311026,化學系,4,4,0,1,0,2,0,1,0,0,0,0,0,4,4,0,4,4,0
107,私立,一般大學,1006,中國文化大學,05321083,土地資源學系,3,3,0,0,0,2,0,1,0,0,0,0,0,3,3,0,3,3,0
107,私立,一般大學,1006,中國文化大學,05321112,地質學系,1,1,0,0,0,1,0,0,0,0,0,0,0,1,1,0,1,1,0
107,私立,一般大學,1006,中國文化大學,05322097,大氣科學系,2,2,0,1,0,1,0,0,0,0,0,0,0,2,2,0,2,2,0
107,私立,一般大學,1006,中國文化大學,05411114,應用數學系,11,10,1,1,0,3,0,3,1,3,0,0,0,8,7,1,11,10,1
107,私立,一般大學,1006,中國文化大學,06131021,資訊工程學系,9,9,0,0,0,2,0,5,0,2,0,0,0,7,7,0,9,9,0
107,私立,一般大學,1006,中國文化大學,06132006,資訊管理學系,25,19,6,4,0,2,0,13,4,0,2,0,0,23,19,4,25,19,6
107,私立,一般大學,1006,中國文化大學,07111028,化學工程與材料工程學系,7,7,0,2,0,1,0,3,0,1,0,0,0,6,6,0,7,7,0
107,私立,一般大學,1006,中國文化大學,07112C01,紡織產業碩士專班,3,3,0,0,0,0,0,3,0,0,0,0,0,3,3,0,3,3,0
107,私立,一般大學,1006,中國文化大學,07141085,電機工程學系,1,1,0,0,0,0,0,1,0,0,0,0,0,1,1,0,1,1,0
107,私立,一般大學,1006,中國文化大學,07141115,光電物理學系,6,5,1,1,0,1,0,2,1,1,0,0,0,5,4,1,6,5,1
107,私立,一般大學,1006,中國文化大學,07151107,機械工程學系,7,7,0,0,0,2,0,4,0,1,0,0,0,6,6,0,7,7,0
107,私立,一般大學,1006,中國文化大學,07192108,紡織工程學系,6,4,2,0,0,0,1,3,1,1,0,0,0,5,3,2,6,4,2
107,私立,一般大學,1006,中國文化大學,07311068,建築及都市設計學系,43,40,3,1,0,6,0,16,2,17,1,0,0,25,23,2,43,40,3
107,私立,一般大學,1006,中國文化大學,07311C04,建築公共安全產業碩士專班,3,3,0,0,0,1,0,2,0,0,0,0,0,3,3,0,3,3,0
107,私立,一般大學,1006,中國文化大學,07312103,景觀學系,28,17,11,1,0,4,4,4,4,8,3,0,0,17,9,8,28,17,11
107,私立,一般大學,1006,中國文化大學,07313118,都市計劃與開發管理學系,13,10,3,2,0,1,0,1,0,6,3,0,0,4,4,0,13,10,3
107,私立,一般大學,1006,中國文化大學,08112116,動物科學系,2,2,0,0,0,2,0,0,0,0,0,0,0,2,2,0,2,2,0
107,私立,一般大學,1006,中國文化大學,08121106,園藝暨生物技術學系,3,3,0,2,0,0,0,0,0,1,0,0,0,2,2,0,3,3,0
107,私立,一般大學,1006,中國文化大學,08211054,森林暨自然保育學系,3,3,0,0,0,2,0,1,0,0,0,0,0,3,3,0,3,3,0
107,私立,一般大學,1006,中國文化大學,09299082,社會福利學系,6,2,4,0,0,1,0,0,0,1,4,0,0,1,1,0,6,2,4
107,私立,一般大學,1006,中國文化大學,10111090,生活應用科學系,5,1,4,1,0,0,2,0,0,0,2,0,0,3,1,2,5,1,4
107,私立,一般大學,1006,中國文化大學,10141002,技擊運動暨國術學系,9,8,1,1,0,2,0,1,0,4,1,0,0,4,4,0,9,8,1
107,私立,一般大學,1006,中國文化大學,10142093,運動與健康促進學系,11,7,4,0,0,1,0,6,1,0,3,0,0,8,7,1,11,7,4
107,私立,一般大學,1006,中國文化大學,10151005,觀光事業學系,3,2,1,0,0,1,1,1,0,0,0,0,0,3,2,1,3,2,1
107,私立,一般大學,1006,中國文化大學,10151070,休閒事業管理學士學位學程,4,1,3,0,0,0,1,1,0,0,2,0,0,2,1,1,4,1,3
107,私立,一般大學,1006,中國文化大學,99999Z05,師資培育中心,1,0,1,0,0,0,0,0,1,0,0,0,0,1,0,1,1,0,1
107,私立,一般大學,1006,中國文化大學,99999Z08,語文教學中心,34,14,20,1,0,0,0,2,2,11,18,0,0,5,3,2,34,14,20
107,私立,一般大學,1007,逢甲大學,02221003,歷史與文物研究所,3,3,0,1,0,1,0,1,0,0,0,0,0,3,3,0,3,3,0
107,私立,一般大學,1007,逢甲大學,02311002,外國語文學系,6,5,1,0,0,3,0,1,0,1,1,0,0,4,4,0,6,5,1
107,私立,一般大學,1007,逢甲大學,02322001,中國文學系,6,6,0,4,0,1,0,1,0,0,0,0,0,6,6,0,6,6,0
107,私立,一般大學,1007,逢甲大學,03111009,經濟學系,3,3,0,1,0,1,0,1,0,0,0,0,0,3,3,0,3,3,0
107,私立,一般大學,1007,逢甲大學,03111012,合作經濟暨社會事業經營學系,7,7,0,2,0,3,0,2,0,0,0,0,0,7,7,0,7,7,0
107,私立,一般大學,1007,逢甲大學,04111017,會計學系,17,9,8,3,0,0,0,4,6,2,2,0,0,13,7,6,17,9,8
107,私立,一般大學,1007,逢甲大學,04121025,財務金融學系,6,3,3,2,0,0,0,0,1,1,2,0,0,3,2,1,6,3,3
107,私立,一般大學,1007,逢甲大學,04122032,財稅學系,2,2,0,1,0,0,0,0,0,1,0,0,0,1,1,0,2,2,0
107,私立,一般大學,1007,逢甲大學,04123029,風險管理與保險學系,8,8,0,1,0,4,0,2,0,1,0,0,0,7,7,0,8,8,0
107,私立,一般大學,1007,逢甲大學,04131019,企業管理學系,14,11,3,1,0,2,0,8,3,0,0,0,0,14,11,3,14,11,3
107,私立,一般大學,1007,逢甲大學,04134086,土地管理學系,8,8,0,3,0,0,0,4,0,1,0,0,0,7,7,0,8,8,0
107,私立,一般大學,1007,逢甲大學,04141024,國際經營與貿易學系,9,7,2,1,0,1,0,4,2,1,0,0,0,8,6,2,9,7,2
107,私立,一般大學,1007,逢甲大學,04143033,行銷學系,5,4,1,0,0,0,0,4,1,0,0,0,0,5,4,1,5,4,1
107,私立,一般大學,1007,逢甲大學,04191014,商學進修學士學位學程,8,7,1,0,0,2,0,4,0,1,1,0,0,6,6,0,8,7,1
107,私立,一般大學,1007,逢甲大學,04199035,澳洲墨爾本皇家理工大學商學與創新雙學士學位學程,1,1,0,0,0,0,0,0,0,1,0,0,0,0,0,0,1,1,0
107,私立,一般大學,1007,逢甲大學,04199037,專案管理碩士在職學位學程,2,2,0,0,0,0,0,2,0,0,0,0,0,2,2,0,2,2,0
107,私立,一般大學,1007,逢甲大學,04199092,美國聖荷西州立大學商學大數據分析雙學士學位學程,5,2,3,0,0,0,0,0,0,2,3,0,0,0,0,0,5,2,3
107,私立,一般大學,1007,逢甲大學,04199096,建設碩士在職學位學程,5,3,2,0,0,1,1,2,1,0,0,0,0,5,3,2,5,3,2
107,私立,一般大學,1007,逢甲大學,04199Y23,建設學院,1,1,0,1,0,0,0,0,0,0,0,0,0,1,1,0,1,1,0
107,私立,一般大學,1007,逢甲大學,04199Y29,經營管理學院,7,7,0,5,0,2,0,0,0,0,0,0,0,7,7,0,7,7,0
107,私立,一般大學,1007,逢甲大學,04212038,財經法律研究所,8,8,0,2,0,3,0,2,0,1,0,0,0,7,7,0,8,8,0
107,私立,一般大學,1007,逢甲大學,05411039,應用數學系,9,7,2,1,0,0,1,4,1,2,0,0,0,7,5,2,9,7,2
107,私立,一般大學,1007,逢甲大學,05421040,統計學系,15,12,3,4,0,7,3,1,0,0,0,0,0,15,12,3,15,12,3
107,私立,一般大學,1007,逢甲大學,06131048,資訊工程學系,5,4,1,2,0,0,0,1,0,1,1,0,0,3,3,0,5,4,1
107,私立,一般大學,1007,逢甲大學,07111068,化學工程學系,6,5,1,2,0,1,0,2,1,0,0,0,0,6,5,1,6,5,1
107,私立,一般大學,1007,逢甲大學,07112069,材料科學與工程學系,3,3,0,0,0,1,0,2,0,0,0,0,0,3,3,0,3,3,0
107,私立,一般大學,1007,逢甲大學,07121075,環境工程與科學學系,8,7,1,1,0,2,0,4,1,0,0,0,0,8,7,1,8,7,1
107,私立,一般大學,1007,逢甲大學,07122077,水利工程與資源保育學系,8,8,0,1,0,0,0,7,0,0,0,0,0,8,8,0,8,8,0
107,私立,一般大學,1007,逢甲大學,07132079,綠色能源科技碩士學位學程,4,4,0,0,0,1,0,3,0,0,0,0,0,4,4,0,4,4,0
107,私立,一般大學,1007,逢甲大學,07141044,電機工程學系,4,4,0,2,0,1,0,1,0,0,0,0,0,4,4,0,4,4,0
107,私立,一般大學,1007,逢甲大學,07141046,電子工程學系,1,1,0,0,0,1,0,0,0,0,0,0,0,1,1,0,1,1,0
107,私立,一般大學,1007,逢甲大學,07141050,通訊工程學系,2,2,0,1,0,0,0,1,0,0,0,0,0,2,2,0,2,2,0
107,私立,一般大學,1007,逢甲大學,07141052,自動控制工程學系,7,7,0,1,0,1,0,5,0,0,0,0,0,7,7,0,7,7,0
107,私立,一般大學,1007,逢甲大學,07141053,資訊電機工程碩士在職學位學程,1,1,0,0,0,1,0,0,0,0,0,0,0,1,1,0,1,1,0
107,私立,一般大學,1007,逢甲大學,07141095,美國普渡大學電機資訊雙學士學位學程,1,1,0,0,0,0,0,0,0,1,0,0,0,0,0,0,1,1,0
107,私立,一般大學,1007,逢甲大學,07141101,光電科學與工程學系,3,3,0,2,0,0,0,1,0,0,0,0,0,3,3,0,3,3,0
107,私立,一般大學,1007,逢甲大學,07151061,機械與電腦輔助工程學系,13,13,0,2,0,2,0,9,0,0,0,0,0,13,13,0,13,13,0
107,私立,一般大學,1007,逢甲大學,07151062,精密系統設計學士學位學程,3,3,0,0,0,1,0,2,0,0,0,0,0,3,3,0,3,3,0
107,私立,一般大學,1007,逢甲大學,07162059,航太與系統工程學系,11,10,1,3,0,2,0,4,1,1,0,0,0,10,9,1,11,10,1
107,私立,一般大學,1007,逢甲大學,07191072,工業工程與系統管理學系,2,2,0,1,0,1,0,0,0,0,0,0,0,2,2,0,2,2,0
107,私立,一般大學,1007,逢甲大學,07192074,纖維與複合材料學系,13,8,5,1,2,3,1,4,2,0,0,0,0,13,8,5,13,8,5
107,私立,一般大學,1007,逢甲大學,07193078,生醫資訊暨生醫工程碩士學位學程,2,2,0,0,0,1,0,1,0,0,0,0,0,2,2,0,2,2,0
107,私立,一般大學,1007,逢甲大學,07199080,電聲碩士學位學程,4,4,0,1,0,2,0,1,0,0,0,0,0,4,4,0,4,4,0
107,私立,一般大學,1007,逢甲大學,07199Y40,工學院,1,1,0,1,0,0,0,0,0,0,0,0,0,1,1,0,1,1,0
107,私立,一般大學,1007,逢甲大學,07311083,建築專業學院,95,79,16,2,1,4,1,28,3,45,11,0,0,39,34,5,95,79,16
107,私立,一般大學,1007,逢甲大學,07312084,景觀與遊憩碩士學位學程,2,2,0,0,0,0,0,2,0,0,0,0,0,2,2,0,2,2,0
107,私立,一般大學,1007,逢甲大學,07313087,都市計畫與空間資訊學系,20,17,3,0,0,2,0,13,3,2,0,0,0,18,15,3,20,17,3
107,私立,一般大學,1007,逢甲大學,07321063,土木工程學系,17,15,2,3,0,3,0,6,1,3,1,0,0,13,12,1,17,15,2
107,私立,一般大學,1007,逢甲大學,10411093,運輸與物流學系,8,8,0,1,0,2,0,5,0,0,0,0,0,8,8,0,8,8,0
107,私立,一般大學,1007,逢甲大學,99999Z01,通識教育中心,103,69,34,3,0,7,5,46,25,13,4,0,0,86,56,30,103,69,34
107,私立,一般大學,1007,逢甲大學,99999Z07,體育教學中心,30,23,7,4,1,5,0,8,5,6,1,0,0,23,17,6,30,23,7
107,私立,一般大學,1007,逢甲大學,99999Z08,外語教學中心,43,9,34,0,1,0,0,2,8,7,25,0,0,11,2,9,43,9,34
107,私立,一般大學,1007,逢甲大學,99999Z08,國語文教學中心,30,12,18,0,0,0,0,9,12,3,6,0,0,21,9,12,30,12,18
107,私立,一般大學,1007,逢甲大學,99999Z99,物理教學研究中心,5,4,1,0,0,2,1,2,0,0,0,0,0,5,4,1,5,4,1
107,私立,一般大學,1008,靜宜大學,01111001,教育研究所,2,2,0,0,0,0,0,2,0,0,0,0,0,2,2,0,2,2,0
107,私立,一般大學,1008,靜宜大學,02299Y13,人文暨社會科學院,4,2,2,1,0,0,0,1,2,0,0,0,0,4,2,2,4,2,2
107,私立,一般大學,1008,靜宜大學,02311004,英國語文學系,26,9,17,1,1,0,3,2,0,6,13,0,0,7,3,4,26,9,17
107,私立,一般大學,1008,靜宜大學,02311005,西班牙語文學系,17,3,14,1,0,0,1,0,3,2,10,0,0,5,1,4,17,3,14
107,私立,一般大學,1008,靜宜大學,02311006,日本語文學系,31,5,26,0,1,1,0,0,7,4,18,0,0,9,1,8,31,5,26
107,私立,一般大學,1008,靜宜大學,02311007,寰宇外語教育學士學位學程,1,0,1,0,0,0,0,0,0,0,1,0,0,0,0,0,1,0,1
107,私立,一般大學,1008,靜宜大學,02321002,台灣文學系,8,6,2,0,0,1,1,0,0,5,1,0,0,2,1,1,8,6,2
107,私立,一般大學,1008,靜宜大學,02322003,中國文學系,7,5,2,2,0,1,0,0,1,2,1,0,0,4,3,1,7,5,2
107,私立,一般大學,1008,靜宜大學,03211008,大眾傳播學系,9,3,6,0,0,0,0,1,1,2,5,0,0,2,1,1,9,3,6
107,私立,一般大學,1008,靜宜大學,04111011,會計學系,13,6,7,0,0,0,2,3,3,3,2,0,0,8,3,5,13,6,7
107,私立,一般大學,1008,靜宜大學,04121019,財務金融學系,18,13,5,1,0,1,0,4,2,7,3,0,0,8,6,2,18,13,5
107,私立,一般大學,1008,靜宜大學,04131012,企業管理學系,6,4,2,0,1,1,0,3,0,0,1,0,0,5,4,1,6,4,2
107,私立,一般大學,1008,靜宜大學,04131014,管理碩士在職專班,5,5,0,2,0,1,0,2,0,0,0,0,0,5,5,0,5,5,0
107,私立,一般大學,1008,靜宜大學,04131015,國際企業學系,5,4,1,1,0,1,0,2,0,0,1,0,0,4,4,0,5,4,1
107,私立,一般大學,1008,靜宜大學,04131018,創新與創業管理碩士學位學程,2,1,1,0,0,0,0,1,1,0,0,0,0,2,1,1,2,1,1
107,私立,一般大學,1008,靜宜大學,04191010,寰宇管理學士學位學程,1,1,0,0,0,0,0,0,0,1,0,0,0,0,0,0,1,1,0
107,私立,一般大學,1008,靜宜大學,04211020,法律學系,18,16,2,0,0,0,0,4,0,12,2,0,0,4,4,0,18,16,2
107,私立,一般大學,1008,靜宜大學,05191031,食品營養學系,12,9,3,4,1,0,0,4,2,1,0,0,0,11,8,3,12,9,3
107,私立,一般大學,1008,靜宜大學,05212021,生態人文學系,7,7,0,0,0,0,0,5,0,2,0,0,0,5,5,0,7,7,0
107,私立,一般大學,1008,靜宜大學,05311023,應用化學系,4,4,0,3,0,0,0,1,0,0,0,0,0,4,4,0,4,4,0
107,私立,一般大學,1008,靜宜大學,05499036,財務工程學系,4,4,0,0,0,2,0,1,0,1,0,0,0,3,3,0,4,4,0
107,私立,一般大學,1008,靜宜大學,05499037,資料科學暨大數據分析與應用學系,5,3,2,0,0,0,1,0,0,3,1,0,0,1,0,1,5,3,2
107,私立,一般大學,1008,靜宜大學,06131027,資訊管理學系,14,12,2,1,0,1,0,3,0,7,2,0,0,5,5,0,14,12,2
107,私立,一般大學,1008,靜宜大學,06132009,資訊傳播工程學系,7,5,2,1,0,0,0,1,0,3,2,0,0,2,2,0,7,5,2
107,私立,一般大學,1008,靜宜大學,06199Y39,資訊學院,4,3,1,1,0,0,0,1,0,1,1,0,0,2,2,0,4,3,1
107,私立,一般大學,1008,靜宜大學,07141030,資訊工程學系,2,2,0,0,0,0,0,2,0,0,0,0,0,2,2,0,2,2,0
107,私立,一般大學,1008,靜宜大學,09161035,化粧品科學系,22,13,9,1,1,5,2,3,2,4,4,0,0,14,9,5,22,13,9
107,私立,一般大學,1008,靜宜大學,09231032,社會工作與兒童少年福利學系,29,12,17,0,0,1,0,3,1,8,16,0,0,5,4,1,29,12,17
107,私立,一般大學,1008,靜宜大學,10151034,觀光事業學系,20,12,8,1,0,5,1,2,3,4,4,0,0,12,8,4,20,12,8
107,私立,一般大學,1008,靜宜大學,99999Z01,通識教育中心,70,44,26,2,0,1,2,19,11,22,13,0,0,35,22,13,70,44,26
107,私立,一般大學,1008,靜宜大學,99999Z05,師資培育中心,8,4,4,0,0,0,0,2,1,2,3,0,0,3,2,1,8,4,4
107,私立,一般大學,1008,靜宜大學,99999Z07,體育室,24,19,5,0,0,1,0,1,1,17,4,0,0,3,2,1,24,19,5
107,私立,一般大學,1008,靜宜大學,99999Z08,外語教學中心,33,8,25,0,0,0,1,2,2,6,22,0,0,5,2,3,33,8,25
107,私立,一般大學,1009,長庚大學,02122001,工業設計學系,4,4,0,0,0,0,0,0,0,4,0,0,0,0,0,0,4,4,0
107,私立,一般大學,1009,長庚大學,04131005,工商管理學系,2,1,1,0,0,1,0,0,0,0,1,0,0,1,1,0,2,1,1
107,私立,一般大學,1009,長庚大學,04131008,商管專業學院碩士學位學程,3,3,0,0,0,1,0,2,0,0,0,0,0,3,3,0,3,3,0
107,私立,一般大學,1009,長庚大學,04133007,醫務管理學系,1,1,0,0,0,1,0,0,0,0,0,0,0,1,1,0,1,1,0
107,私立,一般大學,1009,長庚大學,05123012,生物醫學研究所,4,2,2,0,1,0,0,2,1,0,0,0,0,4,2,2,4,2,2
107,私立,一般大學,1009,長庚大學,06131013,資訊管理學系,3,3,0,0,0,0,0,3,0,0,0,0,0,3,3,0,3,3,0
107,私立,一般大學,1009,長庚大學,07141014,電機工程學系,1,1,0,0,0,0,0,1,0,0,0,0,0,1,1,0,1,1,0
107,私立,一般大學,1009,長庚大學,07141016,電子工程學系,1,1,0,0,0,1,0,0,0,0,0,0,0,1,1,0,1,1,0
107,私立,一般大學,1009,長庚大學,09111049,顱顏口腔醫學研究所,3,3,0,1,0,1,0,1,0,0,0,0,0,3,3,0,3,3,0
107,私立,一般大學,1009,長庚大學,09121028,醫學系,427,365,62,70,4,109,12,152,36,34,10,0,0,383,331,52,427,365,62
107,私立,一般大學,1009,長庚大學,09121029,臨床醫學研究所,2,2,0,2,0,0,0,0,0,0,0,0,0,2,2,0,2,2,0
107,私立,一般大學,1009,長庚大學,09131040,護理學系,37,1,36,0,0,0,2,0,0,1,34,0,0,2,0,2,37,1,36
107,私立,一般大學,1009,長庚大學,09141046,醫學生物技術暨檢驗學系,3,1,2,0,0,1,0,0,1,0,1,0,0,2,1,1,3,1,2
107,私立,一般大學,1009,長庚大學,09141048,醫學影像暨放射科學系,32,27,5,3,1,6,0,6,3,12,1,0,0,19,15,4,32,27,5
107,私立,一般大學,1009,長庚大學,09151037,物理治療學系,5,0,5,0,0,0,0,0,2,0,3,0,0,2,0,2,5,0,5
107,私立,一般大學,1009,長庚大學,09171031,中醫學系,46,42,4,13,0,13,0,8,3,8,1,0,0,37,34,3,46,42,4
107,私立,一般大學,1009,長庚大學,09199042,呼吸治療學系,5,3,2,1,0,1,0,1,0,0,2,0,0,3,3,0,5,3,2
107,私立,一般大學,1009,長庚大學,99999Z01,通識教育中心,5,1,4,0,0,0,0,0,1,1,3,0,0,1,0,1,5,1,4
107,私立,一般大學,1010,元智大學,02191001,藝術與設計學系,16,13,3,0,0,0,0,3,0,10,3,0,0,3,3,0,16,13,3
107,私立,一般大學,1010,元智大學,02299047,文化產業與文化政策博士學位學程,1,1,0,0,0,1,0,0,0,0,0,0,0,1,1,0,1,1,0
107,私立,一般大學,1010,元智大學,02299049,人文社會學院英語學士學位學程,7,3,4,0,0,0,1,2,1,1,2,0,0,4,2,2,7,3,4
107,私立,一般大學,1010,元智大學,02311007,應用外語學系,13,6,7,1,0,0,1,2,2,3,4,0,0,6,3,3,13,6,7
107,私立,一般大學,1010,元智大學,02322004,中國語文學系,5,4,1,1,0,0,0,2,0,1,1,0,0,3,3,0,5,4,1
107,私立,一般大學,1010,元智大學,03141009,社會暨政策科學學系,10,4,6,2,0,1,0,0,2,1,4,0,0,5,3,2,10,4,6
107,私立,一般大學,1010,元智大學,04199Y31,管理學院,28,21,7,1,0,6,1,11,6,3,0,0,0,25,18,7,28,21,7
107,私立,一般大學,1010,元智大學,05121025,生物科技與工程研究所,2,2,0,2,0,0,0,0,0,0,0,0,0,2,2,0,2,2,0
107,私立,一般大學,1010,元智大學,05124027,生物與醫學資訊碩士學位學程,1,1,0,0,0,0,0,1,0,0,0,0,0,1,1,0,1,1,0
107,私立,一般大學,1010,元智大學,06131011,資訊管理學系,2,2,0,0,0,0,0,1,0,1,0,0,0,1,1,0,2,2,0
107,私立,一般大學,1010,元智大學,06131028,資訊工程學系,9,9,0,1,0,0,0,5,0,3,0,0,0,6,6,0,9,9,0
107,私立,一般大學,1010,元智大學,06131051,資訊學院英語學士學位學程,2,2,0,1,0,1,0,0,0,0,0,0,0,2,2,0,2,2,0
107,私立,一般大學,1010,元智大學,06133013,資訊傳播學系,8,7,1,0,0,0,0,3,0,4,1,0,0,3,3,0,8,7,1
107,私立,一般大學,1010,元智大學,07111041,化學工程與材料科學學系,13,10,3,2,1,1,0,6,2,1,0,0,0,12,9,3,13,10,3
107,私立,一般大學,1010,元智大學,07141033,電機工程學系,20,18,2,3,0,5,0,9,2,1,0,0,0,19,17,2,20,18,2
107,私立,一般大學,1010,元智大學,07151037,機械工程學系,7,7,0,2,0,0,0,5,0,0,0,0,0,7,7,0,7,7,0
107,私立,一般大學,1010,元智大學,07191043,工業工程與管理學系,7,5,2,0,0,0,0,4,1,1,1,0,0,5,4,1,7,5,2
107,私立,一般大學,1010,元智大學,07199Y54,工程學院,1,0,1,0,0,0,0,0,0,0,1,0,0,0,0,0,1,0,1
107,私立,一般大學,1010,元智大學,99999Z01,通識教學部,55,38,17,5,0,6,2,21,10,6,5,0,0,44,32,12,55,38,17
107,私立,一般大學,1010,元智大學,99999Z07,體育室,20,14,6,0,0,0,0,4,0,10,6,0,0,4,4,0,20,14,6
107,私立,一般大學,1010,元智大學,99999Z08,國際語言文化中心,45,10,35,0,0,0,0,1,5,9,30,0,0,6,1,5,45,10,35
107,私立,一般大學,1011,中華大學學校財團法人中華大學,02123004,工業產品設計學系,11,10,1,0,0,0,0,1,0,9,1,0,0,1,1,0,11,10,1
107,私立,一般大學,1011,中華大學學校財團法人中華大學,02124005,建築與設計學院,12,6,6,0,0,0,0,0,1,6,5,0,0,1,0,1,12,6,6
107,私立,一般大學,1011,中華大學學校財團法人中華大學,02311001,外國語文學系,1,1,0,0,0,0,0,0,0,1,0,0,0,0,0,0,1,1,0
107,私立,一般大學,1011,中華大學學校財團法人中華大學,02311002,應用日語學系,10,4,6,0,0,0,0,0,0,4,6,0,0,0,0,0,10,4,6
107,私立,一般大學,1011,中華大學學校財團法人中華大學,04121012,財務管理學系,3,2,1,0,0,0,0,0,0,2,1,0,0,0,0,0,3,2,1
107,私立,一般大學,1011,中華大學學校財團法人中華大學,04131007,企業管理學系,2,1,1,0,0,0,0,0,0,1,1,0,0,0,0,0,2,1,1
107,私立,一般大學,1011,中華大學學校財團法人中華大學,04131017,管理學院,3,2,1,1,0,0,0,1,1,0,0,0,0,3,2,1,3,2,1
107,私立,一般大學,1011,中華大學學校財團法人中華大學,04134006,行政管理學系,2,2,0,0,0,1,0,0,0,1,0,0,0,1,1,0,2,2,0
107,私立,一般大學,1011,中華大學學校財團法人中華大學,04199014,科技管理學系,5,5,0,2,0,1,0,1,0,1,0,0,0,4,4,0,5,5,0
107,私立,一般大學,1011,中華大學學校財團法人中華大學,04199016,營建管理學系,2,2,0,0,0,0,0,1,0,1,0,0,0,1,1,0,2,2,0
107,私立,一般大學,1011,中華大學學校財團法人中華大學,06131021,資訊管理學系,3,1,2,0,0,1,0,0,1,0,1,0,0,2,1,1,3,1,2
107,私立,一般大學,1011,中華大學學校財團法人中華大學,06131025,資訊工程學系,2,2,0,0,0,1,0,1,0,0,0,0,0,2,2,0,2,2,0
107,私立,一般大學,1011,中華大學學校財團法人中華大學,07141024,電子工程學系,6,6,0,1,0,3,0,2,0,0,0,0,0,6,6,0,6,6,0
107,私立,一般大學,1011,中華大學學校財團法人中華大學,07151028,機械工程學系,2,2,0,0,0,0,0,2,0,0,0,0,0,2,2,0,2,2,0
107,私立,一般大學,1011,中華大學學校財團法人中華大學,07191015,工業管理學系,3,3,0,0,0,1,0,2,0,0,0,0,0,3,3,0,3,3,0
107,私立,一般大學,1011,中華大學學校財團法人中華大學,07194031,光機電與材料學士學位學程,2,2,0,1,0,0,0,1,0,0,0,0,0,2,2,0,2,2,0
107,私立,一般大學,1011,中華大學學校財團法人中華大學,07199Y53,資訊電機學院,1,1,0,0,0,1,0,0,0,0,0,0,0,1,1,0,1,1,0
107,私立,一般大學,1011,中華大學學校財團法人中華大學,07311038,建築與都市計畫學系,45,37,8,1,1,1,0,4,2,31,5,0,0,9,6,3,45,37,8
107,私立,一般大學,1011,中華大學學校財團法人中華大學,07312039,景觀建築學系,12,9,3,0,0,0,0,0,0,9,3,0,0,0,0,0,12,9,3
107,私立,一般大學,1011,中華大學學校財團法人中華大學,07321032,土木工程學系,4,4,0,1,0,1,0,2,0,0,0,0,0,4,4,0,4,4,0
107,私立,一般大學,1011,中華大學學校財團法人中華大學,10131041,餐旅管理學系,6,4,2,1,0,0,0,0,1,3,1,0,0,2,1,1,6,4,2
107,私立,一般大學,1011,中華大學學校財團法人中華大學,10151052,旅遊與休閒學系,3,2,1,1,0,0,1,1,0,0,0,0,0,3,2,1,3,2,1
107,私立,一般大學,1011,中華大學學校財團法人中華大學,10411047,運輸科技與物流管理學系,1,1,0,1,0,0,0,0,0,0,0,0,0,1,1,0,1,1,0
107,私立,一般大學,1011,中華大學學校財團法人中華大學,99999Z01,通識教育中心,21,14,7,1,0,2,0,3,2,8,5,0,0,8,6,2,21,14,7
107,私立,一般大學,1011,中華大學學校財團法人中華大學,99999Z07,體育室,1,1,0,0,0,0,0,0,0,1,0,0,0,0,0,0,1,1,0
107,私立,一般大學,1011,中華大學學校財團法人中華大學,99999Z08,語言中心,1,0,1,0,0,0,0,0,0,0,1,0,0,0,0,0,1,0,1
107,私立,一般大學,1012,大葉大學,02112011,視覺傳達設計學系,22,14,8,0,0,1,0,0,0,13,8,0,0,1,1,0,22,14,8
107,私立,一般大學,1012,大葉大學,02112037,多媒體數位內容學位學程,5,3,2,0,0,0,0,0,1,3,1,0,0,1,0,1,5,3,2
107,私立,一般大學,1012,大葉大學,02121002,造形藝術學系,19,13,6,0,0,0,0,2,0,11,6,0,0,2,2,0,19,13,6
107,私立,一般大學,1012,大葉大學,02122015,設計暨藝術學院,2,2,0,0,0,1,0,1,0,0,0,0,0,2,2,0,2,2,0
107,私立,一般大學,1012,大葉大學,02123012,工業設計學系,15,11,4,0,0,1,0,1,0,9,4,0,0,2,2,0,15,11,4
107,私立,一般大學,1012,大葉大學,02123013,綠色產品設計學士學位學程,2,2,0,0,0,0,0,0,0,2,0,0,0,0,0,0,2,2,0
107,私立,一般大學,1012,大葉大學,02124014,空間設計學系,32,24,8,0,0,0,0,3,0,21,8,0,0,3,3,0,32,24,8
107,私立,一般大學,1012,大葉大學,02311006,應用日語學系,13,5,8,0,0,2,0,1,4,2,4,0,0,7,3,4,13,5,8
107,私立,一般大學,1012,大葉大學,02311008,文創產業國際人才學士學位學程,3,1,2,0,0,0,0,0,0,1,2,0,0,0,0,0,3,1,2
107,私立,一般大學,1012,大葉大學,02311016,歐洲文化與旅遊學士學位學程,4,2,2,0,0,0,0,0,0,2,2,0,0,0,0,0,4,2,2
107,私立,一般大學,1012,大葉大學,03211018,傳播藝術學士學位學程,7,6,1,0,0,1,0,2,0,3,1,0,0,3,3,0,7,6,1
107,私立,一般大學,1012,大葉大學,04111020,會計資訊學系,2,1,1,0,0,0,0,0,1,1,0,0,0,1,0,1,2,1,1
107,私立,一般大學,1012,大葉大學,04121025,財務金融學系,13,10,3,0,0,0,0,2,0,8,3,0,0,2,2,0,13,10,3
107,私立,一般大學,1012,大葉大學,04131021,企業管理學系,14,12,2,0,0,0,0,4,0,8,2,0,0,4,4,0,14,12,2
107,私立,一般大學,1012,大葉大學,04131024,國際企業管理學系,5,3,2,0,0,2,2,1,0,0,0,0,0,5,3,2,5,3,2
107,私立,一般大學,1012,大葉大學,04142028,人力資源暨公共關係學系,3,2,1,0,0,0,0,1,1,1,0,0,0,2,1,1,3,2,1
107,私立,一般大學,1012,大葉大學,04199029,管理學院博士班,1,1,0,1,0,0,0,0,0,0,0,0,0,1,1,0,1,1,0
107,私立,一般大學,1012,大葉大學,05121034,分子生物科技學系,1,1,0,0,0,0,0,0,0,1,0,0,0,0,0,0,1,1,0
107,私立,一般大學,1012,大葉大學,07112050,材料科學與工程學系,1,1,0,0,0,0,0,1,0,0,0,0,0,1,1,0,1,1,0
107,私立,一般大學,1012,大葉大學,07121054,環境工程學系,5,5,0,2,0,1,0,2,0,0,0,0,0,5,5,0,5,5,0
107,私立,一般大學,1012,大葉大學,07141038,電機工程學系,4,4,0,0,0,0,0,3,0,1,0,0,0,3,3,0,4,4,0
107,私立,一般大學,1012,大葉大學,07151046,機械與自動化工程學系,3,3,0,0,0,0,0,2,0,1,0,0,0,2,2,0,3,3,0
107,私立,一般大學,1012,大葉大學,07193055,醫療器材設計與材料碩士學位學程,1,0,1,0,0,0,0,0,0,0,1,0,0,0,0,0,1,0,1
107,私立,一般大學,1012,大葉大學,07193055,醫療器材設計與材料學士學位學程,3,3,0,0,0,1,0,0,0,2,0,0,0,1,1,0,3,3,0
107,私立,一般大學,1012,大葉大學,07211078,食品暨應用生物科技學系,2,2,0,1,0,1,0,0,0,0,0,0,0,2,2,0,2,2,0
107,私立,一般大學,1012,大葉大學,09131065,護理學系,22,5,17,0,0,0,0,4,7,1,10,0,0,11,4,7,22,5,17
107,私立,一般大學,1012,大葉大學,09131Y55,護理暨健康學院,2,1,1,0,0,0,0,0,0,1,1,0,0,0,0,0,2,1,1
107,私立,一般大學,1012,大葉大學,09161064,藥用植物與保健學系,8,4,4,1,0,0,0,0,2,3,2,0,0,3,1,2,8,4,4
107,私立,一般大學,1012,大葉大學,10131067,餐旅管理學系,8,6,2,0,0,0,0,2,2,4,0,0,0,4,2,2,8,6,2
107,私立,一般大學,1012,大葉大學,10151069,觀光旅遊學系,7,4,3,0,0,0,0,2,0,2,3,0,0,2,2,0,7,4,3
107,私立,一般大學,1012,大葉大學,10152070,休閒事業管理學系,7,2,5,0,0,0,0,0,3,2,2,0,0,3,0,3,7,2,5
107,私立,一般大學,1012,大葉大學,10152072,運動健康管理學系,15,5,10,0,0,3,1,1,2,1,7,0,0,7,4,3,15,5,10
107,私立,一般大學,1012,大葉大學,10199074,烘焙暨飲料調製學士學位學程,6,5,1,0,0,0,0,0,0,5,1,0,0,0,0,0,6,5,1
107,私立,一般大學,1012,大葉大學,10199075,婚禮企劃暨節慶管理學士學位學程,3,0,3,0,0,0,0,0,0,0,3,0,0,0,0,0,3,0,3
107,私立,一般大學,1012,大葉大學,10321076,消防安全學士學位學程,5,5,0,1,0,0,0,1,0,3,0,0,0,2,2,0,5,5,0
107,私立,一般大學,1012,大葉大學,99999Z01,通識教育中心,45,27,18,1,0,0,1,18,8,8,9,0,0,28,19,9,45,27,18
107,私立,一般大學,1012,大葉大學,99999Z07,體育室,5,3,2,0,0,0,0,2,1,1,1,0,0,3,2,1,5,3,2
107,私立,一般大學,1012,大葉大學,99999Z08,國際語言中心,25,7,18,0,0,0,0,0,1,7,17,0,0,1,0,1,25,7,18
107,私立,一般大學,1013,華梵大學,02123008,工業設計學系,8,5,3,0,0,1,0,0,0,4,3,0,0,1,1,0,8,5,3
107,私立,一般大學,1013,華梵大學,02131002,美術與文創學系,11,8,3,1,0,1,0,1,1,5,2,0,0,4,3,1,11,8,3
107,私立,一般大學,1013,華梵大學,02199Y07,藝術設計學院,2,2,0,0,0,0,0,0,0,2,0,0,0,0,0,0,2,2,0
107,私立,一般大學,1013,華梵大學,02211005,佛教學系,2,1,1,0,0,0,0,0,1,1,0,0,0,1,0,1,2,1,1
107,私立,一般大學,1013,華梵大學,02231006,哲學系,6,4,2,0,0,3,1,1,1,0,0,0,0,6,4,2,6,4,2
107,私立,一般大學,1013,華梵大學,02299009,東方人文思想研究所,4,4,0,1,0,2,0,1,0,0,0,0,0,4,4,0,4,4,0
107,私立,一般大學,1013,華梵大學,02299Y15,文學院,1,0,1,0,0,0,0,0,1,0,0,0,0,1,0,1,1,0,1
107,私立,一般大學,1013,華梵大學,02311004,外國語文學系,12,4,8,0,0,0,0,0,2,4,6,0,0,2,0,2,12,4,8
107,私立,一般大學,1013,華梵大學,02322003,中國文學系,1,1,0,0,0,0,0,1,0,0,0,0,0,1,1,0,1,1,0
107,私立,一般大學,1013,華梵大學,06131011,資訊管理學系,2,2,0,0,0,1,0,1,0,0,0,0,0,2,2,0,2,2,0
107,私立,一般大學,1013,華梵大學,07311016,建築學系,15,14,1,0,0,0,0,2,1,12,0,0,0,3,2,1,15,14,1
107,私立,一般大學,1013,華梵大學,07312019,景觀與環境設計學系,4,3,1,0,0,1,0,1,0,1,1,0,0,2,2,0,4,3,1
107,私立,一般大學,1013,華梵大學,99999Z07,體育室,2,2,0,0,0,0,0,0,0,2,0,0,0,0,0,0,2,2,0
107,私立,一般大學,1013,華梵大學,99999Z99,人文教育研究中心,8,4,4,0,0,0,0,1,4,3,0,0,0,5,1,4,8,4,4
107,私立,一般大學,1014,義守大學,02111001,電影與電視學系,5,2,3,0,0,0,0,0,0,2,3,0,0,0,0,0,5,2,3
107,私立,一般大學,1014,義守大學,02112005,數位多媒體設計學系,3,2,1,0,0,0,0,0,0,2,1,0,0,0,0,0,3,2,1
107,私立,一般大學,1014,義守大學,02122004,傳播與設計學院原住民專班,4,3,1,0,0,0,0,0,0,3,1,0,0,0,0,0,4,3,1
107,私立,一般大學,1014,義守大學,02123006,創意商品設計學系,6,2,4,0,0,0,0,0,0,2,4,0,0,0,0,0,6,2,4
107,私立,一般大學,1014,義守大學,02311002,應用英語學系,4,2,2,0,0,0,0,0,0,2,2,0,0,0,0,0,4,2,2
107,私立,一般大學,1014,義守大學,02311003,應用日語學系,5,2,3,0,0,0,0,0,0,2,3,0,0,0,0,0,5,2,3
107,私立,一般大學,1014,義守大學,02311065,語文學院,15,3,12,0,0,0,0,0,1,3,11,0,0,1,0,1,15,3,12
107,私立,一般大學,1014,義守大學,03211008,大眾傳播學系,10,6,4,0,0,0,0,1,1,5,3,0,0,2,1,1,10,6,4
107,私立,一般大學,1014,義守大學,04121016,財務金融學系,5,4,1,0,0,0,0,2,0,2,1,0,0,2,2,0,5,4,1
107,私立,一般大學,1014,義守大學,04121017,國際財務金融學系,1,0,1,0,0,0,0,0,0,0,1,0,0,0,0,0,1,0,1
107,私立,一般大學,1014,義守大學,04131010,企業管理學系,29,23,6,0,0,1,0,5,2,17,4,0,0,8,6,2,29,23,6
107,私立,一般大學,1014,義守大學,04131012,管理學院管理博士班,2,2,0,0,0,1,0,1,0,0,0,0,0,2,2,0,2,2,0
107,私立,一般大學,1014,義守大學,04133018,醫務管理學系,9,3,6,0,0,0,0,0,3,3,3,0,0,3,0,3,9,3,6
107,私立,一般大學,1014,義守大學,04134007,公共政策與管理學系,2,2,0,0,0,0,0,1,0,1,0,0,0,1,1,0,2,2,0
107,私立,一般大學,1014,義守大學,04141015,國際商務學系,3,1,2,0,0,0,0,1,0,0,2,0,0,1,1,0,3,1,2
107,私立,一般大學,1014,義守大學,04199019,工業管理學系,2,1,1,1,0,0,1,0,0,0,0,0,0,2,1,1,2,1,1
107,私立,一般大學,1014,義守大學,05191044,營養學系,2,1,1,0,0,0,0,0,0,1,1,0,0,0,0,0,2,1,1
107,私立,一般大學,1014,義守大學,06131024,資訊管理學系,8,7,1,0,0,0,0,3,1,4,0,0,0,4,3,1,8,7,1
107,私立,一般大學,1014,義守大學,06131027,資訊工程學系,2,2,0,2,0,0,0,0,0,0,0,0,0,2,2,0,2,2,0
107,私立,一般大學,1014,義守大學,07111033,化學工程學系,1,1,0,0,0,0,0,1,0,0,0,0,0,1,1,0,1,1,0
107,私立,一般大學,1014,義守大學,07141026,電子工程學系,2,2,0,1,0,1,0,0,0,0,0,0,0,2,2,0,2,2,0
107,私立,一般大學,1014,義守大學,07151030,機械與自動化工程學系,9,9,0,1,0,1,0,7,0,0,0,0,0,9,9,0,9,9,0
107,私立,一般大學,1014,義守大學,07193037,生物醫學工程學系,1,0,1,0,0,0,0,0,0,0,1,0,0,0,0,0,1,0,1
107,私立,一般大學,1014,義守大學,07321032,土木與生態工程學系,3,3,0,2,0,0,0,0,0,1,0,0,0,2,2,0,3,3,0
107,私立,一般大學,1014,義守大學,09121011,學士後醫學系外國學生專班,36,27,9,0,0,1,0,5,1,21,8,0,0,7,6,1,36,27,9
107,私立,一般大學,1014,義守大學,09121040,學士後中醫學系,40,37,3,3,0,1,0,8,0,25,3,0,0,12,12,0,40,37,3
107,私立,一般大學,1014,義守大學,09131046,護理學系,19,8,11,0,0,0,0,3,0,5,11,0,0,3,3,0,19,8,11
107,私立,一般大學,1014,義守大學,09141050,醫學影像暨放射科學系,10,9,1,0,0,2,0,0,0,7,1,0,0,2,2,0,10,9,1
107,私立,一般大學,1014,義守大學,09151042,物理治療學系,4,3,1,0,0,1,0,0,0,2,1,0,0,1,1,0,4,3,1
107,私立,一般大學,1014,義守大學,09152043,職能治療學系,8,4,4,0,0,0,0,1,2,3,2,0,0,3,1,2,8,4,4
107,私立,一般大學,1014,義守大學,09191041,健康管理學系,8,5,3,0,0,0,0,0,0,5,3,0,0,0,0,0,8,5,3
107,私立,一般大學,1014,義守大學,09211047,醫學院長期照護原住民專班,6,2,4,0,0,0,0,0,0,2,4,0,0,0,0,0,6,2,4
107,私立,一般大學,1014,義守大學,10131051,餐旅管理學系,19,12,7,0,0,1,0,1,2,10,5,0,0,4,2,2,19,12,7
107,私立,一般大學,1014,義守大學,10131052,廚藝學系,14,11,3,0,0,0,0,2,0,9,3,0,0,2,2,0,14,11,3
107,私立,一般大學,1014,義守大學,10151053,觀光學系,13,7,6,0,0,0,0,1,1,6,5,0,0,2,1,1,13,7,6
107,私立,一般大學,1014,義守大學,10151055,國際觀光餐旅學系,1,1,0,1,0,0,0,0,0,0,0,0,0,1,1,0,1,1,0
107,私立,一般大學,1014,義守大學,10151057,休閒事業管理學系,9,6,3,0,0,0,0,1,0,5,3,0,0,1,1,0,9,6,3
107,私立,一般大學,1014,義守大學,10199058,娛樂事業管理學系,1,0,1,0,0,0,0,0,0,0,1,0,0,0,0,0,1,0,1
107,私立,一般大學,1014,義守大學,10199059,觀光餐旅學院原住民專班,5,3,2,0,0,0,0,0,0,3,2,0,0,0,0,0,5,3,2
107,私立,一般大學,1014,義守大學,99999Z01,通識教育中心,57,33,24,0,0,3,0,9,7,21,17,0,0,19,12,7,57,33,24
107,私立,一般大學,1015,世新大學,02111018,廣播電視電影學系,38,25,13,1,0,5,3,6,5,13,5,0,0,20,12,8,38,25,13
107,私立,一般大學,1015,世新大學,02112004,數位多媒體設計學系,11,10,1,0,0,0,0,2,0,8,1,0,0,2,2,0,11,10,1
107,私立,一般大學,1015,世新大學,02311002,英語學系,11,6,5,0,0,0,0,2,0,4,5,0,0,2,2,0,11,6,5
107,私立,一般大學,1015,世新大學,02311003,日本語文學系,11,4,7,0,0,1,1,0,0,3,6,0,0,2,1,1,11,4,7
107,私立,一般大學,1015,世新大學,02322001,中國文學系,34,9,25,2,2,0,2,4,11,3,10,0,0,21,6,15,34,9,25
107,私立,一般大學,1015,世新大學,03111005,經濟學系,8,7,1,2,0,1,0,2,1,2,0,0,0,6,5,1,8,7,1
107,私立,一般大學,1015,世新大學,03141008,社會心理學系,8,1,7,0,0,0,0,0,2,1,5,0,0,2,0,2,8,1,7
107,私立,一般大學,1015,世新大學,03212017,新聞學系,22,18,4,3,1,2,1,1,1,12,1,0,0,9,6,3,22,18,4
107,私立,一般大學,1015,世新大學,03214013,資訊傳播學系,21,15,6,0,0,1,1,2,1,12,4,0,0,5,3,2,21,15,6
107,私立,一般大學,1015,世新大學,03214014,口語傳播學系,20,13,7,1,0,2,0,1,3,9,4,0,0,7,4,3,20,13,7
107,私立,一般大學,1015,世新大學,03214020,圖文傳播暨數位出版學系,12,10,2,0,0,1,0,1,0,8,2,0,0,2,2,0,12,10,2
107,私立,一般大學,1015,世新大學,04121024,財務金融學系,7,5,2,0,0,1,0,1,1,3,1,0,0,3,2,1,7,5,2
107,私立,一般大學,1015,世新大學,04131023,企業管理學系,10,7,3,0,0,0,0,5,1,2,2,0,0,6,5,1,10,7,3
107,私立,一般大學,1015,世新大學,04134009,行政管理學系,12,7,5,2,0,0,1,3,3,2,1,0,0,9,5,4,12,7,5
107,私立,一般大學,1015,世新大學,04142019,公共關係暨廣告學系,27,18,9,1,0,3,0,5,4,9,5,0,0,13,9,4,27,18,9
107,私立,一般大學,1015,世新大學,04199025,傳播管理學系,10,6,4,0,0,1,0,0,0,5,4,0,0,1,1,0,10,6,4
107,私立,一般大學,1015,世新大學,04211026,法律學系,42,39,3,10,0,3,1,6,1,20,1,0,0,21,19,2,42,39,3
107,私立,一般大學,1015,世新大學,04212039,智慧財產暨傳播科技法律研究所,4,3,1,0,0,0,0,3,1,0,0,0,0,4,3,1,4,3,1
107,私立,一般大學,1015,世新大學,06131028,資訊管理學系,5,4,1,0,0,1,0,3,0,0,1,0,0,4,4,0,5,4,1
107,私立,一般大學,1015,世新大學,10151029,觀光學系,9,6,3,0,0,0,0,1,1,5,2,0,0,2,1,1,9,6,3
107,私立,一般大學,1015,世新大學,99999Z01,通識教育中心,53,37,16,7,2,11,3,12,4,7,7,0,0,39,30,9,53,37,16
107,私立,一般大學,1015,世新大學,99999Z07,體育室,9,5,4,1,0,0,0,0,1,4,3,0,0,2,1,1,9,5,4
107,私立,一般大學,1015,世新大學,99999Z08,外語教學中心,4,3,1,0,0,0,0,0,0,3,1,0,0,0,0,0,4,3,1
107,私立,一般大學,1016,銘傳大學,01111052,教育研究所,8,6,2,1,0,2,0,3,2,0,0,0,0,8,6,2,8,6,2
107,私立,一般大學,1016,銘傳大學,01131042,華語文教學學系,6,4,2,0,0,0,0,2,0,2,2,0,0,2,2,0,6,4,2
107,私立,一般大學,1016,銘傳大學,02112012,數位媒體設計學系,11,7,4,0,0,0,0,0,1,7,3,0,0,1,0,1,11,7,4
107,私立,一般大學,1016,銘傳大學,02112072,商業設計學系,24,14,10,3,0,1,1,0,3,10,6,0,0,8,4,4,24,14,10
107,私立,一般大學,1016,銘傳大學,02123073,商品設計學系,21,19,2,0,0,1,0,2,0,16,2,0,0,3,3,0,21,19,2
107,私立,一般大學,1016,銘傳大學,02311010,應用日語學系,26,7,19,0,0,1,0,0,1,6,18,0,0,2,1,1,26,7,19
107,私立,一般大學,1016,銘傳大學,02311031,應用英語學系,16,9,7,1,0,1,0,1,1,6,6,0,0,4,3,1,16,9,7
107,私立,一般大學,1016,銘傳大學,02322002,應用中國文學系,29,10,19,2,2,0,2,2,8,6,7,0,0,16,4,12,29,10,19
107,私立,一般大學,1016,銘傳大學,03122005,國際事務與外交學士學位學程,12,12,0,3,0,4,0,4,0,1,0,0,0,11,11,0,12,12,0
107,私立,一般大學,1016,銘傳大學,03131054,諮商與工商心理學系,12,7,5,0,0,0,0,1,3,6,2,0,0,4,1,3,12,7,5
107,私立,一般大學,1016,銘傳大學,03141088,犯罪防治學系,18,15,3,3,1,4,0,7,0,1,2,0,0,15,14,1,18,15,3
107,私立,一般大學,1016,銘傳大學,03211063,新聞與大眾傳播學士學位學程,5,5,0,1,0,1,0,1,0,2,0,0,0,3,3,0,5,5,0
107,私立,一般大學,1016,銘傳大學,03212046,新聞學系,15,5,10,0,0,1,0,1,3,3,7,0,0,5,2,3,15,5,10
107,私立,一般大學,1016,銘傳大學,03213047,廣播電視學系,11,7,4,0,0,2,0,2,0,3,4,0,0,4,4,0,11,7,4
107,私立,一般大學,1016,銘傳大學,03213064,新媒體暨傳播管理學系,13,9,4,0,0,1,0,4,2,4,2,0,0,7,5,2,13,9,4
107,私立,一般大學,1016,銘傳大學,04111032,會計學系,14,9,5,1,0,2,1,3,2,3,2,0,0,9,6,3,14,9,5
107,私立,一般大學,1016,銘傳大學,04121020,財務金融學系,9,6,3,0,0,0,0,5,1,1,2,0,0,6,5,1,9,6,3
107,私立,一般大學,1016,銘傳大學,04121059,經濟與金融學系,8,6,2,0,0,1,0,2,0,3,2,0,0,3,3,0,8,6,2
107,私立,一般大學,1016,銘傳大學,04123056,風險管理與保險學系,10,5,5,0,0,2,1,1,1,2,3,0,0,5,3,2,10,5,5
107,私立,一般大學,1016,銘傳大學,04131017,國際企業與貿易學士學位學程,2,1,1,0,0,0,0,1,0,0,1,0,0,1,1,0,2,1,1
107,私立,一般大學,1016,銘傳大學,04131036,企業管理學系,15,9,6,0,2,0,0,6,2,3,2,0,0,10,6,4,15,9,6
107,私立,一般大學,1016,銘傳大學,04131061,國際企業學系,12,6,6,1,0,1,1,1,0,3,5,0,0,4,3,1,12,6,6
107,私立,一般大學,1016,銘傳大學,04133022,醫療資訊與管理學系,18,14,4,1,0,2,0,6,1,5,3,0,0,10,9,1,18,14,4
107,私立,一般大學,1016,銘傳大學,04134006,公共事務學系,14,11,3,2,0,3,1,3,1,3,1,0,0,10,8,2,14,11,3
107,私立,一般大學,1016,銘傳大學,04143015,廣告暨策略行銷學系,7,4,3,0,0,0,0,1,2,3,1,0,0,3,1,2,7,4,3
107,私立,一般大學,1016,銘傳大學,04199027,時尚創意管理學士學位學程,5,3,2,0,0,1,0,0,1,2,1,0,0,2,1,1,5,3,2
107,私立,一般大學,1016,銘傳大學,04211039,法律學系,23,18,5,2,1,0,2,4,0,12,2,0,0,9,6,3,23,18,5
107,私立,一般大學,1016,銘傳大學,04212024,財金法律學系,16,9,7,1,1,0,0,5,3,3,3,0,0,10,6,4,16,9,7
107,私立,一般大學,1016,銘傳大學,05121009,生物科技學系,17,12,5,1,0,0,0,7,2,4,3,0,0,10,8,2,17,12,5
107,私立,一般大學,1016,銘傳大學,05421079,應用統計與資料科學學系,6,5,1,1,0,2,0,2,0,0,1,0,0,5,5,0,6,5,1
107,私立,一般大學,1016,銘傳大學,06131045,資訊管理學系,2,2,0,0,0,0,0,1,0,1,0,0,0,1,1,0,2,2,0
107,私立,一般大學,1016,銘傳大學,06132078,資訊傳播工程學系,5,4,1,0,0,0,0,2,0,2,1,0,0,2,2,0,5,4,1
107,私立,一般大學,1016,銘傳大學,06134050,電腦與通訊工程學系,5,4,1,0,0,0,0,2,0,2,1,0,0,2,2,0,5,4,1
107,私立,一般大學,1016,銘傳大學,06134068,資訊科技應用學士學位學程,2,2,0,2,0,0,0,0,0,0,0,0,0,2,2,0,2,2,0
107,私立,一般大學,1016,銘傳大學,07141025,電子工程學系,7,5,2,1,0,1,0,2,1,1,1,0,0,5,4,1,7,5,2
107,私立,一般大學,1016,銘傳大學,07141029,資訊工程學系,4,4,0,0,0,0,0,1,0,3,0,0,0,1,1,0,4,4,0
107,私立,一般大學,1016,銘傳大學,07193043,生物醫學工程學系,7,4,3,1,0,1,0,1,1,1,2,0,0,4,3,1,7,4,3
107,私立,一般大學,1016,銘傳大學,07311026,建築學系,23,22,1,0,0,0,0,2,0,20,1,0,0,2,2,0,23,22,1
107,私立,一般大學,1016,銘傳大學,07313048,都市規劃與防災學系,13,11,2,1,0,2,0,5,1,3,1,0,0,9,8,1,13,11,2
107,私立,一般大學,1016,銘傳大學,10131044,餐旅管理學系,4,4,0,0,0,0,0,1,0,3,0,0,0,1,1,0,4,4,0
107,私立,一般大學,1016,銘傳大學,10151008,旅遊與觀光學士學位學程,7,4,3,0,0,0,0,1,1,3,2,0,0,2,1,1,7,4,3
107,私立,一般大學,1016,銘傳大學,10151033,觀光事業學系,10,7,3,3,0,0,0,2,0,2,3,0,0,5,5,0,10,7,3
107,私立,一般大學,1016,銘傳大學,10152076,休閒遊憩管理學系,7,6,1,1,0,1,0,0,0,4,1,0,0,2,2,0,7,6,1
107,私立,一般大學,1016,銘傳大學,99999Z01,通識教育中心,35,21,14,2,0,3,0,10,5,6,9,0,0,20,15,5,35,21,14
107,私立,一般大學,1016,銘傳大學,99999Z05,師資培育中心,3,0,3,0,0,0,1,0,1,0,1,0,0,2,0,2,3,0,3
107,私立,一般大學,1016,銘傳大學,99999Z07,體育室,22,17,5,0,0,3,0,2,1,12,4,0,0,6,5,1,22,17,5
107,私立,一般大學,1016,銘傳大學,99999Z08,英語教學中心,54,19,35,0,0,0,0,3,1,16,34,0,0,4,3,1,54,19,35
107,私立,一般大學,1017,實踐大學,02112012,媒體傳達設計學系,27,23,4,0,0,0,0,5,0,18,4,0,0,5,5,0,27,23,4
107,私立,一般大學,1017,實踐大學,02112013,電腦動畫學士學位學程,6,5,1,0,0,0,1,5,0,0,0,0,0,6,5,1,6,5,1
107,私立,一般大學,1017,實踐大學,02112039,資訊模擬與設計學系,5,4,1,0,0,0,0,1,0,3,1,0,0,1,1,0,5,4,1
107,私立,一般大學,1017,實踐大學,02122009,時尚設計學系,14,5,9,0,0,0,0,2,1,3,8,0,0,3,2,1,14,5,9
107,私立,一般大學,1017,實踐大學,02123014,工業產品設計學系,25,19,6,1,0,2,1,3,0,13,5,0,0,7,6,1,25,19,6
107,私立,一般大學,1017,實踐大學,02125051,服裝設計學系,43,24,19,0,1,3,0,4,2,17,16,0,0,10,7,3,43,24,19
107,私立,一般大學,1017,實踐大學,02125053,服飾設計與經營學系,22,11,11,0,0,0,0,2,1,9,10,0,0,3,2,1,22,11,11
107,私立,一般大學,1017,實踐大學,02151001,音樂學系,69,32,37,1,1,4,11,8,7,19,18,0,0,32,13,19,69,32,37
107,私立,一般大學,1017,實踐大學,02311004,應用外語學系,17,7,10,0,0,0,0,3,2,4,8,0,0,5,3,2,17,7,10
107,私立,一般大學,1017,實踐大學,02311005,應用英語學系,4,1,3,0,0,0,0,0,1,1,2,0,0,1,0,1,4,1,3
107,私立,一般大學,1017,實踐大學,02311006,應用日文學系,6,4,2,0,0,0,0,0,0,4,2,0,0,0,0,0,6,4,2
107,私立,一般大學,1017,實踐大學,02322002,應用中文學系,6,4,2,0,0,1,0,2,0,1,2,0,0,3,3,0,6,4,2
107,私立,一般大學,1017,實踐大學,04111019,會計學系,12,8,4,0,0,1,1,3,3,4,0,0,0,8,4,4,12,8,4
107,私立,一般大學,1017,實踐大學,04111020,會計暨稅務學系,8,5,3,0,0,1,0,2,1,2,2,0,0,4,3,1,8,5,3
107,私立,一般大學,1017,實踐大學,04121029,財務金融學系,16,14,2,1,0,7,0,5,2,1,0,0,0,15,13,2,16,14,2
107,私立,一般大學,1017,實踐大學,04121032,金融管理學系,2,2,0,0,0,1,0,0,0,1,0,0,0,1,1,0,2,2,0
107,私立,一般大學,1017,實踐大學,04123033,風險管理與保險學系,9,6,3,0,0,0,0,3,0,3,3,0,0,3,3,0,9,6,3
107,私立,一般大學,1017,實踐大學,04131021,企業管理學系,17,15,2,1,0,2,1,7,0,5,1,0,0,11,10,1,17,15,2
107,私立,一般大學,1017,實踐大學,04131022,國際企業管理學系,8,5,3,1,0,1,0,2,0,1,3,0,0,4,4,0,8,5,3
107,私立,一般大學,1017,實踐大學,04131023,管理學院國際企業英語碩士學位學程,4,4,0,0,0,0,0,4,0,0,0,0,0,4,4,0,4,4,0
107,私立,一般大學,1017,實踐大學,04131023,管理學院國際企業英語學士學位學程,12,10,2,0,0,1,0,5,0,4,2,0,0,6,6,0,12,10,2
107,私立,一般大學,1017,實踐大學,04141026,國際貿易學系,12,9,3,0,0,1,0,4,0,4,3,0,0,5,5,0,12,9,3
107,私立,一般大學,1017,實踐大學,04141028,國際經營與貿易學系,9,8,1,0,0,4,0,1,1,3,0,0,0,6,5,1,9,8,1
107,私立,一般大學,1017,實踐大學,04143035,行銷管理學系,7,3,4,0,0,0,0,0,2,3,2,0,0,2,0,2,7,3,4
107,私立,一般大學,1017,實踐大學,04199036,管理學院創意產業博士班,3,2,1,2,1,0,0,0,0,0,0,0,0,3,2,1,3,2,1
107,私立,一般大學,1017,實踐大學,05191043,食品營養與保健生技學系,14,6,8,3,1,0,3,1,1,2,3,0,0,9,4,5,14,6,8
107,私立,一般大學,1017,實踐大學,06131037,資訊科技與管理學系,8,6,2,0,0,0,0,3,1,3,1,0,0,4,3,1,8,6,2
107,私立,一般大學,1017,實踐大學,06131038,資訊管理學系,2,1,1,0,0,0,0,1,0,0,1,0,0,1,1,0,2,1,1
107,私立,一般大學,1017,實踐大學,06131040,資訊科技與通訊學系,3,3,0,0,0,0,0,2,0,1,0,0,0,2,2,0,3,3,0
107,私立,一般大學,1017,實踐大學,07311041,建築設計學系,30,25,5,2,1,5,0,5,1,13,3,0,0,14,12,2,30,25,5
107,私立,一般大學,1017,實踐大學,09221045,家庭研究與兒童發展學系,19,7,12,1,0,1,1,3,4,2,7,0,0,10,5,5,19,7,12
107,私立,一般大學,1017,實踐大學,09231044,社會工作學系,27,11,16,1,0,1,1,1,2,8,13,0,0,6,3,3,27,11,16
107,私立,一般大學,1017,實踐大學,10131046,餐飲管理學系,15,11,4,0,1,1,0,2,0,8,3,0,0,4,3,1,15,11,4
107,私立,一般大學,1017,實踐大學,10151047,觀光管理學系,9,5,4,0,0,0,0,1,0,4,4,0,0,1,1,0,9,5,4
107,私立,一般大學,1017,實踐大學,10152049,休閒產業管理學系,13,8,5,1,0,1,1,2,0,4,4,0,0,5,4,1,13,8,5
107,私立,一般大學,1017,實踐大學,99999Z01,博雅學部,110,54,56,1,0,6,3,18,13,29,40,0,0,41,25,16,110,54,56
107,私立,一般大學,1017,實踐大學,99999Z07,體育教育委員會,52,38,14,2,1,6,1,6,3,24,9,0,0,19,14,5,52,38,14
107,私立,技專校院,1018,朝陽科技大學,02112003,視覺傳達設計系,28,20,8,0,0,1,0,3,0,16,8,0,0,4,4,0,28,20,8
107,私立,技專校院,1018,朝陽科技大學,02123004,工業設計系,28,20,8,0,0,2,0,1,1,17,7,0,0,4,3,1,28,20,8
107,私立,技專校院,1018,朝陽科技大學,02311001,應用英語系,11,4,7,0,0,0,0,2,1,2,6,0,0,3,2,1,11,4,7
107,私立,技專校院,1018,朝陽科技大學,03211006,傳播藝術系,20,15,5,0,0,1,0,3,0,11,5,0,0,4,4,0,20,15,5
107,私立,技專校院,1018,朝陽科技大學,04111007,會計系,15,12,3,1,0,2,0,4,2,5,1,0,0,9,7,2,15,12,3
107,私立,技專校院,1018,朝陽科技大學,04121010,財務金融系,11,6,5,0,0,2,0,0,0,4,5,0,0,2,2,0,11,6,5
107,私立,技專校院,1018,朝陽科技大學,04123011,保險金融管理系,15,10,5,0,0,1,0,3,3,6,2,0,0,7,4,3,15,10,5
107,私立,技專校院,1018,朝陽科技大學,04131008,企業管理系,21,16,5,1,0,1,0,3,0,11,5,0,0,5,5,0,21,16,5
107,私立,技專校院,1018,朝陽科技大學,04132012,行銷與流通管理系,22,18,4,0,0,0,0,5,2,13,2,0,0,7,5,2,22,18,4
107,私立,技專校院,1018,朝陽科技大學,04199014,銀髮產業管理系,15,11,4,0,0,0,0,5,0,6,4,0,0,5,5,0,15,11,4
107,私立,技專校院,1018,朝陽科技大學,04199Y31,管理學院,2,1,1,0,0,0,0,0,0,1,1,0,0,0,0,0,2,1,1
107,私立,技專校院,1018,朝陽科技大學,05311017,應用化學系,3,3,0,1,0,1,0,0,0,1,0,0,0,2,2,0,3,3,0
107,私立,技專校院,1018,朝陽科技大學,06111023,資訊與通訊系,4,4,0,1,0,0,0,2,0,1,0,0,0,3,3,0,4,4,0
107,私立,技專校院,1018,朝陽科技大學,06131019,資訊管理系,12,6,6,1,0,0,0,2,1,3,5,0,0,4,3,1,12,6,6
107,私立,技專校院,1018,朝陽科技大學,07121027,環境工程與管理系,14,11,3,0,0,1,0,3,1,7,2,0,0,5,4,1,14,11,3
107,私立,技專校院,1018,朝陽科技大學,07141020,資訊工程系,10,9,1,1,0,2,0,0,1,6,0,0,0,4,3,1,10,9,1
107,私立,技專校院,1018,朝陽科技大學,07191026,工業工程與管理系,19,16,3,2,0,1,0,4,0,9,3,0,0,7,7,0,19,16,3
107,私立,技專校院,1018,朝陽科技大學,07311028,建築系,41,36,5,0,0,0,0,4,0,32,5,0,0,4,4,0,41,36,5
107,私立,技專校院,1018,朝陽科技大學,07312031,景觀及都市設計系,24,15,9,0,0,0,0,1,2,14,7,0,0,3,1,2,24,15,9
107,私立,技專校院,1018,朝陽科技大學,07321025,營建工程系,8,8,0,1,0,0,0,3,0,4,0,0,0,4,4,0,8,8,0
107,私立,技專校院,1018,朝陽科技大學,09221035,幼兒保育系,19,6,13,0,0,0,0,0,1,6,12,0,0,1,0,1,19,6,13
107,私立,技專校院,1018,朝陽科技大學,09231034,社會工作系,33,13,20,1,0,0,0,2,1,10,19,0,0,4,3,1,33,13,20
107,私立,技專校院,1018,朝陽科技大學,10152036,休閒事業管理系,33,20,13,0,1,1,0,3,1,16,11,0,0,6,4,2,33,20,13
107,私立,技專校院,1018,朝陽科技大學,99999Z01,通識教育中心,105,72,33,3,0,9,3,12,14,48,16,0,0,41,24,17,105,72,33
107,私立,技專校院,1018,朝陽科技大學,99999Z05,師資培育中心,7,2,5,0,0,0,0,0,2,2,3,0,0,2,0,2,7,2,5
107,私立,技專校院,1018,朝陽科技大學,99999Z08,語言中心,47,8,39,0,0,2,3,0,5,6,31,0,0,10,2,8,47,8,39
107,私立,一般大學,1019,高雄醫學大學,04133003,醫務管理暨醫療資訊學系,11,7,4,0,0,2,0,3,4,2,0,0,0,9,5,4,11,7,4
107,私立,一般大學,1019,高雄醫學大學,09121011,醫學系,28,22,6,1,0,5,1,14,5,2,0,0,0,26,20,6,28,22,6
107,私立,一般大學,1019,高雄醫學大學,09121011,醫學研究所,2,0,2,0,0,0,0,0,2,0,0,0,0,2,0,2,2,0,2
107,私立,一般大學,1019,高雄醫學大學,09121018,臨床醫學研究所,1,1,0,0,0,0,0,1,0,0,0,0,0,1,1,0,1,1,0
107,私立,一般大學,1019,高雄醫學大學,09131032,護理學系,2,1,1,0,0,1,0,0,0,0,1,0,0,1,1,0,2,1,1
107,私立,一般大學,1019,高雄醫學大學,09131035,腎臟照護學系,1,1,0,0,0,0,0,1,0,0,0,0,0,1,1,0,1,1,0
107,私立,一般大學,1019,高雄醫學大學,09141036,醫學檢驗生物技術學系,4,3,1,0,0,0,0,0,1,3,0,0,0,1,0,1,4,3,1
107,私立,一般大學,1019,高雄醫學大學,09141037,醫學影像暨放射科學系,3,2,1,0,0,0,0,0,0,2,1,0,0,0,0,0,3,2,1
107,私立,一般大學,1019,高雄醫學大學,09151028,物理治療學系,5,2,3,0,0,0,0,0,0,2,3,0,0,0,0,0,5,2,3
107,私立,一般大學,1019,高雄醫學大學,09152029,職能治療學系,1,1,0,0,0,0,0,0,0,1,0,0,0,0,0,0,1,1,0
107,私立,一般大學,1019,高雄醫學大學,09159030,運動醫學系,1,0,1,0,0,0,0,0,0,0,1,0,0,0,0,0,1,0,1
107,私立,一般大學,1019,高雄醫學大學,09161024,藥學系,9,5,4,0,0,1,1,2,1,2,2,0,0,5,3,2,9,5,4
107,私立,一般大學,1019,高雄醫學大學,09161027,香粧品學系,5,1,4,0,0,0,0,0,0,1,4,0,0,0,0,0,5,1,4
107,私立,一般大學,1019,高雄醫學大學,09191021,公共衛生學系,1,0,1,0,1,0,0,0,0,0,0,0,0,1,0,1,1,0,1
107,私立,一般大學,1019,高雄醫學大學,09231049,醫學社會學與社會工作學系,9,1,8,0,1,0,0,0,2,1,5,0,0,3,0,3,9,1,8
107,私立,一般大學,1019,高雄醫學大學,99999Z01,通識教育中心,45,22,23,1,0,3,0,7,8,11,15,0,0,19,11,8,45,22,23
107,私立,一般大學,1020,南華大學,01121001,幼兒教育學系,2,2,0,0,0,0,0,2,0,0,0,0,0,2,2,0,2,2,0
107,私立,一般大學,1020,南華大學,02111059,視覺藝術與設計學系,4,3,1,0,0,0,0,2,0,1,1,0,0,2,2,0,4,3,1
107,私立,一般大學,1020,南華大學,02122062,產品與室內設計學系,8,7,1,1,0,1,0,0,0,5,1,0,0,2,2,0,8,7,1
107,私立,一般大學,1020,南華大學,02151003,民族音樂學系,62,24,38,0,0,2,0,7,12,15,26,0,0,21,9,12,62,24,38
107,私立,一般大學,1020,南華大學,02211010,宗教學研究所,2,0,2,0,1,0,0,0,0,0,1,0,0,1,0,1,2,0,2
107,私立,一般大學,1020,南華大學,02299011,生死學系,22,9,13,0,1,0,0,2,3,7,9,0,0,6,2,4,22,9,13
107,私立,一般大學,1020,南華大學,02299Y14,人文學院,19,12,7,1,1,2,0,0,2,9,4,0,0,6,3,3,19,12,7
107,私立,一般大學,1020,南華大學,02311008,外國語文學系,1,1,0,0,0,0,0,0,0,1,0,0,0,0,0,0,1,1,0
107,私立,一般大學,1020,南華大學,02322009,文學系,1,1,0,0,0,1,0,0,0,0,0,0,0,1,1,0,1,1,0
107,私立,一般大學,1020,南華大學,03122019,國際事務與企業學系,4,3,1,2,0,0,0,0,0,1,1,0,0,2,2,0,4,3,1
107,私立,一般大學,1020,南華大學,03141017,應用社會學系,7,4,3,0,0,0,0,0,0,4,3,0,0,0,0,0,7,4,3
107,私立,一般大學,1020,南華大學,03214026,傳播學系,7,5,2,0,0,0,0,0,0,5,2,0,0,0,0,0,7,5,2
107,私立,一般大學,1020,南華大學,04121031,財務金融學系,3,3,0,0,0,0,0,1,0,2,0,0,0,1,1,0,3,3,0
107,私立,一般大學,1020,南華大學,04131029,企業管理學系,16,12,4,1,0,0,0,3,2,8,2,0,0,6,4,2,16,12,4
107,私立,一般大學,1020,南華大學,04141030,管理學院國際企業學士學位學程,6,3,3,0,0,0,0,1,0,2,3,0,0,1,1,0,6,3,3
107,私立,一般大學,1020,南華大學,04199033,文化創意事業管理學系,5,3,2,0,0,0,0,0,0,3,2,0,0,0,0,0,5,3,2
107,私立,一般大學,1020,南華大學,04199Y31,管理學院,1,1,0,0,0,0,0,0,0,1,0,0,0,0,0,0,1,1,0
107,私立,一般大學,1020,南華大學,05121040,自然生物科技學系,15,11,4,0,0,0,0,8,3,3,1,0,0,11,8,3,15,11,4
107,私立,一般大學,1020,南華大學,06121043,科技學院資訊科技進修學士班,5,4,1,0,0,1,0,1,0,2,1,0,0,2,2,0,5,4,1
107,私立,一般大學,1020,南華大學,07141044,資訊工程學系,3,3,0,0,0,0,0,0,0,3,0,0,0,0,0,0,3,3,0
107,私立,一般大學,1020,南華大學,07311045,建築與景觀學系,16,12,4,0,0,0,0,2,0,10,4,0,0,2,2,0,16,12,4
107,私立,一般大學,1020,南華大學,10141061,運動與健康促進學士學位學程,3,2,1,0,0,0,0,0,0,2,1,0,0,0,0,0,3,2,1
107,私立,一般大學,1020,南華大學,10151048,旅遊管理學系,10,5,5,0,0,0,0,2,1,3,4,0,0,3,2,1,10,5,5
107,私立,一般大學,1020,南華大學,99999Z01,通識教育中心,23,11,12,0,0,0,0,2,1,9,11,0,0,3,2,1,23,11,12
107,私立,一般大學,1020,南華大學,99999Z08,語文教學中心,27,10,17,0,0,0,0,2,5,8,12,0,0,7,2,5,27,10,17
107,私立,一般大學,1021,真理大學,02151001,音樂應用學系,57,21,36,2,2,0,0,5,12,14,22,0,0,21,7,14,57,21,36
107,私立,一般大學,1021,真理大學,02211012,宗教文化與組織管理學系,4,1,3,0,0,0,0,1,1,0,2,0,0,2,1,1,4,1,3
107,私立,一般大學,1021,真理大學,02299013,人文與資訊學系,5,4,1,0,0,0,0,3,0,1,1,0,0,3,3,0,5,4,1
107,私立,一般大學,1021,真理大學,02311006,英美語文學系,2,2,0,0,0,1,0,0,0,1,0,0,0,1,1,0,2,2,0
107,私立,一般大學,1021,真理大學,02311009,應用日語學系,7,2,5,0,0,1,0,0,1,1,4,0,0,2,1,1,7,2,5
107,私立,一般大學,1021,真理大學,02321002,台灣文學系,4,3,1,0,0,0,0,0,1,3,0,0,0,1,0,1,4,3,1
107,私立,一般大學,1021,真理大學,03214058,運動資訊傳播學系,1,1,0,0,0,0,0,0,0,1,0,0,0,0,0,0,1,1,0
107,私立,一般大學,1021,真理大學,04111019,會計資訊學系,2,1,1,0,0,0,1,0,0,1,0,0,0,1,0,1,2,1,1
107,私立,一般大學,1021,真理大學,04121024,財務金融學系,1,0,1,0,0,0,0,0,1,0,0,0,0,1,0,1,1,0,1
107,私立,一般大學,1021,真理大學,04122025,財政稅務學系,2,2,0,0,0,1,0,0,0,1,0,0,0,1,1,0,2,2,0
107,私立,一般大學,1021,真理大學,04131020,企業管理學系,2,1,1,0,0,0,0,0,0,1,1,0,0,0,0,0,2,1,1
107,私立,一般大學,1021,真理大學,04141023,國際貿易學系,4,4,0,1,0,3,0,0,0,0,0,0,0,4,4,0,4,4,0
107,私立,一般大學,1021,真理大學,04199029,工業管理與經營資訊學系,1,1,0,0,0,0,0,0,0,1,0,0,0,0,0,0,1,1,0
107,私立,一般大學,1021,真理大學,04211031,法律學系,11,10,1,3,0,1,1,1,0,5,0,0,0,6,5,1,11,10,1
107,私立,一般大學,1021,真理大學,05499038,財務與精算學系,2,2,0,0,0,1,0,0,0,1,0,0,0,1,1,0,2,2,0
107,私立,一般大學,1021,真理大學,10151044,觀光事業學系,9,5,4,0,0,1,0,1,1,3,3,0,0,3,2,1,9,5,4
107,私立,一般大學,1021,真理大學,10152057,運動管理學系,3,3,0,1,0,1,0,1,0,0,0,0,0,3,3,0,3,3,0
107,私立,一般大學,1021,真理大學,99999Z01,通識教育中心,18,6,12,0,0,2,0,2,2,2,10,0,0,6,4,2,18,6,12
107,私立,一般大學,1022,大同大學,02112004,媒體設計學系,23,16,7,0,0,0,0,1,3,15,4,0,0,4,1,3,23,16,7
107,私立,一般大學,1022,大同大學,02122003,設計科學研究所,1,1,0,1,0,0,0,0,0,0,0,0,0,1,1,0,1,1,0
107,私立,一般大學,1022,大同大學,02123005,工業設計學系,26,23,3,1,0,2,0,11,1,9,2,0,0,15,14,1,26,23,3
107,私立,一般大學,1022,大同大學,02311001,應用外語學系,6,4,2,0,0,0,0,2,0,2,2,0,0,2,2,0,6,4,2
107,私立,一般大學,1022,大同大學,04131007,事業經營學系,9,7,2,1,0,0,0,4,0,2,2,0,0,5,5,0,9,7,2
107,私立,一般大學,1022,大同大學,06131006,資訊經營學系,6,6,0,2,0,0,0,2,0,2,0,0,0,4,4,0,6,6,0
107,私立,一般大學,1022,大同大學,06131012,資訊工程學系,6,6,0,2,0,2,0,1,0,1,0,0,0,5,5,0,6,6,0
107,私立,一般大學,1022,大同大學,07111015,化學工程學系,10,8,2,6,0,0,1,0,0,2,1,0,0,7,6,1,10,8,2
107,私立,一般大學,1022,大同大學,07112016,材料工程學系,6,6,0,2,0,1,0,2,0,1,0,0,0,5,5,0,6,6,0
107,私立,一般大學,1022,大同大學,07141010,電機工程學系,11,11,0,6,0,2,0,2,0,1,0,0,0,10,10,0,11,11,0
107,私立,一般大學,1022,大同大學,07151014,機械工程學系,14,14,0,3,0,1,0,4,0,6,0,0,0,8,8,0,14,14,0
107,私立,一般大學,1022,大同大學,07193018,生物工程學系,1,1,0,1,0,0,0,0,0,0,0,0,0,1,1,0,1,1,0
107,私立,一般大學,1022,大同大學,07194019,工程管理學位學程碩士在職專班,4,4,0,1,0,1,0,2,0,0,0,0,0,4,4,0,4,4,0
107,私立,一般大學,1022,大同大學,99999Z01,通識教育中心,33,20,13,3,0,2,2,8,6,7,5,0,0,21,13,8,33,20,13
107,私立,一般大學,1022,大同大學,99999Z07,體育室,8,5,3,0,0,1,0,0,2,4,1,0,0,3,1,2,8,5,3
107,私立,一般大學,1022,大同大學,99999Z08,外語教育中心,13,6,7,0,0,0,0,2,1,4,6,0,0,3,2,1,13,6,7
107,私立,技專校院,1023,南臺學校財團法人南臺科技大學,01114002,教育領導與評鑑研究所,2,1,1,0,0,0,0,1,1,0,0,0,0,2,1,1,2,1,1
107,私立,技專校院,1023,南臺學校財團法人南臺科技大學,02112008,視覺傳達設計系,14,10,4,0,0,0,0,1,0,9,4,0,0,1,1,0,14,10,4
107,私立,技專校院,1023,南臺學校財團法人南臺科技大學,02123010,創新產品設計系,12,7,5,0,0,1,0,0,1,6,4,0,0,2,1,1,12,7,5
107,私立,技專校院,1023,南臺學校財團法人南臺科技大學,02151003,流行音樂產業系,22,16,6,3,0,2,1,3,0,8,5,0,0,9,8,1,22,16,6
107,私立,技專校院,1023,南臺學校財團法人南臺科技大學,02311005,應用英語系,15,2,13,1,0,1,0,0,1,0,12,0,0,3,2,1,15,2,13
107,私立,技專校院,1023,南臺學校財團法人南臺科技大學,02311006,應用日語系,12,2,10,0,0,0,0,0,0,2,10,0,0,0,0,0,12,2,10
107,私立,技專校院,1023,南臺學校財團法人南臺科技大學,03214011,資訊傳播系,7,6,1,0,0,0,0,0,0,6,1,0,0,0,0,0,7,6,1
107,私立,技專校院,1023,南臺學校財團法人南臺科技大學,04111013,會計資訊系,14,9,5,0,0,1,0,2,3,6,2,0,0,6,3,3,14,9,5
107,私立,技專校院,1023,南臺學校財團法人南臺科技大學,04121021,財務金融系,10,5,5,0,0,1,0,2,2,2,3,0,0,5,3,2,10,5,5
107,私立,技專校院,1023,南臺學校財團法人南臺科技大學,04131015,企業管理系,18,12,6,0,0,2,0,4,2,6,4,0,0,8,6,2,18,12,6
107,私立,技專校院,1023,南臺學校財團法人南臺科技大學,04131017,國際企業系,5,2,3,0,0,0,0,1,1,1,2,0,0,2,1,1,5,2,3
107,私立,技專校院,1023,南臺學校財團法人南臺科技大學,04132024,行銷與流通管理系,12,8,4,2,0,0,0,1,1,5,3,0,0,4,3,1,12,8,4
107,私立,技專校院,1023,南臺學校財團法人南臺科技大學,04199060,工業管理與資訊系,4,3,1,0,0,0,0,1,0,2,1,0,0,1,1,0,4,3,1
107,私立,技專校院,1023,南臺學校財團法人南臺科技大學,04212033,財經法律研究所,13,9,4,2,0,2,1,4,1,1,2,0,0,10,8,2,13,9,4
107,私立,技專校院,1023,南臺學校財團法人南臺科技大學,05121035,生物科技系,1,1,0,1,0,0,0,0,0,0,0,0,0,1,1,0,1,1,0
107,私立,技專校院,1023,南臺學校財團法人南臺科技大學,06131036,資訊管理系,9,4,5,0,0,0,0,0,0,4,5,0,0,0,0,0,9,4,5
107,私立,技專校院,1023,南臺學校財團法人南臺科技大學,06131043,資訊工程系,4,3,1,0,0,0,0,0,0,3,1,0,0,0,0,0,4,3,1
107,私立,技專校院,1023,南臺學校財團法人南臺科技大學,06132038,多媒體與電腦娛樂科學系,7,5,2,0,0,0,0,0,0,5,2,0,0,0,0,0,7,5,2
107,私立,技專校院,1023,南臺學校財團法人南臺科技大學,07111048,化學工程與材料工程系,3,3,0,1,0,1,0,0,0,1,0,0,0,2,2,0,3,3,0
107,私立,技專校院,1023,南臺學校財團法人南臺科技大學,07141039,電機工程系,6,5,1,0,0,1,0,3,0,1,1,0,0,4,4,0,6,5,1
107,私立,技專校院,1023,南臺學校財團法人南臺科技大學,07141040,電子工程系,4,4,0,0,0,0,0,1,0,3,0,0,0,1,1,0,4,4,0
107,私立,技專校院,1023,南臺學校財團法人南臺科技大學,07151045,機械工程系,14,14,0,0,0,1,0,2,0,11,0,0,0,3,3,0,14,14,0
107,私立,技專校院,1023,南臺學校財團法人南臺科技大學,09211054,高齡服務學士學位學程,9,1,8,0,0,0,0,0,0,1,8,0,0,0,0,0,9,1,8
107,私立,技專校院,1023,南臺學校財團法人南臺科技大學,09221055,幼兒保育系,9,3,6,0,1,0,0,2,0,1,5,0,0,3,2,1,9,3,6
107,私立,技專校院,1023,南臺學校財團法人南臺科技大學,10131056,餐旅管理系,21,12,9,0,0,1,1,4,2,7,6,0,0,8,5,3,21,12,9
107,私立,技專校院,1023,南臺學校財團法人南臺科技大學,10152058,休閒事業管理系,17,10,7,0,0,0,0,2,0,8,7,0,0,2,2,0,17,10,7
107,私立,技專校院,1023,南臺學校財團法人南臺科技大學,99999Z01,通識(教育)中心,38,17,21,1,0,2,1,9,8,5,12,0,0,21,12,9,38,17,21
107,私立,技專校院,1023,南臺學校財團法人南臺科技大學,99999Z05,師資培育中心,4,4,0,1,0,1,0,2,0,0,0,0,0,4,4,0,4,4,0
107,私立,技專校院,1023,南臺學校財團法人南臺科技大學,99999Z07,體育教育中心,14,10,4,0,0,1,0,1,0,8,4,0,0,2,2,0,14,10,4
107,私立,技專校院,1023,南臺學校財團法人南臺科技大學,99999Z08,語言中心,28,7,21,0,0,0,0,0,0,7,21,0,0,0,0,0,28,7,21
107,私立,技專校院,1024,崑山科技大學,02111009,視訊傳播設計系,13,5,8,0,0,0,0,0,0,5,8,0,0,0,0,0,13,5,8
107,私立,技專校院,1024,崑山科技大學,02112004,視覺傳達設計系,13,12,1,1,0,0,0,1,0,10,1,0,0,2,2,0,13,12,1
107,私立,技專校院,1024,崑山科技大學,02124007,空間設計系,36,33,3,1,0,1,0,3,0,28,3,0,0,5,5,0,36,33,3
107,私立,技專校院,1024,崑山科技大學,04121021,金融管理系,1,1,0,0,0,0,0,1,0,0,0,0,0,1,1,0,1,1,0
107,私立,技專校院,1024,崑山科技大學,04131015,企業管理系,13,11,2,1,0,0,0,3,0,7,2,0,0,4,4,0,13,11,2
107,私立,技專校院,1024,崑山科技大學,04141017,國際貿易系,3,3,0,0,0,0,0,1,0,2,0,0,0,1,1,0,3,3,0
107,私立,技專校院,1024,崑山科技大學,04143012,公共關係暨廣告系,11,9,2,0,0,0,0,1,0,8,2,0,0,1,1,0,11,9,2
107,私立,技專校院,1024,崑山科技大學,04199022,房地產開發與管理系,16,15,1,1,0,3,0,4,1,7,0,0,0,9,8,1,16,15,1
107,私立,技專校院,1024,崑山科技大學,06131008,資訊傳播系,5,4,1,0,0,0,0,0,0,4,1,0,0,0,0,0,5,4,1
107,私立,技專校院,1024,崑山科技大學,06131023,資訊管理系,11,7,4,0,0,0,0,0,0,7,4,0,0,0,0,0,11,7,4
107,私立,技專校院,1024,崑山科技大學,06131028,資訊工程系,5,4,1,0,0,0,0,1,0,3,1,0,0,1,1,0,5,4,1
107,私立,技專校院,1024,崑山科技大學,07112034,材料工程系,9,9,0,2,0,2,0,4,0,1,0,0,0,8,8,0,9,9,0
107,私立,技專校院,1024,崑山科技大學,07121038,環境工程系,2,2,0,0,0,1,0,1,0,0,0,0,0,2,2,0,2,2,0
107,私立,技專校院,1024,崑山科技大學,07141025,電機工程系,6,6,0,1,0,1,0,2,0,2,0,0,0,4,4,0,6,6,0
107,私立,技專校院,1024,崑山科技大學,07141026,電子工程系,1,1,0,0,0,0,0,0,0,1,0,0,0,0,0,0,1,1,0
107,私立,技專校院,1024,崑山科技大學,07141029,電腦與通訊系,3,3,0,0,0,0,0,1,0,2,0,0,0,1,1,0,3,3,0
107,私立,技專校院,1024,崑山科技大學,07151030,機械工程系,29,28,1,6,0,2,1,10,0,10,0,0,0,19,18,1,29,28,1
107,私立,技專校院,1024,崑山科技大學,09221039,幼兒保育系,1,1,0,0,0,0,0,0,0,1,0,0,0,0,0,0,1,1,0
107,私立,技專校院,1024,崑山科技大學,10131040,餐飲管理及廚藝系,25,17,8,1,0,0,0,0,0,16,8,0,0,1,1,0,25,17,8
107,私立,技專校院,1024,崑山科技大學,10151048,旅遊文化系,10,8,2,0,0,0,0,2,2,6,0,0,0,4,2,2,10,8,2
107,私立,技專校院,1024,崑山科技大學,10152044,休閒遊憩與運動管理系,5,3,2,0,0,0,0,1,0,2,2,0,0,1,1,0,5,3,2
107,私立,技專校院,1024,崑山科技大學,10199046,時尚展演事業學士學位學程,10,3,7,1,0,0,0,1,1,1,6,0,0,3,2,1,10,3,7
107,私立,技專校院,1024,崑山科技大學,99999Z01,通識教育中心,24,17,7,1,1,3,0,4,1,9,5,0,0,10,8,2,24,17,7
107,私立,技專校院,1024,崑山科技大學,99999Z07,體育室,1,1,0,1,0,0,0,0,0,0,0,0,0,1,1,0,1,1,0
107,私立,技專校院,1024,崑山科技大學,99999Z08,外語中心,23,4,19,0,0,1,0,1,0,2,19,0,0,2,2,0,23,4,19
107,私立,技專校院,1025,嘉藥學校財團法人嘉南藥理大學,02299001,儒學研究所,4,1,3,1,0,0,0,0,1,0,2,0,0,2,1,1,4,1,3
107,私立,技專校院,1025,嘉藥學校財團法人嘉南藥理大學,02311002,應用外語系,15,6,9,1,0,0,0,0,1,5,8,0,0,2,1,1,15,6,9
107,私立,技專校院,1025,嘉藥學校財團法人嘉南藥理大學,04133003,醫務管理系,26,13,13,1,0,1,1,2,0,9,12,0,0,5,4,1,26,13,13
107,私立,技專校院,1025,嘉藥學校財團法人嘉南藥理大學,05191015,保健營養系,23,6,17,1,0,0,0,3,3,2,14,0,0,7,4,3,23,6,17
107,私立,技專校院,1025,嘉藥學校財團法人嘉南藥理大學,05211027,環境資源管理系,8,6,2,0,0,0,0,2,2,4,0,0,0,4,2,2,8,6,2
107,私立,技專校院,1025,嘉藥學校財團法人嘉南藥理大學,06111006,資訊管理系,36,30,6,1,0,0,0,6,1,23,5,0,0,8,7,1,36,30,6
107,私立,技專校院,1025,嘉藥學校財團法人嘉南藥理大學,06133008,資訊多媒體應用系,4,3,1,1,0,0,0,1,0,1,1,0,0,2,2,0,4,3,1
107,私立,技專校院,1025,嘉藥學校財團法人嘉南藥理大學,06134007,應用空間資訊系,3,2,1,0,0,0,0,1,1,1,0,0,0,2,1,1,3,2,1
107,私立,技專校院,1025,嘉藥學校財團法人嘉南藥理大學,07121009,環境工程與科學系,8,7,1,1,0,0,0,4,1,2,0,0,0,6,5,1,8,7,1
107,私立,技專校院,1025,嘉藥學校財團法人嘉南藥理大學,07211010,食品科技系,11,10,1,0,0,1,0,1,0,8,1,0,0,2,2,0,11,10,1
107,私立,技專校院,1025,嘉藥學校財團法人嘉南藥理大學,07321043,公共安全及消防學士學位學程,12,12,0,0,0,0,0,1,0,11,0,0,0,1,1,0,12,12,0
107,私立,技專校院,1025,嘉藥學校財團法人嘉南藥理大學,09161012,藥學系,20,11,9,1,0,1,0,3,3,6,6,0,0,8,5,3,20,11,9
107,私立,技專校院,1025,嘉藥學校財團法人嘉南藥理大學,09199013,醫藥化學系,1,1,0,0,0,1,0,0,0,0,0,0,0,1,1,0,1,1,0
107,私立,技專校院,1025,嘉藥學校財團法人嘉南藥理大學,09211016,老人服務事業管理系,13,4,9,0,0,0,0,0,0,4,9,0,0,0,0,0,13,4,9
107,私立,技專校院,1025,嘉藥學校財團法人嘉南藥理大學,09221018,嬰幼兒保育系,5,0,5,0,0,0,0,0,0,0,5,0,0,0,0,0,5,0,5
107,私立,技專校院,1025,嘉藥學校財團法人嘉南藥理大學,09231017,社會工作系,23,11,12,0,0,0,1,4,0,7,11,0,0,5,4,1,23,11,12
107,私立,技專校院,1025,嘉藥學校財團法人嘉南藥理大學,10111023,生活應用與保健系,14,6,8,0,0,0,0,2,1,4,7,0,0,3,2,1,14,6,8
107,私立,技專校院,1025,嘉藥學校財團法人嘉南藥理大學,10121024,化粧品應用與管理系,27,9,18,0,2,1,1,1,1,7,14,0,0,6,2,4,27,9,18
107,私立,技專校院,1025,嘉藥學校財團法人嘉南藥理大學,10121025,藥粧生技產業學士學位學程,2,0,2,0,0,0,0,0,1,0,1,0,0,1,0,1,2,0,2
107,私立,技專校院,1025,嘉藥學校財團法人嘉南藥理大學,10131019,餐旅管理系,22,14,8,0,0,1,0,2,0,11,8,0,0,3,3,0,22,14,8
107,私立,技專校院,1025,嘉藥學校財團法人嘉南藥理大學,10151020,觀光事業管理系,10,4,6,0,0,0,0,0,1,4,5,0,0,1,0,1,10,4,6
107,私立,技專校院,1025,嘉藥學校財團法人嘉南藥理大學,10152021,休閒保健管理系,3,2,1,0,0,0,0,1,0,1,1,0,0,1,1,0,3,2,1
107,私立,技專校院,1025,嘉藥學校財團法人嘉南藥理大學,10152022,運動管理系,13,12,1,0,0,0,0,2,0,10,1,0,0,2,2,0,13,12,1
107,私立,技專校院,1025,嘉藥學校財團法人嘉南藥理大學,10221011,職業安全衛生系,12,10,2,0,0,1,0,3,0,6,2,0,0,4,4,0,12,10,2
107,私立,技專校院,1026,樹德科技大學,02112009,視覺傳達設計系,20,9,11,1,0,0,0,1,1,7,10,0,0,3,2,1,20,9,11
107,私立,技專校院,1026,樹德科技大學,02122004,流行設計系,19,4,15,0,0,0,0,1,0,3,15,0,0,1,1,0,19,4,15
107,私立,技專校院,1026,樹德科技大學,02122006,動畫與遊戲設計系,19,10,9,0,0,0,0,1,2,9,7,0,0,3,1,2,19,10,9
107,私立,技專校院,1026,樹德科技大學,02123010,生活產品設計系,20,16,4,1,0,0,0,1,0,14,4,0,0,2,2,0,20,16,4
107,私立,技專校院,1026,樹德科技大學,02124011,室內設計系,35,32,3,0,0,3,0,9,1,20,2,0,0,13,12,1,35,32,3
107,私立,技專校院,1026,樹德科技大學,02152001,表演藝術系,17,4,13,0,0,0,0,1,3,3,10,0,0,4,1,3,17,4,13
107,私立,技專校院,1026,樹德科技大學,02192002,藝術管理與藝術經紀系,11,3,8,0,0,0,0,1,1,2,7,0,0,2,1,1,11,3,8
107,私立,技專校院,1026,樹德科技大學,02311003,應用外語系,26,8,18,1,1,0,1,1,0,6,16,0,0,4,2,2,26,8,18
107,私立,技專校院,1026,樹德科技大學,04121026,金融管理系,21,12,9,0,0,0,0,4,4,8,5,0,0,8,4,4,21,12,9
107,私立,技專校院,1026,樹德科技大學,04131016,企業管理系,15,6,9,0,0,0,0,0,0,6,9,0,0,0,0,0,15,6,9
107,私立,技專校院,1026,樹德科技大學,04132029,流通管理系,19,12,7,0,0,1,1,5,1,6,5,0,0,8,6,2,19,12,7
107,私立,技專校院,1026,樹德科技大學,04141018,國際企業與貿易系,11,6,5,0,0,1,0,1,1,4,4,0,0,3,2,1,11,6,5
107,私立,技專校院,1026,樹德科技大學,04143027,行銷管理系,25,11,14,0,0,1,0,2,2,8,12,0,0,5,3,2,25,11,14
107,私立,技專校院,1026,樹德科技大學,06121032,資訊管理系,18,12,6,1,0,0,0,4,1,7,5,0,0,6,5,1,18,12,6
107,私立,技專校院,1026,樹德科技大學,06131033,資訊工程系,20,15,5,1,0,1,0,4,1,9,4,0,0,7,6,1,20,15,5
107,私立,技專校院,1026,樹德科技大學,07141034,電腦與通訊系,19,14,5,0,0,1,0,3,1,10,4,0,0,5,4,1,19,14,5
107,私立,技專校院,1026,樹德科技大學,09221038,兒童與家庭服務系,25,9,16,0,0,0,1,5,3,4,12,0,0,9,5,4,25,9,16
107,私立,技專校院,1026,樹德科技大學,10131046,餐旅與烘焙管理系,11,4,7,0,0,1,0,1,0,2,7,0,0,2,2,0,11,4,7
107,私立,技專校院,1026,樹德科技大學,10151041,休閒與觀光管理系,17,13,4,0,0,0,0,1,0,12,4,0,0,1,1,0,17,13,4
107,私立,技專校院,1026,樹德科技大學,10152044,休閒遊憩與運動管理系,28,17,11,0,1,1,0,2,2,14,8,0,0,6,3,3,28,17,11
107,私立,技專校院,1026,樹德科技大學,99999045,人類性學研究所,5,4,1,1,0,1,0,2,1,0,0,0,0,5,4,1,5,4,1
107,私立,一般大學,1027,慈濟學校財團法人慈濟大學,01111001,教育研究所,1,1,0,0,0,1,0,0,0,0,0,0,0,1,1,0,1,1,0
107,私立,一般大學,1027,慈濟學校財團法人慈濟大學,02311003,英美語文學系,3,2,1,0,0,0,0,0,1,2,0,0,0,1,0,1,3,2,1
107,私立,一般大學,1027,慈濟學校財團法人慈濟大學,02322004,東方語文學系,3,2,1,0,0,1,0,1,0,0,1,0,0,2,2,0,3,2,1
107,私立,一般大學,1027,慈濟學校財團法人慈濟大學,03131008,人類發展與心理學系,2,1,1,1,0,0,0,0,0,0,1,0,0,1,1,0,2,1,1
107,私立,一般大學,1027,慈濟學校財團法人慈濟大學,03214009,傳播學系,6,6,0,0,0,1,0,2,0,3,0,0,0,3,3,0,6,6,0
107,私立,一般大學,1027,慈濟學校財團法人慈濟大學,05111010,生命科學系,4,3,1,1,0,1,1,1,0,0,0,0,0,4,3,1,4,3,1
107,私立,一般大學,1027,慈濟學校財團法人慈濟大學,05121012,分子生物暨人類遺傳學系,1,1,0,1,0,0,0,0,0,0,0,0,0,1,1,0,1,1,0
107,私立,一般大學,1027,慈濟學校財團法人慈濟大學,06133032,醫學資訊學系,2,2,0,0,0,1,0,1,0,0,0,0,0,2,2,0,2,2,0
107,私立,一般大學,1027,慈濟學校財團法人慈濟大學,09121015,醫學系,302,267,35,34,2,61,0,77,19,95,14,0,0,193,172,21,302,267,35
107,私立,一般大學,1027,慈濟學校財團法人慈濟大學,09121019,醫學科學研究所,7,5,2,4,0,1,2,0,0,0,0,0,0,7,5,2,7,5,2
107,私立,一般大學,1027,慈濟學校財團法人慈濟大學,09121023,學士後中醫學系,28,23,5,2,0,3,0,5,1,13,4,0,0,11,10,1,28,23,5
107,私立,一般大學,1027,慈濟學校財團法人慈濟大學,09131028,護理學系,5,0,5,0,0,0,0,0,1,0,4,0,0,1,0,1,5,0,5
107,私立,一般大學,1027,慈濟學校財團法人慈濟大學,09141031,醫學檢驗生物技術學系,5,2,3,0,0,1,0,0,2,1,1,0,0,3,1,2,5,2,3
107,私立,一般大學,1027,慈濟學校財團法人慈濟大學,09151027,物理治療學系,1,1,0,0,0,1,0,0,0,0,0,0,0,1,1,0,1,1,0
107,私立,一般大學,1027,慈濟學校財團法人慈濟大學,09221002,兒童發展與家庭教育學系,3,0,3,0,0,0,0,0,0,0,3,0,0,0,0,0,3,0,3
107,私立,一般大學,1027,慈濟學校財團法人慈濟大學,09231034,社會工作學系,2,0,2,0,0,0,1,0,0,0,1,0,0,1,0,1,2,0,2
107,私立,一般大學,1027,慈濟學校財團法人慈濟大學,99999Z01,通識教育中心,15,5,10,0,0,1,0,3,3,1,7,0,0,7,4,3,15,5,10
107,私立,一般大學,1027,慈濟學校財團法人慈濟大學,99999Z05,師資培育中心,1,0,1,0,0,0,0,0,1,0,0,0,0,1,0,1,1,0,1
107,私立,一般大學,1027,慈濟學校財團法人慈濟大學,99999Z08,英語教學中心,1,0,1,0,0,0,0,0,0,0,1,0,0,0,0,0,1,0,1
107,私立,一般大學,1028,臺北醫學大學,03199001,醫學人文研究所,3,2,1,0,0,1,0,1,1,0,0,0,0,3,2,1,3,2,1
107,私立,一般大學,1028,臺北醫學大學,04133002,醫務管理學系,6,3,3,0,0,0,0,0,1,3,2,0,0,1,0,1,6,3,3
107,私立,一般大學,1028,臺北醫學大學,04199050,管理學院生物科技高階管理碩士在職專班,3,3,0,0,0,0,0,3,0,0,0,0,0,3,3,0,3,3,0
107,私立,一般大學,1028,臺北醫學大學,04212003,醫療暨生物科技法律研究所,1,1,0,0,0,0,0,1,0,0,0,0,0,1,1,0,1,1,0
107,私立,一般大學,1028,臺北醫學大學,05121016,醫學科學研究所,6,2,4,2,2,0,2,0,0,0,0,0,0,6,2,4,6,2,4
107,私立,一般大學,1028,臺北醫學大學,05191032,保健營養學系,14,1,13,0,0,0,0,1,6,0,7,0,0,7,1,6,14,1,13
107,私立,一般大學,1028,臺北醫學大學,06199051,大數據科技及管理研究所,2,1,1,1,0,0,0,0,1,0,0,0,0,2,1,1,2,1,1
107,私立,一般大學,1028,臺北醫學大學,07193008,生醫材料暨組織工程研究所,1,1,0,0,0,1,0,0,0,0,0,0,0,1,1,0,1,1,0
107,私立,一般大學,1028,臺北醫學大學,07193009,生物醫學工程學系,8,8,0,2,0,0,0,1,0,5,0,0,0,3,3,0,8,8,0
107,私立,一般大學,1028,臺北醫學大學,07193010,奈米醫學工程研究所,1,1,0,0,0,0,0,1,0,0,0,0,0,1,1,0,1,1,0
107,私立,一般大學,1028,臺北醫學大學,07193053,生醫光機電研究所,1,1,0,0,0,0,0,1,0,0,0,0,0,1,1,0,1,1,0
107,私立,一般大學,1028,臺北醫學大學,07211012,食品安全碩士學位學程,1,1,0,0,0,0,0,0,0,1,0,0,0,0,0,0,1,1,0
107,私立,一般大學,1028,臺北醫學大學,09111044,牙醫學系,34,27,7,1,0,3,0,8,2,15,5,0,0,14,12,2,34,27,7
107,私立,一般大學,1028,臺北醫學大學,09111045,牙體技術學系,8,8,0,0,0,1,0,2,0,5,0,0,0,3,3,0,8,8,0
107,私立,一般大學,1028,臺北醫學大學,09111046,口腔衛生學系,15,5,10,0,0,0,1,1,2,4,7,0,0,4,1,3,15,5,10
107,私立,一般大學,1028,臺北醫學大學,09121013,醫學系,182,133,49,23,3,12,5,33,10,65,31,0,0,86,68,18,182,133,49
107,私立,一般大學,1028,臺北醫學大學,09121014,臨床醫學研究所,4,4,0,3,0,0,0,1,0,0,0,0,0,4,4,0,4,4,0
107,私立,一般大學,1028,臺北醫學大學,09121017,轉譯醫學博士學位學程,1,1,0,1,0,0,0,0,0,0,0,0,0,1,1,0,1,1,0
107,私立,一般大學,1028,臺北醫學大學,09121018,神經再生醫學博士學位學程,6,5,1,3,0,0,1,2,0,0,0,0,0,6,5,1,6,5,1
107,私立,一般大學,1028,臺北醫學大學,09121054,細胞治療與再生醫學國際博士學位學程,2,2,0,1,0,0,0,1,0,0,0,0,0,2,2,0,2,2,0
107,私立,一般大學,1028,臺北醫學大學,09131037,護理學系,30,2,28,0,0,0,1,1,5,1,22,0,0,7,1,6,30,2,28
107,私立,一般大學,1028,臺北醫學大學,09141040,醫學生物科技博士學位學程,1,1,0,0,0,1,0,0,0,0,0,0,0,1,1,0,1,1,0
107,私立,一般大學,1028,臺北醫學大學,09141041,醫學檢驗暨生物技術學系,13,8,5,1,0,2,0,3,1,2,4,0,0,7,6,1,13,8,5
107,私立,一般大學,1028,臺北醫學大學,09141042,醫學資訊研究所,2,1,1,0,0,1,0,0,1,0,0,0,0,2,1,1,2,1,1
107,私立,一般大學,1028,臺北醫學大學,09161024,藥學系,58,17,41,1,0,1,1,3,3,12,37,0,0,9,5,4,58,17,41
107,私立,一般大學,1028,臺北醫學大學,09161026,生藥學研究所,8,5,3,1,2,1,1,3,0,0,0,0,0,8,5,3,8,5,3
107,私立,一般大學,1028,臺北醫學大學,09161028,癌症生物學與藥物研發博士學位學程,14,10,4,7,1,2,0,1,3,0,0,0,0,14,10,4,14,10,4
107,私立,一般大學,1028,臺北醫學大學,09161029,臨床藥物基因體學暨蛋白質體學碩士學位學程,4,4,0,3,0,0,0,1,0,0,0,0,0,4,4,0,4,4,0
107,私立,一般大學,1028,臺北醫學大學,09161030,中草藥臨床藥物研發博士學位學程,2,2,0,1,0,1,0,0,0,0,0,0,0,2,2,0,2,2,0
107,私立,一般大學,1028,臺北醫學大學,09161031,生技醫療產業研發博士學位學程,2,2,0,0,0,2,0,0,0,0,0,0,0,2,2,0,2,2,0
107,私立,一般大學,1028,臺北醫學大學,09191020,公共衛生學系,2,1,1,0,1,1,0,0,0,0,0,0,0,2,1,1,2,1,1
107,私立,一般大學,1028,臺北醫學大學,09191022,傷害防治學研究所,8,6,2,3,0,1,1,2,1,0,0,0,0,8,6,2,8,6,2
107,私立,一般大學,1028,臺北醫學大學,09191023,全球衛生暨發展碩士學位學程,1,1,0,1,0,0,0,0,0,0,0,0,0,1,1,0,1,1,0
107,私立,一般大學,1028,臺北醫學大學,09199035,呼吸治療學系,8,2,6,0,0,1,1,0,2,1,3,0,0,4,1,3,8,2,6
107,私立,一般大學,1028,臺北醫學大學,09199052,代謝與肥胖科學研究所,4,3,1,1,1,0,0,2,0,0,0,0,0,4,3,1,4,3,1
107,私立,一般大學,1028,臺北醫學大學,09211049,高齡健康管理學系,4,2,2,0,0,0,0,1,0,1,2,0,0,1,1,0,4,2,2
107,私立,一般大學,1028,臺北醫學大學,99999Z01,通識教育中心,44,24,20,2,0,2,2,10,4,10,14,0,0,20,14,6,44,24,20
107,私立,一般大學,1029,中山醫學大學,02311003,應用外國語言學系,1,0,1,0,0,0,1,0,0,0,0,0,0,1,0,1,1,0,1
107,私立,一般大學,1029,中山醫學大學,03131004,心理學系,1,0,1,0,0,0,0,0,0,0,1,0,0,0,0,0,1,0,1
107,私立,一般大學,1029,中山醫學大學,04133006,醫療產業科技管理學系,9,9,0,2,0,1,0,4,0,2,0,0,0,7,7,0,9,9,0
107,私立,一般大學,1029,中山醫學大學,05121012,生物醫學科學學系,5,2,3,1,2,1,0,0,0,0,1,0,0,4,2,2,5,2,3
107,私立,一般大學,1029,中山醫學大學,05123013,生化微生物免疫研究所,2,2,0,2,0,0,0,0,0,0,0,0,0,2,2,0,2,2,0
107,私立,一般大學,1029,中山醫學大學,05191026,營養學系,4,2,2,1,0,0,0,0,0,1,2,0,0,1,1,0,4,2,2
107,私立,一般大學,1029,中山醫學大學,05399015,醫學應用化學系,1,1,0,1,0,0,0,0,0,0,0,0,0,1,1,0,1,1,0
107,私立,一般大學,1029,中山醫學大學,06131033,醫學資訊學系,2,2,0,0,0,0,0,0,0,2,0,0,0,0,0,0,2,2,0
107,私立,一般大學,1029,中山醫學大學,09111038,牙醫學系,21,15,6,2,3,3,1,5,0,5,2,0,0,14,10,4,21,15,6
107,私立,一般大學,1029,中山醫學大學,09121018,醫學系,90,80,10,15,0,8,2,21,3,36,5,0,0,49,44,5,90,80,10
107,私立,一般大學,1029,中山醫學大學,09121018,醫學研究所,12,12,0,8,0,1,0,3,0,0,0,0,0,12,12,0,12,12,0
107,私立,一般大學,1029,中山醫學大學,09131028,護理學系,33,0,33,0,3,0,0,0,2,0,28,0,0,5,0,5,33,0,33
107,私立,一般大學,1029,中山醫學大學,09141030,醫學檢驗暨生物技術學系,7,5,2,0,0,1,0,1,0,3,2,0,0,2,2,0,7,5,2
107,私立,一般大學,1029,中山醫學大學,09141031,醫學影像暨放射科學系,5,3,2,0,0,0,0,1,1,2,1,0,0,2,1,1,5,3,2
107,私立,一般大學,1029,中山醫學大學,09141032,視光學系,6,4,2,0,0,0,0,0,0,4,2,0,0,0,0,0,6,4,2
107,私立,一般大學,1029,中山醫學大學,09151022,物理治療學系,5,4,1,0,0,1,0,2,1,1,0,0,0,4,3,1,5,4,1
107,私立,一般大學,1029,中山醫學大學,09152023,職能治療學系,1,0,1,0,0,0,0,0,0,0,1,0,0,0,0,0,1,0,1
107,私立,一般大學,1029,中山醫學大學,09153024,語言治療與聽力學系,9,0,9,0,1,0,0,0,0,0,8,0,0,1,0,1,9,0,9
107,私立,一般大學,1029,中山醫學大學,09231045,醫學社會暨社會工作學系,6,3,3,1,0,1,0,0,1,1,2,0,0,3,2,1,6,3,3
107,私立,一般大學,1029,中山醫學大學,10131046,健康餐飲暨產業管理學系,5,3,2,0,0,0,0,1,0,2,2,0,0,1,1,0,5,3,2
107,私立,一般大學,1029,中山醫學大學,10221021,職業安全衛生學系,6,6,0,1,0,0,0,4,0,1,0,0,0,5,5,0,6,6,0
107,私立,一般大學,1029,中山醫學大學,99999Z01,通識教育中心,14,8,6,1,0,0,1,3,1,4,4,0,0,6,4,2,14,8,6
107,私立,一般大學,1029,中山醫學大學,99999Z07,體育中心,14,9,5,0,0,0,0,3,0,6,5,0,0,3,3,0,14,9,5
107,私立,技專校院,1030,龍華科技大學,02112011,多媒體與遊戲發展科學系,14,9,5,0,0,0,0,1,1,8,4,0,0,2,1,1,14,9,5
107,私立,技專校院,1030,龍華科技大學,02122002,文化創意與數位媒體設計系,9,6,3,0,0,0,0,1,0,5,3,0,0,1,1,0,9,6,3
107,私立,技專校院,1030,龍華科技大學,02311001,應用外語系,22,13,9,0,0,0,0,3,1,10,8,0,0,4,3,1,22,13,9
107,私立,技專校院,1030,龍華科技大學,04121007,財務金融系,3,3,0,0,0,0,0,2,0,1,0,0,0,2,2,0,3,3,0
107,私立,技專校院,1030,龍華科技大學,04131004,企業管理系,19,15,4,2,0,1,0,4,0,8,4,0,0,7,7,0,19,15,4
107,私立,技專校院,1030,龍華科技大學,04141005,國際企業系,4,3,1,0,0,0,0,0,0,3,1,0,0,0,0,0,4,3,1
107,私立,技專校院,1030,龍華科技大學,04199008,工業管理系,14,10,4,0,0,0,0,4,1,6,3,0,0,5,4,1,14,10,4
107,私立,技專校院,1030,龍華科技大學,06131009,資訊管理系,7,4,3,0,1,0,0,1,0,3,2,0,0,2,1,1,7,4,3
107,私立,技專校院,1030,龍華科技大學,06131015,資訊網路工程系,14,11,3,0,0,1,0,5,0,5,3,0,0,6,6,0,14,11,3
107,私立,技專校院,1030,龍華科技大學,07112018,化工與材料工程系,26,22,4,1,0,0,1,8,0,13,3,0,0,10,9,1,26,22,4
107,私立,技專校院,1030,龍華科技大學,07141013,電機工程系,15,15,0,1,0,0,0,4,0,10,0,0,0,5,5,0,15,15,0
107,私立,技專校院,1030,龍華科技大學,07141014,電子工程系,15,14,1,1,0,1,1,5,0,7,0,0,0,8,7,1,15,14,1
107,私立,技專校院,1030,龍華科技大學,07151016,機械工程系,25,20,5,1,0,3,0,4,0,12,5,0,0,8,8,0,25,20,5
107,私立,技專校院,1030,龍華科技大學,10151021,觀光休閒系,22,14,8,0,0,0,0,3,1,11,7,0,0,4,3,1,22,14,8
107,私立,技專校院,1030,龍華科技大學,99999Z01,通識(教育)中心,123,64,59,1,0,2,4,16,14,45,41,0,0,37,19,18,123,64,59
107,私立,技專校院,1031,輔英科技大學,01121035,幼兒保育暨產業系,3,0,3,0,0,0,0,0,0,0,3,0,0,0,0,0,3,0,3
107,私立,技專校院,1031,輔英科技大學,02311001,應用外語系,3,0,3,0,0,0,0,0,0,0,3,0,0,0,0,0,3,0,3
107,私立,技專校院,1031,輔英科技大學,04133003,健康事業管理系,4,2,2,0,0,1,0,0,0,1,2,0,0,1,1,0,4,2,2
107,私立,技專校院,1031,輔英科技大學,05121006,生物科技系,1,0,1,0,0,0,0,0,1,0,0,0,0,1,0,1,1,0,1
107,私立,技專校院,1031,輔英科技大學,05191018,保健營養系,12,3,9,0,0,0,0,1,2,2,7,0,0,3,1,2,12,3,9
107,私立,技專校院,1031,輔英科技大學,06131034,資訊科技與管理系,6,6,0,0,0,0,0,1,0,5,0,0,0,1,1,0,6,6,0
107,私立,技專校院,1031,輔英科技大學,07121012,環境工程與科學系,5,5,0,0,0,1,0,2,0,2,0,0,0,3,3,0,5,5,0
107,私立,技專校院,1031,輔英科技大學,09111B01,學士後牙科助理學士學位學程,4,4,0,1,0,0,0,1,0,2,0,0,0,2,2,0,4,4,0
107,私立,技專校院,1031,輔英科技大學,09131019,護理系,73,20,53,0,0,6,0,8,8,6,45,0,0,22,14,8,73,20,53
107,私立,技專校院,1031,輔英科技大學,09141024,醫學檢驗生物技術系,9,6,3,1,0,1,1,3,1,1,1,0,0,7,5,2,9,6,3
107,私立,技專校院,1031,輔英科技大學,09151016,物理治療系,5,4,1,0,0,2,0,0,0,2,1,0,0,2,2,0,5,4,1
107,私立,技專校院,1031,輔英科技大學,09211027,高齡及長期照護事業系,10,4,6,0,0,0,0,1,1,3,5,0,0,2,1,1,10,4,6
107,私立,技專校院,1031,輔英科技大學,10121032,健康美容系,6,2,4,0,0,0,0,1,0,1,4,0,0,1,1,0,6,2,4
107,私立,技專校院,1031,輔英科技大學,10199029,休閒與遊憩事業管理系,9,4,5,1,0,0,0,2,0,1,5,0,0,3,3,0,9,4,5
107,私立,技專校院,1031,輔英科技大學,10221015,職業安全衛生系,8,5,3,0,0,0,0,3,1,2,2,0,0,4,3,1,8,5,3
107,私立,技專校院,1031,輔英科技大學,99999Z01,基本能力教育組,20,8,12,0,0,1,0,0,5,7,7,0,0,6,1,5,20,8,12
107,私立,技專校院,1031,輔英科技大學,99999Z01,博雅教育組,19,8,11,0,0,2,0,2,2,4,9,0,0,6,4,2,19,8,11
107,私立,技專校院,1032,明新學校財團法人明新科技大學,02311001,應用外語系,16,8,8,0,0,0,0,2,4,6,4,0,0,6,2,4,16,8,8
107,私立,技專校院,1032,明新學校財團法人明新科技大學,04121007,財務金融系,2,2,0,0,0,0,0,1,0,1,0,0,0,1,1,0,2,2,0
107,私立,技專校院,1032,明新學校財團法人明新科技大學,04131002,企業管理系,18,10,8,0,0,0,1,0,4,10,3,0,0,5,0,5,18,10,8
107,私立,技專校院,1032,明新學校財團法人明新科技大學,04131003,管理研究所,6,5,1,0,0,0,0,5,1,0,0,0,0,6,5,1,6,5,1
107,私立,技專校院,1032,明新學校財團法人明新科技大學,04143008,行銷與流通管理系,6,5,1,0,0,0,0,1,0,4,1,0,0,1,1,0,6,5,1
107,私立,技專校院,1032,明新學校財團法人明新科技大學,06131009,資訊管理系,12,9,3,0,0,0,0,1,0,8,3,0,0,1,1,0,12,9,3
107,私立,技專校院,1032,明新學校財團法人明新科技大學,07111022,化學工程與材料科技系,6,6,0,1,0,0,0,3,0,2,0,0,0,4,4,0,6,6,0
107,私立,技專校院,1032,明新學校財團法人明新科技大學,07141011,電機工程系,8,8,0,0,0,0,0,0,0,8,0,0,0,0,0,0,8,8,0
107,私立,技專校院,1032,明新學校財團法人明新科技大學,07141012,電子工程系,3,3,0,0,0,1,0,2,0,0,0,0,0,3,3,0,3,3,0
107,私立,技專校院,1032,明新學校財團法人明新科技大學,07141013,資訊工程系,5,4,1,0,0,0,0,1,0,3,1,0,0,1,1,0,5,4,1
107,私立,技專校院,1032,明新學校財團法人明新科技大學,07151016,機械工程系,9,9,0,0,0,0,0,4,0,5,0,0,0,4,4,0,9,9,0
107,私立,技專校院,1032,明新學校財團法人明新科技大學,07191024,工業工程與管理系,9,7,2,0,0,0,0,1,1,6,1,0,0,2,1,1,9,7,2
107,私立,技專校院,1032,明新學校財團法人明新科技大學,07321020,土木工程與環境資源管理系,3,3,0,0,0,0,0,3,0,0,0,0,0,3,3,0,3,3,0
107,私立,技專校院,1032,明新學校財團法人明新科技大學,09211026,老人服務事業管理系,19,6,13,0,0,0,0,2,1,4,12,0,0,3,2,1,19,6,13
107,私立,技專校院,1032,明新學校財團法人明新科技大學,09221027,幼兒保育系,20,5,15,0,0,0,1,0,3,5,11,0,0,4,0,4,20,5,15
107,私立,技專校院,1032,明新學校財團法人明新科技大學,10121032,化妝品應用學士學位學程,7,2,5,0,0,0,0,1,0,1,5,0,0,1,1,0,7,2,5
107,私立,技專校院,1032,明新學校財團法人明新科技大學,10131028,旅館事業管理系,24,8,16,0,0,0,1,2,3,6,12,0,0,6,2,4,24,8,16
107,私立,技專校院,1032,明新學校財團法人明新科技大學,10151029,文化觀光產業學士學位學程,2,1,1,0,0,0,0,0,0,1,1,0,0,0,0,0,2,1,1
107,私立,技專校院,1032,明新學校財團法人明新科技大學,10152030,休閒事業管理系,18,13,5,0,0,1,0,3,0,9,5,0,0,4,4,0,18,13,5
107,私立,技專校院,1032,明新學校財團法人明新科技大學,10152031,運動管理系,3,3,0,0,0,0,0,0,0,3,0,0,0,0,0,0,3,3,0
107,私立,技專校院,1032,明新學校財團法人明新科技大學,99999Z05,師資培育中心,2,1,1,0,0,0,0,1,1,0,0,0,0,2,1,1,2,1,1
107,私立,技專校院,1032,明新學校財團法人明新科技大學,99999Z07,體育教育中心,19,12,7,0,0,0,0,1,1,11,6,0,0,2,1,1,19,12,7
107,私立,技專校院,1032,明新學校財團法人明新科技大學,99999Z08,華語文教學中心,2,1,1,0,0,0,0,0,1,1,0,0,0,1,0,1,2,1,1
107,私立,技專校院,1032,明新學校財團法人明新科技大學,99999Z08,語言教學中心,17,4,13,0,0,0,0,0,1,4,12,0,0,1,0,1,17,4,13
107,私立,技專校院,1032,明新學校財團法人明新科技大學,99999Z99,人文藝術教學中心,17,8,9,0,0,0,0,5,3,3,6,0,0,8,5,3,17,8,9
107,私立,技專校院,1032,明新學校財團法人明新科技大學,99999Z99,自然科學教學中心,21,16,5,0,0,1,0,4,0,11,5,0,0,5,5,0,21,16,5
107,私立,技專校院,1032,明新學校財團法人明新科技大學,99999Z99,社會科學教學中心,9,7,2,0,0,1,0,1,1,5,1,0,0,3,2,1,9,7,2
107,私立,一般大學,1033,長榮大學,02111015,媒體設計科技學系,9,5,4,0,0,0,0,0,0,5,4,0,0,0,0,0,9,5,4
107,私立,一般大學,1033,長榮大學,02112013,藝術創意與設計學士學位學程,2,0,2,0,0,0,0,0,0,0,2,0,0,0,0,0,2,0,2
107,私立,一般大學,1033,長榮大學,02112016,數位內容設計學系,3,1,2,0,0,0,0,1,0,0,2,0,0,1,1,0,3,1,2
107,私立,一般大學,1033,長榮大學,02122064,互動設計學系,1,0,1,0,0,0,0,0,0,0,1,0,0,0,0,0,1,0,1
107,私立,一般大學,1033,長榮大學,02131001,美術學系,9,4,5,0,0,0,1,0,0,4,4,0,0,1,0,1,9,4,5
107,私立,一般大學,1033,長榮大學,02131002,書畫藝術學系,8,7,1,2,0,0,0,2,0,3,1,0,0,4,4,0,8,7,1
107,私立,一般大學,1033,長榮大學,02141004,台灣文化創意產業學士學位學程,9,3,6,0,0,2,0,0,0,1,6,0,0,2,2,0,9,3,6
107,私立,一般大學,1033,長榮大學,02221020,台灣研究所,2,2,0,2,0,0,0,0,0,0,0,0,0,2,2,0,2,2,0
107,私立,一般大學,1033,長榮大學,02231012,應用哲學系,4,3,1,0,0,0,0,2,0,1,1,0,0,2,2,0,4,3,1
107,私立,一般大學,1033,長榮大學,02299034,管理學院學士班原住民專班,1,1,0,0,0,0,0,0,0,1,0,0,0,0,0,0,1,1,0
107,私立,一般大學,1033,長榮大學,02299066,東南亞文化與產業學士學位學程,5,1,4,0,0,0,0,1,0,0,4,0,0,1,1,0,5,1,4
107,私立,一般大學,1033,長榮大學,02311005,應用日語學系,11,4,7,2,0,0,1,1,2,1,4,0,0,6,3,3,11,4,7
107,私立,一般大學,1033,長榮大學,02311076,日語進修學士學位學程,2,0,2,0,0,0,0,0,1,0,1,0,0,1,0,1,2,0,2
107,私立,一般大學,1033,長榮大學,02312007,翻譯學系,14,4,10,1,0,0,0,0,0,3,10,0,0,1,1,0,14,4,10
107,私立,一般大學,1033,長榮大學,03131018,健康心理學系,5,3,2,0,0,0,0,3,1,0,1,0,0,4,3,1,5,3,2
107,私立,一般大學,1033,長榮大學,03211021,大眾傳播學系,7,4,3,0,0,0,0,1,1,3,2,0,0,2,1,1,7,4,3
107,私立,一般大學,1033,長榮大學,04111024,會計資訊學系,5,4,1,0,0,0,0,3,0,1,1,0,0,3,3,0,5,4,1
107,私立,一般大學,1033,長榮大學,04121030,財務金融學系,2,2,0,0,0,0,0,0,0,2,0,0,0,0,0,0,2,2,0
107,私立,一般大學,1033,長榮大學,04131025,企業管理學系,6,4,2,0,0,1,1,3,0,0,1,0,0,5,4,1,6,4,2
107,私立,一般大學,1033,長榮大學,04131026,經營管理研究所,2,1,1,0,0,0,0,1,1,0,0,0,0,2,1,1,2,1,1
107,私立,一般大學,1033,長榮大學,04131026,管理學院經營管理博士班,1,1,0,1,0,0,0,0,0,0,0,0,0,1,1,0,1,1,0
107,私立,一般大學,1033,長榮大學,04131026,管理學院經營管理碩士班,2,1,1,0,0,1,0,0,1,0,0,0,0,2,1,1,2,1,1
107,私立,一般大學,1033,長榮大學,04131028,國際企業學系,5,5,0,0,0,0,0,4,0,1,0,0,0,4,4,0,5,5,0
107,私立,一般大學,1033,長榮大學,04131033,高階管理碩士在職專班,3,3,0,2,0,0,0,1,0,0,0,0,0,3,3,0,3,3,0
107,私立,一般大學,1033,長榮大學,04133031,醫務管理學系,8,4,4,0,0,0,0,2,0,2,4,0,0,2,2,0,8,4,4
107,私立,一般大學,1033,長榮大學,04141029,國際會展管理學士學位學程,4,4,0,0,0,0,0,1,0,3,0,0,0,1,1,0,4,4,0
107,私立,一般大學,1033,長榮大學,04191022,國際財務與商務管理學士學位學程,1,1,0,0,0,0,0,0,0,1,0,0,0,0,0,0,1,1,0
107,私立,一般大學,1033,長榮大學,04199027,管理學士學位學程,17,13,4,0,0,1,0,6,2,6,2,0,0,9,7,2,17,13,4
107,私立,一般大學,1033,長榮大學,04199032,科技管理學位學程,1,0,1,0,0,0,0,0,1,0,0,0,0,1,0,1,1,0,1
107,私立,一般大學,1033,長榮大學,04199067,創新應用管理學系,1,1,0,0,0,0,0,1,0,0,0,0,0,1,1,0,1,1,0
107,私立,一般大學,1033,長榮大學,05121035,生物科技學系,2,2,0,1,0,0,0,0,0,1,0,0,0,1,1,0,2,2,0
107,私立,一般大學,1033,長榮大學,05191048,保健營養學系,1,1,0,0,0,0,0,1,0,0,0,0,0,1,1,0,1,1,0
107,私立,一般大學,1033,長榮大學,05211065,永續發展國際學士學位學程,3,1,2,1,0,0,0,0,2,0,0,0,0,3,1,2,3,1,2
107,私立,一般大學,1033,長榮大學,06131037,資訊管理學系,1,0,1,0,0,0,0,0,1,0,0,0,0,1,0,1,1,0,1
107,私立,一般大學,1033,長榮大學,06131039,資訊工程學系,3,3,0,0,0,0,0,2,0,1,0,0,0,2,2,0,3,3,0
107,私立,一般大學,1033,長榮大學,07141041,科技工程與管理學系,6,5,1,0,0,0,0,5,1,0,0,0,0,6,5,1,6,5,1
107,私立,一般大學,1033,長榮大學,07313042,土地管理與開發學系,4,3,1,0,0,0,1,2,0,1,0,0,0,3,2,1,4,3,1
107,私立,一般大學,1033,長榮大學,09121044,醫學研究所,1,1,0,0,0,0,0,1,0,0,0,0,0,1,1,0,1,1,0
107,私立,一般大學,1033,長榮大學,09131049,護理學系,9,0,9,0,0,0,1,0,2,0,6,0,0,3,0,3,9,0,9
107,私立,一般大學,1033,長榮大學,09199054,醫藥科學產業學士學位學程,2,2,0,0,0,1,0,1,0,0,0,0,0,2,2,0,2,2,0
107,私立,一般大學,1033,長榮大學,09199071,醫藥科學產業學系,3,2,1,0,0,1,0,1,1,0,0,0,0,3,2,1,3,2,1
107,私立,一般大學,1033,長榮大學,09231055,社會工作學系,7,1,6,1,0,0,0,0,2,0,4,0,0,3,1,2,7,1,6
107,私立,一般大學,1033,長榮大學,10141058,運動競技學系,11,8,3,0,0,2,0,0,0,6,3,0,0,2,2,0,11,8,3
107,私立,一般大學,1033,長榮大學,10151056,觀光與餐飲服務事業進修學士學位學程,2,1,1,0,0,0,0,0,0,1,1,0,0,0,0,0,2,1,1
107,私立,一般大學,1033,長榮大學,10151057,觀光與餐飲管理學系,6,4,2,0,0,0,0,0,1,4,1,0,0,1,0,1,6,4,2
107,私立,一般大學,1033,長榮大學,10221045,職業安全與衛生學系,16,14,2,1,0,0,0,6,0,7,2,0,0,7,7,0,16,14,2
107,私立,一般大學,1033,長榮大學,10321062,消防安全學士學位學程,1,1,0,0,0,0,0,0,0,1,0,0,0,0,0,0,1,1,0
107,私立,一般大學,1033,長榮大學,10412061,航運管理學系,2,2,0,0,0,1,0,1,0,0,0,0,0,2,2,0,2,2,0
107,私立,一般大學,1033,長榮大學,99999Z01,共同教育中心,23,20,3,1,0,7,0,1,1,11,2,0,0,10,9,1,23,20,3
107,私立,一般大學,1033,長榮大學,99999Z01,通識教育中心,11,8,3,1,0,0,0,4,2,3,1,0,0,7,5,2,11,8,3
107,私立,一般大學,1033,長榮大學,99999Z08,華語文教育中心,1,0,1,0,0,0,0,0,0,0,1,0,0,0,0,0,1,0,1
107,私立,一般大學,1033,長榮大學,99999Z08,語文教育中心,21,7,14,0,0,0,0,3,6,4,8,0,0,9,3,6,21,7,14
107,私立,技專校院,1034,弘光科技大學,02122003,文化創意產業系,20,17,3,0,0,1,0,1,0,15,3,0,0,2,2,0,20,17,3
107,私立,技專校院,1034,弘光科技大學,02311002,應用英語系,10,1,9,0,0,0,0,0,2,1,7,0,0,2,0,2,10,1,9
107,私立,技專校院,1034,弘光科技大學,04133005,健康事業管理系,21,14,7,1,0,0,1,2,3,11,3,0,0,7,3,4,21,14,7
107,私立,技專校院,1034,弘光科技大學,05111007,動物保健學士學位學程,6,4,2,0,0,0,0,0,1,4,1,0,0,1,0,1,6,4,2
107,私立,技專校院,1034,弘光科技大學,05121008,生物科技系,8,6,2,1,0,2,0,2,2,1,0,0,0,7,5,2,8,6,2
107,私立,技專校院,1034,弘光科技大學,05191023,營養系,26,11,15,0,0,2,0,6,3,3,12,0,0,11,8,3,26,11,15
107,私立,技專校院,1034,弘光科技大學,06131010,資訊管理系,14,10,4,0,0,0,0,5,0,5,4,0,0,5,5,0,14,10,4
107,私立,技專校院,1034,弘光科技大學,06131011,資訊工程系,13,13,0,1,0,0,0,4,0,8,0,0,0,5,5,0,13,13,0
107,私立,技專校院,1034,弘光科技大學,07121014,環境與安全衛生工程系,28,24,4,0,0,0,0,10,2,14,2,0,0,12,10,2,28,24,4
107,私立,技專校院,1034,弘光科技大學,07193015,生物醫學工程系,7,7,0,1,0,0,0,5,0,1,0,0,0,6,6,0,7,7,0
107,私立,技專校院,1034,弘光科技大學,07211017,食品科技系,26,18,8,3,0,0,0,9,1,6,7,0,0,13,12,1,26,18,8
107,私立,技專校院,1034,弘光科技大學,09131025,護理系,52,15,37,1,0,0,2,7,6,7,29,0,0,16,8,8,52,15,37
107,私立,技專校院,1034,弘光科技大學,09131025,護理科,2,0,2,0,0,0,0,0,2,0,0,0,0,2,0,2,2,0,2
107,私立,技專校院,1034,弘光科技大學,09151020,物理治療系,16,9,7,2,0,1,0,3,4,3,3,0,0,10,6,4,16,9,7
107,私立,技專校院,1034,弘光科技大學,09153021,語言治療與聽力學系,7,3,4,0,0,1,0,1,3,1,1,0,0,5,2,3,7,3,4
107,私立,技專校院,1034,弘光科技大學,09211037,老人福利與長期照顧事業系,9,3,6,0,0,0,1,1,0,2,5,0,0,2,1,1,9,3,6
107,私立,技專校院,1034,弘光科技大學,09221028,幼兒保育系,10,5,5,0,0,0,0,2,1,3,4,0,0,3,2,1,10,5,5
107,私立,技專校院,1034,弘光科技大學,10121031,化妝品應用系,36,17,19,0,0,0,2,7,3,10,14,0,0,12,7,5,36,17,19
107,私立,技專校院,1034,弘光科技大學,10121034,美髮造型設計系,5,4,1,0,0,0,0,2,0,2,1,0,0,2,2,0,5,4,1
107,私立,技專校院,1034,弘光科技大學,10131029,餐旅管理系,25,13,12,1,0,0,2,4,1,8,9,0,0,8,5,3,25,13,12
107,私立,技專校院,1034,弘光科技大學,10152030,運動休閒系,34,25,9,2,0,0,1,2,3,21,5,0,0,8,4,4,34,25,9
107,私立,技專校院,1034,弘光科技大學,99999Z01,通識學院,118,65,53,2,0,2,0,25,8,36,45,0,0,37,29,8,118,65,53
107,私立,一般大學,1035,中國醫藥大學,04133029,醫務管理學系,15,11,4,5,0,4,2,1,0,1,2,0,0,12,10,2,15,11,4
107,私立,一般大學,1035,中國醫藥大學,05121043,生物科技學系,1,0,1,0,0,0,0,0,1,0,0,0,0,1,0,1,1,0,1
107,私立,一般大學,1035,中國醫藥大學,05191021,營養學系,8,2,6,1,0,0,0,0,2,1,4,0,0,3,1,2,8,2,6
107,私立,一般大學,1035,中國醫藥大學,08411012,中獸醫碩士學位學程,2,2,0,2,0,0,0,0,0,0,0,0,0,2,2,0,2,2,0
107,私立,一般大學,1035,中國醫藥大學,09111019,牙醫學系,15,10,5,1,0,3,1,1,0,5,4,0,0,6,5,1,15,10,5
107,私立,一般大學,1035,中國醫藥大學,09111030,口腔衛生學系,2,0,2,0,0,0,0,0,1,0,1,0,0,1,0,1,2,0,2
107,私立,一般大學,1035,中國醫藥大學,09121003,生物醫學研究所,20,15,5,8,1,2,0,5,4,0,0,0,0,20,15,5,20,15,5
107,私立,一般大學,1035,中國醫藥大學,09121014,中醫學系,37,29,8,3,0,8,1,12,4,6,3,0,0,28,23,5,37,29,8
107,私立,一般大學,1035,中國醫藥大學,09121014,學士後中醫學系,17,13,4,0,0,1,1,8,2,4,1,0,0,12,9,3,17,13,4
107,私立,一般大學,1035,中國醫藥大學,09121016,醫學系,53,36,17,5,1,5,3,13,9,13,4,0,0,36,23,13,53,36,17
107,私立,一般大學,1035,中國醫藥大學,09121046,中西醫結合研究所,1,1,0,0,0,1,0,0,0,0,0,0,0,1,1,0,1,1,0
107,私立,一般大學,1035,中國醫藥大學,09131024,二年制呼吸治療學系,10,8,2,0,0,2,0,6,2,0,0,0,0,10,8,2,10,8,2
107,私立,一般大學,1035,中國醫藥大學,09131045,護理學系,9,1,8,0,1,0,0,0,1,1,6,0,0,2,0,2,9,1,8
107,私立,一般大學,1035,中國醫藥大學,09141017,醫學檢驗生物技術學系,7,1,6,0,0,0,0,1,3,0,3,0,0,4,1,3,7,1,6
107,私立,一般大學,1035,中國醫藥大學,09141032,生物醫學影像暨放射科學學系,9,8,1,0,0,2,0,3,1,3,0,0,0,6,5,1,9,8,1
107,私立,一般大學,1035,中國醫藥大學,09151010,物理治療學系,1,1,0,0,0,1,0,0,0,0,0,0,0,1,1,0,1,1,0
107,私立,一般大學,1035,中國醫藥大學,09159047,運動醫學系,2,1,1,0,0,0,0,1,0,0,1,0,0,1,1,0,2,1,1
107,私立,一般大學,1035,中國醫藥大學,09161015,新藥開發研究所,1,0,1,0,1,0,0,0,0,0,0,0,0,1,0,1,1,0,1
107,私立,一般大學,1035,中國醫藥大學,09161034,藥學系,14,13,1,2,0,2,0,6,0,3,1,0,0,10,10,0,14,13,1
107,私立,一般大學,1035,中國醫藥大學,09161039,中國藥學暨中藥資源學系,12,11,1,3,0,1,1,5,0,2,0,0,0,10,9,1,12,11,1
107,私立,一般大學,1035,中國醫藥大學,09161042,藥用化妝品學系,3,2,1,0,0,0,0,0,0,2,1,0,0,0,0,0,3,2,1
107,私立,一般大學,1035,中國醫藥大學,09191008,健康風險管理學系,2,1,1,0,0,0,1,0,0,1,0,0,0,1,0,1,2,1,1
107,私立,一般大學,1035,中國醫藥大學,09191026,公共衛生學系,7,5,2,3,0,1,1,1,1,0,0,0,0,7,5,2,7,5,2
107,私立,一般大學,1035,中國醫藥大學,10221038,職業安全與衛生學系,3,2,1,1,1,0,0,1,0,0,0,0,0,3,2,1,3,2,1
107,私立,一般大學,1035,中國醫藥大學,99999Z01,通識教育中心,28,21,7,4,0,2,4,6,1,9,2,0,0,17,12,5,28,21,7
107,私立,技專校院,1036,健行學校財團法人健行科技大學,02112002,數位多媒體設計系,4,3,1,0,0,0,0,0,0,3,1,0,0,0,0,0,4,3,1
107,私立,技專校院,1036,健行學校財團法人健行科技大學,02311001,應用外語系,14,3,11,0,0,0,0,1,2,2,9,0,0,3,1,2,14,3,11
107,私立,技專校院,1036,健行學校財團法人健行科技大學,04121009,財務金融系,8,3,5,0,0,0,0,0,0,3,5,0,0,0,0,0,8,3,5
107,私立,技專校院,1036,健行學校財團法人健行科技大學,04131004,企業管理系,12,9,3,0,0,2,0,1,0,6,3,0,0,3,3,0,12,9,3
107,私立,技專校院,1036,健行學校財團法人健行科技大學,04143010,行銷與流通管理系,9,8,1,0,0,1,0,0,0,7,1,0,0,1,1,0,9,8,1
107,私立,技專校院,1036,健行學校財團法人健行科技大學,04199012,物業經營與管理系,6,2,4,0,0,0,0,0,1,2,3,0,0,1,0,1,6,2,4
107,私立,技專校院,1036,健行學校財團法人健行科技大學,06111014,資訊管理系,5,5,0,0,0,0,0,1,0,4,0,0,0,1,1,0,5,5,0
107,私立,技專校院,1036,健行學校財團法人健行科技大學,07112023,材料製造科技學位學程,1,1,0,0,0,0,0,1,0,0,0,0,0,1,1,0,1,1,0
107,私立,技專校院,1036,健行學校財團法人健行科技大學,07141016,電機工程系,1,1,0,0,0,0,0,0,0,1,0,0,0,0,0,0,1,1,0
107,私立,技專校院,1036,健行學校財團法人健行科技大學,07141017,電子工程系,1,1,0,1,0,0,0,0,0,0,0,0,0,1,1,0,1,1,0
107,私立,技專校院,1036,健行學校財團法人健行科技大學,07141018,資訊工程系,4,4,0,1,0,1,0,1,0,1,0,0,0,3,3,0,4,4,0
107,私立,技專校院,1036,健行學校財團法人健行科技大學,07151020,機械工程系,5,5,0,0,0,0,0,1,0,4,0,0,0,1,1,0,5,5,0
107,私立,技專校院,1036,健行學校財團法人健行科技大學,07191011,工業管理系,4,3,1,0,0,0,0,1,0,2,1,0,0,1,1,0,4,3,1
107,私立,技專校院,1036,健行學校財團法人健行科技大學,07321021,土木工程系,10,8,2,1,0,0,0,6,1,1,1,0,0,8,7,1,10,8,2
107,私立,技專校院,1036,健行學校財團法人健行科技大學,07322015,應用空間資訊系,7,6,1,0,0,2,0,1,0,3,1,0,0,3,3,0,7,6,1
107,私立,技專校院,1036,健行學校財團法人健行科技大學,10131025,餐旅管理系,28,11,17,0,1,0,1,4,2,7,13,0,0,8,4,4,28,11,17
107,私立,技專校院,1036,健行學校財團法人健行科技大學,10151006,國際企業經營系,8,5,3,0,0,0,0,0,0,5,3,0,0,0,0,0,8,5,3
107,私立,技專校院,1036,健行學校財團法人健行科技大學,99999Z01,通識(教育)中心,35,21,14,0,0,1,0,9,5,11,9,0,0,15,10,5,35,21,14
107,私立,技專校院,1036,健行學校財團法人健行科技大學,99999Z07,體育教育中心,10,9,1,0,0,0,0,1,0,8,1,0,0,1,1,0,10,9,1
107,私立,技專校院,1036,健行學校財團法人健行科技大學,99999Z08,語言教學中心,26,6,20,0,0,0,1,0,0,6,19,0,0,1,0,1,26,6,20
107,私立,技專校院,1037,正修學校財團法人正修科技大學,02112003,數位多媒體設計系,8,6,2,0,0,0,0,2,0,4,2,0,0,2,2,0,8,6,2
107,私立,技專校院,1037,正修學校財團法人正修科技大學,02122002,時尚生活創意設計系,15,10,5,0,0,0,0,1,0,9,5,0,0,1,1,0,15,10,5
107,私立,技專校院,1037,正修學校財團法人正修科技大學,02311001,應用外語系,52,17,35,0,0,0,2,0,2,17,31,0,0,4,0,4,52,17,35
107,私立,技專校院,1037,正修學校財團法人正修科技大學,04121008,金融管理系,7,5,2,0,0,0,0,0,1,5,1,0,0,1,0,1,7,5,2
107,私立,技專校院,1037,正修學校財團法人正修科技大學,04131005,企業管理系,67,35,32,1,0,3,0,11,3,20,29,0,0,18,15,3,67,35,32
107,私立,技專校院,1037,正修學校財團法人正修科技大學,04131006,國際企業系,3,2,1,0,0,0,0,0,0,2,1,0,0,0,0,0,3,2,1
107,私立,技專校院,1037,正修學校財團法人正修科技大學,06131010,資訊管理系,19,12,7,1,0,0,1,3,3,8,3,0,0,8,4,4,19,12,7
107,私立,技專校院,1037,正修學校財團法人正修科技大學,07141011,電機工程系,12,11,1,0,0,2,0,4,0,5,1,0,0,6,6,0,12,11,1
107,私立,技專校院,1037,正修學校財團法人正修科技大學,07141012,電子工程系,3,2,1,1,0,0,0,1,0,0,1,0,0,2,2,0,3,2,1
107,私立,技專校院,1037,正修學校財團法人正修科技大學,07141013,資訊工程系,21,18,3,0,0,2,0,8,3,8,0,0,0,13,10,3,21,18,3
107,私立,技專校院,1037,正修學校財團法人正修科技大學,07151015,機械工程系,11,11,0,2,0,3,0,4,0,2,0,0,0,9,9,0,11,11,0
107,私立,技專校院,1037,正修學校財團法人正修科技大學,07191018,工業工程與管理系,13,9,4,0,1,1,0,6,0,2,3,0,0,8,7,1,13,9,4
107,私立,技專校院,1037,正修學校財團法人正修科技大學,07311004,建築與室內設計系,30,25,5,1,0,1,0,2,0,21,5,0,0,4,4,0,30,25,5
107,私立,技專校院,1037,正修學校財團法人正修科技大學,07321016,土木與空間資訊系,14,12,2,1,0,1,0,6,2,4,0,0,0,10,8,2,14,12,2
107,私立,技專校院,1037,正修學校財團法人正修科技大學,09221021,幼兒保育系,24,6,18,0,0,1,0,2,2,3,16,0,0,5,3,2,24,6,18
107,私立,技專校院,1037,正修學校財團法人正修科技大學,10121026,化妝品與時尚彩妝系,18,5,13,0,0,0,0,1,0,4,13,0,0,1,1,0,18,5,13
107,私立,技專校院,1037,正修學校財團法人正修科技大學,10131022,餐飲管理系,25,14,11,1,0,0,0,0,0,13,11,0,0,1,1,0,25,14,11
107,私立,技專校院,1037,正修學校財團法人正修科技大學,10151023,觀光遊憩系,32,17,15,1,0,2,0,3,2,11,13,0,0,8,6,2,32,17,15
107,私立,技專校院,1037,正修學校財團法人正修科技大學,10152025,休閒與運動管理系,75,51,24,0,0,4,0,14,2,33,22,0,0,20,18,2,75,51,24
107,私立,技專校院,1037,正修學校財團法人正修科技大學,99999Z01,通識教育中心,158,112,46,7,0,12,0,44,17,49,29,0,0,80,63,17,158,112,46
107,私立,技專校院,1038,萬能學校財團法人萬能科技大學,02123002,商業設計系,6,4,2,0,0,1,0,0,0,3,2,0,0,1,1,0,6,4,2
107,私立,技專校院,1038,萬能學校財團法人萬能科技大學,02123003,商品設計系,1,1,0,0,0,0,0,0,0,1,0,0,0,0,0,0,1,1,0
107,私立,技專校院,1038,萬能學校財團法人萬能科技大學,04131004,企業管理系,13,9,4,0,0,0,0,1,0,8,4,0,0,1,1,0,13,9,4
107,私立,技專校院,1038,萬能學校財團法人萬能科技大學,04132010,行銷與流通管理系,11,6,5,0,0,0,0,3,1,3,4,0,0,4,3,1,11,6,5
107,私立,技專校院,1038,萬能學校財團法人萬能科技大學,06131015,資訊管理系,1,0,1,0,0,0,1,0,0,0,0,0,0,1,0,1,1,0,1
107,私立,技專校院,1038,萬能學校財團法人萬能科技大學,07121034,環境工程系,6,6,0,0,0,0,0,1,0,5,0,0,0,1,1,0,6,6,0
107,私立,技專校院,1038,萬能學校財團法人萬能科技大學,07141019,資訊工程系,2,2,0,0,0,0,0,1,0,1,0,0,0,1,1,0,2,2,0
107,私立,技專校院,1038,萬能學校財團法人萬能科技大學,07162022,航空光機電系,7,7,0,0,0,0,0,3,0,4,0,0,0,3,3,0,7,7,0
107,私立,技專校院,1038,萬能學校財團法人萬能科技大學,07191011,工業管理系,25,20,5,0,0,3,0,4,0,13,5,0,0,7,7,0,25,20,5
107,私立,技專校院,1038,萬能學校財團法人萬能科技大學,07321024,營建科技系,21,17,4,2,0,2,0,2,0,11,4,0,0,6,6,0,21,17,4
107,私立,技專校院,1038,萬能學校財團法人萬能科技大學,10121041,化妝品應用與管理系,44,16,28,2,0,0,0,3,1,11,27,0,0,6,5,1,44,16,28
107,私立,技專校院,1038,萬能學校財團法人萬能科技大學,10121044,時尚造型設計系,11,5,6,0,0,0,0,1,1,4,5,0,0,2,1,1,11,5,6
107,私立,技專校院,1038,萬能學校財團法人萬能科技大學,10131036,旅館管理系,5,4,1,0,0,0,0,1,0,3,1,0,0,1,1,0,5,4,1
107,私立,技專校院,1038,萬能學校財團法人萬能科技大學,10131037,餐飲管理系,46,30,16,0,0,1,0,7,0,22,16,0,0,8,8,0,46,30,16
107,私立,技專校院,1038,萬能學校財團法人萬能科技大學,10151038,觀光與休閒事業管理系,53,30,23,0,0,0,0,4,0,26,23,0,0,4,4,0,53,30,23
107,私立,技專校院,1038,萬能學校財團法人萬能科技大學,10413043,航空暨運輸服務管理系,3,1,2,0,0,0,0,0,0,1,2,0,0,0,0,0,3,1,2
107,私立,技專校院,1038,萬能學校財團法人萬能科技大學,99999Z01,通識教育中心,99,59,40,0,0,2,0,13,4,44,36,0,0,19,15,4,99,59,40
107,私立,一般大學,1039,玄奘大學,02112013,視覺傳達設計學系,9,4,5,0,0,0,0,1,0,3,5,0,0,1,1,0,9,4,5
107,私立,一般大學,1039,玄奘大學,02125012,時尚設計學系,3,1,2,0,0,0,0,1,0,0,2,0,0,1,1,0,3,1,2
107,私立,一般大學,1039,玄奘大學,02152004,影劇藝術學系,5,3,2,0,0,0,0,0,0,3,2,0,0,0,0,0,5,3,2
107,私立,一般大學,1039,玄奘大學,02199005,藝術與創意設計學系,10,8,2,0,0,0,0,4,0,4,2,0,0,4,4,0,10,8,2
107,私立,一般大學,1039,玄奘大學,02199Y10,設計學院,4,4,0,1,0,0,0,1,0,2,0,0,0,2,2,0,4,4,0
107,私立,一般大學,1039,玄奘大學,02211010,宗教與文化學系,10,3,7,1,0,0,1,1,4,1,2,0,0,7,2,5,10,3,7
107,私立,一般大學,1039,玄奘大學,02311008,應用外語學系,11,4,7,0,0,1,0,0,1,3,6,0,0,2,1,1,11,4,7
107,私立,一般大學,1039,玄奘大學,03131016,應用心理學系,12,5,7,0,0,0,0,1,3,4,4,0,0,4,1,3,12,5,7
107,私立,一般大學,1039,玄奘大學,03199Y19,社會科學院,1,0,1,0,0,0,0,0,0,0,1,0,0,0,0,0,1,0,1
107,私立,一般大學,1039,玄奘大學,03211018,大眾傳播學系,9,8,1,0,0,0,0,0,0,8,1,0,0,0,0,0,9,8,1
107,私立,一般大學,1039,玄奘大學,03212021,廣播與電視新聞學系,3,3,0,0,0,0,0,1,0,2,0,0,0,1,1,0,3,3,0
107,私立,一般大學,1039,玄奘大學,03299Y22,傳播學院,3,1,2,0,0,0,1,0,0,1,1,0,0,1,0,1,3,1,2
107,私立,一般大學,1039,玄奘大學,04131024,企業管理學系,8,7,1,2,0,0,0,0,1,5,0,0,0,3,2,1,8,7,1
107,私立,一般大學,1039,玄奘大學,04211032,法律學系,19,17,2,0,0,1,0,5,0,11,2,0,0,6,6,0,19,17,2
107,私立,一般大學,1039,玄奘大學,06134034,資訊管理學系,5,5,0,0,0,0,0,2,0,3,0,0,0,2,2,0,5,5,0
107,私立,一般大學,1039,玄奘大學,09231036,社會工作學系,8,2,6,0,0,0,0,0,3,2,3,0,0,3,0,3,8,2,6
107,私立,一般大學,1039,玄奘大學,10131040,餐旅管理學系,3,2,1,0,0,0,0,1,0,1,1,0,0,1,1,0,3,2,1
107,私立,一般大學,1039,玄奘大學,10199042,生命禮儀學位學程,2,2,0,0,0,0,0,0,0,2,0,0,0,0,0,0,2,2,0
107,私立,一般大學,1039,玄奘大學,99999Z01,通識教育中心,22,11,11,0,0,1,0,6,6,4,5,0,0,13,7,6,22,11,11
107,私立,技專校院,1040,建國科技大學,02112004,數位媒體設計系,3,2,1,0,0,0,0,0,0,2,1,0,0,0,0,0,3,2,1
107,私立,技專校院,1040,建國科技大學,02112005,商業設計系,6,4,2,0,0,0,0,1,0,3,2,0,0,1,1,0,6,4,2
107,私立,技專校院,1040,建國科技大學,02122002,創意生活應用設計研究所,2,1,1,0,0,0,0,1,1,0,0,0,0,2,1,1,2,1,1
107,私立,技專校院,1040,建國科技大學,02122003,創意產品與遊戲設計系,10,7,3,0,0,0,0,0,0,7,3,0,0,0,0,0,10,7,3
107,私立,技專校院,1040,建國科技大學,02124007,空間設計系,20,14,6,0,0,2,0,2,0,10,6,0,0,4,4,0,20,14,6
107,私立,技專校院,1040,建國科技大學,02311001,應用外語系,1,0,1,0,0,0,0,0,0,0,1,0,0,0,0,0,1,0,1
107,私立,技專校院,1040,建國科技大學,04131009,國際企業管理系,14,11,3,0,0,0,0,0,0,11,3,0,0,0,0,0,14,11,3
107,私立,技專校院,1040,建國科技大學,04143010,行銷與服務管理系,13,7,6,0,0,0,0,2,0,5,6,0,0,2,2,0,13,7,6
107,私立,技專校院,1040,建國科技大學,04199011,服務與科技管理研究所,1,1,0,1,0,0,0,0,0,0,0,0,0,1,1,0,1,1,0
107,私立,技專校院,1040,建國科技大學,06131012,資訊管理系,5,3,2,0,0,0,0,1,0,2,2,0,0,1,1,0,5,3,2
107,私立,技專校院,1040,建國科技大學,06199017,資訊與網路通訊系,1,1,0,0,0,0,0,0,0,1,0,0,0,0,0,0,1,1,0
107,私立,技專校院,1040,建國科技大學,07141013,電機工程系,1,1,0,0,0,0,0,0,0,1,0,0,0,0,0,0,1,1,0
107,私立,技專校院,1040,建國科技大學,07141014,電子工程系,6,5,1,0,0,0,0,0,1,5,0,0,0,1,0,1,6,5,1
107,私立,技專校院,1040,建國科技大學,07141015,自動化工程系,7,6,1,1,0,0,0,1,0,4,1,0,0,2,2,0,7,6,1
107,私立,技專校院,1040,建國科技大學,07151018,機械工程系,16,14,2,0,0,2,0,2,0,10,2,0,0,4,4,0,16,14,2
107,私立,技專校院,1040,建國科技大學,07191024,工業與服務管理系,7,5,2,0,0,1,0,0,0,4,2,0,0,1,1,0,7,5,2
107,私立,技專校院,1040,建國科技大學,07321021,土木工程系,10,10,0,1,0,1,0,3,0,5,0,0,0,5,5,0,10,10,0
107,私立,技專校院,1040,建國科技大學,10121027,美容系,15,8,7,0,0,0,0,3,1,5,6,0,0,4,3,1,15,8,7
107,私立,技專校院,1040,建國科技大學,10151025,觀光系,7,5,2,0,0,0,0,0,0,5,2,0,0,0,0,0,7,5,2
107,私立,技專校院,1040,建國科技大學,10152026,運動健康與休閒系,16,10,6,1,0,0,0,2,1,7,5,0,0,4,3,1,16,10,6
107,私立,技專校院,1040,建國科技大學,99999Z01,通識教育中心,23,9,14,0,0,0,0,2,4,7,10,0,0,6,2,4,23,9,14
107,私立,技專校院,1040,建國科技大學,99999Z07,體育室,1,1,0,0,0,0,0,0,0,1,0,0,0,0,0,0,1,1,0
107,私立,技專校院,1041,明志科技大學,02112003,視覺傳達設計系,10,8,2,0,0,0,0,0,0,8,2,0,0,0,0,0,10,8,2
107,私立,技專校院,1041,明志科技大學,02123004,工業設計系,8,7,1,0,0,2,0,2,0,3,1,0,0,4,4,0,8,7,1
107,私立,技專校院,1041,明志科技大學,04131005,經營管理系,19,12,7,0,0,1,0,4,2,7,5,0,0,7,5,2,19,12,7
107,私立,技專校院,1041,明志科技大學,07111018,化學工程系,2,2,0,0,0,0,0,0,0,2,0,0,0,0,0,0,2,2,0
107,私立,技專校院,1041,明志科技大學,07112022,材料工程系,3,2,1,0,0,0,0,1,1,1,0,0,0,2,1,1,3,2,1
107,私立,技專校院,1041,明志科技大學,07121025,環境與安全衛生工程系,7,7,0,0,0,0,0,3,0,4,0,0,0,3,3,0,7,7,0
107,私立,技專校院,1041,明志科技大學,07132021,能源電池科技博士學位學程,2,2,0,1,0,0,0,1,0,0,0,0,0,2,2,0,2,2,0
107,私立,技專校院,1041,明志科技大學,07141010,電機工程系,2,2,0,0,0,1,0,1,0,0,0,0,0,2,2,0,2,2,0
107,私立,技專校院,1041,明志科技大學,07141011,電子工程系,18,16,2,1,0,4,1,5,0,6,1,0,0,11,10,1,18,16,2
107,私立,技專校院,1041,明志科技大學,07151014,機械工程系,9,8,1,0,0,0,0,3,0,5,1,0,0,3,3,0,9,8,1
107,私立,技專校院,1041,明志科技大學,07191024,工業工程與管理系,18,15,3,0,0,1,1,5,0,9,2,0,0,7,6,1,18,15,3
107,私立,技專校院,1041,明志科技大學,99999Z01,通識教育中心,79,34,45,1,0,3,0,11,14,19,31,0,0,29,15,14,79,34,45
107,私立,技專校院,1042,高苑科技大學,02112003,多媒體動畫遊戲學位學程,2,0,2,0,0,0,0,0,0,0,2,0,0,0,0,0,2,0,2
107,私立,技專校院,1042,高苑科技大學,02122002,文化創意設計與數位整合學位學程,1,1,0,0,0,0,0,0,0,1,0,0,0,0,0,0,1,1,0
107,私立,技專校院,1042,高苑科技大學,02311001,應用外語系,6,2,4,0,0,0,0,1,0,1,4,0,0,1,1,0,6,2,4
107,私立,技專校院,1042,高苑科技大學,03214004,資訊傳播系,2,2,0,0,0,0,0,0,0,2,0,0,0,0,0,0,2,2,0
107,私立,技專校院,1042,高苑科技大學,04131006,企業管理系,5,4,1,1,0,2,0,0,0,1,1,0,0,3,3,0,5,4,1
107,私立,技專校院,1042,高苑科技大學,05299034,綠環境設計學位學程,1,0,1,0,0,0,0,0,0,0,1,0,0,0,0,0,1,0,1
107,私立,技專校院,1042,高苑科技大學,07141018,電機工程系,5,5,0,0,0,0,0,1,0,4,0,0,0,1,1,0,5,5,0
107,私立,技專校院,1042,高苑科技大學,07151022,機械與自動化工程系,3,3,0,0,0,0,0,1,0,2,0,0,0,1,1,0,3,3,0
107,私立,技專校院,1042,高苑科技大學,07311033,建築系,2,2,0,2,0,0,0,0,0,0,0,0,0,2,2,0,2,2,0
107,私立,技專校院,1042,高苑科技大學,07321024,土木工程系,5,5,0,0,0,1,0,1,0,3,0,0,0,2,2,0,5,5,0
107,私立,技專校院,1042,高苑科技大學,09211036,銀髮事業暨社會工作學士學位學程,2,1,1,0,0,0,0,0,0,1,1,0,0,0,0,0,2,1,1
107,私立,技專校院,1042,高苑科技大學,10121005,香妝與養生保健學位學程,2,1,1,0,0,0,0,0,0,1,1,0,0,0,0,0,2,1,1
107,私立,技專校院,1042,高苑科技大學,10121040,化妝品應用系,2,0,2,0,1,0,0,0,0,0,1,0,0,1,0,1,2,0,2
107,私立,技專校院,1042,高苑科技大學,10151037,觀光事業管理系,2,2,0,0,0,0,0,0,0,2,0,0,0,0,0,0,2,2,0
107,私立,技專校院,1042,高苑科技大學,10152039,休閒運動管理系,5,4,1,0,0,0,0,1,0,3,1,0,0,1,1,0,5,4,1
107,私立,技專校院,1043,大仁科技大學,02112003,數位多媒體設計系,3,2,1,0,0,0,0,0,0,2,1,0,0,0,0,0,3,2,1
107,私立,技專校院,1043,大仁科技大學,05199020,生命關懷事業學士學位學程,2,1,1,0,0,0,0,0,0,1,1,0,0,0,0,0,2,1,1
107,私立,技專校院,1043,大仁科技大學,07121014,環境與職業安全衛生系,6,4,2,1,0,0,0,2,0,1,2,0,0,3,3,0,6,4,2
107,私立,技專校院,1043,大仁科技大學,07141009,資訊工程與娛樂科技系,3,2,1,2,0,0,0,0,1,0,0,0,0,3,2,1,3,2,1
107,私立,技專校院,1043,大仁科技大學,07211012,食品科技系,4,1,3,0,0,0,1,0,0,1,2,0,0,1,0,1,4,1,3
107,私立,技專校院,1043,大仁科技大學,08199043,寵物照護暨美容學士學位學程,6,4,2,0,0,0,0,0,0,4,2,0,0,0,0,0,6,4,2
107,私立,技專校院,1043,大仁科技大學,09131016,護理系,21,6,15,0,0,0,1,1,0,5,14,0,0,2,1,1,21,6,15
107,私立,技專校院,1043,大仁科技大學,09161015,藥學系,36,27,9,1,0,4,0,14,1,8,8,0,0,20,19,1,36,27,9
107,私立,技專校院,1043,大仁科技大學,09211017,銀髮創意產業管理學士學位學程,2,0,2,0,0,0,0,0,1,0,1,0,0,1,0,1,2,0,2
107,私立,技專校院,1043,大仁科技大學,09221019,幼兒保育系,12,6,6,0,1,3,0,1,1,2,4,0,0,6,4,2,12,6,6
107,私立,技專校院,1043,大仁科技大學,09231018,社會工作系,5,1,4,0,0,0,0,0,0,1,4,0,0,0,0,0,5,1,4
107,私立,技專校院,1043,大仁科技大學,10121025,時尚美容應用系,3,1,2,0,0,0,0,1,0,0,2,0,0,1,1,0,3,1,2
107,私立,技專校院,1043,大仁科技大學,10131021,餐旅管理系,12,8,4,0,0,0,0,0,0,8,4,0,0,0,0,0,12,8,4
107,私立,技專校院,1043,大仁科技大學,10151023,觀光事業系,7,3,4,0,0,0,0,2,0,1,4,0,0,2,2,0,7,3,4
107,私立,技專校院,1043,大仁科技大學,10151042,原鄉發展與運用學士學位學程,3,2,1,0,0,0,0,0,0,2,1,0,0,0,0,0,3,2,1
107,私立,技專校院,1043,大仁科技大學,10152024,休閒運動管理系,15,11,4,0,0,0,0,1,1,10,3,0,0,2,1,1,15,11,4
107,私立,技專校院,1043,大仁科技大學,10321028,消防安全學士學位學程,16,14,2,0,0,0,0,3,0,11,2,0,0,3,3,0,16,14,2
107,私立,技專校院,1043,大仁科技大學,99999Z01,通識教育中心,17,9,8,1,0,1,0,2,1,5,7,0,0,5,4,1,17,9,8
107,私立,技專校院,1044,聖約翰科技大學,02112004,多媒體設計系,3,1,2,0,0,0,0,0,0,1,2,0,0,0,0,0,3,1,2
107,私立,技專校院,1044,聖約翰科技大學,02122002,創意設計系,6,3,3,0,0,0,0,0,0,3,3,0,0,0,0,0,6,3,3
107,私立,技專校院,1044,聖約翰科技大學,02122003,數位文藝系,2,1,1,0,0,0,0,0,0,1,1,0,0,0,0,0,2,1,1
107,私立,技專校院,1044,聖約翰科技大學,02311001,應用英語系,10,6,4,0,0,0,0,0,0,6,4,0,0,0,0,0,10,6,4
107,私立,技專校院,1044,聖約翰科技大學,04132008,行銷與流通管理系,5,4,1,0,0,0,0,0,1,4,0,0,0,1,0,1,5,4,1
107,私立,技專校院,1044,聖約翰科技大學,04199009,時尚經營管理系,9,5,4,0,0,0,0,1,0,4,4,0,0,1,1,0,9,5,4
107,私立,技專校院,1044,聖約翰科技大學,07141012,電機工程系,4,4,0,1,0,1,0,0,0,2,0,0,0,2,2,0,4,4,0
107,私立,技專校院,1044,聖約翰科技大學,07141013,電子工程系,1,1,0,0,0,0,0,0,0,1,0,0,0,0,0,0,1,1,0
107,私立,技專校院,1044,聖約翰科技大學,07151016,機械與電腦輔助工程系,4,4,0,0,0,0,0,1,0,3,0,0,0,1,1,0,4,4,0
107,私立,技專校院,1044,聖約翰科技大學,09211019,老人服務事業系,4,2,2,0,0,0,0,1,0,1,2,0,0,1,1,0,4,2,2
107,私立,技專校院,1044,聖約翰科技大學,10151020,觀光與休閒管理系,6,2,4,0,0,0,0,0,0,2,4,0,0,0,0,0,6,2,4
107,私立,技專校院,1044,聖約翰科技大學,10152021,休閒運動與健康管理系,15,12,3,0,0,0,0,2,0,10,3,0,0,2,2,0,15,12,3
107,私立,技專校院,1045,嶺東科技大學,02112003,視覺傳達設計系,23,15,8,0,0,0,0,1,2,14,6,0,0,3,1,2,23,15,8
107,私立,技專校院,1045,嶺東科技大學,02112005,數位媒體設計系,12,7,5,0,0,0,0,1,0,6,5,0,0,1,1,0,12,7,5
107,私立,技專校院,1045,嶺東科技大學,02122002,流行設計系,29,8,21,0,0,0,1,1,0,7,20,0,0,2,1,1,29,8,21
107,私立,技專校院,1045,嶺東科技大學,02123008,創意產品設計系,25,22,3,1,0,1,0,3,0,17,3,0,0,5,5,0,25,22,3
107,私立,技專校院,1045,嶺東科技大學,02125039,服飾設計系,8,4,4,0,0,0,0,0,0,4,4,0,0,0,0,0,8,4,4
107,私立,技專校院,1045,嶺東科技大學,02311001,應用外語系,17,6,11,0,0,0,0,1,1,5,10,0,0,2,1,1,17,6,11
107,私立,技專校院,1045,嶺東科技大學,04121017,財務金融系,16,10,6,1,0,0,0,0,0,9,6,0,0,1,1,0,16,10,6
107,私立,技專校院,1045,嶺東科技大學,04122021,財政系,3,2,1,0,0,0,0,1,0,1,1,0,0,1,1,0,3,2,1
107,私立,技專校院,1045,嶺東科技大學,04131013,企業管理系,17,12,5,3,0,1,0,4,0,4,5,0,0,8,8,0,17,12,5
107,私立,技專校院,1045,嶺東科技大學,04141015,國際企業系,16,6,10,0,0,0,1,1,1,5,8,0,0,3,1,2,16,6,10
107,私立,技專校院,1045,嶺東科技大學,04143024,行銷與流通管理系,25,13,12,0,0,0,0,1,1,12,11,0,0,2,1,1,25,13,12
107,私立,技專校院,1045,嶺東科技大學,04199040,時尚經營系,4,2,2,0,0,0,0,0,0,2,2,0,0,0,0,0,4,2,2
107,私立,技專校院,1045,嶺東科技大學,06121031,資訊管理系,7,4,3,0,0,0,0,0,1,4,2,0,0,1,0,1,7,4,3
107,私立,技專校院,1045,嶺東科技大學,06131030,資訊科技系,17,13,4,0,0,2,0,2,1,9,3,0,0,5,4,1,17,13,4
107,私立,技專校院,1045,嶺東科技大學,06131032,資訊網路系,11,9,2,0,0,0,0,1,0,8,2,0,0,1,1,0,11,9,2
107,私立,技專校院,1045,嶺東科技大學,10151036,觀光與休閒管理系,35,21,14,0,0,1,0,2,1,18,13,0,0,4,3,1,35,21,14
107,私立,技專校院,1045,嶺東科技大學,99999Z01,通識(教育)中心,27,14,13,0,0,0,0,5,2,9,11,0,0,7,5,2,27,14,13
107,私立,技專校院,1046,中國科技大學,02112003,視覺傳達設計系,22,11,11,0,0,1,0,2,0,8,11,0,0,3,3,0,22,11,11
107,私立,技專校院,1046,中國科技大學,02112004,數位多媒體設計系,20,15,5,0,0,0,0,0,0,15,5,0,0,0,0,0,20,15,5
107,私立,技專校院,1046,中國科技大學,02124005,室內設計系,77,57,20,2,0,2,0,3,0,50,20,0,0,7,7,0,77,57,20
107,私立,技專校院,1046,中國科技大學,02191002,互動娛樂設計系,2,2,0,0,0,0,0,0,0,2,0,0,0,0,0,0,2,2,0
107,私立,技專校院,1046,中國科技大學,02199006,影視設計系,7,4,3,0,0,0,0,0,0,4,3,0,0,0,0,0,7,4,3
107,私立,技專校院,1046,中國科技大學,02311001,應用英語系,5,1,4,0,0,0,0,0,0,1,4,0,0,0,0,0,5,1,4
107,私立,技專校院,1046,中國科技大學,04111009,會計系,2,2,0,0,0,0,0,1,0,1,0,0,0,1,1,0,2,2,0
107,私立,技專校院,1046,中國科技大學,04121015,財務金融系,4,2,2,0,0,0,0,0,0,2,2,0,0,0,0,0,4,2,2
107,私立,技專校院,1046,中國科技大學,04122016,財政稅務系,1,1,0,0,0,0,0,0,0,1,0,0,0,0,0,0,1,1,0
107,私立,技專校院,1046,中國科技大學,04131010,企業管理系,21,18,3,0,0,1,0,4,0,13,3,0,0,5,5,0,21,18,3
107,私立,技專校院,1046,中國科技大學,04132017,行銷與流通管理系,20,13,7,1,0,1,0,2,0,9,7,0,0,4,4,0,20,13,7
107,私立,技專校院,1046,中國科技大學,04141014,國際商務系,9,6,3,0,0,0,0,1,1,5,2,0,0,2,1,1,9,6,3
107,私立,技專校院,1046,中國科技大學,06131019,資訊管理系,11,11,0,1,0,0,0,0,0,10,0,0,0,1,1,0,11,11,0
107,私立,技專校院,1046,中國科技大學,06131021,資訊工程系,4,4,0,1,0,0,0,3,0,0,0,0,0,4,4,0,4,4,0
107,私立,技專校院,1046,中國科技大學,07311026,建築系,37,27,10,0,0,1,0,2,0,24,10,0,0,3,3,0,37,27,10
107,私立,技專校院,1046,中國科技大學,07321025,土木與防災設計系,8,6,2,0,0,1,0,1,1,4,1,0,0,3,2,1,8,6,2
107,私立,技專校院,1046,中國科技大學,10151028,觀光與休閒事業管理系,25,13,12,0,0,2,0,0,1,11,11,0,0,3,2,1,25,13,12
107,私立,技專校院,1046,中國科技大學,99999Z01,通識教育中心,76,38,38,1,0,0,1,10,10,27,27,0,0,22,11,11,76,38,38
107,私立,技專校院,1047,中臺科技大學,01111009,文教事業經營研究所,3,3,0,3,0,0,0,0,0,0,0,0,0,3,3,0,3,3,0
107,私立,技專校院,1047,中臺科技大學,01121001,兒童教育暨事業經營系,12,5,7,0,0,0,0,4,0,1,7,0,0,4,4,0,12,5,7
107,私立,技專校院,1047,中臺科技大學,02311002,應用外語系,8,1,7,0,0,0,0,0,1,1,6,0,0,1,0,1,8,1,7
107,私立,技專校院,1047,中臺科技大學,04131003,國際企業系,8,5,3,0,0,0,0,1,1,4,2,0,0,2,1,1,8,5,3
107,私立,技專校院,1047,中臺科技大學,04133008,醫療暨健康產業管理系,17,8,9,0,0,2,0,3,2,3,7,0,0,7,5,2,17,8,9
107,私立,技專校院,1047,中臺科技大學,04143004,行銷管理系,13,8,5,0,0,1,0,2,1,5,4,0,0,4,3,1,13,8,5
107,私立,技專校院,1047,中臺科技大學,06131012,資訊管理系,9,8,1,0,0,0,0,4,0,4,1,0,0,4,4,0,9,8,1
107,私立,技專校院,1047,中臺科技大學,07121013,環境與安全衛生工程系,12,11,1,0,0,1,0,3,0,7,1,0,0,4,4,0,12,11,1
107,私立,技專校院,1047,中臺科技大學,07211017,食品科技系,22,17,5,0,0,0,0,3,1,14,4,0,0,4,3,1,22,17,5
107,私立,技專校院,1047,中臺科技大學,09111033,牙體技術暨材料系,24,20,4,1,0,2,0,4,1,13,3,0,0,8,7,1,24,20,4
107,私立,技專校院,1047,中臺科技大學,09131020,護理系,26,13,13,2,0,1,0,4,1,6,12,0,0,8,7,1,26,13,13
107,私立,技專校院,1047,中臺科技大學,09141028,醫學檢驗生物技術系,8,6,2,0,0,0,0,4,0,2,2,0,0,4,4,0,8,6,2
107,私立,技專校院,1047,中臺科技大學,09141029,醫學影像暨放射科學系,21,18,3,2,0,2,0,9,0,5,3,0,0,13,13,0,21,18,3
107,私立,技專校院,1047,中臺科技大學,09141030,視光系,10,7,3,0,0,0,0,2,0,5,3,0,0,2,2,0,10,7,3
107,私立,技專校院,1047,中臺科技大學,09211034,老人照顧系,20,7,13,0,0,0,1,3,1,4,11,0,0,5,3,2,20,7,13
107,私立,技專校院,1047,中臺科技大學,09212024,長期照顧碩士學位學程,1,1,0,0,0,0,0,1,0,0,0,0,0,1,1,0,1,1,0
107,私立,技專校院,1047,中臺科技大學,99999Z01,通識教育中心,12,7,5,1,0,1,0,3,2,2,3,0,0,7,5,2,12,7,5
107,私立,技專校院,1047,中臺科技大學,99999Z07,體育室,2,1,1,0,0,0,0,1,0,0,1,0,0,1,1,0,2,1,1
107,私立,技專校院,1047,中臺科技大學,99999Z08,語言中心,1,0,1,0,0,0,0,0,0,0,1,0,0,0,0,0,1,0,1
107,私立,一般大學,1048,亞洲大學,01121001,幼兒教育學系,7,5,2,1,0,1,0,1,1,2,1,0,0,4,3,1,7,5,2
107,私立,一般大學,1048,亞洲大學,02112006,視覺傳達設計學系,19,12,7,0,0,1,1,0,0,11,6,0,0,2,1,1,19,12,7
107,私立,一般大學,1048,亞洲大學,02112007,數位媒體設計學系,22,15,7,0,1,0,0,2,2,13,4,0,0,5,2,3,22,15,7
107,私立,一般大學,1048,亞洲大學,02122004,時尚設計學系,15,4,11,1,0,0,0,1,1,2,10,0,0,3,2,1,15,4,11
107,私立,一般大學,1048,亞洲大學,02123011,創意商品設計學系,16,13,3,1,0,2,0,0,0,10,3,0,0,3,3,0,16,13,3
107,私立,一般大學,1048,亞洲大學,02124012,室內設計學系,20,14,6,2,0,0,0,1,0,11,6,0,0,3,3,0,20,14,6
107,私立,一般大學,1048,亞洲大學,02311002,外國語文學系,48,22,26,0,0,1,1,7,2,14,23,0,0,11,8,3,48,22,26
107,私立,一般大學,1048,亞洲大學,03131013,心理學系,9,6,3,3,1,1,0,1,2,1,0,0,0,8,5,3,9,6,3
107,私立,一般大學,1048,亞洲大學,03213014,資訊傳播學系,9,7,2,1,0,0,0,0,0,6,2,0,0,1,1,0,9,7,2
107,私立,一般大學,1048,亞洲大學,04111015,會計與資訊學系,11,5,6,0,0,0,1,3,3,2,2,0,0,7,3,4,11,5,6
107,私立,一般大學,1048,亞洲大學,04121019,財務金融學系,10,9,1,4,1,3,0,2,0,0,0,0,0,10,9,1,10,9,1
107,私立,一般大學,1048,亞洲大學,04131017,經營管理學系,13,11,2,7,0,1,0,2,1,1,1,0,0,11,10,1,13,11,2
107,私立,一般大學,1048,亞洲大學,04212027,財經法律學系,36,29,7,3,0,4,1,7,1,15,5,0,0,16,14,2,36,29,7
107,私立,一般大學,1048,亞洲大學,05121028,生物科技學系,31,27,4,20,1,4,1,3,2,0,0,0,0,31,27,4,31,27,4
107,私立,一般大學,1048,亞洲大學,05191053,食品營養與保健生技學系,12,7,5,5,0,0,0,2,1,0,4,0,0,8,7,1,12,7,5
107,私立,一般大學,1048,亞洲大學,06134033,行動商務與多媒體應用學系,2,2,0,0,0,0,0,2,0,0,0,0,0,2,2,0,2,2,0
107,私立,一般大學,1048,亞洲大學,06134037,資訊工程學系,10,10,0,8,0,0,0,2,0,0,0,0,0,10,10,0,10,10,0
107,私立,一般大學,1048,亞洲大學,07141040,光電與通訊學系,6,6,0,5,0,1,0,0,0,0,0,0,0,6,6,0,6,6,0
107,私立,一般大學,1048,亞洲大學,07193029,生物資訊與醫學工程學系,24,21,3,17,0,1,3,3,0,0,0,0,0,24,21,3,24,21,3
107,私立,一般大學,1048,亞洲大學,08411045,學士後獸醫學系,21,11,10,7,1,1,1,2,8,1,0,0,0,20,10,10,21,11,10
107,私立,一般大學,1048,亞洲大學,09131046,護理學系,33,9,24,2,3,5,5,0,1,2,15,0,0,16,7,9,33,9,24
107,私立,一般大學,1048,亞洲大學,09141047,視光學系,5,4,1,2,0,0,0,2,1,0,0,0,0,5,4,1,5,4,1
107,私立,一般大學,1048,亞洲大學,09152052,職能治療學系,12,9,3,3,0,0,1,5,2,1,0,0,0,11,8,3,12,9,3
107,私立,一般大學,1048,亞洲大學,09153051,聽力暨語言治療學系,22,8,14,4,0,3,0,1,11,0,3,0,0,19,8,11,22,8,14
107,私立,一般大學,1048,亞洲大學,09191021,健康產業管理學系,20,12,8,3,1,0,2,6,2,3,3,0,0,14,9,5,20,12,8
107,私立,一般大學,1048,亞洲大學,09231048,社會工作學系,21,6,15,0,0,1,1,3,3,2,11,0,0,8,4,4,21,6,15
107,私立,一般大學,1048,亞洲大學,10151049,休閒與遊憩管理學系,18,14,4,2,0,2,0,4,1,6,3,0,0,9,8,1,18,14,4
107,私立,一般大學,1048,亞洲大學,99999Z01,通識教育中心,50,34,16,1,0,2,0,20,14,11,2,0,0,37,23,14,50,34,16
107,私立,一般大學,1048,亞洲大學,99999Z07,體育室,34,25,9,0,0,4,1,4,3,17,5,0,0,12,8,4,34,25,9
107,私立,一般大學,1049,開南大學,02111058,電影與創意媒體學系,3,3,0,0,0,0,0,0,0,3,0,0,0,0,0,0,3,3,0
107,私立,一般大學,1049,開南大學,02122009,數位空間與商品設計學士學位學程,1,1,0,0,0,0,0,0,0,1,0,0,0,0,0,0,1,1,0
107,私立,一般大學,1049,開南大學,02125060,形象管理學士學位學程,9,1,8,0,0,0,0,0,2,1,6,0,0,2,0,2,9,1,8
107,私立,一般大學,1049,開南大學,02311006,應用英語學系,2,1,1,0,0,0,0,0,0,1,1,0,0,0,0,0,2,1,1
107,私立,一般大學,1049,開南大學,02311008,應用日語學系,9,4,5,3,0,0,0,1,1,0,4,0,0,5,4,1,9,4,5
107,私立,一般大學,1049,開南大學,02323004,應用華語學系,8,2,6,0,0,0,1,2,2,0,3,0,0,5,2,3,8,2,6
107,私立,一般大學,1049,開南大學,03213003,資訊傳播學系,1,1,0,0,0,1,0,0,0,0,0,0,0,1,1,0,1,1,0
107,私立,一般大學,1049,開南大學,04131016,國際企業學系,16,10,6,0,0,3,0,2,1,5,5,0,0,6,5,1,16,10,6
107,私立,一般大學,1049,開南大學,04131017,企業與創業管理學系,2,2,0,1,0,1,0,0,0,0,0,0,0,2,2,0,2,2,0
107,私立,一般大學,1049,開南大學,04134012,公共事務管理學系,10,8,2,3,0,2,1,3,0,0,1,0,0,9,8,1,10,8,2
107,私立,一般大學,1049,開南大學,04199029,多媒體與行動商務學系,1,1,0,1,0,0,0,0,0,0,0,0,0,1,1,0,1,1,0
107,私立,一般大學,1049,開南大學,04211011,法律學系,15,11,4,4,2,3,2,1,0,3,0,0,0,12,8,4,15,11,4
107,私立,一般大學,1049,開南大學,05191037,保健營養學系,5,1,4,0,0,0,0,0,1,1,3,0,0,1,0,1,5,1,4
107,私立,一般大學,1049,開南大學,06121032,資訊管理學系,1,1,0,0,0,1,0,0,0,0,0,0,0,1,1,0,1,1,0
107,私立,一般大學,1049,開南大學,09191026,健康產業管理學系,6,3,3,0,0,0,0,1,0,2,3,0,0,1,1,0,6,3,3
107,私立,一般大學,1049,開南大學,09199038,養生與健康行銷學系,11,4,7,0,0,1,1,3,0,0,6,0,0,5,4,1,11,4,7
107,私立,一般大學,1049,開南大學,10131039,觀光與餐飲旅館學系,8,5,3,0,0,1,1,4,0,0,2,0,0,6,5,1,8,5,3
107,私立,一般大學,1049,開南大學,10411059,交通運輸學系,2,2,0,0,0,1,0,1,0,0,0,0,0,2,2,0,2,2,0
107,私立,一般大學,1049,開南大學,10412050,物流與航運管理學系,8,8,0,0,0,5,0,1,0,2,0,0,0,6,6,0,8,8,0
107,私立,一般大學,1049,開南大學,10413046,空運管理學系,4,3,1,0,0,1,0,2,0,0,1,0,0,3,3,0,4,3,1
107,私立,一般大學,1049,開南大學,99999Z01,通識教育中心,9,4,5,0,0,1,0,2,3,1,2,0,0,6,3,3,9,4,5
107,私立,一般大學,1049,開南大學,99999Z07,體育室,9,5,4,0,1,0,0,4,0,1,3,0,0,5,4,1,9,5,4
107,私立,一般大學,1050,佛光大學,02123018,產品與媒體設計學系,11,11,0,0,0,0,0,2,0,9,0,0,0,2,2,0,11,11,0
107,私立,一般大學,1050,佛光大學,02211010,佛教學系,6,2,4,1,0,1,1,0,2,0,1,0,0,5,2,3,6,2,4
107,私立,一般大學,1050,佛光大學,02221011,歷史學系,3,3,0,1,0,0,0,1,0,1,0,0,0,2,2,0,3,3,0
107,私立,一般大學,1050,佛光大學,02299015,文化資產與創意學系,3,3,0,1,0,0,0,1,0,1,0,0,0,2,2,0,3,3,0
107,私立,一般大學,1050,佛光大學,02311007,外國語文學系,3,1,2,0,0,0,0,0,0,1,2,0,0,0,0,0,3,1,2
107,私立,一般大學,1050,佛光大學,02322006,中國文學與應用學系,1,1,0,0,0,0,0,1,0,0,0,0,0,1,1,0,1,1,0
107,私立,一般大學,1050,佛光大學,03111020,應用經濟學系,4,3,1,1,0,1,0,1,1,0,0,0,0,4,3,1,4,3,1
107,私立,一般大學,1050,佛光大學,03131024,心理學系,9,6,3,1,0,0,0,0,1,5,2,0,0,2,1,1,9,6,3
107,私立,一般大學,1050,佛光大學,03141022,社會學系,3,1,2,0,0,0,0,1,2,0,0,0,0,3,1,2,3,1,2
107,私立,一般大學,1050,佛光大學,03141023,未來與樂活產業學系,4,4,0,0,0,1,0,3,0,0,0,0,0,4,4,0,4,4,0
107,私立,一般大學,1050,佛光大學,03211028,傳播學系,6,4,2,1,0,0,0,3,0,0,2,0,0,4,4,0,6,4,2
107,私立,一般大學,1050,佛光大學,04131030,管理學系,4,4,0,0,0,1,0,1,0,2,0,0,0,2,2,0,4,4,0
107,私立,一般大學,1050,佛光大學,04134025,公共事務學系,11,9,2,1,0,3,0,3,2,2,0,0,0,9,7,2,11,9,2
107,私立,一般大學,1050,佛光大學,06134032,資訊應用學系,1,1,0,1,0,0,0,0,0,0,0,0,0,1,1,0,1,1,0
107,私立,一般大學,1050,佛光大學,99999Z01,通識教育委員會,36,22,14,0,0,3,0,11,5,8,9,0,0,19,14,5,36,22,14
107,私立,技專校院,1051,台南家專學校財團法人台南應用科技大學,02112012,視覺傳達設計系,14,8,6,0,0,0,0,0,2,8,4,0,0,2,0,2,14,8,6
107,私立,技專校院,1051,台南家專學校財團法人台南應用科技大學,02112013,多媒體動畫系,7,4,3,0,0,0,0,1,0,3,3,0,0,1,1,0,7,4,3
107,私立,技專校院,1051,台南家專學校財團法人台南應用科技大學,02122010,時尚設計系,1,1,0,0,0,0,0,0,0,1,0,0,0,0,0,0,1,1,0
107,私立,技專校院,1051,台南家專學校財團法人台南應用科技大學,02123014,商品設計系,14,9,5,0,0,0,0,2,0,7,5,0,0,2,2,0,14,9,5
107,私立,技專校院,1051,台南家專學校財團法人台南應用科技大學,02124015,室內設計系,20,10,10,0,0,2,0,1,0,7,10,0,0,3,3,0,20,10,10
107,私立,技專校院,1051,台南家專學校財團法人台南應用科技大學,02125042,服飾設計管理系,10,2,8,0,0,0,0,1,0,1,8,0,0,1,1,0,10,2,8
107,私立,技專校院,1051,台南家專學校財團法人台南應用科技大學,02131001,美術系,37,20,17,0,0,0,0,3,0,17,17,0,0,3,3,0,37,20,17
107,私立,技專校院,1051,台南家專學校財團法人台南應用科技大學,02151003,音樂系,125,36,89,1,0,0,4,14,38,21,47,0,0,57,15,42,125,36,89
107,私立,技專校院,1051,台南家專學校財團法人台南應用科技大學,02151004,流行音樂學士學位學程,20,11,9,0,0,0,0,2,3,9,6,0,0,5,2,3,20,11,9
107,私立,技專校院,1051,台南家專學校財團法人台南應用科技大學,02152005,舞蹈系,35,4,31,0,0,0,0,0,3,4,28,0,0,3,0,3,35,4,31
107,私立,技專校院,1051,台南家專學校財團法人台南應用科技大學,02311009,應用英語系,27,9,18,0,0,0,0,2,0,7,18,0,0,2,2,0,27,9,18
107,私立,技專校院,1051,台南家專學校財團法人台南應用科技大學,04111018,會計資訊系,4,3,1,0,0,0,0,0,0,3,1,0,0,0,0,0,4,3,1
107,私立,技專校院,1051,台南家專學校財團法人台南應用科技大學,04121025,財務金融系,1,1,0,0,0,0,0,0,0,1,0,0,0,0,0,0,1,1,0
107,私立,技專校院,1051,台南家專學校財團法人台南應用科技大學,04131021,企業管理系,11,6,5,0,0,0,0,2,1,4,4,0,0,3,2,1,11,6,5
107,私立,技專校院,1051,台南家專學校財團法人台南應用科技大學,04141023,國際企業經營系,8,5,3,0,0,1,0,2,0,2,3,0,0,3,3,0,8,5,3
107,私立,技專校院,1051,台南家專學校財團法人台南應用科技大學,06131027,資訊管理系,14,10,4,0,0,0,0,0,0,10,4,0,0,0,0,0,14,10,4
107,私立,技專校院,1051,台南家專學校財團法人台南應用科技大學,09221029,幼兒保育系,10,2,8,0,0,0,0,0,0,2,8,0,0,0,0,0,10,2,8
107,私立,技專校院,1051,台南家專學校財團法人台南應用科技大學,10111038,生活服務產業系,9,4,5,0,0,0,0,0,1,4,4,0,0,1,0,1,9,4,5
107,私立,技專校院,1051,台南家專學校財團法人台南應用科技大學,10121044,美容造型設計系,14,2,12,0,0,0,0,0,2,2,10,0,0,2,0,2,14,2,12
107,私立,技專校院,1051,台南家專學校財團法人台南應用科技大學,10131030,旅館管理系,12,6,6,0,0,0,2,1,1,5,3,0,0,4,1,3,12,6,6
107,私立,技專校院,1051,台南家專學校財團法人台南應用科技大學,10131032,餐飲系,21,8,13,0,0,0,0,2,2,6,11,0,0,4,2,2,21,8,13
107,私立,技專校院,1051,台南家專學校財團法人台南應用科技大學,10152033,運動休閒與健康管理系,19,13,6,0,0,0,0,2,2,11,4,0,0,4,2,2,19,13,6
107,私立,技專校院,1051,台南家專學校財團法人台南應用科技大學,10152034,養生休閒管理學位學程,7,4,3,0,0,1,0,1,1,2,2,0,0,3,2,1,7,4,3
107,私立,技專校院,1051,台南家專學校財團法人台南應用科技大學,99999Z05,師資培育中心,1,0,1,0,0,0,0,0,0,0,1,0,0,0,0,0,1,0,1
107,私立,技專校院,1052,遠東科技大學,02112038,數位媒體設計系,4,2,2,0,0,0,0,0,0,2,2,0,0,0,0,0,4,2,2
107,私立,技專校院,1052,遠東科技大學,02122004,多媒體與遊戲發展管理系,5,4,1,0,0,1,0,0,0,3,1,0,0,1,1,0,5,4,1
107,私立,技專校院,1052,遠東科技大學,02123006,創意商品設計與管理系,5,3,2,0,0,0,0,0,0,3,2,0,0,0,0,0,5,3,2
107,私立,技專校院,1052,遠東科技大學,02123014,創新設計與創業管理系,2,1,1,0,0,0,0,1,0,0,1,0,0,1,1,0,2,1,1
107,私立,技專校院,1052,遠東科技大學,02151036,流行音樂產業管理系,13,10,3,2,0,0,0,0,1,8,2,0,0,3,2,1,13,10,3
107,私立,技專校院,1052,遠東科技大學,04131007,企業管理系,3,3,0,0,0,0,0,0,0,3,0,0,0,0,0,0,3,3,0
107,私立,技專校院,1052,遠東科技大學,04132011,行銷與流通管理系,3,3,0,0,0,0,0,0,0,3,0,0,0,0,0,0,3,3,0
107,私立,技專校院,1052,遠東科技大學,06121020,資訊工程系,2,1,1,0,0,0,0,0,0,1,1,0,0,0,0,0,2,1,1
107,私立,技專校院,1052,遠東科技大學,07132035,冷凍空調與能源系,1,1,0,0,0,0,0,0,0,1,0,0,0,0,0,0,1,1,0
107,私立,技專校院,1052,遠東科技大學,07141017,電機工程系,6,6,0,0,0,0,0,2,0,4,0,0,0,2,2,0,6,6,0
107,私立,技專校院,1052,遠東科技大學,07151022,機械工程系,16,16,0,0,0,0,0,11,0,5,0,0,0,11,11,0,16,16,0
107,私立,技專校院,1052,遠東科技大學,07151023,自動化控制系,1,0,1,0,0,0,0,0,0,0,1,0,0,0,0,0,1,0,1
107,私立,技專校院,1052,遠東科技大學,10121034,化妝品應用與管理系,11,3,8,0,0,0,0,0,3,3,5,0,0,3,0,3,11,3,8
107,私立,技專校院,1052,遠東科技大學,10131002,觀光英語系,5,3,2,0,0,0,0,3,0,0,2,0,0,3,3,0,5,3,2
107,私立,技專校院,1052,遠東科技大學,10131031,餐飲管理系,34,18,16,0,0,0,0,4,3,14,13,0,0,7,4,3,34,18,16
107,私立,技專校院,1052,遠東科技大學,10151032,旅遊事業管理系,13,9,4,0,0,2,0,1,0,6,4,0,0,3,3,0,13,9,4
107,私立,技專校院,1052,遠東科技大學,10152033,休閒運動管理系,8,4,4,1,0,0,0,0,0,3,4,0,0,1,1,0,8,4,4
107,私立,技專校院,1052,遠東科技大學,99999Z01,通識教育中心,36,20,16,0,0,1,0,2,0,17,16,0,0,3,3,0,36,20,16
107,私立,技專校院,1053,光宇學校財團法人元培醫事科技大學,02123039,會展暨文創事業管理學士學位學程,4,3,1,0,0,1,0,0,0,2,1,0,0,1,1,0,4,3,1
107,私立,技專校院,1053,光宇學校財團法人元培醫事科技大學,02311041,應用外語系,12,3,9,0,0,1,0,1,2,1,7,0,0,4,2,2,12,3,9
107,私立,技專校院,1053,光宇學校財團法人元培醫事科技大學,04131003,企業管理系,10,6,4,1,0,0,0,2,1,3,3,0,0,4,3,1,10,6,4
107,私立,技專校院,1053,光宇學校財團法人元培醫事科技大學,04133007,醫務管理系,15,11,4,1,0,0,0,7,0,3,4,0,0,8,8,0,15,11,4
107,私立,技專校院,1053,光宇學校財團法人元培醫事科技大學,06131012,資訊管理系,4,4,0,0,0,0,0,2,0,2,0,0,0,2,2,0,4,4,0
107,私立,技專校院,1053,光宇學校財團法人元培醫事科技大學,07121015,環境工程衛生系,11,8,3,0,0,0,1,5,1,3,1,0,0,7,5,2,11,8,3
107,私立,技專校院,1053,光宇學校財團法人元培醫事科技大學,07193016,生物醫學工程系,4,2,2,1,0,1,0,0,0,0,2,0,0,2,2,0,4,2,2
107,私立,技專校院,1053,光宇學校財團法人元培醫事科技大學,07211019,食品科學系,2,1,1,0,0,0,0,1,0,0,1,0,0,1,1,0,2,1,1
107,私立,技專校院,1053,光宇學校財團法人元培醫事科技大學,08112042,寵物保健學士學位學程,2,2,0,0,0,0,0,1,0,1,0,0,0,1,1,0,2,2,0
107,私立,技專校院,1053,光宇學校財團法人元培醫事科技大學,09131022,護理系,25,6,19,0,0,1,0,2,3,3,16,0,0,6,3,3,25,6,19
107,私立,技專校院,1053,光宇學校財團法人元培醫事科技大學,09141027,醫學檢驗生物技術系,10,9,1,0,0,0,0,6,1,3,0,0,0,7,6,1,10,9,1
107,私立,技專校院,1053,光宇學校財團法人元培醫事科技大學,09141029,視光系,10,9,1,0,0,0,0,2,0,7,1,0,0,2,2,0,10,9,1
107,私立,技專校院,1053,光宇學校財團法人元培醫事科技大學,09141030,醫學影像暨放射技術系,14,10,4,0,0,1,0,3,0,6,4,0,0,4,4,0,14,10,4
107,私立,技專校院,1053,光宇學校財團法人元培醫事科技大學,09161034,生物科技暨製藥技術系,9,7,2,0,1,2,0,5,1,0,0,0,0,9,7,2,9,7,2
107,私立,技專校院,1053,光宇學校財團法人元培醫事科技大學,09211035,高齡福祉事業管理學士學位學程,7,2,5,0,0,0,0,2,1,0,4,0,0,3,2,1,7,2,5
107,私立,技專校院,1053,光宇學校財團法人元培醫事科技大學,10131036,餐飲管理系,22,10,12,0,0,0,0,2,1,8,11,0,0,3,2,1,22,10,12
107,私立,技專校院,1053,光宇學校財團法人元培醫事科技大學,10151037,觀光與休閒管理系,5,4,1,0,0,0,0,0,0,4,1,0,0,0,0,0,5,4,1
107,私立,技專校院,1053,光宇學校財團法人元培醫事科技大學,10152038,健康休閒管理系,23,10,13,0,0,0,0,3,1,7,12,0,0,4,3,1,23,10,13
107,私立,技專校院,1053,光宇學校財團法人元培醫事科技大學,99999Z01,通識教育中心,8,5,3,0,0,1,0,1,2,3,1,0,0,4,2,2,8,5,3
107,私立,技專校院,1053,光宇學校財團法人元培醫事科技大學,99999Z07,體育室,2,2,0,0,0,0,0,0,0,2,0,0,0,0,0,0,2,2,0
107,私立,技專校院,1054,景文科技大學,02112005,視覺傳達設計系,6,4,2,1,0,0,0,0,1,3,1,0,0,2,1,1,6,4,2
107,私立,技專校院,1054,景文科技大學,02311001,應用外語系,7,2,5,0,0,0,0,1,0,1,5,0,0,1,1,0,7,2,5
107,私立,技專校院,1054,景文科技大學,04131007,企業管理系,3,3,0,0,0,0,0,2,0,1,0,0,0,2,2,0,3,3,0
107,私立,技專校院,1054,景文科技大學,04132014,行銷與流通管理系,3,3,0,0,0,0,0,0,0,3,0,0,0,0,0,0,3,3,0
107,私立,技專校院,1054,景文科技大學,04141008,國際貿易系,2,1,1,0,0,0,0,1,1,0,0,0,0,2,1,1,2,1,1
107,私立,技專校院,1054,景文科技大學,06131030,行動商務與多媒體應用系,2,1,1,0,0,0,1,1,0,0,0,0,0,2,1,1,2,1,1
107,私立,技專校院,1054,景文科技大學,07141017,資訊工程系,1,1,0,0,0,1,0,0,0,0,0,0,0,1,1,0,1,1,0
107,私立,技專校院,1054,景文科技大學,07141018,電腦與通訊系,6,5,1,1,1,0,0,3,0,1,0,0,0,5,4,1,6,5,1
107,私立,技專校院,1054,景文科技大學,10131019,旅館管理系,9,3,6,0,1,0,0,0,2,3,3,0,0,3,0,3,9,3,6
107,私立,技專校院,1054,景文科技大學,10131020,餐飲管理系,26,14,12,1,0,0,0,3,1,10,11,0,0,5,4,1,26,14,12
107,私立,技專校院,1054,景文科技大學,10151023,旅遊管理系,6,1,5,0,0,0,0,0,1,1,4,0,0,1,0,1,6,1,5
107,私立,技專校院,1054,景文科技大學,99999Z01,通識(教育)中心,13,8,5,0,0,0,0,2,1,6,4,0,0,3,2,1,13,8,5
107,私立,技專校院,1055,中華醫事科技大學,04133002,醫務暨健康事業管理系,3,0,3,0,0,0,0,0,1,0,2,0,0,1,0,1,3,0,3
107,私立,技專校院,1055,中華醫事科技大學,05121004,生物科技系,2,1,1,0,0,1,0,0,1,0,0,0,0,2,1,1,2,1,1
107,私立,技專校院,1055,中華醫事科技大學,05191017,食品營養系,35,16,19,1,0,2,2,7,3,6,14,0,0,15,10,5,35,16,19
107,私立,技專校院,1055,中華醫事科技大學,06131003,數位設計與資訊管理系,3,2,1,0,0,1,0,1,0,0,1,0,0,2,2,0,3,2,1
107,私立,技專校院,1055,中華醫事科技大學,07121009,環境與安全衛生工程系,3,1,2,0,0,0,0,0,1,1,1,0,0,1,0,1,3,1,2
107,私立,技專校院,1055,中華醫事科技大學,09131018,護理系,50,20,30,1,1,2,0,5,4,12,25,0,0,13,8,5,50,20,30
107,私立,技專校院,1055,中華醫事科技大學,09141021,醫學檢驗生物技術系,30,19,11,0,0,5,0,6,2,8,9,0,0,13,11,2,30,19,11
107,私立,技專校院,1055,中華醫事科技大學,09141022,視光系,29,28,1,0,0,0,0,13,0,15,1,0,0,13,13,0,29,28,1
107,私立,技專校院,1055,中華醫事科技大學,09161015,製藥工程系,4,1,3,0,0,0,0,0,1,1,2,0,0,1,0,1,4,1,3
107,私立,技專校院,1055,中華醫事科技大學,09171016,調理保健技術系,12,9,3,1,0,0,0,0,0,8,3,0,0,1,1,0,12,9,3
107,私立,技專校院,1055,中華醫事科技大學,09191013,職業安全衛生系,21,20,1,0,0,0,0,6,0,14,1,0,0,6,6,0,21,20,1
107,私立,技專校院,1055,中華醫事科技大學,09199019,長期照顧經營管理系,7,2,5,0,0,1,0,1,1,0,4,0,0,3,2,1,7,2,5
107,私立,技專校院,1055,中華醫事科技大學,09221024,幼兒保育系,10,4,6,0,0,0,0,2,2,2,4,0,0,4,2,2,10,4,6
107,私立,技專校院,1055,中華醫事科技大學,10121027,化妝品應用與管理系,2,0,2,0,0,0,0,0,0,0,2,0,0,0,0,0,2,0,2
107,私立,技專校院,1055,中華醫事科技大學,10131025,餐旅管理系,19,13,6,0,0,1,2,2,1,10,3,0,0,6,3,3,19,13,6
107,私立,技專校院,1055,中華醫事科技大學,10152026,運動健康與休閒系,6,2,4,0,0,0,0,0,0,2,4,0,0,0,0,0,6,2,4
107,私立,技專校院,1055,中華醫事科技大學,10199029,寵物照護與美容科,15,9,6,0,0,0,0,0,1,9,5,0,0,1,0,1,15,9,6
107,私立,技專校院,1055,中華醫事科技大學,99999Z01,通識中心,65,34,31,0,0,2,3,6,3,26,25,0,0,14,8,6,65,34,31
107,私立,技專校院,1056,東南科技大學,02111003,數位媒體設計系,8,8,0,0,0,0,0,2,0,6,0,0,0,2,2,0,8,8,0
107,私立,技專校院,1056,東南科技大學,02112041,數位遊戲設計系,1,1,0,0,0,0,0,0,0,1,0,0,0,0,0,0,1,1,0
107,私立,技專校院,1056,東南科技大學,02123004,創意產品設計系,6,4,2,0,0,1,0,0,1,3,1,0,0,2,1,1,6,4,2
107,私立,技專校院,1056,東南科技大學,02124005,室內設計系,19,14,5,0,0,0,0,1,1,13,4,0,0,2,1,1,19,14,5
107,私立,技專校院,1056,東南科技大學,02152001,表演藝術系,13,6,7,0,0,0,0,1,0,5,7,0,0,1,1,0,13,6,7
107,私立,技專校院,1056,東南科技大學,02311002,應用英語系,5,2,3,0,0,1,0,0,0,1,3,0,0,1,1,0,5,2,3
107,私立,技專校院,1056,東南科技大學,04131006,企業管理系,1,1,0,0,0,0,0,0,0,1,0,0,0,0,0,0,1,1,0
107,私立,技專校院,1056,東南科技大學,04132007,行銷與流通管理系,1,1,0,0,0,0,0,1,0,0,0,0,0,1,1,0,1,1,0
107,私立,技專校院,1056,東南科技大學,06131010,資訊管理系,1,0,1,0,0,0,0,0,0,0,1,0,0,0,0,0,1,0,1
107,私立,技專校院,1056,東南科技大學,07132018,能源與冷凍空調工程系,2,1,1,0,0,0,0,1,1,0,0,0,0,2,1,1,2,1,1
107,私立,技專校院,1056,東南科技大學,07141011,電機工程系,1,1,0,0,0,0,0,0,0,1,0,0,0,0,0,0,1,1,0
107,私立,技專校院,1056,東南科技大學,07151013,機械工程系,20,20,0,0,0,1,0,5,0,14,0,0,0,6,6,0,20,20,0
107,私立,技專校院,1056,東南科技大學,07321015,營建與空間設計系,9,6,3,0,0,2,1,4,1,0,1,0,0,8,6,2,9,6,3
107,私立,技專校院,1056,東南科技大學,10131019,餐旅管理系,18,11,7,0,0,1,1,4,0,6,6,0,0,6,5,1,18,11,7
107,私立,技專校院,1056,東南科技大學,10151042,觀光系,5,2,3,0,0,0,0,1,0,1,3,0,0,1,1,0,5,2,3
107,私立,技專校院,1056,東南科技大學,10152021,休閒事業管理系,19,14,5,0,0,0,0,4,1,10,4,0,0,5,4,1,19,14,5
107,私立,技專校院,1056,東南科技大學,99999Z01,通識(教育)中心,21,17,4,0,0,0,1,3,0,14,3,0,0,4,3,1,21,17,4
107,私立,技專校院,1057,德明財經科技大學,02112002,多媒體設計系,15,12,3,0,0,0,0,5,0,7,3,0,0,5,5,0,15,12,3
107,私立,技專校院,1057,德明財經科技大學,02311001,應用外語系,29,14,15,0,0,0,0,2,4,12,11,0,0,6,2,4,29,14,15
107,私立,技專校院,1057,德明財經科技大學,04111003,會計資訊系,8,4,4,0,0,0,0,4,0,0,4,0,0,4,4,0,8,4,4
107,私立,技專校院,1057,德明財經科技大學,04121008,財務金融系,14,13,1,1,0,0,0,4,1,8,0,0,0,6,5,1,14,13,1
107,私立,技專校院,1057,德明財經科技大學,04122012,財政稅務系,5,0,5,0,0,0,1,0,2,0,2,0,0,3,0,3,5,0,5
107,私立,技專校院,1057,德明財經科技大學,04123011,保險金融管理系,4,3,1,0,0,2,0,0,1,1,0,0,0,3,2,1,4,3,1
107,私立,技專校院,1057,德明財經科技大學,04131006,企業管理系,17,14,3,1,0,1,0,2,0,10,3,0,0,4,4,0,17,14,3
107,私立,技專校院,1057,德明財經科技大學,04132014,流通管理系,8,7,1,0,0,0,0,3,0,4,1,0,0,3,3,0,8,7,1
107,私立,技專校院,1057,德明財經科技大學,04141007,國際貿易系,18,11,7,1,0,3,1,0,1,7,5,0,0,6,4,2,18,11,7
107,私立,技專校院,1057,德明財經科技大學,04143013,行銷管理系,36,30,6,2,0,7,0,7,4,14,2,0,0,20,16,4,36,30,6
107,私立,技專校院,1057,德明財經科技大學,04199017,不動產投資與經營學位學程,3,2,1,0,0,1,0,0,1,1,0,0,0,2,1,1,3,2,1
107,私立,技專校院,1057,德明財經科技大學,04199018,連鎖加盟經營管理學位學程,5,5,0,0,0,0,0,1,0,4,0,0,0,1,1,0,5,5,0
107,私立,技專校院,1057,德明財經科技大學,06131019,資訊科技系,8,8,0,1,0,4,0,1,0,2,0,0,0,6,6,0,8,8,0
107,私立,技專校院,1057,德明財經科技大學,06131021,資訊管理系,9,9,0,0,0,2,0,0,0,7,0,0,0,2,2,0,9,9,0
107,私立,技專校院,1057,德明財經科技大學,99999Z01,通識(教育)中心,64,33,31,4,0,0,1,13,5,16,25,0,0,23,17,6,64,33,31
107,私立,技專校院,1057,德明財經科技大學,99999Z07,體育室,9,8,1,1,0,2,0,0,1,5,0,0,0,4,3,1,9,8,1
107,私立,一般大學,1058,明道學校財團法人明道大學,01115001,課程與教學研究所,6,2,4,0,0,0,0,2,4,0,0,0,0,6,2,4,6,2,4
107,私立,一般大學,1058,明道學校財團法人明道大學,02111010,數位設計學系,11,7,4,0,0,0,0,0,1,7,3,0,0,1,0,1,11,7,4
107,私立,一般大學,1058,明道學校財團法人明道大學,02125007,時尚造形學系,3,1,2,0,0,0,0,0,0,1,2,0,0,0,0,0,3,1,2
107,私立,一般大學,1058,明道學校財團法人明道大學,02311005,應用英語學系,1,1,0,0,0,0,0,0,0,1,0,0,0,0,0,0,1,1,0
107,私立,一般大學,1058,明道學校財團法人明道大學,02311006,應用日語學系,4,0,4,0,0,0,0,0,2,0,2,0,0,2,0,2,4,0,4
107,私立,一般大學,1058,明道學校財團法人明道大學,02322003,中國文學學系,9,9,0,3,0,0,0,3,0,3,0,0,0,6,6,0,9,9,0
107,私立,一般大學,1058,明道學校財團法人明道大學,04121017,財務金融學系,2,0,2,0,0,0,0,0,0,0,2,0,0,0,0,0,2,0,2
107,私立,一般大學,1058,明道學校財團法人明道大學,04131013,企業管理學系,4,2,2,0,0,0,0,0,2,2,0,0,0,2,0,2,4,2,2
107,私立,一般大學,1058,明道學校財團法人明道大學,04143018,行銷與物流學系,4,4,0,0,0,2,0,1,0,1,0,0,0,3,3,0,4,4,0
107,私立,一般大學,1058,明道學校財團法人明道大學,06111012,資訊傳播學系,5,4,1,0,0,1,0,0,0,3,1,0,0,1,1,0,5,4,1
107,私立,一般大學,1058,明道學校財團法人明道大學,07112032,材料與能源工程學系,1,1,0,0,0,1,0,0,0,0,0,0,0,1,1,0,1,1,0
107,私立,一般大學,1058,明道學校財團法人明道大學,08111037,精緻農業學系,5,4,1,1,0,0,0,3,1,0,0,0,0,5,4,1,5,4,1
107,私立,一般大學,1058,明道學校財團法人明道大學,10131039,餐旅管理學系,11,6,5,0,0,0,0,3,3,3,2,0,0,6,3,3,11,6,5
107,私立,一般大學,1058,明道學校財團法人明道大學,10152040,休閒保健學系,12,8,4,0,0,0,0,0,0,8,4,0,0,0,0,0,12,8,4
107,私立,一般大學,1058,明道學校財團法人明道大學,99999Z01,通識教育中心,17,14,3,0,0,0,0,3,0,11,3,0,0,3,3,0,17,14,3
107,私立,技專校院,1060,南開科技大學,02122003,文化創意與設計系,1,0,1,0,0,0,0,0,0,0,1,0,0,0,0,0,1,0,1
107,私立,技專校院,1060,南開科技大學,04131004,企業管理系,3,3,0,0,0,0,0,0,0,3,0,0,0,0,0,0,3,3,0
107,私立,技專校院,1060,南開科技大學,04143007,行銷與流通管理系,1,0,1,0,0,0,0,0,1,0,0,0,0,1,0,1,1,0,1
107,私立,技專校院,1060,南開科技大學,06131011,資訊管理系,1,1,0,0,0,0,0,0,0,1,0,0,0,0,0,0,1,1,0
107,私立,技專校院,1060,南開科技大學,07141016,電子工程系,1,0,1,0,0,0,0,0,0,0,1,0,0,0,0,0,1,0,1
107,私立,技專校院,1060,南開科技大學,07141021,電機與資訊技術系,9,8,1,0,0,0,0,2,1,6,0,0,0,3,2,1,9,8,1
107,私立,技專校院,1060,南開科技大學,07151018,自動化工程系,1,1,0,0,0,0,0,0,0,1,0,0,0,0,0,0,1,1,0
107,私立,技專校院,1060,南開科技大學,07151023,機械工程系,9,9,0,1,0,0,0,2,0,6,0,0,0,3,3,0,9,9,0
107,私立,技專校院,1060,南開科技大學,07191008,工業管理系,4,2,2,0,0,0,0,1,1,1,1,0,0,2,1,1,4,2,2
107,私立,技專校院,1060,南開科技大學,09211028,福祉科技與服務管理系,6,2,4,1,0,0,0,0,2,1,2,0,0,3,1,2,6,2,4
107,私立,技專校院,1060,南開科技大學,10131030,餐飲管理系,5,2,3,0,0,0,0,0,0,2,3,0,0,0,0,0,5,2,3
107,私立,技專校院,1060,南開科技大學,10131033,休閒事業管理系,8,4,4,1,0,0,0,1,0,2,4,0,0,2,2,0,8,4,4
107,私立,技專校院,1060,南開科技大學,99999Z01,通識教育中心,13,9,4,0,0,0,0,1,1,8,3,0,0,2,1,1,13,9,4
107,私立,技專校院,1060,南開科技大學,99999Z08,外語教學中心,6,2,4,0,0,0,0,1,0,1,4,0,0,1,1,0,6,2,4
107,私立,技專校院,1061,中華學校財團法人中華科技大學,04141009,國際商務與行銷系,1,0,1,0,0,0,0,0,0,0,1,0,0,0,0,0,1,0,1
107,私立,技專校院,1061,中華學校財團法人中華科技大學,05121010,生物科技系,6,3,3,0,0,1,0,0,0,2,3,0,0,1,1,0,6,3,3
107,私立,技專校院,1061,中華學校財團法人中華科技大學,06131012,資訊管理系,2,2,0,0,0,0,0,0,0,2,0,0,0,0,0,0,2,2,0
107,私立,技專校院,1061,中華學校財團法人中華科技大學,07151017,機械工程系,7,7,0,0,0,1,0,0,0,6,0,0,0,1,1,0,7,7,0
107,私立,技專校院,1061,中華學校財團法人中華科技大學,07162015,航空電子系,2,1,1,0,0,0,0,0,0,1,1,0,0,0,0,0,2,1,1
107,私立,技專校院,1061,中華學校財團法人中華科技大學,07162019,航空機械系,13,13,0,0,0,1,0,5,0,7,0,0,0,6,6,0,13,13,0
107,私立,技專校院,1061,中華學校財團法人中華科技大學,07311025,建築系,13,12,1,0,0,0,0,1,1,11,0,0,0,2,1,1,13,12,1
107,私立,技專校院,1061,中華學校財團法人中華科技大學,07321021,土木工程系,1,1,0,0,0,0,0,1,0,0,0,0,0,1,1,0,1,1,0
107,私立,技專校院,1061,中華學校財團法人中華科技大學,10131029,餐飲管理系,1,1,0,0,0,0,0,0,0,1,0,0,0,0,0,0,1,1,0
107,私立,技專校院,1061,中華學校財團法人中華科技大學,10151031,觀光餐旅系,2,0,2,0,0,0,0,0,0,0,2,0,0,0,0,0,2,0,2
107,私立,技專校院,1061,中華學校財團法人中華科技大學,10413033,航空服務管理系,5,4,1,0,0,0,0,4,1,0,0,0,0,5,4,1,5,4,1
107,私立,技專校院,1061,中華學校財團法人中華科技大學,99999Z01,通識教育中心,3,2,1,0,0,0,0,0,0,2,1,0,0,0,0,0,3,2,1
107,私立,技專校院,1062,僑光科技大學,02122004,生活創意設計系,6,2,4,0,0,0,0,0,1,2,3,0,0,1,0,1,6,2,4
107,私立,技專校院,1062,僑光科技大學,02123005,電腦輔助工業設計系,7,7,0,0,0,0,0,2,0,5,0,0,0,2,2,0,7,7,0
107,私立,技專校院,1062,僑光科技大學,02311003,應用英語系,10,3,7,0,0,0,1,0,0,3,6,0,0,1,0,1,10,3,7
107,私立,技專校院,1062,僑光科技大學,04121013,財務金融系,8,6,2,0,0,0,0,1,0,5,2,0,0,1,1,0,8,6,2
107,私立,技專校院,1062,僑光科技大學,04131009,企業管理系,22,20,2,2,0,0,0,3,1,15,1,0,0,6,5,1,22,20,2
107,私立,技專校院,1062,僑光科技大學,04132016,行銷與流通管理系,14,13,1,1,0,1,0,1,0,10,1,0,0,3,3,0,14,13,1
107,私立,技專校院,1062,僑光科技大學,04141011,國際貿易系,9,5,4,0,0,0,1,1,0,4,3,0,0,2,1,1,9,5,4
107,私立,技專校院,1062,僑光科技大學,04212018,財經法律系,13,8,5,0,0,0,1,3,1,5,3,0,0,5,3,2,13,8,5
107,私立,技專校院,1062,僑光科技大學,06131019,資訊科技系,7,6,1,0,0,0,0,1,0,5,1,0,0,1,1,0,7,6,1
107,私立,技專校院,1062,僑光科技大學,06133021,多媒體與遊戲設計系,5,5,0,0,0,0,0,0,0,5,0,0,0,0,0,0,5,5,0
107,私立,技專校院,1062,僑光科技大學,10131024,餐飲管理系,19,10,9,0,0,0,0,2,2,8,7,0,0,4,2,2,19,10,9
107,私立,技專校院,1062,僑光科技大學,10131025,旅館與會展管理系,13,5,8,0,1,1,0,1,1,3,6,0,0,4,2,2,13,5,8
107,私立,技專校院,1062,僑光科技大學,10151026,觀光與休閒事業管理系,27,17,10,0,0,0,0,3,1,14,9,0,0,4,3,1,27,17,10
107,私立,技專校院,1062,僑光科技大學,99999Z01,通識教育中心,65,40,25,0,0,3,1,6,2,31,22,0,0,12,9,3,65,40,25
107,私立,技專校院,1063,廣亞學校財團法人育達科技大學,02122007,時尚造型設計系,1,0,1,0,0,0,1,0,0,0,0,0,0,1,0,1,1,0,1
107,私立,技專校院,1063,廣亞學校財團法人育達科技大學,02122034,茶陶創意設計系,4,3,1,0,0,0,0,1,1,2,0,0,0,2,1,1,4,3,1
107,私立,技專校院,1063,廣亞學校財團法人育達科技大學,02199036,文化創意設計研究所,2,2,0,0,0,2,0,0,0,0,0,0,0,2,2,0,2,2,0
107,私立,技專校院,1063,廣亞學校財團法人育達科技大學,02311004,應用英語系,4,3,1,0,0,0,0,1,0,2,1,0,0,1,1,0,4,3,1
107,私立,技專校院,1063,廣亞學校財團法人育達科技大學,02311005,應用日語系,1,0,1,0,0,0,0,0,0,0,1,0,0,0,0,0,1,0,1
107,私立,技專校院,1063,廣亞學校財團法人育達科技大學,04143022,行銷與流通管理系,11,10,1,0,0,1,0,4,1,5,0,0,0,6,5,1,11,10,1
107,私立,技專校院,1063,廣亞學校財團法人育達科技大學,06111032,物聯網工程與應用學士學位學程,2,2,0,0,0,1,0,0,0,1,0,0,0,1,1,0,2,2,0
107,私立,技專校院,1063,廣亞學校財團法人育達科技大學,06131024,資訊管理系,14,8,6,1,0,0,0,0,2,7,4,0,0,3,1,2,14,8,6
107,私立,技專校院,1063,廣亞學校財團法人育達科技大學,09221028,幼兒保育系,6,3,3,0,0,0,0,1,0,2,3,0,0,1,1,0,6,3,3
107,私立,技專校院,1063,廣亞學校財團法人育達科技大學,09221035,兒童與家庭服務系,4,1,3,0,0,0,0,1,0,0,3,0,0,1,1,0,4,1,3
107,私立,技專校院,1063,廣亞學校財團法人育達科技大學,09231027,健康照顧社會工作系,16,10,6,1,0,0,0,3,2,6,4,0,0,6,4,2,16,10,6
107,私立,技專校院,1063,廣亞學校財團法人育達科技大學,10131029,餐旅經營系,9,6,3,0,0,1,0,0,0,5,3,0,0,1,1,0,9,6,3
107,私立,技專校院,1063,廣亞學校財團法人育達科技大學,10151031,休閒事業管理系,30,23,7,2,0,0,1,7,2,14,4,0,0,12,9,3,30,23,7
107,私立,技專校院,1063,廣亞學校財團法人育達科技大學,10151037,觀光餐旅系,1,0,1,0,0,0,0,0,0,0,1,0,0,0,0,0,1,0,1
107,私立,技專校院,1063,廣亞學校財團法人育達科技大學,10152030,休閒運動管理系,7,3,4,1,0,0,0,0,1,2,3,0,0,2,1,1,7,3,4
107,私立,技專校院,1063,廣亞學校財團法人育達科技大學,99999Z01,通識教育中心,14,10,4,1,0,0,0,1,1,8,3,0,0,3,2,1,14,10,4
107,私立,技專校院,1064,美和學校財團法人美和科技大學,02299002,文化創意系,3,2,1,0,0,0,0,0,1,2,0,0,0,1,0,1,3,2,1
107,私立,技專校院,1064,美和學校財團法人美和科技大學,04131004,企業管理系,6,6,0,0,0,1,0,3,0,2,0,0,0,4,4,0,6,6,0
107,私立,技專校院,1064,美和學校財團法人美和科技大學,04133007,健康事業管理系,9,4,5,0,0,0,0,1,1,3,4,0,0,2,1,1,9,4,5
107,私立,技專校院,1064,美和學校財團法人美和科技大學,05121008,生物科技系,5,3,2,1,0,0,0,1,0,1,2,0,0,2,2,0,5,3,2
107,私立,技專校院,1064,美和學校財團法人美和科技大學,05191012,食品營養系,20,11,9,1,0,0,0,2,1,8,8,0,0,4,3,1,20,11,9
107,私立,技專校院,1064,美和學校財團法人美和科技大學,09131013,護理系,100,34,66,1,0,1,1,4,7,28,58,0,0,14,6,8,100,34,66
107,私立,技專校院,1064,美和學校財團法人美和科技大學,09231016,社會工作系,24,9,15,0,0,0,1,3,1,6,13,0,0,5,3,2,24,9,15
107,私立,技專校院,1064,美和學校財團法人美和科技大學,10121021,美容系,33,9,24,0,0,0,0,0,1,9,23,0,0,1,0,1,33,9,24
107,私立,技專校院,1064,美和學校財團法人美和科技大學,10131018,餐旅管理系,25,18,7,0,0,0,0,2,0,16,7,0,0,2,2,0,25,18,7
107,私立,技專校院,1064,美和學校財團法人美和科技大學,10151019,觀光系,4,3,1,0,0,0,0,0,0,3,1,0,0,0,0,0,4,3,1
107,私立,技專校院,1064,美和學校財團法人美和科技大學,10152020,運動與休閒系,5,2,3,0,0,0,0,0,0,2,3,0,0,0,0,0,5,2,3
107,私立,技專校院,1065,吳鳳科技大學,01121023,幼兒保育系,2,0,2,0,0,0,0,0,0,0,2,0,0,0,0,0,2,0,2
107,私立,技專校院,1065,吳鳳科技大學,02112005,應用數位媒體系,9,6,3,0,0,0,0,0,0,6,3,0,0,0,0,0,9,6,3
107,私立,技專校院,1065,吳鳳科技大學,04132011,行銷與流通管理系,5,3,2,0,0,1,0,0,1,2,1,0,0,2,1,1,5,3,2
107,私立,技專校院,1065,吳鳳科技大學,07141016,電機工程系,9,9,0,0,0,1,0,0,0,8,0,0,0,1,1,0,9,9,0
107,私立,技專校院,1065,吳鳳科技大學,07151019,機械工程系,5,5,0,0,0,1,0,0,0,4,0,0,0,1,1,0,5,5,0
107,私立,技專校院,1065,吳鳳科技大學,10121028,美容美髮造型設計系,1,0,1,0,0,0,0,0,0,0,1,0,0,0,0,0,1,0,1
107,私立,技專校院,1065,吳鳳科技大學,10131024,餐旅管理系,1,1,0,1,0,0,0,0,0,0,0,0,0,1,1,0,1,1,0
107,私立,技專校院,1065,吳鳳科技大學,10151025,觀光休閒管理系,3,1,2,0,0,0,0,0,0,1,2,0,0,0,0,0,3,1,2
107,私立,技專校院,1065,吳鳳科技大學,10152027,休閒遊憩與運動管理系,10,5,5,0,0,0,0,1,1,4,4,0,0,2,1,1,10,5,5
107,私立,技專校院,1065,吳鳳科技大學,10321029,消防系,9,8,1,0,0,1,0,0,0,7,1,0,0,1,1,0,9,8,1
107,私立,技專校院,1065,吳鳳科技大學,99999Z01,通識教育中心,8,5,3,0,0,1,1,0,0,4,2,0,0,2,1,1,8,5,3
107,私立,技專校院,1065,吳鳳科技大學,99999Z07,體育室,1,1,0,0,0,0,0,0,0,1,0,0,0,0,0,0,1,1,0
107,私立,技專校院,1066,環球學校財團法人環球科技大學,02111026,多媒體動畫設計系,3,3,0,0,0,0,0,1,0,2,0,0,0,1,1,0,3,3,0
107,私立,技專校院,1066,環球學校財團法人環球科技大學,02112003,視覺傳達設計系,2,1,1,0,0,0,0,0,0,1,1,0,0,0,0,0,2,1,1
107,私立,技專校院,1066,環球學校財團法人環球科技大學,04121037,東南亞經貿與數位金融管理學士學位學程,1,0,1,0,0,0,0,0,1,0,0,0,0,1,0,1,1,0,1
107,私立,技專校院,1066,環球學校財團法人環球科技大學,04131011,企業管理系,24,16,8,0,0,0,0,4,2,12,6,0,0,6,4,2,24,16,8
107,私立,技專校院,1066,環球學校財團法人環球科技大學,04134006,公共事務管理研究所,1,1,0,0,0,1,0,0,0,0,0,0,0,1,1,0,1,1,0
107,私立,技專校院,1066,環球學校財團法人環球科技大學,04143021,行銷管理系,32,23,9,0,0,0,1,4,1,19,7,0,0,6,4,2,32,23,9
107,私立,技專校院,1066,環球學校財團法人環球科技大學,09221027,幼兒保育系,6,3,3,0,0,0,0,0,0,3,3,0,0,0,0,0,6,3,3
107,私立,技專校院,1066,環球學校財團法人環球科技大學,10121036,時尚造型設計系,4,1,3,0,0,0,0,0,0,1,3,0,0,0,0,0,4,1,3
107,私立,技專校院,1066,環球學校財團法人環球科技大學,10131028,餐飲廚藝系,1,1,0,0,0,0,0,1,0,0,0,0,0,1,1,0,1,1,0
107,私立,技專校院,1066,環球學校財團法人環球科技大學,10131029,觀光與餐飲旅館系,4,2,2,0,0,0,0,0,0,2,2,0,0,0,0,0,4,2,2
107,私立,技專校院,1066,環球學校財團法人環球科技大學,99999Z01,通識(教育)中心,29,17,12,0,0,0,0,9,1,8,11,0,0,10,9,1,29,17,12
107,私立,一般大學,1067,台灣首府學校財團法人台灣首府大學,01111001,教育研究所,2,1,1,0,0,0,0,1,1,0,0,0,0,2,1,1,2,1,1
107,私立,一般大學,1067,台灣首府學校財團法人台灣首府大學,01121002,幼兒教育學系,7,1,6,0,0,0,0,0,2,1,4,0,0,2,0,2,7,1,6
107,私立,一般大學,1067,台灣首府學校財團法人台灣首府大學,04131009,企業管理學系,9,8,1,0,0,0,0,2,1,6,0,0,0,3,2,1,9,8,1
107,私立,一般大學,1067,台灣首府學校財團法人台灣首府大學,04199016,休閒資訊管理學系,6,4,2,0,0,0,0,0,0,4,2,0,0,0,0,0,6,4,2
107,私立,一般大學,1067,台灣首府學校財團法人台灣首府大學,06134021,資訊與多媒體設計學系,1,0,1,0,0,0,0,0,0,0,1,0,0,0,0,0,1,0,1
107,私立,一般大學,1067,台灣首府學校財團法人台灣首府大學,10131030,餐旅管理學系,7,5,2,0,0,0,0,0,2,5,0,0,0,2,0,2,7,5,2
107,私立,一般大學,1067,台灣首府學校財團法人台灣首府大學,10131032,烘焙管理學系,2,1,1,0,0,0,0,0,0,1,1,0,0,0,0,0,2,1,1
107,私立,一般大學,1067,台灣首府學校財團法人台灣首府大學,10131034,飯店管理學系,2,1,1,0,0,0,0,0,0,1,1,0,0,0,0,0,2,1,1
107,私立,一般大學,1067,台灣首府學校財團法人台灣首府大學,10151036,觀光事業管理學系,5,2,3,0,0,0,0,0,0,2,3,0,0,0,0,0,5,2,3
107,私立,一般大學,1067,台灣首府學校財團法人台灣首府大學,10152038,休閒管理學系,2,2,0,0,0,0,0,0,0,2,0,0,0,0,0,0,2,2,0
107,私立,一般大學,1067,台灣首府學校財團法人台灣首府大學,99999Z01,通識教育中心,27,14,13,0,0,1,0,4,0,9,13,0,0,5,5,0,27,14,13
107,私立,技專校院,1068,中州學校財團法人中州科技大學,04132006,行銷與流通管理系,1,1,0,1,0,0,0,0,0,0,0,0,0,1,1,0,1,1,0
107,私立,技專校院,1068,中州學校財團法人中州科技大學,06121008,資訊管理系,2,0,2,0,0,0,0,0,0,0,2,0,0,0,0,0,2,0,2
107,私立,技專校院,1068,中州學校財團法人中州科技大學,06131009,多媒體與遊戲發展科學系,1,1,0,0,0,0,0,0,0,1,0,0,0,0,0,0,1,1,0
107,私立,技專校院,1068,中州學校財團法人中州科技大學,07141015,電機與能源科技系,1,1,0,0,0,0,0,0,0,1,0,0,0,0,0,0,1,1,0
107,私立,技專校院,1068,中州學校財團法人中州科技大學,07211023,保健食品系,10,5,5,0,0,0,0,4,4,1,1,0,0,8,4,4,10,5,5
107,私立,技專校院,1068,中州學校財團法人中州科技大學,09221032,幼兒保育與家庭服務系,15,7,8,0,0,0,0,5,0,2,8,0,0,5,5,0,15,7,8
107,私立,技專校院,1068,中州學校財團法人中州科技大學,10121002,時尚創意設計與管理系,2,0,2,0,0,0,0,0,0,0,2,0,0,0,0,0,2,0,2
107,私立,技專校院,1068,中州學校財團法人中州科技大學,10131027,餐飲廚藝系,8,8,0,0,0,1,0,2,0,5,0,0,0,3,3,0,8,8,0
107,私立,技專校院,1068,中州學校財團法人中州科技大學,10151029,觀光與休閒管理系,3,2,1,0,0,1,0,1,0,0,1,0,0,2,2,0,3,2,1
107,私立,技專校院,1068,中州學校財團法人中州科技大學,99999Z01,通識(教育)中心,5,3,2,0,0,0,0,1,1,2,1,0,0,2,1,1,5,3,2
107,私立,技專校院,1069,修平學校財團法人修平科技大學,02112005,數位媒體設計系,5,1,4,0,0,0,0,0,0,1,4,0,0,0,0,0,5,1,4
107,私立,技專校院,1069,修平學校財團法人修平科技大學,02311004,應用日語系,7,1,6,0,0,0,0,0,1,1,5,0,0,1,0,1,7,1,6
107,私立,技專校院,1069,修平學校財團法人修平科技大學,04131009,國際企業經營系,6,6,0,0,0,0,0,3,0,3,0,0,0,3,3,0,6,6,0
107,私立,技專校院,1069,修平學校財團法人修平科技大學,04132013,行銷與流通管理系,15,12,3,0,0,0,0,0,0,12,3,0,0,0,0,0,15,12,3
107,私立,技專校院,1069,修平學校財團法人修平科技大學,04199015,人力資源管理與發展系,8,6,2,0,0,0,0,2,0,4,2,0,0,2,2,0,8,6,2
107,私立,技專校院,1069,修平學校財團法人修平科技大學,06131017,資訊管理系,5,2,3,0,0,0,0,1,1,1,2,0,0,2,1,1,5,2,3
107,私立,技專校院,1069,修平學校財團法人修平科技大學,07141019,電機工程系,2,2,0,0,0,1,0,0,0,1,0,0,0,1,1,0,2,2,0
107,私立,技專校院,1069,修平學校財團法人修平科技大學,07151021,機械工程系,13,13,0,0,0,1,0,3,0,9,0,0,0,4,4,0,13,13,0
107,私立,技專校院,1069,修平學校財團法人修平科技大學,07191026,工業工程與管理系,8,7,1,1,0,1,0,1,0,4,1,0,0,3,3,0,8,7,1
107,私立,技專校院,1069,修平學校財團法人修平科技大學,10151029,觀光與遊憩管理系,8,3,5,0,0,0,0,0,1,3,4,0,0,1,0,1,8,3,5
107,私立,技專校院,1069,修平學校財團法人修平科技大學,99999Z01,四技共同科目,60,32,28,4,0,4,2,12,6,12,20,0,0,28,20,8,60,32,28
107,私立,技專校院,1070,長庚學校財團法人長庚科技大學,05121001,健康產業科技研究所,4,4,0,0,0,0,0,3,0,1,0,0,0,3,3,0,4,4,0
107,私立,技專校院,1070,長庚學校財團法人長庚科技大學,05191003,保健營養系,6,3,3,0,0,0,0,1,1,2,2,0,0,2,1,1,6,3,3
107,私立,技專校院,1070,長庚學校財團法人長庚科技大學,09131004,護理系,45,14,31,0,0,1,2,3,2,10,27,0,0,8,4,4,45,14,31
107,私立,技專校院,1070,長庚學校財團法人長庚科技大學,09131006,呼吸照護系,6,4,2,0,0,1,0,1,1,2,1,0,0,3,2,1,6,4,2
107,私立,技專校院,1070,長庚學校財團法人長庚科技大學,09131010,高齡暨健康照護管理系,3,2,1,0,0,0,0,2,0,0,1,0,0,2,2,0,3,2,1
107,私立,技專校院,1070,長庚學校財團法人長庚科技大學,09221008,幼兒保育系,10,3,7,0,0,0,0,0,0,3,7,0,0,0,0,0,10,3,7
107,私立,技專校院,1070,長庚學校財團法人長庚科技大學,10121009,化妝品應用系,21,9,12,1,0,1,0,2,5,5,7,0,0,9,4,5,21,9,12
107,私立,技專校院,1070,長庚學校財團法人長庚科技大學,99999Z01,通識(教育)中心,10,7,3,0,0,0,0,3,1,4,2,0,0,4,3,1,10,7,3
107,私立,技專校院,1070,長庚學校財團法人長庚科技大學,99999Z01,通識教育學科,10,6,4,0,0,0,0,1,0,5,4,0,0,1,1,0,10,6,4
107,私立,技專校院,1071,城市學校財團法人臺北城市科技大學,02112004,數位多媒體設計系,2,2,0,0,0,0,0,0,0,2,0,0,0,0,0,0,2,2,0
107,私立,技專校院,1071,城市學校財團法人臺北城市科技大學,02151001,流行音樂事業學士學位學程,5,3,2,0,0,0,0,2,1,1,1,0,0,3,2,1,5,3,2
107,私立,技專校院,1071,城市學校財團法人臺北城市科技大學,02152002,演藝事業學士學位學程,6,6,0,0,0,0,0,1,0,5,0,0,0,1,1,0,6,6,0
107,私立,技專校院,1071,城市學校財團法人臺北城市科技大學,02311003,應用外語系,11,7,4,0,0,0,0,1,1,6,3,0,0,2,1,1,11,7,4
107,私立,技專校院,1071,城市學校財團法人臺北城市科技大學,04131007,企業管理系,4,3,1,0,0,1,0,0,1,2,0,0,0,2,1,1,4,3,1
107,私立,技專校院,1071,城市學校財團法人臺北城市科技大學,04132009,行銷與流通管理系,12,7,5,0,0,0,0,2,3,5,2,0,0,5,2,3,12,7,5
107,私立,技專校院,1071,城市學校財團法人臺北城市科技大學,04199Y26,商管學院,1,0,1,0,0,0,0,0,0,0,1,0,0,0,0,0,1,0,1
107,私立,技專校院,1071,城市學校財團法人臺北城市科技大學,06131012,資訊管理系,3,2,1,0,0,0,0,0,0,2,1,0,0,0,0,0,3,2,1
107,私立,技專校院,1071,城市學校財團法人臺北城市科技大學,06131015,資訊工程系,1,1,0,0,0,0,0,0,0,1,0,0,0,0,0,0,1,1,0
107,私立,技專校院,1071,城市學校財團法人臺北城市科技大學,07141013,電機工程系,15,15,0,0,0,1,0,3,0,11,0,0,0,4,4,0,15,15,0
107,私立,技專校院,1071,城市學校財團法人臺北城市科技大學,07141016,電腦與通訊工程系,2,2,0,0,0,0,0,1,0,1,0,0,0,1,1,0,2,2,0
107,私立,技專校院,1071,城市學校財團法人臺北城市科技大學,07151017,機械工程系,19,18,1,0,0,2,0,1,0,15,1,0,0,3,3,0,19,18,1
107,私立,技專校院,1071,城市學校財團法人臺北城市科技大學,10121028,化妝品應用與管理系,10,1,9,0,0,0,0,0,2,1,7,0,0,2,0,2,10,1,9
107,私立,技專校院,1071,城市學校財團法人臺北城市科技大學,10131021,旅館事業管理學士學位學程,9,5,4,0,0,0,0,4,3,1,1,0,0,7,4,3,9,5,4
107,私立,技專校院,1071,城市學校財團法人臺北城市科技大學,10131022,餐飲管理系,21,14,7,0,0,0,1,4,1,10,5,0,0,6,4,2,21,14,7
107,私立,技專校院,1071,城市學校財團法人臺北城市科技大學,10131023,烘焙創意與經營管理學士學位學程,6,5,1,0,0,0,0,2,0,3,1,0,0,2,2,0,6,5,1
107,私立,技專校院,1071,城市學校財團法人臺北城市科技大學,10151024,觀光事業系,18,13,5,0,0,0,0,1,1,12,4,0,0,2,1,1,18,13,5
107,私立,技專校院,1071,城市學校財團法人臺北城市科技大學,10152027,休閒事業系,19,14,5,0,0,0,1,2,0,12,4,0,0,3,2,1,19,14,5
107,私立,技專校院,1071,城市學校財團法人臺北城市科技大學,10199029,會議展覽服務業(專業人員)學位學程,8,7,1,0,0,0,0,2,0,5,1,0,0,2,2,0,8,7,1
107,私立,技專校院,1071,城市學校財團法人臺北城市科技大學,99999Z01,通識(教育)中心,92,58,34,2,0,4,0,10,2,42,32,0,0,18,16,2,92,58,34
107,私立,技專校院,1072,大華學校財團法人敏實科技大學,04191005,商務與觀光企劃系,3,0,3,0,0,0,1,0,0,0,2,0,0,1,0,1,3,0,3
107,私立,技專校院,1072,大華學校財團法人敏實科技大學,06121010,資訊管理系,15,14,1,0,0,1,0,1,0,12,1,0,0,2,2,0,15,14,1
107,私立,技專校院,1072,大華學校財團法人敏實科技大學,07141017,電機工程系,7,7,0,0,0,0,0,1,0,6,0,0,0,1,1,0,7,7,0
107,私立,技專校院,1072,大華學校財團法人敏實科技大學,07151019,機電工程系,8,8,0,0,0,0,0,1,0,7,0,0,0,1,1,0,8,8,0
107,私立,技專校院,1072,大華學校財團法人敏實科技大學,07191022,工業工程與管理系,11,7,4,1,0,1,1,3,1,2,2,0,0,7,5,2,11,7,4
107,私立,技專校院,1072,大華學校財團法人敏實科技大學,07199Y82,工程與設計學院,2,2,0,0,0,0,0,0,0,2,0,0,0,0,0,0,2,2,0
107,私立,技專校院,1072,大華學校財團法人敏實科技大學,10131023,餐飲管理系,19,16,3,0,0,0,0,2,0,14,3,0,0,2,2,0,19,16,3
107,私立,技專校院,1072,大華學校財團法人敏實科技大學,10141025,運動與健康促進系,2,2,0,0,0,0,0,0,0,2,0,0,0,0,0,0,2,2,0
107,私立,技專校院,1072,大華學校財團法人敏實科技大學,10151024,觀光管理系,11,6,5,0,0,0,1,2,0,4,4,0,0,3,2,1,11,6,5
107,私立,技專校院,1072,大華學校財團法人敏實科技大學,99999Z01,通識(教育)中心,3,2,1,0,0,0,0,0,1,2,0,0,0,1,0,1,3,2,1
107,私立,技專校院,1072,大華學校財團法人敏實科技大學,99999Z07,體育教育中心,1,1,0,0,0,0,0,0,0,1,0,0,0,0,0,0,1,1,0
107,私立,技專校院,1073,醒吾學校財團法人醒吾科技大學,02112004,數位設計系,13,11,2,0,0,2,0,7,0,2,2,0,0,9,9,0,13,11,2
107,私立,技專校院,1073,醒吾學校財團法人醒吾科技大學,02122003,時尚造形設計系,19,5,14,0,0,0,1,1,1,4,12,0,0,3,1,2,19,5,14
107,私立,技專校院,1073,醒吾學校財團法人醒吾科技大學,02123005,商業設計系,18,16,2,0,0,0,0,4,2,12,0,0,0,6,4,2,18,16,2
107,私立,技專校院,1073,醒吾學校財團法人醒吾科技大學,02151032,流行音樂創作學士學位學程,8,7,1,2,0,2,0,2,0,1,1,0,0,6,6,0,8,7,1
107,私立,技專校院,1073,醒吾學校財團法人醒吾科技大學,02152031,表演藝術系,2,1,1,0,0,0,1,0,0,1,0,0,0,1,0,1,2,1,1
107,私立,技專校院,1073,醒吾學校財團法人醒吾科技大學,02311002,應用英語系,2,1,1,0,0,0,0,0,0,1,1,0,0,0,0,0,2,1,1
107,私立,技專校院,1073,醒吾學校財團法人醒吾科技大學,03211007,資訊傳播系,9,7,2,0,0,1,0,3,0,3,2,0,0,4,4,0,9,7,2
107,私立,技專校院,1073,醒吾學校財團法人醒吾科技大學,04111018,理財經營管理系,5,4,1,0,0,0,0,1,0,3,1,0,0,1,1,0,5,4,1
107,私立,技專校院,1073,醒吾學校財團法人醒吾科技大學,04132019,行銷與流通管理系,34,26,8,2,0,2,0,4,0,18,8,0,0,8,8,0,34,26,8
107,私立,技專校院,1073,醒吾學校財團法人醒吾科技大學,04141015,國際商務系,3,2,1,0,0,0,0,0,1,2,0,0,0,1,0,1,3,2,1
107,私立,技專校院,1073,醒吾學校財團法人醒吾科技大學,04191008,時尚產業經營管理系,2,0,2,0,0,0,0,0,1,0,1,0,0,1,0,1,2,0,2
107,私立,技專校院,1073,醒吾學校財團法人醒吾科技大學,04199011,企業管理系,16,4,12,0,0,0,1,0,3,4,8,0,0,4,0,4,16,4,12
107,私立,技專校院,1073,醒吾學校財團法人醒吾科技大學,10131025,餐旅管理系,23,17,6,0,0,0,0,3,0,14,6,0,0,3,3,0,23,17,6
107,私立,技專校院,1073,醒吾學校財團法人醒吾科技大學,10151026,觀光休閒系,19,10,9,1,0,1,0,1,0,7,9,0,0,3,3,0,19,10,9
107,私立,技專校院,1073,醒吾學校財團法人醒吾科技大學,10151030,旅運管理系,6,2,4,0,0,0,0,0,1,2,3,0,0,1,0,1,6,2,4
107,私立,技專校院,1073,醒吾學校財團法人醒吾科技大學,99999Z01,共同科目,47,25,22,1,0,2,0,6,2,16,20,0,0,11,9,2,47,25,22
107,私立,技專校院,1074,南榮學校財團法人南榮科技大學,02311012,應用日語系,3,0,3,0,1,0,0,0,1,0,1,0,0,2,0,2,3,0,3
107,私立,技專校院,1074,南榮學校財團法人南榮科技大學,04131017,企業管理系,2,2,0,0,0,0,0,0,0,2,0,0,0,0,0,0,2,2,0
107,私立,技專校院,1074,南榮學校財團法人南榮科技大學,06131019,資訊科技系,1,0,1,0,0,0,0,0,0,0,1,0,0,0,0,0,1,0,1
107,私立,技專校院,1074,南榮學校財團法人南榮科技大學,07141021,電機工程系,2,2,0,0,0,0,0,0,0,2,0,0,0,0,0,0,2,2,0
107,私立,技專校院,1074,南榮學校財團法人南榮科技大學,07151024,機械工程系,1,1,0,0,0,0,0,0,0,1,0,0,0,0,0,0,1,1,0
107,私立,技專校院,1074,南榮學校財團法人南榮科技大學,07321032,營建與空間設計系,5,5,0,0,0,1,0,1,0,3,0,0,0,2,2,0,5,5,0
107,私立,技專校院,1074,南榮學校財團法人南榮科技大學,10152029,休閒運動管理系,1,1,0,0,0,0,0,1,0,0,0,0,0,1,1,0,1,1,0
107,私立,技專校院,1074,南榮學校財團法人南榮科技大學,99999Z01,通識教育處,2,1,1,0,0,0,0,1,0,0,1,0,0,1,1,0,2,1,1
107,私立,技專校院,1075,文藻學校財團法人文藻外語大學,01131002,外語教學系,3,0,3,0,0,0,1,0,1,0,1,0,0,2,0,2,3,0,3
107,私立,技專校院,1075,文藻學校財團法人文藻外語大學,02311007,英國語文系,28,10,18,0,0,0,0,4,1,6,17,0,0,5,4,1,28,10,18
107,私立,技專校院,1075,文藻學校財團法人文藻外語大學,02311009,法國語文系,15,5,10,0,0,0,0,0,0,5,10,0,0,0,0,0,15,5,10
107,私立,技專校院,1075,文藻學校財團法人文藻外語大學,02311010,德國語文系,17,8,9,0,0,1,0,0,1,7,8,0,0,2,1,1,17,8,9
107,私立,技專校院,1075,文藻學校財團法人文藻外語大學,02311011,西班牙語文系,8,4,4,0,0,0,0,0,1,4,3,0,0,1,0,1,8,4,4
107,私立,技專校院,1075,文藻學校財團法人文藻外語大學,02311012,日本語文系,32,14,18,0,0,0,0,5,2,9,16,0,0,7,5,2,32,14,18
107,私立,技專校院,1075,文藻學校財團法人文藻外語大學,02312013,翻譯系,6,3,3,0,0,0,0,0,0,3,3,0,0,0,0,0,6,3,3
107,私立,技專校院,1075,文藻學校財團法人文藻外語大學,02323004,應用華語文系,23,8,15,0,0,0,0,3,11,5,4,0,0,14,3,11,23,8,15
107,私立,技專校院,1075,文藻學校財團法人文藻外語大學,03122016,國際事務系,2,2,0,0,0,0,0,1,0,1,0,0,0,1,1,0,2,2,0
107,私立,技專校院,1075,文藻學校財團法人文藻外語大學,03211018,傳播藝術系,10,6,4,0,0,0,0,0,1,6,3,0,0,1,0,1,10,6,4
107,私立,技專校院,1075,文藻學校財團法人文藻外語大學,04131020,國際企業管理系,8,6,2,2,0,0,0,2,1,2,1,0,0,5,4,1,8,6,2
107,私立,技專校院,1075,文藻學校財團法人文藻外語大學,06134024,數位內容應用與管理系,11,9,2,0,0,0,0,1,2,8,0,0,0,3,1,2,11,9,2
107,私立,技專校院,1075,文藻學校財團法人文藻外語大學,10151025,國際觀光與會展學士學位學程,5,3,2,0,0,0,0,1,0,2,2,0,0,1,1,0,5,3,2
107,私立,技專校院,1075,文藻學校財團法人文藻外語大學,99999Z01,吳甦樂教育中心,6,4,2,0,0,0,0,2,0,2,2,0,0,2,2,0,6,4,2
107,私立,技專校院,1075,文藻學校財團法人文藻外語大學,99999Z01,通識教育中心,23,12,11,0,1,1,0,7,1,4,9,0,0,10,8,2,23,12,11
107,私立,技專校院,1075,文藻學校財團法人文藻外語大學,99999Z05,師資培育中心,5,4,1,0,0,0,0,2,0,2,1,0,0,2,2,0,5,4,1
107,私立,技專校院,1075,文藻學校財團法人文藻外語大學,99999Z07,體育教學中心,8,5,3,0,0,0,0,1,0,4,3,0,0,1,1,0,8,5,3
107,私立,技專校院,1075,文藻學校財團法人文藻外語大學,99999Z08,東南亞語言教學中心,4,2,2,0,0,0,0,1,0,1,2,0,0,1,1,0,4,2,2
107,私立,技專校院,1075,文藻學校財團法人文藻外語大學,99999Z08,英語教學中心,30,7,23,0,0,0,1,0,1,7,21,0,0,2,0,2,30,7,23
107,私立,技專校院,1076,華夏學校財團法人華夏科技大學,02112002,數位媒體設計系,10,4,6,0,0,0,0,0,0,4,6,0,0,0,0,0,10,4,6
107,私立,技專校院,1076,華夏學校財團法人華夏科技大學,02124003,室內設計系,24,22,2,0,0,0,0,2,1,20,1,0,0,3,2,1,24,22,2
107,私立,技專校院,1076,華夏學校財團法人華夏科技大學,04131004,企業管理系,10,4,6,0,0,0,0,1,0,3,6,0,0,1,1,0,10,4,6
107,私立,技專校院,1076,華夏學校財團法人華夏科技大學,04199005,資產與物業管理系,7,7,0,1,0,0,0,3,0,3,0,0,0,4,4,0,7,7,0
107,私立,技專校院,1076,華夏學校財團法人華夏科技大學,06131009,資訊管理系,15,8,7,0,0,1,0,0,0,7,7,0,0,1,1,0,15,8,7
107,私立,技專校院,1076,華夏學校財團法人華夏科技大學,06131012,資訊工程系,6,5,1,1,0,0,0,0,1,4,0,0,0,2,1,1,6,5,1
107,私立,技專校院,1076,華夏學校財團法人華夏科技大學,07141010,電機工程系,4,4,0,1,0,0,0,1,0,2,0,0,0,2,2,0,4,4,0
107,私立,技專校院,1076,華夏學校財團法人華夏科技大學,07151013,機械工程系,2,2,0,0,0,0,0,2,0,0,0,0,0,2,2,0,2,2,0
107,私立,技專校院,1076,華夏學校財團法人華夏科技大學,07311017,建築系,10,10,0,0,0,0,0,1,0,9,0,0,0,1,1,0,10,10,0
107,私立,技專校院,1076,華夏學校財團法人華夏科技大學,10121019,化妝品應用系,16,5,11,0,0,0,0,1,0,4,11,0,0,1,1,0,16,5,11
107,私立,技專校院,1076,華夏學校財團法人華夏科技大學,99999Z01,通識教育中心,5,3,2,0,0,0,0,2,0,1,2,0,0,2,2,0,5,3,2
107,私立,技專校院,1076,華夏學校財團法人華夏科技大學,99999Z08,語文中心,4,1,3,0,0,0,1,0,0,1,2,0,0,1,0,1,4,1,3
107,私立,技專校院,1077,慈濟學校財團法人慈濟科技大學,04132003,行銷與流通管理系,3,1,2,0,0,0,0,1,2,0,0,0,0,3,1,2,3,1,2
107,私立,技專校院,1077,慈濟學校財團法人慈濟科技大學,04133012,醫務暨健康管理系,8,7,1,0,0,1,0,2,0,4,1,0,0,3,3,0,8,7,1
107,私立,技專校院,1077,慈濟學校財團法人慈濟科技大學,06131005,資訊科技與管理系,6,5,1,0,0,0,0,3,0,2,1,0,0,3,3,0,6,5,1
107,私立,技專校院,1077,慈濟學校財團法人慈濟科技大學,09131007,護理系,80,29,51,1,0,4,0,10,4,14,47,0,0,19,15,4,80,29,51
107,私立,技專校院,1077,慈濟學校財團法人慈濟科技大學,09141010,醫學影像暨放射科學系,4,2,2,0,0,0,0,0,1,2,1,0,0,1,0,1,4,2,2
107,私立,技專校院,1077,慈濟學校財團法人慈濟科技大學,09211011,長期照護研究所,1,1,0,0,0,1,0,0,0,0,0,0,0,1,1,0,1,1,0
107,私立,技專校院,1078,致理學校財團法人致理科技大學,02112012,多媒體設計系,14,7,7,0,0,0,0,1,0,6,7,0,0,1,1,0,14,7,7
107,私立,技專校院,1078,致理學校財團法人致理科技大學,02311010,應用英語系,28,17,11,0,0,0,0,0,1,17,10,0,0,1,0,1,28,17,11
107,私立,技專校院,1078,致理學校財團法人致理科技大學,02311011,應用日語系,18,8,10,0,1,1,0,2,1,5,8,0,0,5,3,2,18,8,10
107,私立,技專校院,1078,致理學校財團法人致理科技大學,04111013,會計資訊系,24,22,2,3,0,1,0,5,1,13,1,0,0,10,9,1,24,22,2
107,私立,技專校院,1078,致理學校財團法人致理科技大學,04121016,財務金融系,32,24,8,0,0,2,0,6,1,16,7,0,0,9,8,1,32,24,8
107,私立,技專校院,1078,致理學校財團法人致理科技大學,04131014,企業管理系,35,26,9,4,0,3,0,10,2,9,7,0,0,19,17,2,35,26,9
107,私立,技專校院,1078,致理學校財團法人致理科技大學,04132019,行銷與流通管理系,31,22,9,0,0,0,2,7,4,15,3,0,0,13,7,6,31,22,9
107,私立,技專校院,1078,致理學校財團法人致理科技大學,04141015,國際貿易系,20,9,11,0,0,2,0,2,1,5,10,0,0,5,4,1,20,9,11
107,私立,技專校院,1078,致理學校財團法人致理科技大學,04199020,商務科技管理系,3,3,0,0,0,0,0,1,0,2,0,0,0,1,1,0,3,3,0
107,私立,技專校院,1078,致理學校財團法人致理科技大學,06131021,資訊管理系,7,6,1,1,0,0,0,0,0,5,1,0,0,1,1,0,7,6,1
107,私立,技專校院,1078,致理學校財團法人致理科技大學,10151018,休閒遊憩管理系,19,11,8,0,0,1,1,2,2,8,5,0,0,6,3,3,19,11,8
107,私立,技專校院,1078,致理學校財團法人致理科技大學,99999Z01,通識教育中心,121,68,53,4,0,4,2,14,9,46,42,0,0,33,22,11,121,68,53
107,私立,一般大學,1079,康寧學校財團法人康寧大學,02111001,數位影視動畫科,12,9,3,0,0,0,0,1,0,8,3,0,0,1,1,0,12,9,3
107,私立,一般大學,1079,康寧學校財團法人康寧大學,02122008,時尚造型設計學系,2,0,2,0,0,0,0,0,2,0,0,0,0,2,0,2,2,0,2
107,私立,一般大學,1079,康寧學校財團法人康寧大學,02311003,應用外語科,9,4,5,0,0,0,0,0,0,4,5,0,0,0,0,0,9,4,5
107,私立,一般大學,1079,康寧學校財團法人康寧大學,02311003,應用外語學系,4,3,1,0,0,0,0,1,0,2,1,0,0,1,1,0,4,3,1
107,私立,一般大學,1079,康寧學校財團法人康寧大學,03211009,資訊傳播學系,4,3,1,0,0,0,0,0,0,3,1,0,0,0,0,0,4,3,1
107,私立,一般大學,1079,康寧學校財團法人康寧大學,04131011,企業管理學系,13,12,1,0,0,1,0,0,0,11,1,0,0,1,1,0,13,12,1
107,私立,一般大學,1079,康寧學校財團法人康寧大學,06131032,資訊管理科,7,3,4,0,0,0,0,0,1,3,3,0,0,1,0,1,7,3,4
107,私立,一般大學,1079,康寧學校財團法人康寧大學,06131064,健康數位科技學系,2,1,1,1,0,0,0,0,1,0,0,0,0,2,1,1,2,1,1
107,私立,一般大學,1079,康寧學校財團法人康寧大學,09131042,護理科,12,2,10,0,0,0,0,0,1,2,9,0,0,1,0,1,12,2,10
107,私立,一般大學,1079,康寧學校財團法人康寧大學,09131043,健康照護管理學系,15,8,7,0,0,0,0,2,0,6,7,0,0,2,2,0,15,8,7
107,私立,一般大學,1079,康寧學校財團法人康寧大學,09141045,視光科,11,8,3,1,0,0,0,3,0,4,3,0,0,4,4,0,11,8,3
107,私立,一般大學,1079,康寧學校財團法人康寧大學,09221048,嬰幼兒保育學系,8,2,6,0,0,0,0,0,2,2,4,0,0,2,0,2,8,2,6
107,私立,一般大學,1079,康寧學校財團法人康寧大學,10131050,餐飲管理學系,4,1,3,0,0,0,0,0,1,1,2,0,0,1,0,1,4,1,3
107,私立,一般大學,1079,康寧學校財團法人康寧大學,10152055,休閒管理學系,11,7,4,0,0,1,0,0,1,6,3,0,0,2,1,1,11,7,4
107,私立,一般大學,1079,康寧學校財團法人康寧大學,99999Z01,通識教育中心,42,22,20,0,0,1,1,5,3,16,16,0,0,10,6,4,42,22,20
107,私立,一般大學,1079,康寧學校財團法人康寧大學,99999Z08,外語中心、華語中心,3,2,1,0,0,0,1,0,0,2,0,0,0,1,0,1,3,2,1
107,私立,技專校院,1080,宏國學校財團法人宏國德霖科技大學,02123004,創意產品設計系,1,1,0,0,0,0,0,0,0,1,0,0,0,0,0,0,1,1,0
107,私立,技專校院,1080,宏國學校財團法人宏國德霖科技大學,02124005,室內設計系,9,8,1,0,0,0,0,0,0,8,1,0,0,0,0,0,9,8,1
107,私立,技專校院,1080,宏國學校財團法人宏國德霖科技大學,02311002,應用英語系,10,1,9,0,0,0,1,1,2,0,6,0,0,4,1,3,10,1,9
107,私立,技專校院,1080,宏國學校財團法人宏國德霖科技大學,04131006,企業管理系,9,7,2,0,0,0,0,3,1,4,1,0,0,4,3,1,9,7,2
107,私立,技專校院,1080,宏國學校財團法人宏國德霖科技大學,04199011,不動產經營系,19,14,5,0,0,4,0,3,2,7,3,0,0,9,7,2,19,14,5
107,私立,技專校院,1080,宏國學校財團法人宏國德霖科技大學,06131014,資訊工程系,7,7,0,0,0,0,0,2,0,5,0,0,0,2,2,0,7,7,0
107,私立,技專校院,1080,宏國學校財團法人宏國德霖科技大學,06199015,電腦與通訊工程系,4,4,0,0,0,1,0,0,0,3,0,0,0,1,1,0,4,4,0
107,私立,技專校院,1080,宏國學校財團法人宏國德霖科技大學,07151016,機械工程系,2,2,0,0,0,0,0,1,0,1,0,0,0,1,1,0,2,2,0
107,私立,技專校院,1080,宏國學校財團法人宏國德霖科技大學,07321017,土木工程系,9,8,1,1,0,0,0,3,0,4,1,0,0,4,4,0,9,8,1
107,私立,技專校院,1080,宏國學校財團法人宏國德霖科技大學,10131020,餐旅管理系,32,16,16,0,0,1,0,2,5,13,11,0,0,8,3,5,32,16,16
107,私立,技專校院,1080,宏國學校財團法人宏國德霖科技大學,10131021,餐飲廚藝系,14,13,1,0,0,0,0,5,0,8,1,0,0,5,5,0,14,13,1
107,私立,技專校院,1080,宏國學校財團法人宏國德霖科技大學,10151022,休閒事業管理系,2,1,1,0,0,0,0,0,0,1,1,0,0,0,0,0,2,1,1
107,私立,技專校院,1080,宏國學校財團法人宏國德霖科技大學,10199023,會展與觀光系,9,8,1,2,0,0,0,0,0,6,1,0,0,2,2,0,9,8,1
107,私立,技專校院,1080,宏國學校財團法人宏國德霖科技大學,99999Z01,通識教育中心,24,11,13,0,0,1,0,3,2,7,11,0,0,6,4,2,24,11,13
107,私立,技專校院,1080,宏國學校財團法人宏國德霖科技大學,99999Z08,語言中心,14,6,8,0,0,0,0,1,1,5,7,0,0,2,1,1,14,6,8
107,私立,技專校院,1081,東方學校財團法人東方設計大學,02111003,影視藝術系,3,2,1,0,0,0,0,0,0,2,1,0,0,0,0,0,3,2,1
107,私立,技專校院,1081,東方學校財團法人東方設計大學,02122014,流行商品設計系,4,0,4,0,0,0,0,0,1,0,3,0,0,1,0,1,4,0,4
107,私立,技專校院,1081,東方學校財團法人東方設計大學,02122018,文化創意設計研究所,5,5,0,3,0,2,0,0,0,0,0,0,0,5,5,0,5,5,0
107,私立,技專校院,1081,東方學校財團法人東方設計大學,02124017,室內設計系,8,5,3,0,0,0,0,0,1,5,2,0,0,1,0,1,8,5,3
107,私立,技專校院,1081,東方學校財團法人東方設計大學,02141002,美術工藝系,26,17,9,1,0,1,0,4,1,11,8,0,0,7,6,1,26,17,9
107,私立,技專校院,1081,東方學校財團法人東方設計大學,02152006,表演藝術學位學程,4,0,4,0,0,0,0,0,0,0,4,0,0,0,0,0,4,0,4
107,私立,技專校院,1081,東方學校財團法人東方設計大學,04143020,設計行銷系,1,1,0,0,0,0,0,0,0,1,0,0,0,0,0,0,1,1,0
107,私立,技專校院,1081,東方學校財團法人東方設計大學,06132008,遊戲與動畫設計系,2,1,1,0,0,0,0,0,0,1,1,0,0,0,0,0,2,1,1
107,私立,技專校院,1081,東方學校財團法人東方設計大學,10121032,時尚美妝設計系,25,9,16,0,0,1,0,3,2,5,14,0,0,6,4,2,25,9,16
107,私立,技專校院,1081,東方學校財團法人東方設計大學,10131025,餐飲管理系,7,5,2,0,0,0,0,0,0,5,2,0,0,0,0,0,7,5,2
107,私立,技專校院,1081,東方學校財團法人東方設計大學,10151028,觀光與休閒事業管理系,5,3,2,0,0,0,0,1,0,2,2,0,0,1,1,0,5,3,2
107,私立,技專校院,1081,東方學校財團法人東方設計大學,99999Z01,通識教育中心,8,5,3,0,0,0,0,3,0,2,3,0,0,3,3,0,8,5,3
107,私立,技專校院,1081,東方學校財團法人東方設計大學,99999Z08,華語文中心,2,0,2,0,0,0,0,0,0,0,2,0,0,0,0,0,2,0,2
107,私立,技專校院,1082,崇右學校財團法人崇右影藝科技大學,02111009,數位媒體設計系,4,4,0,0,0,0,0,0,0,4,0,0,0,0,0,0,4,4,0
107,私立,技專校院,1082,崇右學校財團法人崇右影藝科技大學,02122007,時尚造型設計系,6,1,5,0,0,1,0,0,1,0,4,0,0,2,1,1,6,1,5
107,私立,技專校院,1082,崇右學校財團法人崇右影藝科技大學,02123011,創意商品設計系,4,3,1,0,0,0,0,0,0,3,1,0,0,0,0,0,4,3,1
107,私立,技專校院,1082,崇右學校財團法人崇右影藝科技大學,02131001,攝影學士學位學程,3,3,0,0,0,0,0,1,0,2,0,0,0,1,1,0,3,3,0
107,私立,技專校院,1082,崇右學校財團法人崇右影藝科技大學,02152002,演藝事業系,5,4,1,0,0,1,0,3,1,0,0,0,0,5,4,1,5,4,1
107,私立,技專校院,1082,崇右學校財團法人崇右影藝科技大學,02152004,表演藝術系,9,5,4,0,0,1,0,4,2,0,2,0,0,7,5,2,9,5,4
107,私立,技專校院,1082,崇右學校財團法人崇右影藝科技大學,04191018,經營管理系,3,3,0,0,0,0,0,0,0,3,0,0,0,0,0,0,3,3,0
107,私立,技專校院,1082,崇右學校財團法人崇右影藝科技大學,10151032,觀光旅遊管理系,5,1,4,0,0,0,0,0,0,1,4,0,0,0,0,0,5,1,4
107,私立,技專校院,1082,崇右學校財團法人崇右影藝科技大學,99999Z01,通識(教育)中心,9,7,2,1,0,0,0,0,0,6,2,0,0,1,1,0,9,7,2
107,私立,技專校院,1083,台北海洋學校財團法人台北海洋科技大學,02112004,視覺傳達設計系,9,6,3,0,0,0,0,2,0,4,3,0,0,2,2,0,9,6,3
107,私立,技專校院,1083,台北海洋學校財團法人台北海洋科技大學,02122002,時尚造型設計管理系,10,2,8,0,0,0,0,1,0,1,8,0,0,1,1,0,10,2,8
107,私立,技專校院,1083,台北海洋學校財團法人台北海洋科技大學,02122003,數位遊戲與動畫設計系,10,9,1,0,0,0,0,1,0,8,1,0,0,1,1,0,10,9,1
107,私立,技專校院,1083,台北海洋學校財團法人台北海洋科技大學,02152001,表演藝術系,4,4,0,0,0,0,0,2,0,2,0,0,0,2,2,0,4,4,0
107,私立,技專校院,1083,台北海洋學校財團法人台北海洋科技大學,07163012,輪機工程系,18,18,0,0,0,4,0,10,0,4,0,0,0,14,14,0,18,18,0
107,私立,技專校院,1083,台北海洋學校財團法人台北海洋科技大學,07211014,食品科技與行銷系,1,1,0,0,0,0,0,0,0,1,0,0,0,0,0,0,1,1,0
107,私立,技專校院,1083,台北海洋學校財團法人台北海洋科技大學,09211016,健康促進與銀髮保健系,11,7,4,0,0,0,0,2,2,5,2,0,0,4,2,2,11,7,4
107,私立,技專校院,1083,台北海洋學校財團法人台北海洋科技大學,09231017,健康照顧社會工作系,7,3,4,0,0,0,0,0,1,3,3,0,0,1,0,1,7,3,4
107,私立,技專校院,1083,台北海洋學校財團法人台北海洋科技大學,10131019,餐飲管理系,5,2,3,0,0,0,0,1,1,1,2,0,0,2,1,1,5,2,3
107,私立,技專校院,1083,台北海洋學校財團法人台北海洋科技大學,10151020,旅遊管理系,7,4,3,0,0,0,0,1,0,3,3,0,0,1,1,0,7,4,3
107,私立,技專校院,1083,台北海洋學校財團法人台北海洋科技大學,10151022,海洋休閒觀光系,1,1,0,0,0,1,0,0,0,0,0,0,0,1,1,0,1,1,0
107,私立,技專校院,1083,台北海洋學校財團法人台北海洋科技大學,10152024,海洋運動休閒系,8,6,2,0,0,1,0,2,1,3,1,0,0,4,3,1,8,6,2
107,私立,技專校院,1083,台北海洋學校財團法人台北海洋科技大學,10412028,海空物流與行銷系,22,14,8,0,0,3,0,6,4,5,4,0,0,13,9,4,22,14,8
107,私立,技專校院,1083,台北海洋學校財團法人台北海洋科技大學,10414029,航海系,14,13,1,0,0,4,0,5,0,4,1,0,0,9,9,0,14,13,1
107,私立,技專校院,1083,台北海洋學校財團法人台北海洋科技大學,99999Z01,通識教育中心,26,20,6,0,0,0,0,8,1,12,5,0,0,9,8,1,26,20,6
107,私立,一般大學,1125,中信學校財團法人中信金融管理學院,04121014,財務金融學系,1,1,0,0,0,0,0,1,0,0,0,0,0,1,1,0,1,1,0
107,私立,一般大學,1125,中信學校財團法人中信金融管理學院,04131012,企業管理學系,1,1,0,1,0,0,0,0,0,0,0,0,0,1,1,0,1,1,0
107,私立,一般大學,1125,中信學校財團法人中信金融管理學院,04212022,財經法律學系,8,7,1,0,0,0,0,1,0,6,1,0,0,1,1,0,8,7,1
107,私立,一般大學,1125,中信學校財團法人中信金融管理學院,99999Z01,通識教育中心,8,6,2,0,0,0,0,0,0,6,2,0,0,0,0,0,8,6,2
107,私立,技專校院,1148,大漢技術學院,02122001,珠寶技術系,2,2,0,0,0,0,0,1,0,1,0,0,0,1,1,0,2,2,0
107,私立,技專校院,1148,大漢技術學院,04131005,企業管理系,10,9,1,0,0,0,0,0,0,9,1,0,0,0,0,0,10,9,1
107,私立,技專校院,1148,大漢技術學院,07321019,土木工程與環境資源管理系,8,8,0,0,0,0,0,0,0,8,0,0,0,0,0,0,8,8,0
107,私立,技專校院,1148,大漢技術學院,10152024,休閒與運動管理系,6,1,5,0,0,0,0,0,0,1,5,0,0,0,0,0,6,1,5
107,私立,技專校院,1148,大漢技術學院,99999Z01,通識教育中心,1,0,1,0,0,0,0,0,0,0,1,0,0,0,0,0,1,0,1
107,私立,技專校院,1159,和春技術學院,02311001,應用外語系,3,2,1,0,0,0,0,0,0,2,1,0,0,0,0,0,3,2,1
107,私立,技專校院,1159,和春技術學院,03211008,傳播藝術系,1,1,0,0,0,1,0,0,0,0,0,0,0,1,1,0,1,1,0
107,私立,技專校院,1159,和春技術學院,04121014,財務金融系,1,1,0,0,0,0,0,0,0,1,0,0,0,0,0,0,1,1,0
107,私立,技專校院,1159,和春技術學院,04131013,企業管理系,8,5,3,0,0,0,1,0,0,5,2,0,0,1,0,1,8,5,3
107,私立,技專校院,1159,和春技術學院,04132018,行銷與流通管理系,3,3,0,0,0,0,0,0,0,3,0,0,0,0,0,0,3,3,0
107,私立,技專校院,1159,和春技術學院,06131025,資訊管理系,12,11,1,0,0,1,0,1,0,9,1,0,0,2,2,0,12,11,1
107,私立,技專校院,1159,和春技術學院,07141026,電機工程系,9,9,0,0,0,0,0,2,0,7,0,0,0,2,2,0,9,9,0
107,私立,技專校院,1159,和春技術學院,07191030,工業工程與管理系,5,5,0,0,0,0,0,0,0,5,0,0,0,0,0,0,5,5,0
107,私立,技專校院,1159,和春技術學院,10131031,餐飲管理系,2,2,0,0,0,0,0,0,0,2,0,0,0,0,0,0,2,2,0
107,私立,技專校院,1159,和春技術學院,10151032,觀光與休閒事業管理系,2,2,0,0,0,0,0,0,0,2,0,0,0,0,0,0,2,2,0
107,私立,技專校院,1159,和春技術學院,99999Z01,通識教育中心,16,10,6,0,0,1,0,0,0,9,6,0,0,1,1,0,16,10,6
107,私立,技專校院,1166,亞東技術學院,02123001,工商業設計系,12,9,3,0,0,1,0,1,1,7,2,0,0,3,2,1,12,9,3
107,私立,技專校院,1166,亞東技術學院,04132003,行銷與流通管理系,1,1,0,0,0,0,0,0,0,1,0,0,0,0,0,0,1,1,0
107,私立,技專校院,1166,亞東技術學院,04133005,醫務管理系,8,5,3,0,0,0,0,3,0,2,3,0,0,3,3,0,8,5,3
107,私立,技專校院,1166,亞東技術學院,04199006,工業管理系,8,5,3,0,0,1,1,2,1,2,1,0,0,5,3,2,8,5,3
107,私立,技專校院,1166,亞東技術學院,06131008,資訊管理系,3,3,0,0,0,0,0,2,0,1,0,0,0,2,2,0,3,3,0
107,私立,技專校院,1166,亞東技術學院,07141010,電子工程系,5,4,1,0,0,1,0,1,1,2,0,0,0,3,2,1,5,4,1
107,私立,技專校院,1166,亞東技術學院,07141012,通訊工程系,3,3,0,1,0,0,0,1,0,1,0,0,0,2,2,0,3,3,0
107,私立,技專校院,1166,亞東技術學院,07151014,機械工程系,8,8,0,0,0,1,0,2,0,5,0,0,0,3,3,0,8,8,0
107,私立,技專校院,1166,亞東技術學院,07192019,材料與纖維系,13,9,4,1,0,4,0,3,2,1,2,0,0,10,8,2,13,9,4
107,私立,技專校院,1166,亞東技術學院,09131021,護理系,22,4,18,0,2,0,0,2,2,2,14,0,0,6,2,4,22,4,18
107,私立,技專校院,1166,亞東技術學院,99999Z01,通識教育中心,52,33,19,2,0,3,2,21,13,7,4,0,0,41,26,15,52,33,19
107,私立,技專校院,1168,南亞科技學校財團法人南亞技術學院,02124005,室內設計系,15,9,6,0,0,0,1,1,0,8,5,0,0,2,1,1,15,9,6
107,私立,技專校院,1168,南亞科技學校財團法人南亞技術學院,02125028,創意流行時尚設計系,4,1,3,0,0,0,0,0,2,1,1,0,0,2,0,2,4,1,3
107,私立,技專校院,1168,南亞科技學校財團法人南亞技術學院,04131006,企業管理系,5,2,3,0,0,0,0,0,0,2,3,0,0,0,0,0,5,2,3
107,私立,技專校院,1168,南亞科技學校財團法人南亞技術學院,06131010,資訊管理系,1,1,0,0,0,0,0,0,0,1,0,0,0,0,0,0,1,1,0
107,私立,技專校院,1168,南亞科技學校財團法人南亞技術學院,06131011,資訊工程系,3,3,0,0,0,0,0,0,0,3,0,0,0,0,0,0,3,3,0
107,私立,技專校院,1168,南亞科技學校財團法人南亞技術學院,07121030,環境科技與管理系,3,3,0,0,0,1,0,0,0,2,0,0,0,1,1,0,3,3,0
107,私立,技專校院,1168,南亞科技學校財團法人南亞技術學院,07151012,機械工程系,17,17,0,0,0,6,0,3,0,8,0,0,0,9,9,0,17,17,0
107,私立,技專校院,1168,南亞科技學校財團法人南亞技術學院,09221024,幼兒保育系,7,1,6,0,0,0,0,0,0,1,6,0,0,0,0,0,7,1,6
107,私立,技專校院,1168,南亞科技學校財團法人南亞技術學院,10121031,美容與造型系,5,1,4,0,0,1,0,0,0,0,4,0,0,1,1,0,5,1,4
107,私立,技專校院,1168,南亞科技學校財團法人南亞技術學院,10131025,餐旅管理系,3,2,1,0,0,0,0,0,0,2,1,0,0,0,0,0,3,2,1
107,私立,技專校院,1168,南亞科技學校財團法人南亞技術學院,10131026,餐飲廚藝管理系,5,2,3,0,0,0,0,0,2,2,1,0,0,2,0,2,5,2,3
107,私立,技專校院,1168,南亞科技學校財團法人南亞技術學院,10152032,休閒事業管理系,9,2,7,0,0,0,0,0,2,2,5,0,0,2,0,2,9,2,7
107,私立,技專校院,1168,南亞科技學校財團法人南亞技術學院,99999Z01,共同科目,16,11,5,1,0,1,2,2,1,7,2,0,0,7,4,3,16,11,5
107,私立,技專校院,1168,南亞科技學校財團法人南亞技術學院,99999Z08,國際語文教學中心,10,5,5,0,0,0,0,0,0,5,5,0,0,0,0,0,10,5,5
107,私立,一般大學,1176,稻江科技暨管理學院,01121001,幼兒教育學系,1,0,1,0,0,0,0,0,0,0,1,0,0,0,0,0,1,0,1
107,私立,一般大學,1176,稻江科技暨管理學院,02122006,時尚設計學系,2,0,2,0,0,0,0,0,0,0,2,0,0,0,0,0,2,0,2
107,私立,一般大學,1176,稻江科技暨管理學院,02152002,表演藝術學士學位學程,2,1,1,0,0,0,0,0,0,1,1,0,0,0,0,0,2,1,1
107,私立,一般大學,1176,稻江科技暨管理學院,04131015,經營管理學士學位學程,7,4,3,0,0,0,0,0,0,4,3,0,0,0,0,0,7,4,3
107,私立,一般大學,1176,稻江科技暨管理學院,04211022,法律學士學位學程,12,11,1,0,0,0,0,4,0,7,1,0,0,4,4,0,12,11,1
107,私立,一般大學,1176,稻江科技暨管理學院,06134029,行動科技學系,1,1,0,0,0,0,0,0,0,1,0,0,0,0,0,0,1,1,0
107,私立,一般大學,1176,稻江科技暨管理學院,09231048,社會工作學系,11,3,8,0,0,0,1,1,3,2,4,0,0,5,1,4,11,3,8
107,私立,一般大學,1176,稻江科技暨管理學院,10121044,時尚美容藝術與保健管理學士學位學程,14,3,11,0,0,0,0,0,0,3,11,0,0,0,0,0,14,3,11
107,私立,一般大學,1176,稻江科技暨管理學院,10121049,時尚美容藝術管理學系,1,0,1,0,0,0,0,0,0,0,1,0,0,0,0,0,1,0,1
107,私立,一般大學,1176,稻江科技暨管理學院,10131037,餐飲管理學系,15,7,8,0,0,0,0,0,1,7,7,0,0,1,0,1,15,7,8
107,私立,一般大學,1176,稻江科技暨管理學院,10151042,觀光規劃學士學位學程,9,4,5,0,0,0,0,0,0,4,5,0,0,0,0,0,9,4,5
107,私立,一般大學,1176,稻江科技暨管理學院,10152039,休閒遊憩管理學系,7,7,0,1,0,0,0,2,0,4,0,0,0,3,3,0,7,7,0
107,私立,一般大學,1176,稻江科技暨管理學院,99999Z01,通識教育中心,13,6,7,0,0,0,0,1,2,5,5,0,0,3,1,2,13,6,7
107,私立,技專校院,1182,蘭陽技術學院,02124002,建築與室內設計系,4,3,1,0,0,0,0,0,0,3,1,0,0,0,0,0,4,3,1
107,私立,技專校院,1182,蘭陽技術學院,07151021,機電工程系,2,2,0,0,0,0,0,0,0,2,0,0,0,0,0,0,2,2,0
107,私立,技專校院,1182,蘭陽技術學院,10121033,時尚美容設計系,3,1,2,0,0,0,0,0,0,1,2,0,0,0,0,0,3,1,2
107,私立,技專校院,1182,蘭陽技術學院,10131029,餐旅管理系,4,3,1,0,0,0,0,1,0,2,1,0,0,1,1,0,4,3,1
107,私立,技專校院,1182,蘭陽技術學院,10151030,觀光旅遊系,3,1,2,0,0,0,0,0,0,1,2,0,0,0,0,0,3,1,2
107,私立,技專校院,1182,蘭陽技術學院,10152031,健康休閒管理系,4,3,1,0,0,0,0,1,1,2,0,0,0,2,1,1,4,3,1
107,私立,技專校院,1182,蘭陽技術學院,99999Z08,通識暨語文中心,2,1,1,0,0,0,0,0,0,1,1,0,0,0,0,0,2,1,1
107,私立,技專校院,1183,黎明技術學院,02111027,影視傳播系,3,2,1,0,0,0,0,0,0,2,1,0,0,0,0,0,3,2,1
107,私立,技專校院,1183,黎明技術學院,02123004,創意產品設計系,1,1,0,0,0,0,0,0,0,1,0,0,0,0,0,0,1,1,0
107,私立,技專校院,1183,黎明技術學院,02125007,時尚經營管理系,4,3,1,0,0,0,1,1,0,2,0,0,0,2,1,1,4,3,1
107,私立,技專校院,1183,黎明技術學院,02125029,時尚設計系,9,4,5,0,0,0,0,1,2,3,3,0,0,3,1,2,9,4,5
107,私立,技專校院,1183,黎明技術學院,02125030,服飾設計系,3,1,2,0,0,0,0,0,0,1,2,0,0,0,0,0,3,1,2
107,私立,技專校院,1183,黎明技術學院,02152001,表演藝術系,25,19,6,0,0,1,0,4,1,14,5,0,0,6,5,1,25,19,6
107,私立,技專校院,1183,黎明技術學院,02152028,戲劇系,2,1,1,0,0,0,0,1,0,0,1,0,0,1,1,0,2,1,1
107,私立,技專校院,1183,黎明技術學院,06121009,資訊管理系,1,1,0,0,0,0,0,0,0,1,0,0,0,0,0,0,1,1,0
107,私立,技專校院,1183,黎明技術學院,06131008,資訊科技系,4,4,0,0,0,0,0,1,0,3,0,0,0,1,1,0,4,4,0
107,私立,技專校院,1183,黎明技術學院,06132010,數位多媒體系,16,11,5,0,0,0,0,0,1,11,4,0,0,1,0,1,16,11,5
107,私立,技專校院,1183,黎明技術學院,07141011,電機工程系,20,20,0,0,0,0,0,9,0,11,0,0,0,9,9,0,20,20,0
107,私立,技專校院,1183,黎明技術學院,07151015,機械工程系,11,10,1,0,0,3,0,2,0,5,1,0,0,5,5,0,11,10,1
107,私立,技專校院,1183,黎明技術學院,07161026,車輛工程系,1,1,0,0,0,0,0,0,0,1,0,0,0,0,0,0,1,1,0
107,私立,技專校院,1183,黎明技術學院,10121024,化妝品應用系,30,8,22,1,0,1,0,2,0,4,22,0,0,4,4,0,30,8,22
107,私立,技專校院,1183,黎明技術學院,10131020,旅館管理系,5,2,3,0,0,0,0,1,0,1,3,0,0,1,1,0,5,2,3
107,私立,技專校院,1183,黎明技術學院,10131021,餐飲管理系,19,15,4,0,0,1,0,3,2,11,2,0,0,6,4,2,19,15,4
107,私立,技專校院,1183,黎明技術學院,10151022,觀光休閒系,5,3,2,0,0,0,0,1,0,2,2,0,0,1,1,0,5,3,2
107,私立,技專校院,1183,黎明技術學院,99999Z01,通識中心,32,20,12,0,0,1,0,2,1,17,11,0,0,4,3,1,32,20,12
107,私立,技專校院,1185,經國管理暨健康學院,06111026,醫護資訊應用系,1,1,0,0,0,0,0,0,0,1,0,0,0,0,0,0,1,1,0
107,私立,技專校院,1185,經國管理暨健康學院,07211007,食品保健系,1,1,0,0,0,0,0,0,0,1,0,0,0,0,0,0,1,1,0
107,私立,技專校院,1185,經國管理暨健康學院,09111021,口腔衛生照護系,3,2,1,0,0,0,0,1,0,1,1,0,0,1,1,0,3,2,1
107,私立,技專校院,1185,經國管理暨健康學院,09131009,護理系,17,7,10,0,0,0,0,1,2,6,8,0,0,3,1,2,17,7,10
107,私立,技專校院,1185,經國管理暨健康學院,09211022,高齡照顧福祉系,2,0,2,0,0,0,0,0,0,0,2,0,0,0,0,0,2,0,2
107,私立,技專校院,1185,經國管理暨健康學院,09221011,幼兒保育系,5,1,4,0,0,0,0,0,1,1,3,0,0,1,0,1,5,1,4
107,私立,技專校院,1185,經國管理暨健康學院,10121016,美容流行設計系,10,2,8,0,0,0,0,0,0,2,8,0,0,0,0,0,10,2,8
107,私立,技專校院,1185,經國管理暨健康學院,10131025,餐旅廚藝管理系,26,17,9,0,0,1,0,2,0,14,9,0,0,3,3,0,26,17,9
107,私立,技專校院,1185,經國管理暨健康學院,10152020,觀光休閒與健康系,3,1,2,0,0,0,0,0,1,1,1,0,0,1,0,1,3,1,2
107,私立,技專校院,1185,經國管理暨健康學院,99999Z01,通識(教育)中心,54,33,21,0,0,2,0,8,3,23,18,0,0,13,10,3,54,33,21
107,私立,技專校院,1188,大同技術學院,04131011,商業經營與設計系,12,8,4,1,0,1,0,1,0,5,4,0,0,3,3,0,12,8,4
107,私立,技專校院,1188,大同技術學院,09231021,社會工作與服務管理系,12,5,7,0,0,1,0,0,0,4,7,0,0,1,1,0,12,5,7
107,私立,技專校院,1188,大同技術學院,10121001,時尚造型設計系,16,2,14,0,0,0,0,0,0,2,14,0,0,0,0,0,16,2,14
107,私立,技專校院,1188,大同技術學院,10131024,餐飲管理系,12,5,7,0,0,0,0,0,2,5,5,0,0,2,0,2,12,5,7
107,私立,技專校院,1188,大同技術學院,10131025,烘焙管理系,14,12,2,0,0,0,0,2,0,10,2,0,0,2,2,0,14,12,2
107,私立,技專校院,1188,大同技術學院,10151029,旅遊與休閒娛樂管理系,2,0,2,0,0,0,0,0,0,0,2,0,0,0,0,0,2,0,2
107,私立,技專校院,1188,大同技術學院,10152030,運動健康與休閒系,3,2,1,0,0,1,0,0,0,1,1,0,0,1,1,0,3,2,1
107,私立,技專校院,1188,大同技術學院,10199034,婚禮企劃與設計系,1,0,1,0,0,0,0,0,0,0,1,0,0,0,0,0,1,0,1
107,私立,技專校院,1192,臺灣觀光學院,10131016,廚藝管理系,1,1,0,1,0,0,0,0,0,0,0,0,0,1,1,0,1,1,0
107,私立,技專校院,1192,臺灣觀光學院,10199024,觀光餐旅系,30,16,14,0,1,0,0,2,3,14,10,0,0,6,2,4,30,16,14
107,私立,一般大學,1195,馬偕學校財團法人馬偕醫學院,09121002,醫學系,113,90,23,15,1,7,0,28,11,40,11,0,0,62,50,12,113,90,23
107,私立,一般大學,1195,馬偕學校財團法人馬偕醫學院,09131004,護理學系,17,2,15,0,0,0,0,2,3,0,12,0,0,5,2,3,17,2,15
107,私立,一般大學,1195,馬偕學校財團法人馬偕醫學院,09153003,聽力暨語言治療學系,17,2,15,0,0,0,0,0,4,2,11,0,0,4,0,4,17,2,15
107,私立,一般大學,1195,馬偕學校財團法人馬偕醫學院,99999Z01,全人教育中心,16,10,6,1,0,3,0,2,2,4,4,0,0,8,6,2,16,10,6
107,私立,一般大學,1196,法鼓學校財團法人法鼓文理學院,02211002,佛教學系,22,10,12,2,1,3,2,2,7,3,2,0,0,17,7,10,22,10,12
107,私立,一般大學,1196,法鼓學校財團法人法鼓文理學院,99999Z99,人文社會學群,5,3,2,0,0,1,0,2,2,0,0,0,0,5,3,2,5,3,2
107,私立,技專校院,1282,馬偕學校財團法人馬偕醫護管理專科學校,02311001,應用外語科,22,11,11,0,0,0,0,0,0,11,11,0,0,0,0,0,22,11,11
107,私立,技專校院,1282,馬偕學校財團法人馬偕醫護管理專科學校,09131003,護理科,60,29,31,0,0,2,0,5,4,22,27,0,0,11,7,4,60,29,31
107,私立,技專校院,1282,馬偕學校財團法人馬偕醫護管理專科學校,09141004,視光學科,27,20,7,0,0,2,0,3,1,15,6,0,0,6,5,1,27,20,7
107,私立,技專校院,1282,馬偕學校財團法人馬偕醫護管理專科學校,09211006,高齡服務事業科,3,2,1,0,0,0,0,1,0,1,1,0,0,1,1,0,3,2,1
107,私立,技專校院,1282,馬偕學校財團法人馬偕醫護管理專科學校,09221007,幼兒保育科,13,6,7,0,0,0,0,0,0,6,7,0,0,0,0,0,13,6,7
107,私立,技專校院,1282,馬偕學校財團法人馬偕醫護管理專科學校,10121009,化妝品應用與管理科,21,10,11,0,0,3,0,1,2,6,9,0,0,6,4,2,21,10,11
107,私立,技專校院,1282,馬偕學校財團法人馬偕醫護管理專科學校,10131008,餐飲管理科,12,5,7,0,0,2,0,0,2,3,5,0,0,4,2,2,12,5,7
107,私立,技專校院,1282,馬偕學校財團法人馬偕醫護管理專科學校,99999010,生命關懷事業科,7,3,4,0,0,0,0,1,0,2,4,0,0,1,1,0,7,3,4
107,私立,技專校院,1282,馬偕學校財團法人馬偕醫護管理專科學校,99999Z01,通識教育中心,22,12,10,0,0,0,1,0,2,12,7,0,0,3,0,3,22,12,10
107,私立,技專校院,1283,仁德醫護管理專科學校,06134003,行動數位商務科,3,3,0,1,0,0,0,2,0,0,0,0,0,3,3,0,3,3,0
107,私立,技專校院,1283,仁德醫護管理專科學校,09111020,口腔衛生學科,2,0,2,0,0,0,1,0,0,0,1,0,0,1,0,1,2,0,2
107,私立,技專校院,1283,仁德醫護管理專科學校,09131011,護理科,45,19,26,0,0,0,0,10,3,9,23,0,0,13,10,3,45,19,26
107,私立,技專校院,1283,仁德醫護管理專科學校,09141013,視光學科,17,16,1,0,0,1,0,2,0,13,1,0,0,3,3,0,17,16,1
107,私立,技專校院,1283,仁德醫護管理專科學校,09141014,醫事檢驗科,30,23,7,0,0,0,0,3,0,20,7,0,0,3,3,0,30,23,7
107,私立,技專校院,1283,仁德醫護管理專科學校,09159001,復健科,50,34,16,0,0,2,0,6,3,26,13,0,0,11,8,3,50,34,16
107,私立,技專校院,1283,仁德醫護管理專科學校,09171010,調理保健技術科,33,25,8,0,0,0,0,3,0,22,8,0,0,3,3,0,33,25,8
107,私立,技專校院,1283,仁德醫護管理專科學校,09191008,職業安全衛生科,1,1,0,0,0,0,0,0,0,1,0,0,0,0,0,0,1,1,0
107,私立,技專校院,1283,仁德醫護管理專科學校,09211016,高齡健康促進科,3,1,2,0,0,0,0,0,0,1,2,0,0,0,0,0,3,1,2
107,私立,技專校院,1283,仁德醫護管理專科學校,09221017,幼兒保育科,1,0,1,0,0,0,0,0,1,0,0,0,0,1,0,1,1,0,1
107,私立,技專校院,1283,仁德醫護管理專科學校,09299004,生命關懷事業科,24,16,8,0,0,1,0,0,2,15,6,0,0,3,1,2,24,16,8
107,私立,技專校院,1283,仁德醫護管理專科學校,10131018,餐旅管理科,1,0,1,0,0,0,0,0,0,0,1,0,0,0,0,0,1,0,1
107,私立,技專校院,1283,仁德醫護管理專科學校,10199019,健康美容觀光科,6,1,5,0,0,0,0,1,0,0,5,0,0,1,1,0,6,1,5
107,私立,技專校院,1283,仁德醫護管理專科學校,99999Z01,共同科目,34,22,12,0,0,0,1,10,0,12,11,0,0,11,10,1,34,22,12
107,私立,技專校院,1284,樹人醫護管理專科學校,02311002,應用英語科,10,4,6,0,0,0,0,0,0,4,6,0,0,0,0,0,10,4,6
107,私立,技專校院,1284,樹人醫護管理專科學校,02311003,應用日語科,10,4,6,0,0,0,0,0,0,4,6,0,0,0,0,0,10,4,6
107,私立,技專校院,1284,樹人醫護管理專科學校,06131004,資訊管理科,16,11,5,1,0,0,0,1,0,9,5,0,0,2,2,0,16,11,5
107,私立,技專校院,1284,樹人醫護管理專科學校,09111013,牙體技術科,29,20,9,0,0,3,0,2,1,15,8,0,0,6,5,1,29,20,9
107,私立,技專校院,1284,樹人醫護管理專科學校,09111016,口腔衛生學科,1,1,0,0,0,0,0,0,0,1,0,0,0,0,0,0,1,1,0
107,私立,技專校院,1284,樹人醫護管理專科學校,09131009,護理科,51,21,30,0,0,1,0,6,2,14,28,0,0,9,7,2,51,21,30
107,私立,技專校院,1284,樹人醫護管理專科學校,09141010,視光學科,31,22,9,0,0,0,0,4,0,18,9,0,0,4,4,0,31,22,9
107,私立,技專校院,1284,樹人醫護管理專科學校,09141012,醫學影像暨放射技術科,33,21,12,1,0,1,1,5,2,14,9,0,0,10,7,3,33,21,12
107,私立,技專校院,1284,樹人醫護管理專科學校,09151005,物理治療科,60,41,19,0,0,4,0,6,1,31,18,0,0,11,10,1,60,41,19
107,私立,技專校院,1284,樹人醫護管理專科學校,09152006,職能治療科,23,15,8,0,0,0,0,2,0,13,8,0,0,2,2,0,23,15,8
107,私立,技專校院,1284,樹人醫護管理專科學校,09221014,幼兒保育科,9,2,7,0,0,0,0,0,0,2,7,0,0,0,0,0,9,2,7
107,私立,技專校院,1284,樹人醫護管理專科學校,10121015,美容保健科,22,8,14,0,0,1,0,0,2,7,12,0,0,3,1,2,22,8,14
107,私立,技專校院,1284,樹人醫護管理專科學校,99999Z01,通識(教育)中心,76,41,35,0,0,0,0,6,2,35,33,0,0,8,6,2,76,41,35
107,私立,技專校院,1285,慈惠醫護管理專科學校,02112002,數位媒體創意設計科,15,10,5,0,0,0,0,0,0,10,5,0,0,0,0,0,15,10,5
107,私立,技專校院,1285,慈惠醫護管理專科學校,09131006,護理科,27,7,20,0,0,0,0,0,0,7,20,0,0,0,0,0,27,7,20
107,私立,技專校院,1285,慈惠醫護管理專科學校,09131012,護理助產科,2,1,1,0,0,0,0,0,0,1,1,0,0,0,0,0,2,1,1
107,私立,技專校院,1285,慈惠醫護管理專科學校,09151004,物理治療科,23,12,11,0,0,0,0,0,0,12,11,0,0,0,0,0,23,12,11
107,私立,技專校院,1285,慈惠醫護管理專科學校,09221007,幼兒保育科,17,4,13,0,0,0,0,0,1,4,12,0,0,1,0,1,17,4,13
107,私立,技專校院,1285,慈惠醫護管理專科學校,10121011,美容造型設計科,5,1,4,0,0,0,0,0,0,1,4,0,0,0,0,0,5,1,4
107,私立,技專校院,1285,慈惠醫護管理專科學校,10131008,餐飲管理科,7,5,2,0,0,0,0,0,0,5,2,0,0,0,0,0,7,5,2
107,私立,技專校院,1285,慈惠醫護管理專科學校,10151009,觀光事業科,3,0,3,0,0,0,0,0,0,0,3,0,0,0,0,0,3,0,3
107,私立,技專校院,1285,慈惠醫護管理專科學校,10152010,休閒事業管理科,16,12,4,0,0,0,0,0,0,12,4,0,0,0,0,0,16,12,4
107,私立,技專校院,1285,慈惠醫護管理專科學校,99999Z01,通識教育中心,49,38,11,0,0,0,0,0,0,38,11,0,0,0,0,0,49,38,11
107,私立,技專校院,1286,耕莘健康管理專科學校,02112001,數位媒體設計科,7,7,0,0,0,0,0,1,0,6,0,0,0,1,1,0,7,7,0
107,私立,技專校院,1286,耕莘健康管理專科學校,09111010,口腔衛生與健康照護科,7,3,4,0,0,0,0,0,1,3,3,0,0,1,0,1,7,3,4
107,私立,技專校院,1286,耕莘健康管理專科學校,09131003,護理科,205,82,123,0,0,2,0,13,8,67,115,0,0,23,15,8,205,82,123
107,私立,技專校院,1286,耕莘健康管理專科學校,09221004,嬰幼兒保育科,36,11,25,0,0,0,0,3,3,8,22,0,0,6,3,3,36,11,25
107,私立,技專校院,1286,耕莘健康管理專科學校,10121008,化妝品應用與管理科,40,15,25,0,0,1,1,5,1,9,23,0,0,8,6,2,40,15,25
107,私立,技專校院,1286,耕莘健康管理專科學校,10131006,健康餐旅科,21,15,6,0,0,0,1,0,0,15,5,0,0,1,0,1,21,15,6
107,私立,技專校院,1287,敏惠醫護管理專科學校,09111002,牙體技術科,22,20,2,0,0,0,0,3,0,17,2,0,0,3,3,0,22,20,2
107,私立,技專校院,1287,敏惠醫護管理專科學校,09131001,護理科,43,12,31,0,0,0,0,1,1,11,30,0,0,2,1,1,43,12,31
107,私立,技專校院,1287,敏惠醫護管理專科學校,09199005,長期照顧與健康促進管理科,6,4,2,0,0,0,0,1,0,3,2,0,0,1,1,0,6,4,2
107,私立,技專校院,1287,敏惠醫護管理專科學校,09221003,幼兒保育科,6,3,3,0,0,0,0,1,0,2,3,0,0,1,1,0,6,3,3
107,私立,技專校院,1287,敏惠醫護管理專科學校,10121004,美容保健科,13,6,7,0,0,0,0,2,0,4,7,0,0,2,2,0,13,6,7
107,私立,技專校院,1287,敏惠醫護管理專科學校,99999Z01,通識教育中心,63,36,27,0,0,0,0,8,6,28,21,0,0,14,8,6,63,36,27
107,私立,技專校院,1289,育英醫護管理專科學校,09131001,護理科,3,0,3,0,0,0,0,0,0,0,3,0,0,0,0,0,3,0,3
107,私立,技專校院,1289,育英醫護管理專科學校,09211002,老人服務事業管理科,14,4,10,0,0,1,0,1,1,2,9,0,0,3,2,1,14,4,10
107,私立,技專校院,1289,育英醫護管理專科學校,10121003,化妝品應用與管理科,15,4,11,0,0,1,0,2,0,1,11,0,0,3,3,0,15,4,11
107,私立,技專校院,1289,育英醫護管理專科學校,99999Z01,通識中心,26,12,14,1,0,1,0,3,4,7,10,0,0,9,5,4,26,12,14
107,私立,技專校院,1291,聖母醫護管理專科學校,06131004,資訊管理科,7,7,0,0,0,0,0,0,0,7,0,0,0,0,0,0,7,7,0
107,私立,技專校院,1291,聖母醫護管理專科學校,09131006,護理科,57,14,43,0,0,0,0,2,2,12,41,0,0,4,2,2,57,14,43
107,私立,技專校院,1291,聖母醫護管理專科學校,09221002,幼兒保育科,5,2,3,0,0,0,0,0,0,2,3,0,0,0,0,0,5,2,3
107,私立,技專校院,1291,聖母醫護管理專科學校,10121001,化妝品應用與管理科,8,3,5,0,0,0,0,3,1,0,4,0,0,4,3,1,8,3,5
107,私立,技專校院,1291,聖母醫護管理專科學校,10131005,餐旅管理科,7,3,4,0,0,0,0,1,0,2,4,0,0,1,1,0,7,3,4
107,私立,技專校院,1291,聖母醫護管理專科學校,10152003,健康與休閒管理科,5,2,3,0,0,0,0,0,0,2,3,0,0,0,0,0,5,2,3
107,私立,技專校院,1291,聖母醫護管理專科學校,99999Z01,共同科,48,34,14,1,0,1,1,10,2,22,11,0,0,15,12,3,48,34,14
107,私立,技專校院,1292,新生醫護管理專科學校,02311002,應用英語科,10,2,8,0,0,0,0,1,1,1,7,0,0,2,1,1,10,2,8
107,私立,技專校院,1292,新生醫護管理專科學校,04132005,行銷與流通科,1,1,0,0,0,0,0,0,0,1,0,0,0,0,0,0,1,1,0
107,私立,技專校院,1292,新生醫護管理專科學校,04133006,醫藥保健商務科,8,6,2,0,0,0,0,1,0,5,2,0,0,1,1,0,8,6,2
107,私立,技專校院,1292,新生醫護管理專科學校,04141004,國際商務科,2,1,1,0,0,0,0,0,1,1,0,0,0,1,0,1,2,1,1
107,私立,技專校院,1292,新生醫護管理專科學校,09111010,口腔衛生學科,7,4,3,0,0,0,0,0,0,4,3,0,0,0,0,0,7,4,3
107,私立,技專校院,1292,新生醫護管理專科學校,09131007,護理科,77,17,60,0,0,0,0,3,2,14,58,0,0,5,3,2,77,17,60
107,私立,技專校院,1292,新生醫護管理專科學校,09141009,視光學科,11,9,2,0,0,0,0,1,0,8,2,0,0,1,1,0,11,9,2
107,私立,技專校院,1292,新生醫護管理專科學校,09211008,長期照護科,10,2,8,0,0,0,0,0,0,2,8,0,0,0,0,0,10,2,8
107,私立,技專校院,1292,新生醫護管理專科學校,09221011,幼兒保育科,2,1,1,0,0,0,0,0,0,1,1,0,0,0,0,0,2,1,1
107,私立,技專校院,1292,新生醫護管理專科學校,10121013,美容造型科,9,2,7,0,0,0,0,0,0,2,7,0,0,0,0,0,9,2,7
107,私立,技專校院,1292,新生醫護管理專科學校,10152012,健康休閒管理科,3,0,3,0,0,0,0,0,0,0,3,0,0,0,0,0,3,0,3
107,私立,技專校院,1292,新生醫護管理專科學校,99999Z01,通識教育發展中心,106,64,42,0,0,2,0,18,10,44,32,0,0,30,20,10,106,64,42
107,私立,技專校院,1293,崇仁醫護管理專科學校,04191001,應用外語科,4,3,1,0,0,1,0,0,0,2,1,0,0,1,1,0,4,3,1
107,私立,技專校院,1293,崇仁醫護管理專科學校,09131002,護理科,29,10,19,0,0,1,0,2,0,7,19,0,0,3,3,0,29,10,19
107,私立,技專校院,1293,崇仁醫護管理專科學校,09211003,老人服務事業管理科,10,5,5,0,0,0,0,1,0,4,5,0,0,1,1,0,10,5,5
107,私立,技專校院,1293,崇仁醫護管理專科學校,10121005,美容保健科,12,4,8,0,0,0,0,0,0,4,8,0,0,0,0,0,12,4,8
107,私立,技專校院,1293,崇仁醫護管理專科學校,10131004,餐飲管理科,6,2,4,0,0,0,0,0,1,2,3,0,0,1,0,1,6,2,4
107,私立,技專校院,1293,崇仁醫護管理專科學校,99999Z01,通識教育中心,43,27,16,0,0,0,0,6,3,21,13,0,0,9,6,3,43,27,16
107,私立,宗教研修學院,1R02,學校財團法人中華浸信會基督教台灣浸會神學院,02211001,基督教神學研究所,2,2,0,1,0,0,0,1,0,0,0,0,0,2,2,0,2,2,0
107,私立,宗教研修學院,1R03,臺北基督學院,02299001,基督教博雅學系,41,17,24,0,0,2,1,4,5,11,18,0,0,12,6,6,41,17,24
107,私立,宗教研修學院,1R03,臺北基督學院,99999Z01,基督教博雅核心課程中心,8,5,3,0,0,0,0,1,2,4,1,0,0,3,1,2,8,5,3
107,私立,宗教研修學院,1R04,財團法人一貫道天皇基金會一貫道天皇學院,02211001,一貫道學系,18,10,8,0,0,1,1,3,0,6,7,0,0,5,4,1,18,10,8
107,私立,宗教研修學院,1R05,台神學校財團法人台灣神學研究學院,02211001,基督教研究所,7,1,6,0,1,0,1,1,4,0,0,0,0,7,1,6,7,1,6
107,私立,宗教研修學院,1R05,台神學校財團法人台灣神學研究學院,02211002,神學研究所,2,2,0,0,0,0,0,2,0,0,0,0,0,2,2,0,2,2,0
107,私立,宗教研修學院,1R07,台灣基督長老教會南神神學院,02211001,神學研究所,1,1,0,0,0,0,0,1,0,0,0,0,0,1,1,0,1,1,0
107,私立,宗教研修學院,1R07,台灣基督長老教會南神神學院,02211002,基督教研究所,6,3,3,1,0,0,0,2,2,0,1,0,0,5,3,2,6,3,3
107,公立,一般大學,3002,臺北市立大學,01111001,教育學系,20,8,12,1,0,0,1,3,7,4,4,0,0,12,4,8,20,8,12
107,公立,一般大學,3002,臺北市立大學,01113029,特殊教育學系,7,2,5,0,0,0,0,1,3,1,2,0,0,4,1,3,7,2,5
107,公立,一般大學,3002,臺北市立大學,01114035,教育行政與評鑑研究所,5,3,2,2,0,1,0,0,2,0,0,0,0,5,3,2,5,3,2
107,公立,一般大學,3002,臺北市立大學,01116036,學習與媒材設計學系,11,7,4,2,0,2,0,0,1,3,3,0,0,5,4,1,11,7,4
107,公立,一般大學,3002,臺北市立大學,01121027,幼兒教育學系,19,4,15,0,0,0,2,1,3,3,10,0,0,6,1,5,19,4,15
107,公立,一般大學,3002,臺北市立大學,01131017,英語教學系,16,1,15,0,1,0,0,0,3,1,11,0,0,4,0,4,16,1,15
107,公立,一般大學,3002,臺北市立大學,01141025,體育學系,49,39,10,3,0,0,0,6,2,30,8,0,0,11,9,2,49,39,10
107,公立,一般大學,3002,臺北市立大學,01141026,運動教育研究所,4,3,1,1,0,1,1,1,0,0,0,0,0,4,3,1,4,3,1
107,公立,一般大學,3002,臺北市立大學,02111040,視覺藝術學系,25,11,14,0,0,1,1,4,5,6,8,0,0,11,5,6,25,11,14
107,公立,一般大學,3002,臺北市立大學,02151037,音樂學系,72,25,47,4,6,7,12,7,14,7,15,0,0,50,18,32,72,25,47
107,公立,一般大學,3002,臺北市立大學,02152039,舞蹈學系,25,6,19,0,0,0,1,1,3,5,15,0,0,5,1,4,25,6,19
107,公立,一般大學,3002,臺北市立大學,02322043,中國語文學系,14,5,9,2,0,0,1,3,8,0,0,0,0,14,5,9,14,5,9
107,公立,一般大學,3002,臺北市立大學,03131055,心理與諮商學系,12,4,8,0,0,1,1,2,3,1,4,0,0,7,3,4,12,4,8
107,公立,一般大學,3002,臺北市立大學,04134056,社會暨公共事務學系,8,8,0,3,0,3,0,2,0,0,0,0,0,8,8,0,8,8,0
107,公立,一般大學,3002,臺北市立大學,05211023,地球環境暨生物資源學系,9,7,2,1,0,1,2,5,0,0,0,0,0,9,7,2,9,7,2
107,公立,一般大學,3002,臺北市立大學,05399011,應用物理暨化學系,4,3,1,0,0,0,0,3,1,0,0,0,0,4,3,1,4,3,1
107,公立,一般大學,3002,臺北市立大學,05411012,數學系,1,1,0,0,0,0,0,0,0,1,0,0,0,0,0,0,1,1,0
107,公立,一般大學,3002,臺北市立大學,06131016,資訊科學系,2,2,0,0,0,1,0,0,0,1,0,0,0,1,1,0,2,2,0
107,公立,一般大學,3002,臺北市立大學,07313058,城市發展學系,8,6,2,2,0,1,0,3,2,0,0,0,0,8,6,2,8,6,2
107,公立,一般大學,3002,臺北市立大學,09191059,衛生福利學系,9,5,4,0,0,0,0,2,1,3,3,0,0,3,2,1,9,5,4
107,公立,一般大學,3002,臺北市立大學,10141053,運動科學研究所,4,3,1,2,0,1,0,0,1,0,0,0,0,4,3,1,4,3,1
107,公立,一般大學,3002,臺北市立大學,10141060,球類運動學系,28,20,8,2,1,3,2,3,0,12,5,0,0,11,8,3,28,20,8
107,公立,一般大學,3002,臺北市立大學,10141062,陸上運動學系,7,6,1,1,0,0,0,0,0,5,1,0,0,1,1,0,7,6,1
107,公立,一般大學,3002,臺北市立大學,10141063,水上運動學系,6,2,4,0,0,0,0,1,1,1,3,0,0,2,1,1,6,2,4
107,公立,一般大學,3002,臺北市立大學,10141064,技擊運動學系,12,9,3,0,0,0,0,0,0,9,3,0,0,0,0,0,12,9,3
107,公立,一般大學,3002,臺北市立大學,10152030,身心障礙者轉銜及休閒教育碩士學位學程,1,0,1,0,0,0,0,0,1,0,0,0,0,1,0,1,1,0,1
107,公立,一般大學,3002,臺北市立大學,10152050,休閒運動管理學系,8,3,5,0,0,0,2,1,0,2,3,0,0,3,1,2,8,3,5
107,公立,一般大學,3002,臺北市立大學,10152052,運動健康科學系,10,6,4,0,0,0,0,1,1,5,3,0,0,2,1,1,10,6,4
107,公立,一般大學,3002,臺北市立大學,99999046,運動藝術學系,7,7,0,0,0,0,0,2,0,5,0,0,0,2,2,0,7,7,0
107,公立,一般大學,3002,臺北市立大學,99999Z01,通識教育中心,47,24,23,0,3,1,1,13,12,10,7,0,0,30,14,16,47,24,23
107,公立,一般大學,3002,臺北市立大學,99999Z05,師資培育及職涯發展中心,23,9,14,1,0,0,0,4,7,4,7,0,0,12,5,7,23,9,14
108,公立,一般大學,0001,國立政治大學,01199Y03,教育學院,5,1,4,0,0,1,1,0,1,0,2,0,0,3,1,2,5,1,4
108,公立,一般大學,0001,國立政治大學,02211019,宗教研究所,6,4,2,1,0,0,0,3,2,0,0,0,0,6,4,2,6,4,2
108,公立,一般大學,0001,國立政治大學,02221020,歷史學系,7,5,2,3,0,0,2,1,0,1,0,0,0,6,4,2,7,5,2
108,公立,一般大學,0001,國立政治大學,02221021,台灣史研究所,5,5,0,2,0,2,0,1,0,0,0,0,0,5,5,0,5,5,0
108,公立,一般大學,0001,國立政治大學,02222031,民族學系,11,8,3,2,1,3,0,2,2,1,0,0,0,10,7,3,11,8,3
108,公立,一般大學,0001,國立政治大學,02231022,哲學系,6,5,1,2,0,0,0,1,1,2,0,0,0,4,3,1,6,5,1
108,公立,一般大學,0001,國立政治大學,02311009,英國語文學系,13,6,7,1,0,1,1,2,2,2,4,0,0,7,4,3,13,6,7
108,公立,一般大學,0001,國立政治大學,02311011,日本語文學系,23,4,19,1,3,1,0,0,3,2,13,0,0,8,2,6,23,4,19
108,公立,一般大學,0001,國立政治大學,02311012,阿拉伯語文學系,1,1,0,0,0,0,0,0,0,1,0,0,0,0,0,0,1,1,0
108,公立,一般大學,0001,國立政治大學,02311014,韓國語文學系,8,6,2,0,0,0,0,3,0,3,2,0,0,3,3,0,8,6,2
108,公立,一般大學,0001,國立政治大學,02311016,歐洲語文學系,5,1,4,0,0,0,0,1,2,0,2,0,0,3,1,2,5,1,4
108,公立,一般大學,0001,國立政治大學,02311017,斯拉夫語文學系,7,4,3,1,0,0,1,1,1,2,1,0,0,4,2,2,7,4,3
108,公立,一般大學,0001,國立政治大學,02311087,東南亞語言與文化學士學位學程,4,3,1,0,0,1,0,0,0,2,1,0,0,1,1,0,4,3,1
108,公立,一般大學,0001,國立政治大學,02321007,台灣文學研究所,2,2,0,2,0,0,0,0,0,0,0,0,0,2,2,0,2,2,0
108,公立,一般大學,0001,國立政治大學,02322008,中國文學系,24,18,6,7,3,0,1,1,0,10,2,0,0,12,8,4,24,18,6
108,公立,一般大學,0001,國立政治大學,02323002,華語文教學碩士學位學程,6,2,4,0,0,0,1,0,1,2,2,0,0,2,0,2,6,2,4
108,公立,一般大學,0001,國立政治大學,03111024,經濟學系,8,8,0,6,0,2,0,0,0,0,0,0,0,8,8,0,8,8,0
108,公立,一般大學,0001,國立政治大學,03121026,政治學系,8,7,1,5,0,2,0,0,1,0,0,0,0,8,7,1,8,7,1
108,公立,一般大學,0001,國立政治大學,03122Y18,國際事務學院,15,12,3,7,1,3,1,2,1,0,0,0,0,15,12,3,15,12,3
108,公立,一般大學,0001,國立政治大學,03131032,心理學系,19,16,3,6,2,1,0,5,0,4,1,0,0,14,12,2,19,16,3
108,公立,一般大學,0001,國立政治大學,03141030,社會學系,2,1,1,0,0,1,0,0,1,0,0,0,0,2,1,1,2,1,1
108,公立,一般大學,0001,國立政治大學,03143036,日本研究碩士學位學程,1,0,1,0,0,0,1,0,0,0,0,0,0,1,0,1,1,0,1
108,公立,一般大學,0001,國立政治大學,03143040,亞太研究英語博士學位學程,2,2,0,2,0,0,0,0,0,0,0,0,0,2,2,0,2,2,0
108,公立,一般大學,0001,國立政治大學,03143040,亞太研究英語碩士學位學程,2,2,0,2,0,0,0,0,0,0,0,0,0,2,2,0,2,2,0
108,公立,一般大學,0001,國立政治大學,03143043,地政學系,4,3,1,2,1,1,0,0,0,0,0,0,0,4,3,1,4,3,1
108,公立,一般大學,0001,國立政治大學,03191047,國家發展研究所,2,2,0,2,0,0,0,0,0,0,0,0,0,2,2,0,2,2,0
108,公立,一般大學,0001,國立政治大學,03199048,勞工研究所,1,1,0,0,0,1,0,0,0,0,0,0,0,1,1,0,1,1,0
108,公立,一般大學,0001,國立政治大學,03199Y20,社會科學學院,4,4,0,3,0,1,0,0,0,0,0,0,0,4,4,0,4,4,0
108,公立,一般大學,0001,國立政治大學,03213052,廣播電視學系,1,1,0,0,0,0,0,1,0,0,0,0,0,1,1,0,1,1,0
108,公立,一般大學,0001,國立政治大學,03214051,新聞學系,1,0,1,0,1,0,0,0,0,0,0,0,0,1,0,1,1,0,1
108,公立,一般大學,0001,國立政治大學,03299Y22,傳播學院,37,29,8,7,0,5,1,7,4,10,3,0,0,24,19,5,37,29,8
108,公立,一般大學,0001,國立政治大學,04111059,會計學系,19,16,3,9,1,6,1,1,0,0,1,0,0,18,16,2,19,16,3
108,公立,一般大學,0001,國立政治大學,04121065,財務管理學系,8,5,3,4,1,1,1,0,1,0,0,0,0,8,5,3,8,5,3
108,公立,一般大學,0001,國立政治大學,04121068,金融學系,3,3,0,3,0,0,0,0,0,0,0,0,0,3,3,0,3,3,0
108,公立,一般大學,0001,國立政治大學,04122070,財政學系,5,4,1,2,0,1,0,1,0,0,1,0,0,4,4,0,5,4,1
108,公立,一般大學,0001,國立政治大學,04123069,風險管理與保險學系,2,2,0,2,0,0,0,0,0,0,0,0,0,2,2,0,2,2,0
108,公立,一般大學,0001,國立政治大學,04131060,企業管理研究所(MBA學位學程),3,2,1,1,1,0,0,1,0,0,0,0,0,3,2,1,3,2,1
108,公立,一般大學,0001,國立政治大學,04131060,企業管理學系,8,5,3,0,0,0,0,1,0,4,3,0,0,1,1,0,8,5,3
108,公立,一般大學,0001,國立政治大學,04131064,國際經營管理英語碩士學位學程,6,5,1,2,1,1,0,2,0,0,0,0,0,6,5,1,6,5,1
108,公立,一般大學,0001,國立政治大學,04134041,公共行政學系,5,4,1,2,0,1,0,1,1,0,0,0,0,5,4,1,5,4,1
108,公立,一般大學,0001,國立政治大學,04141067,國際經營與貿易學系,7,5,2,3,0,2,1,0,0,0,1,0,0,6,5,1,7,5,2
108,公立,一般大學,0001,國立政治大學,04199072,科技管理與智慧財產研究所,4,3,1,2,0,1,0,0,1,0,0,0,0,4,3,1,4,3,1
108,公立,一般大學,0001,國立政治大學,04199Y27,商學院,11,11,0,4,0,5,0,1,0,1,0,0,0,10,10,0,11,11,0
108,公立,一般大學,0001,國立政治大學,04211073,法律學系,8,7,1,6,1,1,0,0,0,0,0,0,0,8,7,1,8,7,1
108,公立,一般大學,0001,國立政治大學,04299Y34,法學院,20,13,7,7,2,3,3,1,1,2,1,0,0,17,11,6,20,13,7
108,公立,一般大學,0001,國立政治大學,05199083,神經科學研究所,11,7,4,1,2,1,1,2,0,3,1,0,0,7,4,3,11,7,4
108,公立,一般大學,0001,國立政治大學,05331077,應用物理研究所,2,2,0,2,0,0,0,0,0,0,0,0,0,2,2,0,2,2,0
108,公立,一般大學,0001,國立政治大學,05399Y37,理學院,2,2,0,0,0,1,0,1,0,0,0,0,0,2,2,0,2,2,0
108,公立,一般大學,0001,國立政治大學,05411078,應用數學系,10,9,1,5,0,0,0,4,1,0,0,0,0,10,9,1,10,9,1
108,公立,一般大學,0001,國立政治大學,05421079,統計學系,2,2,0,2,0,0,0,0,0,0,0,0,0,2,2,0,2,2,0
108,公立,一般大學,0001,國立政治大學,06131080,資訊管理學系,4,4,0,3,0,0,0,0,0,1,0,0,0,3,3,0,4,4,0
108,公立,一般大學,0001,國立政治大學,06131081,資訊科學系,4,3,1,0,0,0,0,2,0,1,1,0,0,2,2,0,4,3,1
108,公立,一般大學,0001,國立政治大學,09231084,社會工作研究所,1,0,1,0,0,0,0,0,1,0,0,0,0,1,0,1,1,0,1
108,公立,一般大學,0001,國立政治大學,99999Z05,師資培育中心,2,1,1,0,1,1,0,0,0,0,0,0,0,2,1,1,2,1,1
108,公立,一般大學,0001,國立政治大學,99999Z07,體育室,14,11,3,1,0,5,0,0,2,5,1,0,0,8,6,2,14,11,3
108,公立,一般大學,0001,國立政治大學,99999Z08,外文中心,20,6,14,0,1,0,0,2,5,4,8,0,0,8,2,6,20,6,14
108,公立,一般大學,0001,國立政治大學,99999Z99,國際關係研究中心,5,4,1,4,1,0,0,0,0,0,0,0,0,5,4,1,5,4,1
108,公立,一般大學,0001,國立政治大學,99999Z99,選舉研究中心,2,2,0,0,0,1,0,1,0,0,0,0,0,2,2,0,2,2,0
108,公立,一般大學,0002,國立清華大學,01111112,竹師教育學院學士班,3,2,1,0,0,0,1,0,0,2,0,0,0,1,0,1,3,2,1
108,公立,一般大學,0002,國立清華大學,01113095,特殊教育學系,6,1,5,0,1,0,0,1,1,0,3,0,0,3,1,2,6,1,5
108,公立,一般大學,0002,國立清華大學,01121091,幼兒教育學系,6,0,6,0,1,0,0,0,1,0,4,0,0,2,0,2,6,0,6
108,公立,一般大學,0002,國立清華大學,01131084,教育與學習科技學系,16,11,5,0,0,2,0,4,0,5,5,0,0,6,6,0,16,11,5
108,公立,一般大學,0002,國立清華大學,01131085,數理教育研究所,2,1,1,0,0,1,0,0,1,0,0,0,0,2,1,1,2,1,1
108,公立,一般大學,0002,國立清華大學,01131105,英語教學系,17,4,13,0,0,0,0,1,1,3,12,0,0,2,1,1,17,4,13
108,公立,一般大學,0002,國立清華大學,01141090,體育學系,12,9,3,2,0,0,1,0,0,7,2,0,0,3,2,1,12,9,3
108,公立,一般大學,0002,國立清華大學,01199Y02,竹師教育學院,3,1,2,0,0,0,0,0,0,1,2,0,0,0,0,0,3,1,2
108,公立,一般大學,0002,國立清華大學,02131098,藝術與設計學系,27,15,12,1,1,1,0,2,4,11,7,0,0,9,4,5,27,15,12
108,公立,一般大學,0002,國立清華大學,02151096,音樂學系,65,20,45,1,0,4,8,13,18,2,19,0,0,44,18,26,65,20,45
108,公立,一般大學,0002,國立清華大學,02191113,藝術學院學士班,5,4,1,0,0,0,0,0,1,4,0,0,0,1,0,1,5,4,1
108,公立,一般大學,0002,國立清華大學,02221006,歷史研究所,5,3,2,1,1,0,1,2,0,0,0,0,0,5,3,2,5,3,2
108,公立,一般大學,0002,國立清華大學,02222007,人類學研究所,1,0,1,0,0,0,0,0,1,0,0,0,0,1,0,1,1,0,1
108,公立,一般大學,0002,國立清華大學,02231008,哲學研究所,1,0,1,0,0,0,0,0,1,0,0,0,0,1,0,1,1,0,1
108,公立,一般大學,0002,國立清華大學,02299010,人文社會學院學士班,7,5,2,0,0,2,0,2,1,1,1,0,0,5,4,1,7,5,2
108,公立,一般大學,0002,國立清華大學,02311002,外國語文學系,29,8,21,0,1,1,2,1,5,6,13,0,0,10,2,8,29,8,21
108,公立,一般大學,0002,國立清華大學,02321001,台灣文學研究所,2,1,1,0,0,0,0,1,1,0,0,0,0,2,1,1,2,1,1
108,公立,一般大學,0002,國立清華大學,02321101,臺灣語言研究與教學研究所,2,1,1,0,0,0,0,0,0,1,1,0,0,0,0,0,2,1,1
108,公立,一般大學,0002,國立清華大學,02322003,中國文學系,30,15,15,2,0,0,0,4,8,9,7,0,0,14,6,8,30,15,15
108,公立,一般大學,0002,國立清華大學,02323114,華文文學研究所,1,1,0,0,0,1,0,0,0,0,0,0,0,1,1,0,1,1,0
108,公立,一般大學,0002,國立清華大學,03111011,經濟學系,12,8,4,3,0,0,1,0,0,5,3,0,0,4,3,1,12,8,4
108,公立,一般大學,0002,國立清華大學,03131077,教育心理與諮商學系,14,7,7,0,1,1,3,2,2,4,1,0,0,9,3,6,14,7,7
108,公立,一般大學,0002,國立清華大學,03141012,社會學研究所,3,2,1,0,0,1,0,1,1,0,0,0,0,3,2,1,3,2,1
108,公立,一般大學,0002,國立清華大學,04121020,計量財務金融學系,11,8,3,1,0,2,0,1,3,4,0,0,0,7,4,3,11,8,3
108,公立,一般大學,0002,國立清華大學,04199017,科技管理研究所,9,8,1,6,0,0,0,0,1,2,0,0,0,7,6,1,9,8,1
108,公立,一般大學,0002,國立清華大學,04199022,服務科學研究所,1,0,1,0,0,0,0,0,1,0,0,0,0,1,0,1,1,0,1
108,公立,一般大學,0002,國立清華大學,04212024,科技法律研究所,9,8,1,1,0,1,0,3,1,3,0,0,0,6,5,1,9,8,1
108,公立,一般大學,0002,國立清華大學,05121026,生物科技研究所,1,1,0,1,0,0,0,0,0,0,0,0,0,1,1,0,1,1,0
108,公立,一般大學,0002,國立清華大學,05121072,分子醫學研究所,1,1,0,1,0,0,0,0,0,0,0,0,0,1,1,0,1,1,0
108,公立,一般大學,0002,國立清華大學,05199033,系統神經科學研究所,1,1,0,0,0,0,0,1,0,0,0,0,0,1,1,0,1,1,0
108,公立,一般大學,0002,國立清華大學,05211102,環境與文化資源學系,4,4,0,0,0,0,0,3,0,1,0,0,0,3,3,0,4,4,0
108,公立,一般大學,0002,國立清華大學,05311037,化學系,4,4,0,4,0,0,0,0,0,0,0,0,0,4,4,0,4,4,0
108,公立,一般大學,0002,國立清華大學,05331038,物理學系,3,3,0,2,0,1,0,0,0,0,0,0,0,3,3,0,3,3,0
108,公立,一般大學,0002,國立清華大學,05399040,先進光源科技碩士學位學程,4,3,1,3,1,0,0,0,0,0,0,0,0,4,3,1,4,3,1
108,公立,一般大學,0002,國立清華大學,05399121,分析與環境科學研究所,2,1,1,1,0,0,0,0,1,0,0,0,0,2,1,1,2,1,1
108,公立,一般大學,0002,國立清華大學,05411043,數學系,11,10,1,3,1,2,0,4,0,1,0,0,0,10,9,1,11,10,1
108,公立,一般大學,0002,國立清華大學,06131053,資訊工程學系,6,5,1,1,0,0,0,4,1,0,0,0,0,6,5,1,6,5,1
108,公立,一般大學,0002,國立清華大學,06131122,資訊安全研究所,3,3,0,3,0,0,0,0,0,0,0,0,0,3,3,0,3,3,0
108,公立,一般大學,0002,國立清華大學,07111057,化學工程學系,2,2,0,1,0,0,0,1,0,0,0,0,0,2,2,0,2,2,0
108,公立,一般大學,0002,國立清華大學,07112058,材料科學工程學系,2,2,0,1,0,0,0,0,0,1,0,0,0,1,1,0,2,2,0
108,公立,一般大學,0002,國立清華大學,07131068,核子工程與科學研究所,4,3,1,1,0,1,1,1,0,0,0,0,0,4,3,1,4,3,1
108,公立,一般大學,0002,國立清華大學,07132066,工程與系統科學系,6,5,1,2,0,2,0,1,0,0,1,0,0,5,5,0,6,5,1
108,公立,一般大學,0002,國立清華大學,07141049,電機工程學系,4,3,1,1,1,2,0,0,0,0,0,0,0,4,3,1,4,3,1
108,公立,一般大學,0002,國立清華大學,07151056,動力機械工程學系,9,9,0,4,0,3,0,2,0,0,0,0,0,9,9,0,9,9,0
108,公立,一般大學,0002,國立清華大學,07191061,工業工程與工程管理學系,2,2,0,0,0,0,0,2,0,0,0,0,0,2,2,0,2,2,0
108,公立,一般大學,0002,國立清華大學,07193063,生醫工程與環境科學系,5,4,1,3,0,0,0,1,1,0,0,0,0,5,4,1,5,4,1
108,公立,一般大學,0002,國立清華大學,07193065,生物醫學工程研究所,2,2,0,1,0,1,0,0,0,0,0,0,0,2,2,0,2,2,0
108,公立,一般大學,0002,國立清華大學,09121073,醫學科學系,1,0,1,0,0,0,0,0,1,0,0,0,0,1,0,1,1,0,1
108,公立,一般大學,0002,國立清華大學,99999074,跨院國際博士班學位學程,2,1,1,1,0,0,0,0,1,0,0,0,0,2,1,1,2,1,1
108,公立,一般大學,0002,國立清華大學,99999075,清華學院學士班,3,2,1,0,0,0,0,1,0,1,1,0,0,1,1,0,3,2,1
108,公立,一般大學,0002,國立清華大學,99999120,清華學院國際學士班,1,0,1,0,0,0,0,0,0,0,1,0,0,0,0,0,1,0,1
108,公立,一般大學,0002,國立清華大學,99999Z01,通識教育中心,61,40,21,5,2,2,3,19,8,14,8,0,0,39,26,13,61,40,21
108,公立,一般大學,0002,國立清華大學,99999Z05,師資培育中心,29,13,16,2,1,1,0,3,5,7,10,0,0,12,6,6,29,13,16
108,公立,一般大學,0002,國立清華大學,99999Z07,體育室,42,29,13,1,0,1,1,5,4,22,8,0,0,12,7,5,42,29,13
108,公立,一般大學,0002,國立清華大學,99999Z08,華語中心,13,2,11,0,0,0,1,0,1,2,9,0,0,2,0,2,13,2,11
108,公立,一般大學,0002,國立清華大學,99999Z08,語文中心,10,2,8,0,0,0,0,0,2,2,6,0,0,2,0,2,10,2,8
108,公立,一般大學,0003,國立臺灣大學,01131001,華語教學碩士學位學程,25,0,25,0,0,0,0,0,0,0,25,0,0,0,0,0,25,0,25
108,公立,一般大學,0003,國立臺灣大學,02151002,音樂學研究所,4,2,2,0,0,1,0,1,1,0,1,0,0,3,2,1,4,2,2
108,公立,一般大學,0003,國立臺灣大學,02152003,戲劇學系,16,6,10,1,1,0,2,1,2,4,5,0,0,7,2,5,16,6,10
108,公立,一般大學,0003,國立臺灣大學,02191004,藝術史研究所,2,0,2,0,2,0,0,0,0,0,0,0,0,2,0,2,2,0,2
108,公立,一般大學,0003,國立臺灣大學,02221012,歷史學系,12,9,3,6,1,2,0,1,1,0,1,0,0,11,9,2,12,9,3
108,公立,一般大學,0003,國立臺灣大學,02222013,人類學系,4,3,1,1,0,1,1,1,0,0,0,0,0,4,3,1,4,3,1
108,公立,一般大學,0003,國立臺灣大學,02231014,哲學系,5,5,0,3,0,2,0,0,0,0,0,0,0,5,5,0,5,5,0
108,公立,一般大學,0003,國立臺灣大學,02299Y15,文學院,7,4,3,0,0,0,0,1,2,3,1,0,0,3,1,2,7,4,3
108,公立,一般大學,0003,國立臺灣大學,02311007,外國語文學系,40,18,22,3,0,0,0,6,6,9,16,0,0,15,9,6,40,18,22
108,公立,一般大學,0003,國立臺灣大學,02311009,日本語文學系,23,5,18,3,1,0,0,0,0,2,17,0,0,4,3,1,23,5,18
108,公立,一般大學,0003,國立臺灣大學,02312010,翻譯碩士學位學程,3,2,1,0,0,0,1,0,0,2,0,0,0,1,0,1,3,2,1
108,公立,一般大學,0003,國立臺灣大學,02322006,中國文學系,37,22,15,8,3,1,1,10,11,3,0,0,0,34,19,15,37,22,15
108,公立,一般大學,0003,國立臺灣大學,03111015,經濟學系,9,8,1,6,1,2,0,0,0,0,0,0,0,9,8,1,9,8,1
108,公立,一般大學,0003,國立臺灣大學,03121016,政治學系,9,9,0,4,0,1,0,2,0,2,0,0,0,7,7,0,9,9,0
108,公立,一般大學,0003,國立臺灣大學,03131019,心理學系,9,6,3,5,1,0,1,1,1,0,0,0,0,9,6,3,9,6,3
108,公立,一般大學,0003,國立臺灣大學,03141018,社會學系,4,3,1,2,0,0,0,1,1,0,0,0,0,4,3,1,4,3,1
108,公立,一般大學,0003,國立臺灣大學,03142021,地理環境資源學系,3,2,1,2,0,0,0,0,1,0,0,0,0,3,2,1,3,2,1
108,公立,一般大學,0003,國立臺灣大學,03191023,國家發展研究所,8,7,1,7,0,0,0,0,1,0,0,0,0,8,7,1,8,7,1
108,公立,一般大學,0003,國立臺灣大學,03199Y19,社會科學院,2,1,1,0,0,0,0,1,0,0,1,0,0,1,1,0,2,1,1
108,公立,一般大學,0003,國立臺灣大學,03212024,新聞研究所,7,5,2,0,0,4,0,1,2,0,0,0,0,7,5,2,7,5,2
108,公立,一般大學,0003,國立臺灣大學,03222025,圖書資訊學系,5,0,5,0,2,0,3,0,0,0,0,0,0,5,0,5,5,0,5
108,公立,一般大學,0003,國立臺灣大學,04111027,會計學系,8,8,0,6,0,2,0,0,0,0,0,0,0,8,8,0,8,8,0
108,公立,一般大學,0003,國立臺灣大學,04121032,財務金融學系,12,8,4,6,3,0,0,1,1,1,0,0,0,11,7,4,12,8,4
108,公立,一般大學,0003,國立臺灣大學,04131028,管理學院企業管理碩士專班,7,7,0,4,0,1,0,2,0,0,0,0,0,7,7,0,7,7,0
108,公立,一般大學,0003,國立臺灣大學,04131029,工商管理學系,9,9,0,5,0,3,0,1,0,0,0,0,0,9,9,0,9,9,0
108,公立,一般大學,0003,國立臺灣大學,04131031,國際企業學系,9,7,2,2,0,1,1,3,1,1,0,0,0,8,6,2,9,7,2
108,公立,一般大學,0003,國立臺灣大學,04134022,公共事務研究所,1,1,0,0,0,1,0,0,0,0,0,0,0,1,1,0,1,1,0
108,公立,一般大學,0003,國立臺灣大學,04199146,管理學院,1,1,0,1,0,0,0,0,0,0,0,0,0,1,1,0,1,1,0
108,公立,一般大學,0003,國立臺灣大學,04199148,管理學院創業創新管理碩士在職專班,1,1,0,1,0,0,0,0,0,0,0,0,0,1,1,0,1,1,0
108,公立,一般大學,0003,國立臺灣大學,04211035,法律學系,20,18,2,18,2,0,0,0,0,0,0,0,0,20,18,2,20,18,2
108,公立,一般大學,0003,國立臺灣大學,04212036,科際整合法律學研究所,1,1,0,1,0,0,0,0,0,0,0,0,0,1,1,0,1,1,0
108,公立,一般大學,0003,國立臺灣大學,05111038,生命科學系,4,3,1,2,0,1,1,0,0,0,0,0,0,4,3,1,4,3,1
108,公立,一般大學,0003,國立臺灣大學,05111040,植物科學研究所,2,2,0,2,0,0,0,0,0,0,0,0,0,2,2,0,2,2,0
108,公立,一般大學,0003,國立臺灣大學,05121044,生物科技研究所,2,1,1,0,0,1,1,0,0,0,0,0,0,2,1,1,2,1,1
108,公立,一般大學,0003,國立臺灣大學,05121045,生化科學研究所,24,20,4,11,1,3,2,5,1,1,0,0,0,23,19,4,24,20,4
108,公立,一般大學,0003,國立臺灣大學,05121046,分子與細胞生物學研究所,10,7,3,4,2,1,1,2,0,0,0,0,0,10,7,3,10,7,3
108,公立,一般大學,0003,國立臺灣大學,05121047,基因體與系統生物學學位學程,27,19,8,7,3,5,2,7,3,0,0,0,0,27,19,8,27,19,8
108,公立,一般大學,0003,國立臺灣大學,05121151,生化科技學系,9,5,4,4,3,1,1,0,0,0,0,0,0,9,5,4,9,5,4
108,公立,一般大學,0003,國立臺灣大學,05123050,生物化學暨分子生物學研究所,3,2,1,2,0,0,0,0,1,0,0,0,0,3,2,1,3,2,1
108,公立,一般大學,0003,國立臺灣大學,05212043,生態學與演化生物學研究所,5,3,2,3,1,0,1,0,0,0,0,0,0,5,3,2,5,3,2
108,公立,一般大學,0003,國立臺灣大學,05311051,化學系,8,5,3,4,2,0,0,1,1,0,0,0,0,8,5,3,8,5,3
108,公立,一般大學,0003,國立臺灣大學,05321052,地質科學系,10,8,2,5,1,3,0,0,1,0,0,0,0,10,8,2,10,8,2
108,公立,一般大學,0003,國立臺灣大學,05321053,氣候變遷與永續發展國際博士學位學程,1,1,0,0,0,1,0,0,0,0,0,0,0,1,1,0,1,1,0
108,公立,一般大學,0003,國立臺灣大學,05322056,大氣科學系,5,4,1,3,1,0,0,1,0,0,0,0,0,5,4,1,5,4,1
108,公立,一般大學,0003,國立臺灣大學,05323057,海洋研究所,3,3,0,1,0,1,0,1,0,0,0,0,0,3,3,0,3,3,0
108,公立,一般大學,0003,國立臺灣大學,05331054,物理學系,13,13,0,11,0,1,0,1,0,0,0,0,0,13,13,0,13,13,0
108,公立,一般大學,0003,國立臺灣大學,05411059,數學系,22,21,1,10,0,1,0,10,1,0,0,0,0,22,21,1,22,21,1
108,公立,一般大學,0003,國立臺灣大學,06131062,資訊管理學系,5,5,0,0,0,3,0,1,0,1,0,0,0,4,4,0,5,5,0
108,公立,一般大學,0003,國立臺灣大學,06131063,資訊網路與多媒體研究所,2,2,0,1,0,0,0,1,0,0,0,0,0,2,2,0,2,2,0
108,公立,一般大學,0003,國立臺灣大學,06131067,資訊工程學系,5,5,0,4,0,1,0,0,0,0,0,0,0,5,5,0,5,5,0
108,公立,一般大學,0003,國立臺灣大學,06131158,資料科學碩士學位學程,1,0,1,0,1,0,0,0,0,0,0,0,0,1,0,1,1,0,1
108,公立,一般大學,0003,國立臺灣大學,07111076,化學工程學系,4,3,1,3,1,0,0,0,0,0,0,0,0,4,3,1,4,3,1
108,公立,一般大學,0003,國立臺灣大學,07112078,材料科學與工程學系,3,3,0,2,0,1,0,0,0,0,0,0,0,3,3,0,3,3,0
108,公立,一般大學,0003,國立臺灣大學,07121080,環境工程學研究所,10,9,1,8,0,1,0,0,1,0,0,0,0,10,9,1,10,9,1
108,公立,一般大學,0003,國立臺灣大學,07141064,電機工程學系,5,3,2,3,1,0,0,0,1,0,0,0,0,5,3,2,5,3,2
108,公立,一般大學,0003,國立臺灣大學,07141065,電子工程學研究所,11,11,0,10,0,1,0,0,0,0,0,0,0,11,11,0,11,11,0
108,公立,一般大學,0003,國立臺灣大學,07141068,電信工程學研究所,5,5,0,5,0,0,0,0,0,0,0,0,0,5,5,0,5,5,0
108,公立,一般大學,0003,國立臺灣大學,07151069,機械工程學系,1,1,0,0,0,1,0,0,0,0,0,0,0,1,1,0,1,1,0
108,公立,一般大學,0003,國立臺灣大學,07151082,工程科學及海洋工程學系,5,5,0,3,0,1,0,1,0,0,0,0,0,5,5,0,5,5,0
108,公立,一般大學,0003,國立臺灣大學,07193081,生醫電子與資訊學研究所,3,3,0,2,0,0,0,1,0,0,0,0,0,3,3,0,3,3,0
108,公立,一般大學,0003,國立臺灣大學,07193083,醫學工程學系,1,1,0,0,0,0,0,1,0,0,0,0,0,1,1,0,1,1,0
108,公立,一般大學,0003,國立臺灣大學,07194071,應用力學研究所,1,1,0,0,0,1,0,0,0,0,0,0,0,1,1,0,1,1,0
108,公立,一般大學,0003,國立臺灣大學,07211099,食品科技研究所,6,4,2,3,1,0,0,1,1,0,0,0,0,6,4,2,6,4,2
108,公立,一般大學,0003,國立臺灣大學,07313086,建築與城鄉研究所,3,2,1,1,0,1,1,0,0,0,0,0,0,3,2,1,3,2,1
108,公立,一般大學,0003,國立臺灣大學,07321074,土木工程學系,11,11,0,6,0,3,0,1,0,1,0,0,0,10,10,0,11,11,0
108,公立,一般大學,0003,國立臺灣大學,08111087,農藝學系,10,7,3,3,3,1,0,1,0,2,0,0,0,8,5,3,10,7,3
108,公立,一般大學,0003,國立臺灣大學,08112089,動物科學技術學系,1,1,0,0,0,0,0,1,0,0,0,0,0,1,1,0,1,1,0
108,公立,一般大學,0003,國立臺灣大學,08121091,園藝暨景觀學系,12,11,1,6,0,1,0,1,1,3,0,0,0,9,8,1,12,11,1
108,公立,一般大學,0003,國立臺灣大學,08191100,農業化學系,3,3,0,2,0,1,0,0,0,0,0,0,0,3,3,0,3,3,0
108,公立,一般大學,0003,國立臺灣大學,08193096,農業經濟學系,3,2,1,1,1,1,0,0,0,0,0,0,0,3,2,1,3,2,1
108,公立,一般大學,0003,國立臺灣大學,08193098,生物產業傳播暨發展學系,6,5,1,2,0,0,0,1,1,2,0,0,0,4,3,1,6,5,1
108,公立,一般大學,0003,國立臺灣大學,08194094,植物病理與微生物學系,2,0,2,0,2,0,0,0,0,0,0,0,0,2,0,2,2,0,2
108,公立,一般大學,0003,國立臺灣大學,08194095,植物醫學碩士學位學程,2,2,0,2,0,0,0,0,0,0,0,0,0,2,2,0,2,2,0
108,公立,一般大學,0003,國立臺灣大學,08211102,森林環境暨資源學系,5,4,1,0,0,4,0,0,1,0,0,0,0,5,4,1,5,4,1
108,公立,一般大學,0003,國立臺灣大學,08311103,漁業科學研究所,3,3,0,2,0,1,0,0,0,0,0,0,0,3,3,0,3,3,0
108,公立,一般大學,0003,國立臺灣大學,08411104,獸醫學系,4,4,0,2,0,1,0,1,0,0,0,0,0,4,4,0,4,4,0
108,公立,一般大學,0003,國立臺灣大學,08411105,臨床動物醫學研究所,3,2,1,1,0,0,0,0,1,1,0,0,0,2,1,1,3,2,1
108,公立,一般大學,0003,國立臺灣大學,08411106,分子暨比較病理生物學研究所,3,2,1,2,0,0,0,0,1,0,0,0,0,3,2,1,3,2,1
108,公立,一般大學,0003,國立臺灣大學,09111137,牙醫學系,22,17,5,0,0,6,0,4,2,7,3,0,0,12,10,2,22,17,5
108,公立,一般大學,0003,國立臺灣大學,09111138,臨床牙醫學研究所,2,1,1,0,0,0,0,1,1,0,0,0,0,2,1,1,2,1,1
108,公立,一般大學,0003,國立臺灣大學,09111139,口腔生物科學研究所,2,1,1,1,0,0,0,0,1,0,0,0,0,2,1,1,2,1,1
108,公立,一般大學,0003,國立臺灣大學,09121048,微生物學研究所,4,2,2,1,0,1,2,0,0,0,0,0,0,4,2,2,4,2,2
108,公立,一般大學,0003,國立臺灣大學,09121107,醫學系,526,427,99,58,5,72,21,161,33,136,40,0,0,350,291,59,526,427,99
108,公立,一般大學,0003,國立臺灣大學,09121108,臨床醫學研究所,6,5,1,1,0,3,1,1,0,0,0,0,0,6,5,1,6,5,1
108,公立,一般大學,0003,國立臺灣大學,09121109,分子醫學研究所,8,5,3,5,3,0,0,0,0,0,0,0,0,8,5,3,8,5,3
108,公立,一般大學,0003,國立臺灣大學,09121110,免疫學研究所,7,5,2,5,2,0,0,0,0,0,0,0,0,7,5,2,7,5,2
108,公立,一般大學,0003,國立臺灣大學,09121111,生理學研究所,1,1,0,1,0,0,0,0,0,0,0,0,0,1,1,0,1,1,0
108,公立,一般大學,0003,國立臺灣大學,09121112,病理學研究所,2,2,0,1,0,0,0,1,0,0,0,0,0,2,2,0,2,2,0
108,公立,一般大學,0003,國立臺灣大學,09121114,解剖學暨細胞生物學研究所,2,2,0,2,0,0,0,0,0,0,0,0,0,2,2,0,2,2,0
108,公立,一般大學,0003,國立臺灣大學,09121118,腫瘤醫學研究所,10,9,1,3,0,0,0,5,1,1,0,0,0,9,8,1,10,9,1
108,公立,一般大學,0003,國立臺灣大學,09121120,基因體暨蛋白體醫學研究所,1,1,0,0,0,0,0,1,0,0,0,0,0,1,1,0,1,1,0
108,公立,一般大學,0003,國立臺灣大學,09121121,醫學教育暨生醫倫理研究所,5,4,1,0,0,1,0,2,0,1,1,0,0,3,3,0,5,4,1
108,公立,一般大學,0003,國立臺灣大學,09121130,藥理學研究所,3,1,2,1,2,0,0,0,0,0,0,0,0,3,1,2,3,1,2
108,公立,一般大學,0003,國立臺灣大學,09121140,法醫學研究所,2,2,0,0,0,1,0,0,0,1,0,0,0,1,1,0,2,2,0
108,公立,一般大學,0003,國立臺灣大學,09131134,護理學系,8,0,8,0,2,0,3,0,2,0,1,0,0,7,0,7,8,0,8
108,公立,一般大學,0003,國立臺灣大學,09141136,醫學檢驗暨生物技術學系,7,4,3,3,1,1,0,0,1,0,1,0,0,6,4,2,7,4,3
108,公立,一般大學,0003,國立臺灣大學,09141143,醫療器材與醫學影像研究所,2,2,0,2,0,0,0,0,0,0,0,0,0,2,2,0,2,2,0
108,公立,一般大學,0003,國立臺灣大學,09151132,物理治療學系,13,5,8,0,1,1,4,3,1,1,2,0,0,10,4,6,13,5,8
108,公立,一般大學,0003,國立臺灣大學,09152133,職能治療學系,5,1,4,0,0,0,2,0,0,1,2,0,0,2,0,2,5,1,4
108,公立,一般大學,0003,國立臺灣大學,09161129,藥學系,12,5,7,3,2,1,1,0,2,1,2,0,0,9,4,5,12,5,7
108,公立,一般大學,0003,國立臺灣大學,09161131,臨床藥學研究所,2,1,1,0,1,0,0,0,0,1,0,0,0,1,0,1,2,1,1
108,公立,一般大學,0003,國立臺灣大學,09191122,公共衛生碩士學位學程,2,1,1,0,0,0,1,1,0,0,0,0,0,2,1,1,2,1,1
108,公立,一般大學,0003,國立臺灣大學,09191122,公共衛生學系,2,2,0,0,0,1,0,0,0,1,0,0,0,1,1,0,2,2,0
108,公立,一般大學,0003,國立臺灣大學,09191126,流行病學與預防醫學研究所,11,5,6,2,2,1,1,2,3,0,0,0,0,11,5,6,11,5,6
108,公立,一般大學,0003,國立臺灣大學,09191127,健康政策與管理研究所,7,5,2,4,2,1,0,0,0,0,0,0,0,7,5,2,7,5,2
108,公立,一般大學,0003,國立臺灣大學,09191128,健康行為與社區科學研究所,2,1,1,0,1,1,0,0,0,0,0,0,0,2,1,1,2,1,1
108,公立,一般大學,0003,國立臺灣大學,09191162,環境與職業健康科學研究所,8,7,1,3,0,2,1,2,0,0,0,0,0,8,7,1,8,7,1
108,公立,一般大學,0003,國立臺灣大學,09199141,毒理學研究所,2,2,0,1,0,1,0,0,0,0,0,0,0,2,2,0,2,2,0
108,公立,一般大學,0003,國立臺灣大學,09231144,社會工作學系,4,1,3,1,0,0,0,0,3,0,0,0,0,4,1,3,4,1,3
108,公立,一般大學,0003,國立臺灣大學,10152145,運動設施與健康管理碩士學位學程,3,2,1,1,0,1,1,0,0,0,0,0,0,3,2,1,3,2,1
108,公立,一般大學,0003,國立臺灣大學,99999Z01,共同教育中心,51,36,15,9,2,7,1,10,9,10,3,0,0,38,26,12,51,36,15
108,公立,一般大學,0004,國立臺灣師範大學,01111001,教育學系,6,5,1,4,1,1,0,0,0,0,0,0,0,6,5,1,6,5,1
108,公立,一般大學,0004,國立臺灣師範大學,01113018,特殊教育學系,13,7,6,0,3,3,1,3,2,1,0,0,0,12,6,6,13,7,6
108,公立,一般大學,0004,國立臺灣師範大學,01115006,科學教育研究所,1,1,0,0,0,1,0,0,0,0,0,0,0,1,1,0,1,1,0
108,公立,一般大學,0004,國立臺灣師範大學,01116014,資訊教育研究所,1,1,0,1,0,0,0,0,0,0,0,0,0,1,1,0,1,1,0
108,公立,一般大學,0004,國立臺灣師範大學,01131004,公民教育與活動領導學系,13,8,5,1,1,1,0,5,1,1,3,0,0,9,7,2,13,8,5
108,公立,一般大學,0004,國立臺灣師範大學,01131009,社會教育學系,8,5,3,2,0,0,1,2,1,1,1,0,0,6,4,2,8,5,3
108,公立,一般大學,0004,國立臺灣師範大學,01131017,健康促進與衛生教育學系,9,3,6,1,4,2,0,0,2,0,0,0,0,9,3,6,9,3,6
108,公立,一般大學,0004,國立臺灣師範大學,01141007,人類發展與家庭學系,12,2,10,1,1,0,2,1,2,0,5,0,0,7,2,5,12,2,10
108,公立,一般大學,0004,國立臺灣師範大學,01141010,工業教育學系,16,16,0,5,0,3,0,8,0,0,0,0,0,16,16,0,16,16,0
108,公立,一般大學,0004,國立臺灣師範大學,01141013,環境教育研究所,1,1,0,0,0,1,0,0,0,0,0,0,0,1,1,0,1,1,0
108,公立,一般大學,0004,國立臺灣師範大學,01141015,體育學系,11,8,3,4,2,1,1,2,0,1,0,0,0,10,7,3,11,8,3
108,公立,一般大學,0004,國立臺灣師範大學,01199021,教育學院創造力發展碩士在職專班,2,2,0,2,0,0,0,0,0,0,0,0,0,2,2,0,2,2,0
108,公立,一般大學,0004,國立臺灣師範大學,01199022,科技應用與人力資源發展學系,8,6,2,0,0,0,1,2,1,4,0,0,0,4,2,2,8,6,2
108,公立,一般大學,0004,國立臺灣師範大學,02112037,設計學系,20,17,3,2,1,2,0,3,0,10,2,0,0,8,7,1,20,17,3
108,公立,一般大學,0004,國立臺灣師範大學,02131023,美術學系,35,27,8,11,1,6,3,8,4,2,0,0,0,33,25,8,35,27,8
108,公立,一般大學,0004,國立臺灣師範大學,02151024,音樂學系,86,37,49,6,10,10,13,13,20,8,6,0,0,72,29,43,86,37,49
108,公立,一般大學,0004,國立臺灣師範大學,02151025,民族音樂研究所,5,3,2,2,0,1,0,0,2,0,0,0,0,5,3,2,5,3,2
108,公立,一般大學,0004,國立臺灣師範大學,02152027,表演藝術研究所,12,6,6,0,1,1,0,2,4,3,1,0,0,8,3,5,12,6,6
108,公立,一般大學,0004,國立臺灣師範大學,02191026,藝術史研究所,2,1,1,0,0,0,1,1,0,0,0,0,0,2,1,1,2,1,1
108,公立,一般大學,0004,國立臺灣師範大學,02199Y06,音樂學院,2,2,0,0,0,1,0,1,0,0,0,0,0,2,2,0,2,2,0
108,公立,一般大學,0004,國立臺灣師範大學,02221035,歷史學系,7,5,2,4,2,1,0,0,0,0,0,0,0,7,5,2,7,5,2
108,公立,一般大學,0004,國立臺灣師範大學,02221036,臺灣史研究所,3,3,0,1,0,2,0,0,0,0,0,0,0,3,3,0,3,3,0
108,公立,一般大學,0004,國立臺灣師範大學,02299045,歐洲文化與觀光研究所,3,3,0,1,0,1,0,1,0,0,0,0,0,3,3,0,3,3,0
108,公立,一般大學,0004,國立臺灣師範大學,02299Y15,文學院,15,9,6,0,0,3,1,3,1,3,4,0,0,8,6,2,15,9,6
108,公立,一般大學,0004,國立臺灣師範大學,02311033,英語學系,13,7,6,1,0,1,0,0,0,5,6,0,0,2,2,0,13,7,6
108,公立,一般大學,0004,國立臺灣師範大學,02312034,翻譯研究所,9,8,1,3,0,2,0,2,1,1,0,0,0,8,7,1,9,8,1
108,公立,一般大學,0004,國立臺灣師範大學,02313005,華語文教學系,7,2,5,0,0,0,2,0,0,2,3,0,0,2,0,2,7,2,5
108,公立,一般大學,0004,國立臺灣師範大學,02321028,臺灣語文學系,4,3,1,0,0,0,1,3,0,0,0,0,0,4,3,1,4,3,1
108,公立,一般大學,0004,國立臺灣師範大學,02322029,國文學系,12,5,7,4,1,0,3,0,0,1,3,0,0,8,4,4,12,5,7
108,公立,一般大學,0004,國立臺灣師範大學,03131003,教育心理與輔導學系,20,14,6,6,4,5,0,3,2,0,0,0,0,20,14,6,20,14,6
108,公立,一般大學,0004,國立臺灣師範大學,03142041,地理學系,5,3,2,0,0,1,1,2,1,0,0,0,0,5,3,2,5,3,2
108,公立,一般大學,0004,國立臺灣師範大學,03143042,東亞學系,7,5,2,1,0,1,0,3,1,0,1,0,0,6,5,1,7,5,2
108,公立,一般大學,0004,國立臺灣師範大學,03199Y21,國際與社會科學學院,1,0,1,0,0,0,0,0,1,0,0,0,0,1,0,1,1,0,1
108,公立,一般大學,0004,國立臺灣師範大學,03211048,大眾傳播研究所,1,1,0,1,0,0,0,0,0,0,0,0,0,1,1,0,1,1,0
108,公立,一般大學,0004,國立臺灣師範大學,03214050,圖文傳播學系,13,8,5,2,0,1,2,0,0,5,3,0,0,5,3,2,13,8,5
108,公立,一般大學,0004,國立臺灣師範大學,04131047,全球經營與策略研究所,3,3,0,2,0,1,0,0,0,0,0,0,0,3,3,0,3,3,0
108,公立,一般大學,0004,國立臺灣師範大學,04131051,企業管理學系,4,2,2,1,2,0,0,1,0,0,0,0,0,4,2,2,4,2,2
108,公立,一般大學,0004,國立臺灣師範大學,04131052,管理研究所,1,1,0,0,0,0,0,0,0,1,0,0,0,0,0,0,1,1,0
108,公立,一般大學,0004,國立臺灣師範大學,04191054,國際人力資源發展研究所,2,2,0,1,0,1,0,0,0,0,0,0,0,2,2,0,2,2,0
108,公立,一般大學,0004,國立臺灣師範大學,04199Y31,管理學院,5,5,0,5,0,0,0,0,0,0,0,0,0,5,5,0,5,5,0
108,公立,一般大學,0004,國立臺灣師範大學,05111056,生命科學系,36,32,4,10,2,17,2,5,0,0,0,0,0,36,32,4,36,32,4
108,公立,一般大學,0004,國立臺灣師範大學,05121084,生技醫藥產業碩士學位學程,7,5,2,0,0,1,1,4,1,0,0,0,0,7,5,2,7,5,2
108,公立,一般大學,0004,國立臺灣師範大學,05311059,化學系,4,4,0,3,0,1,0,0,0,0,0,0,0,4,4,0,4,4,0
108,公立,一般大學,0004,國立臺灣師範大學,05321060,地球科學系,1,1,0,1,0,0,0,0,0,0,0,0,0,1,1,0,1,1,0
108,公立,一般大學,0004,國立臺灣師範大學,05411062,數學系,13,13,0,8,0,1,0,4,0,0,0,0,0,13,13,0,13,13,0
108,公立,一般大學,0004,國立臺灣師範大學,06131065,資訊工程學系,4,4,0,4,0,0,0,0,0,0,0,0,0,4,4,0,4,4,0
108,公立,一般大學,0004,國立臺灣師範大學,07141063,電機工程學系,3,3,0,2,0,1,0,0,0,0,0,0,0,3,3,0,3,3,0
108,公立,一般大學,0004,國立臺灣師範大學,07141080,光電工程研究所,3,3,0,1,0,1,0,1,0,0,0,0,0,3,3,0,3,3,0
108,公立,一般大學,0004,國立臺灣師範大學,07151068,機電工程學系,3,3,0,0,0,1,0,2,0,0,0,0,0,3,3,0,3,3,0
108,公立,一般大學,0004,國立臺灣師範大學,09231071,社會工作學研究所,1,1,0,0,0,0,0,1,0,0,0,0,0,1,1,0,1,1,0
108,公立,一般大學,0004,國立臺灣師範大學,10141074,運動競技學系,5,2,3,0,0,0,0,0,0,2,3,0,0,0,0,0,5,2,3
108,公立,一般大學,0004,國立臺灣師範大學,10152076,運動與休閒學院,7,6,1,3,0,2,0,1,1,0,0,0,0,7,6,1,7,6,1
108,公立,一般大學,0004,國立臺灣師範大學,10152077,運動休閒與餐旅管理研究所,1,1,0,1,0,0,0,0,0,0,0,0,0,1,1,0,1,1,0
108,公立,一般大學,0004,國立臺灣師範大學,99999078,管理學院國際時尚高階管理碩士在職專班,5,2,3,2,1,0,2,0,0,0,0,0,0,5,2,3,5,2,3
108,公立,一般大學,0004,國立臺灣師範大學,99999Y43,師資培育學院,16,7,9,1,0,2,2,3,7,1,0,0,0,15,6,9,16,7,9
108,公立,一般大學,0004,國立臺灣師範大學,99999Z99,教務處,120,61,59,7,0,3,6,19,25,32,28,0,0,60,29,31,120,61,59
108,公立,一般大學,0005,國立成功大學,01111103,教育研究所,5,4,1,4,1,0,0,0,0,0,0,0,0,5,4,1,5,4,1
108,公立,一般大學,0005,國立成功大學,02122112,創意產業設計研究所,1,1,0,0,0,1,0,0,0,0,0,0,0,1,1,0,1,1,0
108,公立,一般大學,0005,國立成功大學,02123113,工業設計學系,9,9,0,2,0,1,0,1,0,5,0,0,0,4,4,0,9,9,0
108,公立,一般大學,0005,國立成功大學,02191104,藝術研究所,5,3,2,2,0,1,1,0,1,0,0,0,0,5,3,2,5,3,2
108,公立,一般大學,0005,國立成功大學,02221110,歷史學系,11,7,4,5,3,1,1,1,0,0,0,0,0,11,7,4,11,7,4
108,公立,一般大學,0005,國立成功大學,02222111,考古學研究所,3,2,1,0,0,2,1,0,0,0,0,0,0,3,2,1,3,2,1
108,公立,一般大學,0005,國立成功大學,02311108,外國語文學系,1,0,1,0,0,0,0,0,0,0,1,0,0,0,0,0,1,0,1
108,公立,一般大學,0005,國立成功大學,02321106,台灣文學系,9,6,3,2,0,3,0,1,1,0,2,0,0,7,6,1,9,6,3
108,公立,一般大學,0005,國立成功大學,02322107,中國文學系,8,7,1,7,1,0,0,0,0,0,0,0,0,8,7,1,8,7,1
108,公立,一般大學,0005,國立成功大學,03111114,經濟學系,3,3,0,2,0,0,0,1,0,0,0,0,0,3,3,0,3,3,0
108,公立,一般大學,0005,國立成功大學,03121115,政治學系,1,1,0,0,0,1,0,0,0,0,0,0,0,1,1,0,1,1,0
108,公立,一般大學,0005,國立成功大學,03131117,心理學系,1,1,0,1,0,0,0,0,0,0,0,0,0,1,1,0,1,1,0
108,公立,一般大學,0005,國立成功大學,03131119,行為醫學研究所,3,1,2,0,1,0,0,1,1,0,0,0,0,3,1,2,3,1,2
108,公立,一般大學,0005,國立成功大學,04111120,會計學系,12,12,0,1,0,2,0,6,0,3,0,0,0,9,9,0,12,12,0
108,公立,一般大學,0005,國立成功大學,04131121,企業管理學系,2,1,1,0,0,0,0,1,0,0,1,0,0,1,1,0,2,1,1
108,公立,一般大學,0005,國立成功大學,04131125,國際經營管理研究所(IMBA),4,4,0,1,0,3,0,0,0,0,0,0,0,4,4,0,4,4,0
108,公立,一般大學,0005,國立成功大學,04199Y31,管理學院,1,1,0,1,0,0,0,0,0,0,0,0,0,1,1,0,1,1,0
108,公立,一般大學,0005,國立成功大學,04211001,法律學系,6,6,0,3,0,1,0,2,0,0,0,0,0,6,6,0,6,6,0
108,公立,一般大學,0005,國立成功大學,05111003,生命科學系,11,7,4,5,3,2,0,0,0,0,1,0,0,10,7,3,11,7,4
108,公立,一般大學,0005,國立成功大學,05111132,熱帶植物與微生物科學研究所,11,9,2,4,0,3,1,2,1,0,0,0,0,11,9,2,11,9,2
108,公立,一般大學,0005,國立成功大學,05121008,生物科技與產業科學系,8,8,0,6,0,2,0,0,0,0,0,0,0,8,8,0,8,8,0
108,公立,一般大學,0005,國立成功大學,05122009,微生物及免疫學研究所,2,2,0,1,0,0,0,1,0,0,0,0,0,2,2,0,2,2,0
108,公立,一般大學,0005,國立成功大學,05123010,生物化學暨分子生物學研究所,4,3,1,2,1,0,0,1,0,0,0,0,0,4,3,1,4,3,1
108,公立,一般大學,0005,國立成功大學,05311017,化學系,5,5,0,3,0,2,0,0,0,0,0,0,0,5,5,0,5,5,0
108,公立,一般大學,0005,國立成功大學,05321019,地球科學系,7,7,0,4,0,3,0,0,0,0,0,0,0,7,7,0,7,7,0
108,公立,一般大學,0005,國立成功大學,05331021,物理學系,10,9,1,8,1,0,0,1,0,0,0,0,0,10,9,1,10,9,1
108,公立,一般大學,0005,國立成功大學,05331023,太空與電漿科學研究所,1,1,0,1,0,0,0,0,0,0,0,0,0,1,1,0,1,1,0
108,公立,一般大學,0005,國立成功大學,05399Y37,理學院,9,7,2,2,0,0,0,5,2,0,0,0,0,9,7,2,9,7,2
108,公立,一般大學,0005,國立成功大學,05411027,數學系,4,3,1,0,0,1,0,2,1,0,0,0,0,4,3,1,4,3,1
108,公立,一般大學,0005,國立成功大學,05421029,統計學系,7,7,0,6,0,0,0,1,0,0,0,0,0,7,7,0,7,7,0
108,公立,一般大學,0005,國立成功大學,06131036,資訊工程學系,9,8,1,5,1,2,0,1,0,0,0,0,0,9,8,1,9,8,1
108,公立,一般大學,0005,國立成功大學,07111050,化學工程學系,5,3,2,2,1,1,1,0,0,0,0,0,0,5,3,2,5,3,2
108,公立,一般大學,0005,國立成功大學,07112063,材料科學及工程學系,8,7,1,5,1,1,0,1,0,0,0,0,0,8,7,1,8,7,1
108,公立,一般大學,0005,國立成功大學,07121070,環境工程學系,4,3,1,3,1,0,0,0,0,0,0,0,0,4,3,1,4,3,1
108,公立,一般大學,0005,國立成功大學,07122026,水利及海洋工程學系,31,29,2,11,0,4,0,14,2,0,0,0,0,31,29,2,31,29,2
108,公立,一般大學,0005,國立成功大學,07141032,電機工程學系,27,26,1,16,0,7,1,3,0,0,0,0,0,27,26,1,27,26,1
108,公立,一般大學,0005,國立成功大學,07141035,光電科學與工程學系,12,10,2,8,2,1,0,1,0,0,0,0,0,12,10,2,12,10,2
108,公立,一般大學,0005,國立成功大學,07141041,製造資訊與系統研究所,1,1,0,1,0,0,0,0,0,0,0,0,0,1,1,0,1,1,0
108,公立,一般大學,0005,國立成功大學,07141071,工程科學系,20,19,1,14,1,4,0,1,0,0,0,0,0,20,19,1,20,19,1
108,公立,一般大學,0005,國立成功大學,07151042,機械工程學系,17,16,1,14,1,1,0,1,0,0,0,0,0,17,16,1,17,16,1
108,公立,一般大學,0005,國立成功大學,07162043,航空太空工程學系,13,13,0,5,0,3,0,5,0,0,0,0,0,13,13,0,13,13,0
108,公立,一般大學,0005,國立成功大學,07163044,系統及船舶機電工程學系,5,5,0,4,0,1,0,0,0,0,0,0,0,5,5,0,5,5,0
108,公立,一般大學,0005,國立成功大學,07193061,生物醫學工程學系,10,9,1,5,1,1,0,3,0,0,0,0,0,10,9,1,10,9,1
108,公立,一般大學,0005,國立成功大學,07199Y40,工學院,1,1,0,1,0,0,0,0,0,0,0,0,0,1,1,0,1,1,0
108,公立,一般大學,0005,國立成功大學,07211127,食品安全衛生暨風險管理研究所,2,1,1,0,0,0,0,1,1,0,0,0,0,2,1,1,2,1,1
108,公立,一般大學,0005,國立成功大學,07241064,資源工程學系,5,5,0,3,0,0,0,1,0,1,0,0,0,4,4,0,5,5,0
108,公立,一般大學,0005,國立成功大學,07311075,建築學系,35,28,7,6,0,3,0,13,5,6,2,0,0,27,22,5,35,28,7
108,公立,一般大學,0005,國立成功大學,07313076,都市計劃學系,7,7,0,1,0,3,0,2,0,1,0,0,0,6,6,0,7,7,0
108,公立,一般大學,0005,國立成功大學,07321049,土木工程學系,10,10,0,4,0,5,0,1,0,0,0,0,0,10,10,0,10,10,0
108,公立,一般大學,0005,國立成功大學,07322067,測量及空間資訊學系,1,1,0,0,0,0,0,0,0,1,0,0,0,0,0,0,1,1,0
108,公立,一般大學,0005,國立成功大學,08192039,轉譯農業科學博士學位學程,11,7,4,1,2,4,0,2,2,0,0,0,0,11,7,4,11,7,4
108,公立,一般大學,0005,國立成功大學,09111130,牙醫學系,11,8,3,2,1,1,0,2,0,3,2,0,0,6,5,1,11,8,3
108,公立,一般大學,0005,國立成功大學,09121053,基礎醫學研究所,2,2,0,2,0,0,0,0,0,0,0,0,0,2,2,0,2,2,0
108,公立,一般大學,0005,國立成功大學,09121054,分子醫學研究所,2,1,1,0,0,0,0,1,1,0,0,0,0,2,1,1,2,1,1
108,公立,一般大學,0005,國立成功大學,09121077,醫學系,176,132,44,14,2,29,9,54,21,35,12,0,0,129,97,32,176,132,44
108,公立,一般大學,0005,國立成功大學,09121078,臨床醫學研究所,1,1,0,0,0,1,0,0,0,0,0,0,0,1,1,0,1,1,0
108,公立,一般大學,0005,國立成功大學,09121084,細胞生物與解剖學研究所,3,2,1,0,0,0,1,0,0,2,0,0,0,1,0,1,3,2,1
108,公立,一般大學,0005,國立成功大學,09131090,護理學系,11,0,11,0,1,0,1,0,4,0,5,0,0,6,0,6,11,0,11
108,公立,一般大學,0005,國立成功大學,09141094,醫學檢驗生物技術學系,10,2,8,0,0,0,1,2,4,0,3,0,0,7,2,5,10,2,8
108,公立,一般大學,0005,國立成功大學,09151082,物理治療學系,3,1,2,0,0,0,1,0,0,1,1,0,0,1,0,1,3,1,2
108,公立,一般大學,0005,國立成功大學,09152089,職能治療學系,4,0,4,0,0,0,0,0,1,0,3,0,0,1,0,1,4,0,4
108,公立,一般大學,0005,國立成功大學,09159091,健康照護科學研究所,1,0,1,0,1,0,0,0,0,0,0,0,0,1,0,1,1,0,1
108,公立,一般大學,0005,國立成功大學,09161086,藥學系,31,9,22,2,2,1,5,4,3,2,12,0,0,17,7,10,31,9,22
108,公立,一般大學,0005,國立成功大學,09161087,藥理學研究所,1,1,0,1,0,0,0,0,0,0,0,0,0,1,1,0,1,1,0
108,公立,一般大學,0005,國立成功大學,09161088,臨床藥學與藥物科技研究所,3,3,0,1,0,2,0,0,0,0,0,0,0,3,3,0,3,3,0
108,公立,一般大學,0005,國立成功大學,09191079,公共衛生研究所,3,2,1,1,1,0,0,0,0,1,0,0,0,2,1,1,3,2,1
108,公立,一般大學,0005,國立成功大學,09191085,環境醫學研究所,1,0,1,0,0,0,0,0,1,0,0,0,0,1,0,1,1,0,1
108,公立,一般大學,0005,國立成功大學,09211101,老年學研究所,3,3,0,2,0,1,0,0,0,0,0,0,0,3,3,0,3,3,0
108,公立,一般大學,0005,國立成功大學,10152097,體育健康與休閒研究所,1,1,0,1,0,0,0,0,0,0,0,0,0,1,1,0,1,1,0
108,公立,一般大學,0005,國立成功大學,10411098,交通管理科學系,5,5,0,4,0,0,0,1,0,0,0,0,0,5,5,0,5,5,0
108,公立,一般大學,0005,國立成功大學,99999Z01,通識教育中心,17,11,6,2,0,2,1,4,3,3,2,0,0,12,8,4,17,11,6
108,公立,一般大學,0005,國立成功大學,99999Z05,師資培育中心,3,2,1,1,0,0,0,1,0,0,1,0,0,2,2,0,3,2,1
108,公立,一般大學,0005,國立成功大學,99999Z07,體育室,7,4,3,0,0,2,0,1,0,1,3,0,0,3,3,0,7,4,3
108,公立,一般大學,0005,國立成功大學,99999Z08,外語中心,15,0,15,0,0,0,0,0,1,0,14,0,0,1,0,1,15,0,15
108,公立,一般大學,0005,國立成功大學,99999Z08,華語中心,3,0,3,0,0,0,0,0,0,0,3,0,0,0,0,0,3,0,3
108,公立,一般大學,0006,國立中興大學,02221007,歷史學系,7,7,0,3,0,1,0,3,0,0,0,0,0,7,7,0,7,7,0
108,公立,一般大學,0006,國立中興大學,02299008,文化創意產業學士學位學程,7,4,3,0,0,1,0,2,0,1,3,0,0,3,3,0,7,4,3
108,公立,一般大學,0006,國立中興大學,02299Y15,文學院,27,8,19,0,1,1,2,2,0,5,16,0,0,6,3,3,27,8,19
108,公立,一般大學,0006,國立中興大學,02311006,外國語文學系,30,11,19,0,0,0,1,2,2,9,16,0,0,5,2,3,30,11,19
108,公立,一般大學,0006,國立中興大學,02321003,台灣文學與跨國文化研究所,6,4,2,2,0,2,0,0,2,0,0,0,0,6,4,2,6,4,2
108,公立,一般大學,0006,國立中興大學,02322005,中國文學系,18,14,4,2,0,5,0,4,2,3,2,0,0,13,11,2,18,14,4
108,公立,一般大學,0006,國立中興大學,03111009,應用經濟學系,3,2,1,2,0,0,0,0,1,0,0,0,0,3,2,1,3,2,1
108,公立,一般大學,0006,國立中興大學,03222013,圖書資訊學研究所,2,1,1,1,0,0,1,0,0,0,0,0,0,2,1,1,2,1,1
108,公立,一般大學,0006,國立中興大學,04111015,會計學系,4,4,0,2,0,0,0,2,0,0,0,0,0,4,4,0,4,4,0
108,公立,一般大學,0006,國立中興大學,04121019,財務金融學系,7,4,3,2,0,1,0,1,2,0,1,0,0,6,4,2,7,4,3
108,公立,一般大學,0006,國立中興大學,04131018,創新產業經營學士學位學程,5,3,2,1,1,0,0,0,1,2,0,0,0,3,1,2,5,3,2
108,公立,一般大學,0006,國立中興大學,04199022,高階經理人碩士在職專班,4,3,1,2,0,0,0,0,0,1,1,0,0,2,2,0,4,3,1
108,公立,一般大學,0006,國立中興大學,04199Y31,管理學院,3,1,2,0,0,1,0,0,1,0,1,0,0,2,1,1,3,1,2
108,公立,一般大學,0006,國立中興大學,04211023,法律學系,9,9,0,4,0,1,0,3,0,1,0,0,0,8,8,0,9,9,0
108,公立,一般大學,0006,國立中興大學,04299Y33,法政學院,1,0,1,0,0,0,0,0,0,0,1,0,0,0,0,0,1,0,1
108,公立,一般大學,0006,國立中興大學,05111026,生命科學系,7,6,1,2,0,4,1,0,0,0,0,0,0,7,6,1,7,6,1
108,公立,一般大學,0006,國立中興大學,05111029,昆蟲學系,2,2,0,2,0,0,0,0,0,0,0,0,0,2,2,0,2,2,0
108,公立,一般大學,0006,國立中興大學,05121035,生物醫學研究所,2,1,1,0,0,0,0,1,1,0,0,0,0,2,1,1,2,1,1
108,公立,一般大學,0006,國立中興大學,05121037,基因體暨生物資訊學研究所,4,4,0,1,0,1,0,2,0,0,0,0,0,4,4,0,4,4,0
108,公立,一般大學,0006,國立中興大學,05123034,生物化學研究所,2,2,0,0,0,1,0,1,0,0,0,0,0,2,2,0,2,2,0
108,公立,一般大學,0006,國立中興大學,05292082,水土保持學系,4,3,1,3,1,0,0,0,0,0,0,0,0,4,3,1,4,3,1
108,公立,一般大學,0006,國立中興大學,05311039,化學系,5,5,0,3,0,2,0,0,0,0,0,0,0,5,5,0,5,5,0
108,公立,一般大學,0006,國立中興大學,05331040,物理學系,4,4,0,0,0,3,0,1,0,0,0,0,0,4,4,0,4,4,0
108,公立,一般大學,0006,國立中興大學,05411041,應用數學系,10,6,4,2,1,4,2,0,1,0,0,0,0,10,6,4,10,6,4
108,公立,一般大學,0006,國立中興大學,06131048,資訊科學與工程學系,4,4,0,2,0,1,0,1,0,0,0,0,0,4,4,0,4,4,0
108,公立,一般大學,0006,國立中興大學,07111055,化學工程學系,1,1,0,1,0,0,0,0,0,0,0,0,0,1,1,0,1,1,0
108,公立,一般大學,0006,國立中興大學,07112057,材料科學與工程學系,2,2,0,2,0,0,0,0,0,0,0,0,0,2,2,0,2,2,0
108,公立,一般大學,0006,國立中興大學,07141045,電機工程學系,2,1,1,1,0,0,0,0,1,0,0,0,0,2,1,1,2,1,1
108,公立,一般大學,0006,國立中興大學,07141046,光電工程研究所,2,2,0,2,0,0,0,0,0,0,0,0,0,2,2,0,2,2,0
108,公立,一般大學,0006,國立中興大學,07193060,生醫工程研究所,6,6,0,3,0,3,0,0,0,0,0,0,0,6,6,0,6,6,0
108,公立,一般大學,0006,國立中興大學,07211081,食品暨應用生物科技學系,1,1,0,0,0,0,0,1,0,0,0,0,0,1,1,0,1,1,0
108,公立,一般大學,0006,國立中興大學,07312061,景觀與遊憩學士學位學程,4,4,0,0,0,1,0,0,0,3,0,0,0,1,1,0,4,4,0
108,公立,一般大學,0006,國立中興大學,08111063,農藝學系,2,2,0,1,0,0,0,1,0,0,0,0,0,2,2,0,2,2,0
108,公立,一般大學,0006,國立中興大學,08111064,國際農學碩士學位學程,2,1,1,1,0,0,0,0,1,0,0,0,0,2,1,1,2,1,1
108,公立,一般大學,0006,國立中興大學,08112066,動物科學系,8,7,1,7,1,0,0,0,0,0,0,0,0,8,7,1,8,7,1
108,公立,一般大學,0006,國立中興大學,08121067,園藝學系,8,8,0,4,0,2,0,1,0,1,0,0,0,7,7,0,8,8,0
108,公立,一般大學,0006,國立中興大學,08191083,土壤環境科學系,6,6,0,4,0,2,0,0,0,0,0,0,0,6,6,0,6,6,0
108,公立,一般大學,0006,國立中興大學,08193076,生物產業管理進修學士學位學程,10,9,1,0,0,2,0,4,1,3,0,0,0,7,6,1,10,9,1
108,公立,一般大學,0006,國立中興大學,08193078,國際農企業學士學位學程,3,3,0,1,0,1,0,0,0,1,0,0,0,2,2,0,3,3,0
108,公立,一般大學,0006,國立中興大學,08194068,植物病理學系,6,5,1,4,1,0,0,1,0,0,0,0,0,6,5,1,6,5,1
108,公立,一般大學,0006,國立中興大學,08211086,森林學系,2,2,0,0,0,2,0,0,0,0,0,0,0,2,2,0,2,2,0
108,公立,一般大學,0006,國立中興大學,08411087,獸醫學系,4,4,0,1,0,2,0,0,0,1,0,0,0,3,3,0,4,4,0
108,公立,一般大學,0006,國立中興大學,08411089,獸醫病理生物學研究所,4,4,0,1,0,1,0,2,0,0,0,0,0,4,4,0,4,4,0
108,公立,一般大學,0006,國立中興大學,08411092,微生物暨公共衛生學研究所,1,1,0,1,0,0,0,0,0,0,0,0,0,1,1,0,1,1,0
108,公立,一般大學,0006,國立中興大學,09121093,轉譯醫學博士學位學程,2,1,1,0,0,0,0,1,1,0,0,0,0,2,1,1,2,1,1
108,公立,一般大學,0006,國立中興大學,99999Z01,通識教育中心,22,7,15,0,0,2,2,4,7,1,6,0,0,15,6,9,22,7,15
108,公立,一般大學,0006,國立中興大學,99999Z05,師資培育中心,3,2,1,0,0,1,0,1,1,0,0,0,0,3,2,1,3,2,1
108,公立,一般大學,0006,國立中興大學,99999Z07,體育室,4,2,2,0,0,0,0,0,0,2,2,0,0,0,0,0,4,2,2
108,公立,一般大學,0006,國立中興大學,99999Z99,永續能源與奈米科技研究中心,1,1,0,1,0,0,0,0,0,0,0,0,0,1,1,0,1,1,0
108,公立,一般大學,0007,國立陽明交通大學,02122004,應用藝術研究所,4,3,1,1,0,0,0,2,1,0,0,0,0,4,3,1,4,3,1
108,公立,一般大學,0007,國立陽明交通大學,02151003,音樂研究所,19,7,12,1,0,2,0,4,6,0,6,0,0,13,7,6,19,7,12
108,公立,一般大學,0007,國立陽明交通大學,02299Y11,人文社會學院,6,5,1,0,0,0,0,1,0,4,1,0,0,1,1,0,6,5,1
108,公立,一般大學,0007,國立陽明交通大學,02311005,外國語文學系,5,2,3,0,0,0,1,0,0,2,2,0,0,1,0,1,5,2,3
108,公立,一般大學,0007,國立陽明交通大學,03211015,傳播與科技學系,2,2,0,0,0,1,0,1,0,0,0,0,0,2,2,0,2,2,0
108,公立,一般大學,0007,國立陽明交通大學,04121020,資訊管理與財務金融學系,3,3,0,1,0,0,0,2,0,0,0,0,0,3,3,0,3,3,0
108,公立,一般大學,0007,國立陽明交通大學,04131017,經營管理研究所,11,10,1,5,1,2,0,3,0,0,0,0,0,11,10,1,11,10,1
108,公立,一般大學,0007,國立陽明交通大學,04131018,管理科學系,4,4,0,1,0,0,0,3,0,0,0,0,0,4,4,0,4,4,0
108,公立,一般大學,0007,國立陽明交通大學,04199023,科技管理研究所,6,6,0,4,0,0,0,2,0,0,0,0,0,6,6,0,6,6,0
108,公立,一般大學,0007,國立陽明交通大學,04199024,高階主管管理碩士學程,9,9,0,8,0,0,0,1,0,0,0,0,0,9,9,0,9,9,0
108,公立,一般大學,0007,國立陽明交通大學,04212027,科技法律研究所,14,10,4,2,1,2,0,4,2,2,1,0,0,11,8,3,14,10,4
108,公立,一般大學,0007,國立陽明交通大學,05121028,生物科技學系,1,1,0,0,0,0,0,0,0,1,0,0,0,0,0,0,1,1,0
108,公立,一般大學,0007,國立陽明交通大學,05124034,生物資訊及系統生物研究所,1,0,1,0,0,0,0,0,1,0,0,0,0,1,0,1,1,0,1
108,公立,一般大學,0007,國立陽明交通大學,05311036,應用化學系,1,1,0,0,0,1,0,0,0,0,0,0,0,1,1,0,1,1,0
108,公立,一般大學,0007,國立陽明交通大學,05331040,物理研究所,1,1,0,1,0,0,0,0,0,0,0,0,0,1,1,0,1,1,0
108,公立,一般大學,0007,國立陽明交通大學,05331041,電子物理學系,3,3,0,3,0,0,0,0,0,0,0,0,0,3,3,0,3,3,0
108,公立,一般大學,0007,國立陽明交通大學,05411045,應用數學系,1,1,0,1,0,0,0,0,0,0,0,0,0,1,1,0,1,1,0
108,公立,一般大學,0007,國立陽明交通大學,05421047,統計學研究所,1,1,0,1,0,0,0,0,0,0,0,0,0,1,1,0,1,1,0
108,公立,一般大學,0007,國立陽明交通大學,06121060,網路工程研究所,2,2,0,2,0,0,0,0,0,0,0,0,0,2,2,0,2,2,0
108,公立,一般大學,0007,國立陽明交通大學,06131022,資訊管理研究所,2,2,0,2,0,0,0,0,0,0,0,0,0,2,2,0,2,2,0
108,公立,一般大學,0007,國立陽明交通大學,06131058,資訊工程學系,4,4,0,0,0,1,0,0,0,3,0,0,0,1,1,0,4,4,0
108,公立,一般大學,0007,國立陽明交通大學,06131061,資訊科學與工程研究所,1,1,0,1,0,0,0,0,0,0,0,0,0,1,1,0,1,1,0
108,公立,一般大學,0007,國立陽明交通大學,06131092,數據科學與工程研究所,1,1,0,0,0,0,0,1,0,0,0,0,0,1,1,0,1,1,0
108,公立,一般大學,0007,國立陽明交通大學,06131098,資訊學院國防資安管理碩士在職專班,1,1,0,1,0,0,0,0,0,0,0,0,0,1,1,0,1,1,0
108,公立,一般大學,0007,國立陽明交通大學,06132049,多媒體工程研究所,1,1,0,1,0,0,0,0,0,0,0,0,0,1,1,0,1,1,0
108,公立,一般大學,0007,國立陽明交通大學,07121076,環境工程研究所,2,2,0,1,0,1,0,0,0,0,0,0,0,2,2,0,2,2,0
108,公立,一般大學,0007,國立陽明交通大學,07141050,電機工程學系,1,1,0,0,0,0,0,0,0,1,0,0,0,0,0,0,1,1,0
108,公立,一般大學,0007,國立陽明交通大學,07141051,電子工程學系,1,1,0,1,0,0,0,0,0,0,0,0,0,1,1,0,1,1,0
108,公立,一般大學,0007,國立陽明交通大學,07141053,電子研究所,1,1,0,1,0,0,0,0,0,0,0,0,0,1,1,0,1,1,0
108,公立,一般大學,0007,國立陽明交通大學,07141055,光電工程學系,2,1,1,0,1,1,0,0,0,0,0,0,0,2,1,1,2,1,1
108,公立,一般大學,0007,國立陽明交通大學,07141062,電信工程研究所,2,2,0,2,0,0,0,0,0,0,0,0,0,2,2,0,2,2,0
108,公立,一般大學,0007,國立陽明交通大學,07141064,電控工程研究所,5,5,0,2,0,0,0,3,0,0,0,0,0,5,5,0,5,5,0
108,公立,一般大學,0007,國立陽明交通大學,07141065,光電系統研究所,1,1,0,1,0,0,0,0,0,0,0,0,0,1,1,0,1,1,0
108,公立,一般大學,0007,國立陽明交通大學,07151070,機械工程學系,7,6,1,2,0,1,0,3,0,0,1,0,0,6,6,0,7,6,1
108,公立,一般大學,0007,國立陽明交通大學,07193077,生醫工程研究所,3,3,0,0,0,1,0,2,0,0,0,0,0,3,3,0,3,3,0
108,公立,一般大學,0007,國立陽明交通大學,07199083,工學院碩士在職專班,9,9,0,3,0,2,0,4,0,0,0,0,0,9,9,0,9,9,0
108,公立,一般大學,0007,國立陽明交通大學,07311085,建築研究所,14,10,4,0,0,1,0,4,2,5,2,0,0,7,5,2,14,10,4
108,公立,一般大學,0007,國立陽明交通大學,07321071,土木工程學系,3,3,0,2,0,1,0,0,0,0,0,0,0,3,3,0,3,3,0
108,公立,一般大學,0007,國立陽明交通大學,10411086,運輸與物流管理學系,7,6,1,3,0,2,0,1,1,0,0,0,0,7,6,1,7,6,1
108,公立,一般大學,0007,國立陽明交通大學,99999Z01,共同教育委員會,4,3,1,0,0,0,0,3,1,0,0,0,0,4,3,1,4,3,1
108,公立,一般大學,0007,國立陽明交通大學,99999Z01,通識教育中心,11,8,3,2,0,2,0,4,3,0,0,0,0,11,8,3,11,8,3
108,公立,一般大學,0007,國立陽明交通大學,99999Z05,師資培育中心,3,2,1,0,1,0,0,1,0,1,0,0,0,2,1,1,3,2,1
108,公立,一般大學,0007,國立陽明交通大學,99999Z07,體育室,14,10,4,0,0,0,0,1,1,9,3,0,0,2,1,1,14,10,4
108,公立,一般大學,0007,國立陽明交通大學,99999Z08,語言教學與研究中心,29,2,27,0,0,0,0,0,3,2,24,0,0,3,0,3,29,2,27
108,公立,一般大學,0008,國立中央大學,01115001,學習與教學研究所,1,1,0,1,0,0,0,0,0,0,0,0,0,1,1,0,1,1,0
108,公立,一般大學,0008,國立中央大學,02191004,藝術學研究所,1,0,1,0,0,0,0,0,0,0,1,0,0,0,0,0,1,0,1
108,公立,一般大學,0008,國立中央大學,02221010,歷史研究所,8,5,3,2,1,1,2,2,0,0,0,0,0,8,5,3,8,5,3
108,公立,一般大學,0008,國立中央大學,02231011,哲學研究所,6,6,0,6,0,0,0,0,0,0,0,0,0,6,6,0,6,6,0
108,公立,一般大學,0008,國立中央大學,02311007,英美語文學系,2,2,0,1,0,0,0,0,0,1,0,0,0,1,1,0,2,2,0
108,公立,一般大學,0008,國立中央大學,02311008,法國語文學系,6,4,2,0,0,1,0,0,0,3,2,0,0,1,1,0,6,4,2
108,公立,一般大學,0008,國立中央大學,02322006,中國文學系,28,11,17,2,1,0,1,3,9,6,6,0,0,16,5,11,28,11,17
108,公立,一般大學,0008,國立中央大學,03111013,經濟學系,6,3,3,0,0,1,1,0,1,2,1,0,0,3,1,2,6,3,3
108,公立,一般大學,0008,國立中央大學,03111014,產業經濟研究所,8,8,0,7,0,0,0,1,0,0,0,0,0,8,8,0,8,8,0
108,公立,一般大學,0008,國立中央大學,03131017,認知神經科學研究所,7,5,2,2,1,3,0,0,1,0,0,0,0,7,5,2,7,5,2
108,公立,一般大學,0008,國立中央大學,03199020,客家語文暨社會科學學系,12,7,5,3,1,2,1,1,2,1,1,0,0,10,6,4,12,7,5
108,公立,一般大學,0008,國立中央大學,04111022,會計研究所,1,0,1,0,0,0,1,0,0,0,0,0,0,1,0,1,1,0,1
108,公立,一般大學,0008,國立中央大學,04121024,財務金融學系,7,7,0,2,0,1,0,2,0,2,0,0,0,5,5,0,7,7,0
108,公立,一般大學,0008,國立中央大學,04131023,企業管理學系,8,4,4,1,1,0,1,2,2,1,0,0,0,7,3,4,8,4,4
108,公立,一般大學,0008,國立中央大學,04199027,人力資源管理研究所,5,3,2,2,1,1,0,0,1,0,0,0,0,5,3,2,5,3,2
108,公立,一般大學,0008,國立中央大學,04211030,法律與政府研究所,2,2,0,2,0,0,0,0,0,0,0,0,0,2,2,0,2,2,0
108,公立,一般大學,0008,國立中央大學,05121031,生命科學系,11,9,2,5,1,3,0,1,1,0,0,0,0,11,9,2,11,9,2
108,公立,一般大學,0008,國立中央大學,05311035,化學學系,4,4,0,4,0,0,0,0,0,0,0,0,0,4,4,0,4,4,0
108,公立,一般大學,0008,國立中央大學,05321036,地球科學學系,30,27,3,9,1,11,2,7,0,0,0,0,0,30,27,3,30,27,3
108,公立,一般大學,0008,國立中央大學,05321037,應用地質研究所,7,7,0,6,0,1,0,0,0,0,0,0,0,7,7,0,7,7,0
108,公立,一般大學,0008,國立中央大學,05322044,大氣科學學系,34,30,4,20,2,5,1,2,1,3,0,0,0,31,27,4,34,30,4
108,公立,一般大學,0008,國立中央大學,05322079,太空科學與工程研究所,11,11,0,6,0,3,0,2,0,0,0,0,0,11,11,0,11,11,0
108,公立,一般大學,0008,國立中央大學,05323039,水文與海洋科學研究所,6,5,1,3,0,1,0,1,1,0,0,0,0,6,5,1,6,5,1
108,公立,一般大學,0008,國立中央大學,05331042,物理學系,10,9,1,6,0,1,1,1,0,1,0,0,0,9,8,1,10,9,1
108,公立,一般大學,0008,國立中央大學,05411051,數學系,25,22,3,14,0,2,1,3,1,3,1,0,0,21,19,2,25,22,3
108,公立,一般大學,0008,國立中央大學,05421052,統計研究所,4,4,0,2,0,2,0,0,0,0,0,0,0,4,4,0,4,4,0
108,公立,一般大學,0008,國立中央大學,06131053,資訊管理學系,8,7,1,2,1,2,0,2,0,1,0,0,0,7,6,1,8,7,1
108,公立,一般大學,0008,國立中央大學,06131059,資訊工程學系,3,3,0,2,0,0,0,1,0,0,0,0,0,3,3,0,3,3,0
108,公立,一般大學,0008,國立中央大學,07111069,化學工程與材料工程學系,4,4,0,2,0,1,0,1,0,0,0,0,0,4,4,0,4,4,0
108,公立,一般大學,0008,國立中央大學,07112070,材料科學與工程研究所,5,5,0,1,0,2,0,2,0,0,0,0,0,5,5,0,5,5,0
108,公立,一般大學,0008,國立中央大學,07121072,環境工程研究所,12,12,0,5,0,4,0,3,0,0,0,0,0,12,12,0,12,12,0
108,公立,一般大學,0008,國立中央大學,07141055,電機工程學系,5,4,1,2,1,0,0,2,0,0,0,0,0,5,4,1,5,4,1
108,公立,一般大學,0008,國立中央大學,07141057,光電科學與工程學系,11,11,0,8,0,0,0,3,0,0,0,0,0,11,11,0,11,11,0
108,公立,一般大學,0008,國立中央大學,07141060,通訊工程學系,1,1,0,1,0,0,0,0,0,0,0,0,0,1,1,0,1,1,0
108,公立,一般大學,0008,國立中央大學,07151064,機械工程學系,2,2,0,1,0,0,0,1,0,0,0,0,0,2,2,0,2,2,0
108,公立,一般大學,0008,國立中央大學,07191026,工業管理研究所,1,1,0,1,0,0,0,0,0,0,0,0,0,1,1,0,1,1,0
108,公立,一般大學,0008,國立中央大學,07193074,生醫科學與工程學系,11,11,0,4,0,5,0,1,0,1,0,0,0,10,10,0,11,11,0
108,公立,一般大學,0008,國立中央大學,07321067,土木工程學系,19,19,0,6,0,3,0,10,0,0,0,0,0,19,19,0,19,19,0
108,公立,一般大學,0008,國立中央大學,99999Z01,通識教育中心,23,16,7,3,1,2,0,8,5,3,1,0,0,19,13,6,23,16,7
108,公立,一般大學,0008,國立中央大學,99999Z05,師資培育中心,5,3,2,0,0,0,0,0,1,3,1,0,0,1,0,1,5,3,2
108,公立,一般大學,0008,國立中央大學,99999Z07,體育室,2,2,0,0,0,0,0,1,0,1,0,0,0,1,1,0,2,2,0
108,公立,一般大學,0008,國立中央大學,99999Z08,語言中心,18,4,14,0,0,0,1,1,1,3,12,0,0,3,1,2,18,4,14
108,公立,一般大學,0008,國立中央大學,99999Z99,太空及遙測研究中心,2,2,0,2,0,0,0,0,0,0,0,0,0,2,2,0,2,2,0
108,公立,一般大學,0009,國立中山大學,01111001,教育研究所,2,2,0,1,0,1,0,0,0,0,0,0,0,2,2,0,2,2,0
108,公立,一般大學,0009,國立中山大學,02151002,音樂學系,42,18,24,0,1,0,2,8,9,10,12,0,0,20,8,12,42,18,24
108,公立,一般大學,0009,國立中山大學,02152003,劇場藝術學系,7,4,3,1,0,0,2,1,1,2,0,0,0,5,2,3,7,4,3
108,公立,一般大學,0009,國立中山大學,02231008,哲學研究所,1,1,0,1,0,0,0,0,0,0,0,0,0,1,1,0,1,1,0
108,公立,一般大學,0009,國立中山大學,02311006,外國語文學系,15,5,10,0,1,0,0,2,2,3,7,0,0,5,2,3,15,5,10
108,公立,一般大學,0009,國立中山大學,02322005,中國文學系,11,6,5,3,0,0,1,3,4,0,0,0,0,11,6,5,11,6,5
108,公立,一般大學,0009,國立中山大學,03111009,經濟學研究所,6,4,2,2,1,2,1,0,0,0,0,0,0,6,4,2,6,4,2
108,公立,一般大學,0009,國立中山大學,03121011,政治學研究所,1,1,0,0,0,1,0,0,0,0,0,0,0,1,1,0,1,1,0
108,公立,一般大學,0009,國立中山大學,03121027,海洋事務研究所,1,0,1,0,1,0,0,0,0,0,0,0,0,1,0,1,1,0,1
108,公立,一般大學,0009,國立中山大學,03141013,社會學系,5,2,3,1,0,0,0,0,0,1,3,0,0,1,1,0,5,2,3
108,公立,一般大學,0009,國立中山大學,03143016,中國與亞太區域研究所,5,5,0,1,0,1,0,3,0,0,0,0,0,5,5,0,5,5,0
108,公立,一般大學,0009,國立中山大學,03199Y19,社會科學院,1,0,1,0,0,0,0,0,1,0,0,0,0,1,0,1,1,0,1
108,公立,一般大學,0009,國立中山大學,04121024,財務管理學系,7,5,2,3,0,0,0,0,0,2,2,0,0,3,3,0,7,5,2
108,公立,一般大學,0009,國立中山大學,04131021,企業管理學系,16,14,2,6,0,2,1,4,0,2,1,0,0,13,12,1,16,14,2
108,公立,一般大學,0009,國立中山大學,04131022,管理學院國際經營管理碩士學程,4,3,1,1,0,0,0,2,1,0,0,0,0,4,3,1,4,3,1
108,公立,一般大學,0009,國立中山大學,04131028,人力資源管理研究所,2,2,0,2,0,0,0,0,0,0,0,0,0,2,2,0,2,2,0
108,公立,一般大學,0009,國立中山大學,04134010,政治經濟學系,3,3,0,2,0,0,0,1,0,0,0,0,0,3,3,0,3,3,0
108,公立,一般大學,0009,國立中山大學,04134017,公共事務管理研究所,1,0,1,0,0,0,0,0,0,0,1,0,0,0,0,0,1,0,1
108,公立,一般大學,0009,國立中山大學,05111033,生物科學系,3,3,0,1,0,2,0,0,0,0,0,0,0,3,3,0,3,3,0
108,公立,一般大學,0009,國立中山大學,05311037,化學系,2,2,0,1,0,1,0,0,0,0,0,0,0,2,2,0,2,2,0
108,公立,一般大學,0009,國立中山大學,05323044,海洋生物科技暨資源學系,3,3,0,1,0,1,0,0,0,1,0,0,0,2,2,0,3,3,0
108,公立,一般大學,0009,國立中山大學,05323047,海洋科學系,6,3,3,3,1,0,0,0,1,0,1,0,0,5,3,2,6,3,3
108,公立,一般大學,0009,國立中山大學,05331038,物理學系,6,6,0,4,0,1,0,1,0,0,0,0,0,6,6,0,6,6,0
108,公立,一般大學,0009,國立中山大學,05399Y35,海洋科學學院,1,1,0,0,0,1,0,0,0,0,0,0,0,1,1,0,1,1,0
108,公立,一般大學,0009,國立中山大學,05411051,應用數學系,3,2,1,1,0,0,0,0,0,1,1,0,0,1,1,0,3,2,1
108,公立,一般大學,0009,國立中山大學,06111055,資訊工程學系,1,1,0,1,0,0,0,0,0,0,0,0,0,1,1,0,1,1,0
108,公立,一般大學,0009,國立中山大學,06131052,資訊管理學系,11,6,5,2,1,2,1,2,2,0,1,0,0,10,6,4,11,6,5
108,公立,一般大學,0009,國立中山大學,07121064,環境工程研究所,4,4,0,3,0,0,0,1,0,0,0,0,0,4,4,0,4,4,0
108,公立,一般大學,0009,國立中山大學,07122065,海洋環境及工程學系,5,5,0,3,0,0,0,2,0,0,0,0,0,5,5,0,5,5,0
108,公立,一般大學,0009,國立中山大學,07141053,電機工程學系,6,6,0,4,0,1,0,1,0,0,0,0,0,6,6,0,6,6,0
108,公立,一般大學,0009,國立中山大學,07151059,海下科技研究所,1,1,0,0,0,0,0,0,0,1,0,0,0,0,0,0,1,1,0
108,公立,一般大學,0009,國立中山大學,07151061,機械與機電工程學系,5,5,0,4,0,1,0,0,0,0,0,0,0,5,5,0,5,5,0
108,公立,一般大學,0009,國立中山大學,99999Z05,師資培育中心,6,3,3,0,0,1,0,0,2,2,1,0,0,3,1,2,6,3,3
108,公立,一般大學,0009,國立中山大學,99999Z99,西灣學院,2,2,0,0,0,1,0,0,0,1,0,0,0,1,1,0,2,2,0
108,公立,一般大學,0009,國立中山大學,99999Z99,西灣學院服務學習教育中心,2,1,1,0,0,0,0,1,0,0,1,0,0,1,1,0,2,1,1
108,公立,一般大學,0009,國立中山大學,99999Z99,西灣學院博雅教育中心,6,3,3,0,0,0,0,3,3,0,0,0,0,6,3,3,6,3,3
108,公立,一般大學,0009,國立中山大學,99999Z99,西灣學院運動與健康教育中心,9,7,2,0,0,1,1,1,0,5,1,0,0,3,2,1,9,7,2
108,公立,一般大學,0012,國立臺灣海洋大學,01111002,教育研究所,2,1,1,0,0,0,0,1,0,0,1,0,0,1,1,0,2,1,1
108,公立,一般大學,0012,國立臺灣海洋大學,02299004,海洋文化研究所,1,0,1,0,0,0,1,0,0,0,0,0,0,1,0,1,1,0,1
108,公立,一般大學,0012,國立臺灣海洋大學,02311003,應用英語研究所,13,5,8,0,0,0,2,0,2,5,4,0,0,4,0,4,13,5,8
108,公立,一般大學,0012,國立臺灣海洋大學,03111006,應用經濟研究所,2,1,1,1,0,0,1,0,0,0,0,0,0,2,1,1,2,1,1
108,公立,一般大學,0012,國立臺灣海洋大學,03121058,海洋政策碩士學位學程,4,3,1,1,0,1,1,1,0,0,0,0,0,4,3,1,4,3,1
108,公立,一般大學,0012,國立臺灣海洋大學,04199055,海洋觀光管理學士學位學程,8,7,1,0,0,2,0,3,1,2,0,0,0,6,5,1,8,7,1
108,公立,一般大學,0012,國立臺灣海洋大學,04199056,海洋經營管理學士學位學程,5,5,0,1,0,3,0,1,0,0,0,0,0,5,5,0,5,5,0
108,公立,一般大學,0012,國立臺灣海洋大學,04199Y96,海運暨管理學院,1,1,0,0,0,1,0,0,0,0,0,0,0,1,1,0,1,1,0
108,公立,一般大學,0012,國立臺灣海洋大學,04212009,海洋法律研究所,4,4,0,4,0,0,0,0,0,0,0,0,0,4,4,0,4,4,0
108,公立,一般大學,0012,國立臺灣海洋大學,04212010,海洋法政學士學位學程,2,1,1,0,0,1,1,0,0,0,0,0,0,2,1,1,2,1,1
108,公立,一般大學,0012,國立臺灣海洋大學,05121014,生命科學暨生物科技學系,18,13,5,5,0,5,3,3,2,0,0,0,0,18,13,5,18,13,5
108,公立,一般大學,0012,國立臺灣海洋大學,05211008,海洋事務與資源管理研究所,1,1,0,1,0,0,0,0,0,0,0,0,0,1,1,0,1,1,0
108,公立,一般大學,0012,國立臺灣海洋大學,05321057,地球科學研究所,4,4,0,2,0,0,0,2,0,0,0,0,0,4,4,0,4,4,0
108,公立,一般大學,0012,國立臺灣海洋大學,05323017,海洋生物研究所,5,4,1,3,0,1,0,0,1,0,0,0,0,5,4,1,5,4,1
108,公立,一般大學,0012,國立臺灣海洋大學,06131028,資訊工程學系,5,5,0,3,0,0,0,1,0,1,0,0,0,4,4,0,5,5,0
108,公立,一般大學,0012,國立臺灣海洋大學,07122040,河海工程學系,8,8,0,1,0,1,0,6,0,0,0,0,0,8,8,0,8,8,0
108,公立,一般大學,0012,國立臺灣海洋大學,07122041,海洋工程科技學士學位學程,3,3,0,1,0,0,0,2,0,0,0,0,0,3,3,0,3,3,0
108,公立,一般大學,0012,國立臺灣海洋大學,07141025,電機工程學系,4,4,0,2,0,0,0,2,0,0,0,0,0,4,4,0,4,4,0
108,公立,一般大學,0012,國立臺灣海洋大學,07141027,光電與材料科技學系,3,3,0,1,0,1,0,1,0,0,0,0,0,3,3,0,3,3,0
108,公立,一般大學,0012,國立臺灣海洋大學,07141030,通訊與導航工程學系,1,1,0,0,0,1,0,0,0,0,0,0,0,1,1,0,1,1,0
108,公立,一般大學,0012,國立臺灣海洋大學,07151036,機械與機電工程學系,4,3,1,1,0,1,0,0,0,1,1,0,0,2,2,0,4,3,1
108,公立,一般大學,0012,國立臺灣海洋大學,07163033,系統工程暨造船學系,7,7,0,1,0,0,0,3,0,3,0,0,0,4,4,0,7,7,0
108,公立,一般大學,0012,國立臺灣海洋大學,07163035,輪機工程學系,9,8,1,0,0,1,0,2,0,5,1,0,0,3,3,0,9,8,1
108,公立,一般大學,0012,國立臺灣海洋大學,07211042,食品科學系,10,8,2,3,0,4,0,1,2,0,0,0,0,10,8,2,10,8,2
108,公立,一般大學,0012,國立臺灣海洋大學,07211059,食品安全與風險管理研究所,1,1,0,0,0,1,0,0,0,0,0,0,0,1,1,0,1,1,0
108,公立,一般大學,0012,國立臺灣海洋大學,08312046,水產養殖學系,9,9,0,4,0,1,0,4,0,0,0,0,0,9,9,0,9,9,0
108,公立,一般大學,0012,國立臺灣海洋大學,10411050,運輸科學系,5,4,1,1,0,1,0,2,1,0,0,0,0,5,4,1,5,4,1
108,公立,一般大學,0012,國立臺灣海洋大學,10412048,航運管理學系,35,32,3,7,1,10,1,6,0,9,1,0,0,25,23,2,35,32,3
108,公立,一般大學,0012,國立臺灣海洋大學,10414052,商船學系,9,8,1,2,0,1,0,2,0,3,1,0,0,5,5,0,9,8,1
108,公立,一般大學,0012,國立臺灣海洋大學,99999Z01,共同教育中心,56,32,24,6,0,3,3,11,10,12,11,0,0,33,20,13,56,32,24
108,公立,一般大學,0013,國立中正大學,01111001,教育學研究所,2,1,1,1,0,0,0,0,1,0,0,0,0,2,1,1,2,1,1
108,公立,一般大學,0013,國立中正大學,01112005,成人及繼續教育學系,5,3,2,1,0,0,1,2,1,0,0,0,0,5,3,2,5,3,2
108,公立,一般大學,0013,國立中正大學,01114007,教育領導與管理發展國際碩士學位學程,2,2,0,2,0,0,0,0,0,0,0,0,0,2,2,0,2,2,0
108,公立,一般大學,0013,國立中正大學,02221015,歷史學系,5,5,0,2,0,2,0,1,0,0,0,0,0,5,5,0,5,5,0
108,公立,一般大學,0013,國立中正大學,02231016,哲學系,3,3,0,0,0,0,0,3,0,0,0,0,0,3,3,0,3,3,0
108,公立,一般大學,0013,國立中正大學,02311012,外國語文學系,4,0,4,0,0,0,1,0,0,0,3,0,0,1,0,1,4,0,4
108,公立,一般大學,0013,國立中正大學,02321010,台灣文學與創意應用研究所,2,1,1,0,1,0,0,1,0,0,0,0,0,2,1,1,2,1,1
108,公立,一般大學,0013,國立中正大學,02322011,中國文學系,17,11,6,0,1,0,0,5,4,6,1,0,0,10,5,5,17,11,6
108,公立,一般大學,0013,國立中正大學,02399014,語言學研究所,1,0,1,0,0,0,0,0,1,0,0,0,0,1,0,1,1,0,1
108,公立,一般大學,0013,國立中正大學,03111017,經濟學系,5,5,0,1,0,1,0,2,0,1,0,0,0,4,4,0,5,5,0
108,公立,一般大學,0013,國立中正大學,03122024,戰略暨國際事務研究所,2,2,0,0,0,0,0,2,0,0,0,0,0,2,2,0,2,2,0
108,公立,一般大學,0013,國立中正大學,03131019,心理學系,1,0,1,0,0,0,0,0,1,0,0,0,0,1,0,1,1,0,1
108,公立,一般大學,0013,國立中正大學,03191025,勞工關係學系,2,2,0,0,0,0,0,0,0,2,0,0,0,0,0,0,2,2,0
108,公立,一般大學,0013,國立中正大學,03199026,犯罪防治學系,8,7,1,2,0,1,0,4,1,0,0,0,0,8,7,1,8,7,1
108,公立,一般大學,0013,國立中正大學,03211028,傳播學系,1,0,1,0,0,0,0,0,0,0,1,0,0,0,0,0,1,0,1
108,公立,一般大學,0013,國立中正大學,04111032,會計與資訊科技學系,9,8,1,0,0,1,0,4,0,3,1,0,0,5,5,0,9,8,1
108,公立,一般大學,0013,國立中正大學,04121034,財務金融學系,5,5,0,0,0,0,0,3,0,2,0,0,0,3,3,0,5,5,0
108,公立,一般大學,0013,國立中正大學,04131033,企業管理學系,4,3,1,0,0,0,0,3,0,0,1,0,0,3,3,0,4,3,1
108,公立,一般大學,0013,國立中正大學,04211039,法律學系,3,3,0,1,0,1,0,1,0,0,0,0,0,3,3,0,3,3,0
108,公立,一般大學,0013,國立中正大學,04212040,財經法律學系,8,7,1,2,1,2,0,1,0,2,0,0,0,6,5,1,8,7,1
108,公立,一般大學,0013,國立中正大學,05121075,生物醫學科學系,3,2,1,0,0,1,0,1,1,0,0,0,0,3,2,1,3,2,1
108,公立,一般大學,0013,國立中正大學,05311045,化學暨生物化學系,1,1,0,1,0,0,0,0,0,0,0,0,0,1,1,0,1,1,0
108,公立,一般大學,0013,國立中正大學,05321047,地球與環境科學系,2,1,1,1,0,0,0,0,1,0,0,0,0,2,1,1,2,1,1
108,公立,一般大學,0013,國立中正大學,05331067,物理學系,1,1,0,1,0,0,0,0,0,0,0,0,0,1,1,0,1,1,0
108,公立,一般大學,0013,國立中正大學,05411049,數學系,2,2,0,1,0,1,0,0,0,0,0,0,0,2,2,0,2,2,0
108,公立,一般大學,0013,國立中正大學,06131053,資訊管理學系,4,4,0,2,0,0,0,2,0,0,0,0,0,4,4,0,4,4,0
108,公立,一般大學,0013,國立中正大學,06131055,資訊工程學系,3,3,0,0,0,0,0,1,0,2,0,0,0,1,1,0,3,3,0
108,公立,一般大學,0013,國立中正大學,07111061,化學工程學系,3,2,1,0,0,1,1,1,0,0,0,0,0,3,2,1,3,2,1
108,公立,一般大學,0013,國立中正大學,07141054,電機工程學系,2,2,0,0,0,1,0,1,0,0,0,0,0,2,2,0,2,2,0
108,公立,一般大學,0013,國立中正大學,07151058,機械工程學系,7,7,0,2,0,1,0,1,0,3,0,0,0,4,4,0,7,7,0
108,公立,一般大學,0013,國立中正大學,09231063,社會福利學系,8,5,3,1,0,0,0,1,1,3,2,0,0,3,2,1,8,5,3
108,公立,一般大學,0013,國立中正大學,10141064,運動競技學系,11,9,2,3,0,1,1,1,0,4,1,0,0,6,5,1,11,9,2
108,公立,一般大學,0013,國立中正大學,99999Z01,通識中心,28,19,9,1,0,1,0,11,2,6,7,0,0,15,13,2,28,19,9
108,公立,一般大學,0013,國立中正大學,99999Z05,師資培育中心,3,0,3,0,0,0,1,0,2,0,0,0,0,3,0,3,3,0,3
108,公立,一般大學,0013,國立中正大學,99999Z07,體育中心,16,11,5,0,0,1,0,1,3,9,2,0,0,5,2,3,16,11,5
108,公立,一般大學,0013,國立中正大學,99999Z99,前瞻製造系統頂尖研究中心,1,1,0,1,0,0,0,0,0,0,0,0,0,1,1,0,1,1,0
108,公立,一般大學,0014,國立高雄師範大學,01111001,教育學系,22,14,8,1,0,1,0,11,8,1,0,0,0,21,13,8,22,14,8
108,公立,一般大學,0014,國立高雄師範大學,01112009,成人教育研究所,5,5,0,3,0,2,0,0,0,0,0,0,0,5,5,0,5,5,0
108,公立,一般大學,0014,國立高雄師範大學,01113010,特殊教育學系,5,3,2,1,1,0,0,1,1,1,0,0,0,4,2,2,5,3,2
108,公立,一般大學,0014,國立高雄師範大學,01141003,工業科技教育學系,9,9,0,2,0,3,0,1,0,3,0,0,0,6,6,0,9,9,0
108,公立,一般大學,0014,國立高雄師範大學,01141005,體育學系,23,17,6,0,0,2,0,5,1,10,5,0,0,8,7,1,23,17,6
108,公立,一般大學,0014,國立高雄師範大學,01141006,科學教育暨環境教育研究所,7,5,2,0,0,1,0,4,2,0,0,0,0,7,5,2,7,5,2
108,公立,一般大學,0014,國立高雄師範大學,01199011,性別教育研究所,1,0,1,0,0,0,1,0,0,0,0,0,0,1,0,1,1,0,1
108,公立,一般大學,0014,國立高雄師範大學,02112022,視覺設計學系,13,10,3,0,0,0,1,6,1,4,1,0,0,8,6,2,13,10,3
108,公立,一般大學,0014,國立高雄師範大學,02123024,工業設計學系,11,7,4,0,0,0,0,2,0,5,4,0,0,2,2,0,11,7,4
108,公立,一般大學,0014,國立高雄師範大學,02131012,美術學系,28,16,12,1,0,2,0,3,4,10,8,0,0,10,6,4,28,16,12
108,公立,一般大學,0014,國立高雄師範大學,02141055,藝術產業學士原住民專班,12,8,4,0,0,0,0,4,1,4,3,0,0,5,4,1,12,8,4
108,公立,一般大學,0014,國立高雄師範大學,02151013,音樂學系,45,19,26,1,0,1,3,12,14,5,9,0,0,31,14,17,45,19,26
108,公立,一般大學,0014,國立高雄師範大學,02191014,跨領域藝術研究所,2,1,1,1,0,0,0,0,1,0,0,0,0,2,1,1,2,1,1
108,公立,一般大學,0014,國立高雄師範大學,02191047,表演藝術碩士學位學程,3,1,2,0,0,0,0,1,2,0,0,0,0,3,1,2,3,1,2
108,公立,一般大學,0014,國立高雄師範大學,02299020,經學研究所,2,2,0,0,0,2,0,0,0,0,0,0,0,2,2,0,2,2,0
108,公立,一般大學,0014,國立高雄師範大學,02311021,英語學系,30,11,19,0,1,2,3,3,7,6,8,0,0,16,5,11,30,11,19
108,公立,一般大學,0014,國立高雄師範大學,02321057,語言與文化學士原住民專班,1,0,1,0,0,0,0,0,1,0,0,0,0,1,0,1,1,0,1
108,公立,一般大學,0014,國立高雄師範大學,02322019,國文學系,23,7,16,0,0,1,2,2,6,4,8,0,0,11,3,8,23,7,16
108,公立,一般大學,0014,國立高雄師範大學,03142030,地理學系,2,2,0,0,0,1,0,1,0,0,0,0,0,2,2,0,2,2,0
108,公立,一般大學,0014,國立高雄師範大學,03143052,東南亞學碩士在職學位學程,1,1,0,1,0,0,0,0,0,0,0,0,0,1,1,0,1,1,0
108,公立,一般大學,0014,國立高雄師範大學,04131032,事業經營學系,4,2,2,0,0,0,0,1,2,1,0,0,0,3,1,2,4,2,2
108,公立,一般大學,0014,國立高雄師範大學,04199033,人力與知識管理研究所,3,3,0,1,0,0,0,2,0,0,0,0,0,3,3,0,3,3,0
108,公立,一般大學,0014,國立高雄師範大學,05121034,生物科技系,7,4,3,1,0,1,0,2,3,0,0,0,0,7,4,3,7,4,3
108,公立,一般大學,0014,國立高雄師範大學,05311036,化學系,4,2,2,1,0,0,2,1,0,0,0,0,0,4,2,2,4,2,2
108,公立,一般大學,0014,國立高雄師範大學,05331037,物理學系,5,4,1,1,0,0,0,3,1,0,0,0,0,5,4,1,5,4,1
108,公立,一般大學,0014,國立高雄師範大學,05411038,數學系,1,0,1,0,0,0,0,0,1,0,0,0,0,1,0,1,1,0,1
108,公立,一般大學,0014,國立高雄師範大學,07141042,光電與通訊工程學系,2,2,0,0,0,0,0,1,0,1,0,0,0,1,1,0,2,2,0
108,公立,一般大學,0014,國立高雄師範大學,10141056,運動競技與產業學士原住民專班,7,6,1,0,0,1,1,1,0,4,0,0,0,3,2,1,7,6,1
108,公立,一般大學,0014,國立高雄師範大學,99999Z01,通識教育中心,35,18,17,1,0,1,3,12,9,4,5,0,0,26,14,12,35,18,17
108,公立,一般大學,0014,國立高雄師範大學,99999Z05,師資培育與就業輔導處,7,5,2,0,0,0,0,4,1,1,1,0,0,5,4,1,7,5,2
108,公立,一般大學,0015,國立彰化師範大學,01113012,特殊教育學系,4,1,3,0,1,0,0,1,2,0,0,0,0,4,1,3,4,1,3
108,公立,一般大學,0015,國立彰化師範大學,01131006,公共事務與公民教育學系,7,5,2,1,0,3,0,1,2,0,0,0,0,7,5,2,7,5,2
108,公立,一般大學,0015,國立彰化師範大學,01141007,工業教育與技術學系,20,20,0,8,0,1,0,11,0,0,0,0,0,20,20,0,20,20,0
108,公立,一般大學,0015,國立彰化師範大學,01141011,運動學系,22,16,6,4,1,0,0,3,3,9,2,0,0,11,7,4,22,16,6
108,公立,一般大學,0015,國立彰化師範大學,02131017,美術學系,13,7,6,0,0,0,0,1,2,6,4,0,0,3,1,2,13,7,6
108,公立,一般大學,0015,國立彰化師範大學,02221023,歷史學研究所,5,4,1,1,0,2,1,1,0,0,0,0,0,5,4,1,5,4,1
108,公立,一般大學,0015,國立彰化師範大學,02311020,英語學系,12,3,9,2,0,1,0,0,3,0,6,0,0,6,3,3,12,3,9
108,公立,一般大學,0015,國立彰化師範大學,02311021,兒童英語研究所,1,1,0,0,0,1,0,0,0,0,0,0,0,1,1,0,1,1,0
108,公立,一般大學,0015,國立彰化師範大學,02312022,翻譯研究所,3,1,2,0,0,0,1,1,1,0,0,0,0,3,1,2,3,1,2
108,公立,一般大學,0015,國立彰化師範大學,02321018,台灣文學研究所,1,1,0,1,0,0,0,0,0,0,0,0,0,1,1,0,1,1,0
108,公立,一般大學,0015,國立彰化師範大學,02322019,國文學系,9,7,2,3,1,1,0,3,1,0,0,0,0,9,7,2,9,7,2
108,公立,一般大學,0015,國立彰化師範大學,03131025,輔導與諮商學系,9,6,3,1,1,1,0,2,1,2,1,0,0,6,4,2,9,6,3
108,公立,一般大學,0015,國立彰化師範大學,03131055,復健諮商研究所,3,1,2,0,0,0,0,0,0,1,2,0,0,0,0,0,3,1,2
108,公立,一般大學,0015,國立彰化師範大學,03142027,地理學系,2,1,1,0,0,1,0,0,1,0,0,0,0,2,1,1,2,1,1
108,公立,一般大學,0015,國立彰化師範大學,04111028,會計學系,13,11,2,0,0,2,0,5,1,4,1,0,0,8,7,1,13,11,2
108,公立,一般大學,0015,國立彰化師範大學,04121031,財務金融技術學系,5,4,1,1,0,0,0,0,1,3,0,0,0,2,1,1,5,4,1
108,公立,一般大學,0015,國立彰化師範大學,04131029,企業管理學系,9,7,2,2,0,0,1,3,0,2,1,0,0,6,5,1,9,7,2
108,公立,一般大學,0015,國立彰化師範大學,05111034,生物學系,4,2,2,0,2,2,0,0,0,0,0,0,0,4,2,2,4,2,2
108,公立,一般大學,0015,國立彰化師範大學,05331037,物理學系,1,1,0,0,0,1,0,0,0,0,0,0,0,1,1,0,1,1,0
108,公立,一般大學,0015,國立彰化師範大學,05411038,數學系,4,4,0,1,0,2,0,1,0,0,0,0,0,4,4,0,4,4,0
108,公立,一般大學,0015,國立彰化師範大學,05421039,統計資訊研究所,1,0,1,0,0,0,0,0,1,0,0,0,0,1,0,1,1,0,1
108,公立,一般大學,0015,國立彰化師範大學,06131040,資訊管理學系,9,6,3,0,0,0,0,1,0,5,3,0,0,1,1,0,9,6,3
108,公立,一般大學,0015,國立彰化師範大學,06131050,資訊工程學系,1,1,0,0,0,0,0,0,0,1,0,0,0,0,0,0,1,1,0
108,公立,一般大學,0015,國立彰化師範大學,07141042,電機工程學系,7,7,0,2,0,1,0,4,0,0,0,0,0,7,7,0,7,7,0
108,公立,一般大學,0015,國立彰化師範大學,07141046,光電科技研究所,1,1,0,0,0,0,0,1,0,0,0,0,0,1,1,0,1,1,0
108,公立,一般大學,0015,國立彰化師範大學,07151054,機電工程學系,3,3,0,1,0,0,0,2,0,0,0,0,0,3,3,0,3,3,0
108,公立,一般大學,0015,國立彰化師範大學,07161053,車輛科技研究所,1,1,0,1,0,0,0,0,0,0,0,0,0,1,1,0,1,1,0
108,公立,一般大學,0015,國立彰化師範大學,99999Z01,通識教育中心,12,5,7,0,0,1,0,3,3,1,4,0,0,7,4,3,12,5,7
108,公立,一般大學,0015,國立彰化師範大學,99999Z05,師資培育中心,18,14,4,3,1,3,0,8,3,0,0,0,0,18,14,4,18,14,4
108,公立,一般大學,0015,國立彰化師範大學,99999Z08,語文中心,2,0,2,0,0,0,0,0,0,0,2,0,0,0,0,0,2,0,2
108,公立,一般大學,0016,國立陽明大學,02231002,心智哲學研究所,1,1,0,1,0,0,0,0,0,0,0,0,0,1,1,0,1,1,0
108,公立,一般大學,0016,國立陽明大學,04133005,醫務管理研究所,8,7,1,3,0,3,0,1,1,0,0,0,0,8,7,1,8,7,1
108,公立,一般大學,0016,國立陽明大學,05121007,生命科學系暨基因體科學研究所,6,5,1,2,1,1,0,1,0,1,0,0,0,5,4,1,6,5,1
108,公立,一般大學,0016,國立陽明大學,05122009,微生物及免疫學研究所,5,3,2,2,2,1,0,0,0,0,0,0,0,5,3,2,5,3,2
108,公立,一般大學,0016,國立陽明大學,05123011,生化暨分子生物研究所,4,4,0,1,0,0,0,3,0,0,0,0,0,4,4,0,4,4,0
108,公立,一般大學,0016,國立陽明大學,05124013,生物醫學資訊研究所,3,3,0,2,0,1,0,0,0,0,0,0,0,3,3,0,3,3,0
108,公立,一般大學,0016,國立陽明大學,07193019,生醫光電研究所,3,3,0,1,0,2,0,0,0,0,0,0,0,3,3,0,3,3,0
108,公立,一般大學,0016,國立陽明大學,07193021,生物醫學工程學系,4,4,0,1,0,1,0,2,0,0,0,0,0,4,4,0,4,4,0
108,公立,一般大學,0016,國立陽明大學,09111059,牙醫學系,54,30,24,4,1,6,9,9,5,11,9,0,0,34,19,15,54,30,24
108,公立,一般大學,0016,國立陽明大學,09111061,口腔生物研究所,1,1,0,0,0,1,0,0,0,0,0,0,0,1,1,0,1,1,0
108,公立,一般大學,0016,國立陽明大學,09121024,醫學系,327,267,60,39,4,53,10,94,22,81,24,0,0,222,186,36,327,267,60
108,公立,一般大學,0016,國立陽明大學,09121025,臨床醫學研究所,10,9,1,7,1,2,0,0,0,0,0,0,0,10,9,1,10,9,1
108,公立,一般大學,0016,國立陽明大學,09121028,生理學研究所,2,2,0,2,0,0,0,0,0,0,0,0,0,2,2,0,2,2,0
108,公立,一般大學,0016,國立陽明大學,09121029,神經科學研究所,1,0,1,0,0,0,1,0,0,0,0,0,0,1,0,1,1,0,1
108,公立,一般大學,0016,國立陽明大學,09121032,急重症醫學研究所,2,2,0,0,0,1,0,1,0,0,0,0,0,2,2,0,2,2,0
108,公立,一般大學,0016,國立陽明大學,09121033,腦科學研究所,1,0,1,0,0,0,1,0,0,0,0,0,0,1,0,1,1,0,1
108,公立,一般大學,0016,國立陽明大學,09121043,藥理學研究所,8,5,3,2,0,2,2,1,1,0,0,0,0,8,5,3,8,5,3
108,公立,一般大學,0016,國立陽明大學,09131048,護理學系,26,2,24,0,1,0,1,1,6,1,16,0,0,9,1,8,26,2,24
108,公立,一般大學,0016,國立陽明大學,09141057,醫學生物技術暨檢驗學系,5,3,2,1,0,1,0,1,0,0,2,0,0,3,3,0,5,3,2
108,公立,一般大學,0016,國立陽明大學,09141058,生物醫學影像暨放射科學系,16,14,2,3,1,0,0,3,0,8,1,0,0,7,6,1,16,14,2
108,公立,一般大學,0016,國立陽明大學,09151047,物理治療暨輔助科技學系,18,10,8,1,0,0,2,5,3,4,3,0,0,11,6,5,18,10,8
108,公立,一般大學,0016,國立陽明大學,09161041,藥學系,6,3,3,2,0,0,0,0,3,1,0,0,0,5,2,3,6,3,3
108,公立,一般大學,0016,國立陽明大學,09161044,生物藥學研究所,3,3,0,2,0,1,0,0,0,0,0,0,0,3,3,0,3,3,0
108,公立,一般大學,0016,國立陽明大學,09171042,傳統醫藥研究所,5,2,3,1,1,0,0,1,2,0,0,0,0,5,2,3,5,2,3
108,公立,一般大學,0016,國立陽明大學,09191036,公共衛生研究所,8,5,3,2,1,2,1,1,1,0,0,0,0,8,5,3,8,5,3
108,公立,一般大學,0016,國立陽明大學,09191037,衛生福利研究所,2,2,0,1,0,0,0,1,0,0,0,0,0,2,2,0,2,2,0
108,公立,一般大學,0016,國立陽明大學,09191039,環境與職業衛生研究所,6,4,2,1,1,3,0,0,1,0,0,0,0,6,4,2,6,4,2
108,公立,一般大學,0016,國立陽明大學,09199066,食品安全及健康風險評估研究所,3,2,1,0,0,1,0,1,1,0,0,0,0,3,2,1,3,2,1
108,公立,一般大學,0016,國立陽明大學,99999Z99,人文與社會教育中心,26,17,9,4,1,4,1,6,4,3,3,0,0,20,14,6,26,17,9
108,公立,一般大學,0017,國立臺北大學,02221005,歷史學系,7,5,2,2,0,2,0,1,2,0,0,0,0,7,5,2,7,5,2
108,公立,一般大學,0017,國立臺北大學,02299008,民俗藝術與文化資產研究所,3,2,1,1,1,1,0,0,0,0,0,0,0,3,2,1,3,2,1
108,公立,一般大學,0017,國立臺北大學,02311004,應用外語學系,7,3,4,2,0,0,1,0,1,1,2,0,0,4,2,2,7,3,4
108,公立,一般大學,0017,國立臺北大學,02322002,中國文學系,20,11,9,3,2,1,3,6,4,1,0,0,0,19,10,9,20,11,9
108,公立,一般大學,0017,國立臺北大學,03111009,經濟學系,6,2,4,1,0,0,1,1,2,0,1,0,0,5,2,3,6,2,4
108,公立,一般大學,0017,國立臺北大學,03141011,社會學系,4,3,1,2,0,1,0,0,1,0,0,0,0,4,3,1,4,3,1
108,公立,一般大學,0017,國立臺北大學,03199016,犯罪學研究所,1,1,0,1,0,0,0,0,0,0,0,0,0,1,1,0,1,1,0
108,公立,一般大學,0017,國立臺北大學,04111017,會計學系,11,6,5,0,0,4,0,0,1,2,4,0,0,5,4,1,11,6,5
108,公立,一般大學,0017,國立臺北大學,04121021,商學院國際財務金融碩士在職專班,4,3,1,2,0,1,0,0,1,0,0,0,0,4,3,1,4,3,1
108,公立,一般大學,0017,國立臺北大學,04121022,金融與合作經營學系,9,6,3,2,0,2,1,1,1,1,1,0,0,7,5,2,9,6,3
108,公立,一般大學,0017,國立臺北大學,04122023,財政學系,8,7,1,1,0,3,0,0,1,3,0,0,0,5,4,1,8,7,1
108,公立,一般大學,0017,國立臺北大學,04131018,企業管理學系,29,25,4,7,1,5,0,10,2,3,1,0,0,25,22,3,29,25,4
108,公立,一般大學,0017,國立臺北大學,04131019,國際企業研究所,1,1,0,1,0,0,0,0,0,0,0,0,0,1,1,0,1,1,0
108,公立,一般大學,0017,國立臺北大學,04134013,公共行政暨政策學系,28,22,6,8,1,9,3,3,2,2,0,0,0,26,20,6,28,22,6
108,公立,一般大學,0017,國立臺北大學,04134024,不動產與城鄉環境學系,14,14,0,0,0,7,0,4,0,3,0,0,0,11,11,0,14,14,0
108,公立,一般大學,0017,國立臺北大學,04141026,商學院數位行銷進修學士學位學程,5,4,1,0,0,0,1,4,0,0,0,0,0,5,4,1,5,4,1
108,公立,一般大學,0017,國立臺北大學,04211028,法律學系,35,30,5,15,2,5,2,6,1,4,0,0,0,31,26,5,35,30,5
108,公立,一般大學,0017,國立臺北大學,05421033,統計學系,16,12,4,1,0,1,2,9,1,1,1,0,0,14,11,3,16,12,4
108,公立,一般大學,0017,國立臺北大學,06131036,資訊工程學系,5,5,0,3,0,2,0,0,0,0,0,0,0,5,5,0,5,5,0
108,公立,一般大學,0017,國立臺北大學,06134034,資訊管理研究所,1,1,0,1,0,0,0,0,0,0,0,0,0,1,1,0,1,1,0
108,公立,一般大學,0017,國立臺北大學,07141035,電機工程學系,1,1,0,1,0,0,0,0,0,0,0,0,0,1,1,0,1,1,0
108,公立,一般大學,0017,國立臺北大學,07313039,都市計劃研究所,2,2,0,2,0,0,0,0,0,0,0,0,0,2,2,0,2,2,0
108,公立,一般大學,0017,國立臺北大學,09231041,社會工作學系,14,8,6,2,1,1,0,3,2,2,3,0,0,9,6,3,14,8,6
108,公立,一般大學,0017,國立臺北大學,10152042,休閒運動管理學系,2,1,1,0,0,0,0,0,0,1,1,0,0,0,0,0,2,1,1
108,公立,一般大學,0017,國立臺北大學,99999Z01,通識教育中心,14,6,8,1,0,0,2,5,4,0,2,0,0,12,6,6,14,6,8
108,公立,一般大學,0017,國立臺北大學,99999Z07,體育室,2,2,0,0,0,0,0,0,0,2,0,0,0,0,0,0,2,2,0
108,公立,一般大學,0017,國立臺北大學,99999Z08,語言中心,21,7,14,0,0,2,0,1,0,4,14,0,0,3,3,0,21,7,14
108,公立,一般大學,0018,國立嘉義大學,01111001,教育學系,11,7,4,1,0,0,0,5,4,1,0,0,0,10,6,4,11,7,4
108,公立,一般大學,0018,國立嘉義大學,01111006,師範學院教學專業國際碩士學位學程,1,1,0,1,0,0,0,0,0,0,0,0,0,1,1,0,1,1,0
108,公立,一般大學,0018,國立嘉義大學,01113017,特殊教育學系,1,0,1,0,0,0,0,0,1,0,0,0,0,1,0,1,1,0,1
108,公立,一般大學,0018,國立嘉義大學,01114018,教育行政與政策發展研究所,6,6,0,2,0,2,0,2,0,0,0,0,0,6,6,0,6,6,0
108,公立,一般大學,0018,國立嘉義大學,01116021,數位學習設計與管理學系,2,1,1,0,0,0,0,0,0,1,1,0,0,0,0,0,2,1,1
108,公立,一般大學,0018,國立嘉義大學,01121016,幼兒教育學系,2,0,2,0,0,0,0,0,0,0,2,0,0,0,0,0,2,0,2
108,公立,一般大學,0018,國立嘉義大學,01131010,數理教育研究所,3,1,2,0,0,0,0,1,2,0,0,0,0,3,1,2,3,1,2
108,公立,一般大學,0018,國立嘉義大學,01141113,體育與健康休閒學系,9,7,2,2,1,0,0,1,1,4,0,0,0,5,3,2,9,7,2
108,公立,一般大學,0018,國立嘉義大學,02131025,視覺藝術學系,7,5,2,0,0,1,0,2,1,2,1,0,0,4,3,1,7,5,2
108,公立,一般大學,0018,國立嘉義大學,02151024,音樂學系,46,16,30,0,0,0,1,9,17,7,12,0,0,27,9,18,46,16,30
108,公立,一般大學,0018,國立嘉義大學,02221033,應用歷史學系,2,2,0,0,0,1,0,1,0,0,0,0,0,2,2,0,2,2,0
108,公立,一般大學,0018,國立嘉義大學,02311031,外國語言學系,2,0,2,0,0,0,0,0,1,0,1,0,0,1,0,1,2,0,2
108,公立,一般大學,0018,國立嘉義大學,02322029,中國文學系,14,8,6,0,0,2,0,2,6,4,0,0,0,10,4,6,14,8,6
108,公立,一般大學,0018,國立嘉義大學,03111034,應用經濟學系,1,0,1,0,0,0,0,0,0,0,1,0,0,0,0,0,1,0,1
108,公立,一般大學,0018,國立嘉義大學,03131035,輔導與諮商學系,7,2,5,0,0,0,2,2,0,0,3,0,0,4,2,2,7,2,5
108,公立,一般大學,0018,國立嘉義大學,04121041,財務金融學系,5,5,0,0,0,0,0,0,0,5,0,0,0,0,0,0,5,5,0
108,公立,一般大學,0018,國立嘉義大學,04131038,企業管理學系,3,2,1,0,0,1,0,1,1,0,0,0,0,3,2,1,3,2,1
108,公立,一般大學,0018,國立嘉義大學,04131045,生物事業管理學系,2,2,0,0,0,0,0,2,0,0,0,0,0,2,2,0,2,2,0
108,公立,一般大學,0018,國立嘉義大學,04143044,行銷與觀光管理學系,3,1,2,0,0,0,0,0,0,1,2,0,0,0,0,0,3,1,2
108,公立,一般大學,0018,國立嘉義大學,05111052,生物資源學系,1,1,0,0,0,0,0,0,0,1,0,0,0,0,0,0,1,1,0
108,公立,一般大學,0018,國立嘉義大學,05121053,生化科技學系,2,2,0,0,0,0,0,2,0,0,0,0,0,2,2,0,2,2,0
108,公立,一般大學,0018,國立嘉義大學,05199058,微生物免疫與生物藥學系,1,1,0,0,0,0,0,0,0,1,0,0,0,0,0,0,1,1,0
108,公立,一般大學,0018,國立嘉義大學,06131063,資訊管理學系,1,1,0,0,0,0,0,1,0,0,0,0,0,1,1,0,1,1,0
108,公立,一般大學,0018,國立嘉義大學,07151067,生物機電工程學系,1,1,0,0,0,0,0,0,0,1,0,0,0,0,0,0,1,1,0
108,公立,一般大學,0018,國立嘉義大學,07211088,食品科學系,2,2,0,2,0,0,0,0,0,0,0,0,0,2,2,0,2,2,0
108,公立,一般大學,0018,國立嘉義大學,07312072,景觀學系,7,4,3,0,0,0,0,0,1,4,2,0,0,1,0,1,7,4,3
108,公立,一般大學,0018,國立嘉義大學,07321070,土木與水資源工程學系,2,2,0,0,0,0,0,2,0,0,0,0,0,2,2,0,2,2,0
108,公立,一般大學,0018,國立嘉義大學,08112079,動物科學系,2,2,0,2,0,0,0,0,0,0,0,0,0,2,2,0,2,2,0
108,公立,一般大學,0018,國立嘉義大學,08121080,園藝學系,5,4,1,1,0,1,0,2,1,0,0,0,0,5,4,1,5,4,1
108,公立,一般大學,0018,國立嘉義大學,08199076,農場管理進修學士學位學程,3,3,0,1,0,0,0,0,0,2,0,0,0,1,1,0,3,3,0
108,公立,一般大學,0018,國立嘉義大學,08211106,木質材料與設計學系,5,4,1,3,0,0,0,1,0,0,1,0,0,4,4,0,5,4,1
108,公立,一般大學,0018,國立嘉義大學,08312047,水生生物科學系,1,1,0,0,0,0,0,0,0,1,0,0,0,0,0,0,1,1,0
108,公立,一般大學,0018,國立嘉義大學,08411108,獸醫學系,4,3,1,1,0,0,0,0,1,2,0,0,0,2,1,1,4,3,1
108,公立,一般大學,0018,國立嘉義大學,99999Z08,語言中心,10,0,10,0,0,0,0,0,4,0,6,0,0,4,0,4,10,0,10
108,公立,一般大學,0019,國立高雄大學,02122036,工藝與創意設計學系,2,2,0,0,0,0,0,1,0,1,0,0,0,1,1,0,2,2,0
108,公立,一般大學,0019,國立高雄大學,02311002,西洋語文學系,2,0,2,0,0,0,0,0,0,0,2,0,0,0,0,0,2,0,2
108,公立,一般大學,0019,國立高雄大學,02311003,東亞語文學系,4,0,4,0,0,0,0,0,0,0,4,0,0,0,0,0,4,0,4
108,公立,一般大學,0019,國立高雄大學,03111006,應用經濟學系,3,2,1,0,0,0,0,1,0,1,1,0,0,1,1,0,3,2,1
108,公立,一般大學,0019,國立高雄大學,04121011,金融管理學系,2,1,1,0,0,0,0,0,0,1,1,0,0,0,0,0,2,1,1
108,公立,一般大學,0019,國立高雄大學,04131009,亞太工商管理學系,1,1,0,1,0,0,0,0,0,0,0,0,0,1,1,0,1,1,0
108,公立,一般大學,0019,國立高雄大學,04199012,高階經營管理碩士在職專班,1,1,0,1,0,0,0,0,0,0,0,0,0,1,1,0,1,1,0
108,公立,一般大學,0019,國立高雄大學,04211015,法律學系,6,5,1,1,0,0,0,2,0,2,1,0,0,3,3,0,6,5,1
108,公立,一般大學,0019,國立高雄大學,04212016,財經法律學系,5,5,0,2,0,0,0,1,0,2,0,0,0,3,3,0,5,5,0
108,公立,一般大學,0019,國立高雄大學,04212017,政治法律學系,9,5,4,0,1,1,0,2,1,2,2,0,0,5,3,2,9,5,4
108,公立,一般大學,0019,國立高雄大學,05331023,應用物理學系,2,0,2,0,0,0,0,0,2,0,0,0,0,2,0,2,2,0,2
108,公立,一般大學,0019,國立高雄大學,05411024,應用數學系,2,2,0,0,0,1,0,0,0,1,0,0,0,1,1,0,2,2,0
108,公立,一般大學,0019,國立高雄大學,06131026,資訊管理學系,1,1,0,0,0,0,0,0,0,1,0,0,0,0,0,0,1,1,0
108,公立,一般大學,0019,國立高雄大學,06131028,資訊工程學系,1,0,1,0,0,0,0,0,1,0,0,0,0,1,0,1,1,0,1
108,公立,一般大學,0019,國立高雄大學,07111030,化學工程及材料工程學系,1,1,0,0,0,0,0,1,0,0,0,0,0,1,1,0,1,1,0
108,公立,一般大學,0019,國立高雄大學,07141027,電機工程學系,11,10,1,1,0,1,0,7,1,1,0,0,0,10,9,1,11,10,1
108,公立,一般大學,0019,國立高雄大學,07311035,建築學系,8,8,0,0,0,1,0,5,0,2,0,0,0,6,6,0,8,8,0
108,公立,一般大學,0019,國立高雄大學,07321029,土木與環境工程學系,7,6,1,1,0,1,0,2,1,2,0,0,0,5,4,1,7,6,1
108,公立,一般大學,0019,國立高雄大學,10152033,運動健康與休閒學系,8,4,4,1,1,0,0,1,0,2,3,0,0,3,2,1,8,4,4
108,公立,一般大學,0019,國立高雄大學,99999Z01,通識教育中心,85,52,33,0,0,1,1,26,13,25,19,0,0,41,27,14,85,52,33
108,公立,一般大學,0020,國立東華大學,01111001,教育與潛能開發學系,8,4,4,0,0,0,0,0,1,4,3,0,0,1,0,1,8,4,4
108,公立,一般大學,0020,國立東華大學,01113013,特殊教育學系,1,1,0,0,0,0,0,1,0,0,0,0,0,1,1,0,1,1,0
108,公立,一般大學,0020,國立東華大學,01114015,教育行政與管理學系,7,2,5,0,0,0,0,0,1,2,4,0,0,1,0,1,7,2,5
108,公立,一般大學,0020,國立東華大學,01121012,幼兒教育學系,1,1,0,0,0,0,0,0,0,1,0,0,0,0,0,0,1,1,0
108,公立,一般大學,0020,國立東華大學,01141010,體育與運動科學系,6,5,1,1,0,0,1,1,0,3,0,0,0,3,2,1,6,5,1
108,公立,一般大學,0020,國立東華大學,02121019,藝術與設計學系,6,5,1,0,0,0,0,1,1,4,0,0,0,2,1,1,6,5,1
108,公立,一般大學,0020,國立東華大學,02151018,音樂學系,23,6,17,0,0,0,0,1,10,5,7,0,0,11,1,10,23,6,17
108,公立,一般大學,0020,國立東華大學,02191022,藝術創意產業學系,8,4,4,1,0,0,0,0,0,3,4,0,0,1,1,0,8,4,4
108,公立,一般大學,0020,國立東華大學,02199109,原住民族樂舞與藝術學士學位學程,1,0,1,0,1,0,0,0,0,0,0,0,0,1,0,1,1,0,1
108,公立,一般大學,0020,國立東華大學,02199Y09,藝術學院,4,3,1,0,0,0,0,2,0,1,1,0,0,2,2,0,4,3,1
108,公立,一般大學,0020,國立東華大學,02221033,歷史學系,2,1,1,1,0,0,0,0,1,0,0,0,0,2,1,1,2,1,1
108,公立,一般大學,0020,國立東華大學,02311029,英美語文學系,4,1,3,0,0,0,0,0,0,1,3,0,0,0,0,0,4,1,3
108,公立,一般大學,0020,國立東華大學,02321028,民族語言與傳播學系,10,7,3,1,0,0,0,1,0,5,3,0,0,2,2,0,10,7,3
108,公立,一般大學,0020,國立東華大學,02322025,中國語文學系,8,7,1,1,0,0,0,0,0,6,1,0,0,1,1,0,8,7,1
108,公立,一般大學,0020,國立東華大學,03143051,臺灣文化學系,1,1,0,0,0,1,0,0,0,0,0,0,0,1,1,0,1,1,0
108,公立,一般大學,0020,國立東華大學,03199040,民族事務與發展學系,1,1,0,0,0,0,0,0,0,1,0,0,0,0,0,0,1,1,0
108,公立,一般大學,0020,國立東華大學,04111056,會計學系,1,1,0,0,0,0,0,0,0,1,0,0,0,0,0,0,1,1,0
108,公立,一般大學,0020,國立東華大學,04121061,財務金融學系,3,2,1,0,0,0,1,0,0,2,0,0,0,1,0,1,3,2,1
108,公立,一般大學,0020,國立東華大學,04131059,企業管理學系,2,2,0,0,0,0,0,2,0,0,0,0,0,2,2,0,2,2,0
108,公立,一般大學,0020,國立東華大學,04191066,管理學院管理科學與財金國際學士學位學程,2,1,1,0,0,0,0,1,1,0,0,0,0,2,1,1,2,1,1
108,公立,一般大學,0020,國立東華大學,04212068,財經法律研究所,3,3,0,0,0,1,0,1,0,1,0,0,0,2,2,0,3,3,0
108,公立,一般大學,0020,國立東華大學,06131086,資訊工程學系,2,2,0,0,0,0,0,0,0,2,0,0,0,0,0,0,2,2,0
108,公立,一般大學,0020,國立東華大學,06134081,資訊管理學系,1,1,0,0,0,0,0,1,0,0,0,0,0,1,1,0,1,1,0
108,公立,一般大學,0020,國立東華大學,07141083,電機工程學系,4,4,0,2,0,0,0,0,0,2,0,0,0,2,2,0,4,4,0
108,公立,一般大學,0020,國立東華大學,99999Z01,通識教育中心,32,18,14,0,0,0,0,1,4,17,10,0,0,5,1,4,32,18,14
108,公立,一般大學,0020,國立東華大學,99999Z05,師資培育中心,3,0,3,0,0,0,0,0,1,0,2,0,0,1,0,1,3,0,3
108,公立,一般大學,0020,國立東華大學,99999Z07,體育中心,4,3,1,0,0,0,0,0,0,3,1,0,0,0,0,0,4,3,1
108,公立,一般大學,0020,國立東華大學,99999Z08,語言中心,2,1,1,0,0,0,0,1,0,0,1,0,0,1,1,0,2,1,1
108,公立,一般大學,0021,國立暨南國際大學,01111001,國際文教與比較教育學系,5,3,2,0,0,0,0,2,0,1,2,0,0,2,2,0,5,3,2
108,公立,一般大學,0021,國立暨南國際大學,01111004,諮商心理與人力資源發展學系,12,6,6,2,0,0,1,4,4,0,1,0,0,11,6,5,12,6,6
108,公立,一般大學,0021,國立暨南國際大學,01114010,教育政策與行政學系,4,4,0,2,0,1,0,1,0,0,0,0,0,4,4,0,4,4,0
108,公立,一般大學,0021,國立暨南國際大學,01131007,華語文教學碩士學位學程,7,5,2,0,2,2,0,1,0,2,0,0,0,5,3,2,7,5,2
108,公立,一般大學,0021,國立暨南國際大學,02221015,歷史學系,6,4,2,1,0,1,0,1,0,1,2,0,0,3,3,0,6,4,2
108,公立,一般大學,0021,國立暨南國際大學,02311014,外國語文學系,11,2,9,0,0,0,1,0,1,2,7,0,0,2,0,2,11,2,9
108,公立,一般大學,0021,國立暨南國際大學,02322013,中國語文學系,13,7,6,2,0,0,0,1,3,4,3,0,0,6,3,3,13,7,6
108,公立,一般大學,0021,國立暨南國際大學,03111016,經濟學系,2,2,0,1,0,1,0,0,0,0,0,0,0,2,2,0,2,2,0
108,公立,一般大學,0021,國立暨南國際大學,03141045,原住民文化產業與社會工作學士學位學程原住民族專班,23,11,12,0,0,0,0,3,1,8,11,0,0,4,3,1,23,11,12
108,公立,一般大學,0021,國立暨南國際大學,03143019,東南亞學系,5,2,3,0,0,0,0,1,1,1,2,0,0,2,1,1,5,2,3
108,公立,一般大學,0021,國立暨南國際大學,04121025,財務金融學系,4,2,2,0,0,0,0,2,1,0,1,0,0,3,2,1,4,2,2
108,公立,一般大學,0021,國立暨南國際大學,04131022,國際企業學系,5,5,0,2,0,0,0,2,0,1,0,0,0,4,4,0,5,5,0
108,公立,一般大學,0021,國立暨南國際大學,04131026,新興產業策略與發展博士學位學程,2,2,0,0,0,0,0,1,0,1,0,0,0,1,1,0,2,2,0
108,公立,一般大學,0021,國立暨南國際大學,04134020,公共行政與政策學系,5,4,1,0,0,0,0,0,1,4,0,0,0,1,0,1,5,4,1
108,公立,一般大學,0021,國立暨南國際大學,05311027,應用化學系,15,11,4,1,0,1,0,7,3,2,1,0,0,12,9,3,15,11,4
108,公立,一般大學,0021,國立暨南國際大學,06131030,資訊管理學系,4,4,0,0,0,1,0,2,0,1,0,0,0,3,3,0,4,4,0
108,公立,一般大學,0021,國立暨南國際大學,06131034,資訊工程學系,8,8,0,5,0,0,0,1,0,2,0,0,0,6,6,0,8,8,0
108,公立,一般大學,0021,國立暨南國際大學,07112037,應用材料及光電工程學系,2,1,1,0,0,0,0,1,1,0,0,0,0,2,1,1,2,1,1
108,公立,一般大學,0021,國立暨南國際大學,07141031,電機工程學系,8,8,0,6,0,0,0,1,0,1,0,0,0,7,7,0,8,8,0
108,公立,一般大學,0021,國立暨南國際大學,07321035,土木工程學系,13,11,2,0,0,2,0,8,2,1,0,0,0,12,10,2,13,11,2
108,公立,一般大學,0021,國立暨南國際大學,09231038,社會政策與社會工作學系,7,5,2,0,0,1,0,0,1,4,1,0,0,2,1,1,7,5,2
108,公立,一般大學,0021,國立暨南國際大學,10151039,觀光休閒與餐旅管理學系,7,5,2,0,0,0,0,3,1,2,1,0,0,4,3,1,7,5,2
108,公立,一般大學,0021,國立暨南國際大學,99999Z01,通識教育中心,58,40,18,1,0,2,0,13,4,24,14,0,0,20,16,4,58,40,18
108,公立,一般大學,0021,國立暨南國際大學,99999Z05,師資培育中心,8,3,5,0,0,0,0,2,1,1,4,0,0,3,2,1,8,3,5
108,公立,一般大學,0021,國立暨南國際大學,99999Z08,語文教學研究中心,4,3,1,0,0,0,0,0,0,3,1,0,0,0,0,0,4,3,1
108,公立,技專校院,0022,國立臺灣科技大學,01116002,數位學習與教育研究所,1,1,0,0,0,1,0,0,0,0,0,0,0,1,1,0,1,1,0
108,公立,技專校院,0022,國立臺灣科技大學,02122004,設計系,51,46,5,5,0,10,1,16,1,15,3,0,0,33,31,2,51,46,5
108,公立,技專校院,0022,國立臺灣科技大學,02311003,應用外語系,13,8,5,0,0,1,1,3,0,4,4,0,0,5,4,1,13,8,5
108,公立,技專校院,0022,國立臺灣科技大學,04121010,財務金融研究所,6,4,2,1,0,1,0,2,1,0,1,0,0,5,4,1,6,4,2
108,公立,技專校院,0022,國立臺灣科技大學,04131008,企業管理系,19,12,7,2,0,0,1,8,3,2,3,0,0,14,10,4,19,12,7
108,公立,技專校院,0022,國立臺灣科技大學,04191009,管理研究所,10,9,1,7,0,2,0,0,1,0,0,0,0,10,9,1,10,9,1
108,公立,技專校院,0022,國立臺灣科技大學,04199013,管理學院,9,6,3,2,2,0,0,3,1,1,0,0,0,8,5,3,9,6,3
108,公立,技專校院,0022,國立臺灣科技大學,04212014,專利研究所,4,4,0,4,0,0,0,0,0,0,0,0,0,4,4,0,4,4,0
108,公立,技專校院,0022,國立臺灣科技大學,05399Y38,應用科技學院,3,3,0,0,0,0,0,1,0,2,0,0,0,1,1,0,3,3,0
108,公立,技專校院,0022,國立臺灣科技大學,06131016,資訊管理系,6,3,3,2,1,1,1,0,1,0,0,0,0,6,3,3,6,3,3
108,公立,技專校院,0022,國立臺灣科技大學,07111026,化學工程系,8,5,3,3,0,1,1,0,0,1,2,0,0,5,4,1,8,5,3
108,公立,技專校院,0022,國立臺灣科技大學,07112028,材料科學與工程系,1,1,0,0,0,0,0,0,0,1,0,0,0,0,0,0,1,1,0
108,公立,技專校院,0022,國立臺灣科技大學,07141017,電機工程系,6,6,0,3,0,1,0,2,0,0,0,0,0,6,6,0,6,6,0
108,公立,技專校院,0022,國立臺灣科技大學,07141018,電子工程系,5,5,0,2,0,0,0,3,0,0,0,0,0,5,5,0,5,5,0
108,公立,技專校院,0022,國立臺灣科技大學,07141019,光電工程研究所,1,1,0,1,0,0,0,0,0,0,0,0,0,1,1,0,1,1,0
108,公立,技專校院,0022,國立臺灣科技大學,07151023,機械工程系,15,15,0,6,0,6,0,3,0,0,0,0,0,15,15,0,15,15,0
108,公立,技專校院,0022,國立臺灣科技大學,07151024,自動化及控制研究所,2,2,0,0,0,0,0,2,0,0,0,0,0,2,2,0,2,2,0
108,公立,技專校院,0022,國立臺灣科技大學,07191012,工業管理系,8,8,0,0,0,3,0,3,0,2,0,0,0,6,6,0,8,8,0
108,公立,技專校院,0022,國立臺灣科技大學,07199033,工程學院,10,9,1,3,0,3,0,2,1,1,0,0,0,9,8,1,10,9,1
108,公立,技專校院,0022,國立臺灣科技大學,07199Y53,電資學院,2,2,0,0,0,2,0,0,0,0,0,0,0,2,2,0,2,2,0
108,公立,技專校院,0022,國立臺灣科技大學,07311038,建築系,51,39,12,15,3,8,1,14,8,2,0,0,0,49,37,12,51,39,12
108,公立,技專校院,0022,國立臺灣科技大學,07321025,營建工程系,9,8,1,3,0,3,0,1,1,1,0,0,0,8,7,1,9,8,1
108,公立,技專校院,0022,國立臺灣科技大學,09171034,醫學工程研究所,2,2,0,0,0,1,0,1,0,0,0,0,0,2,2,0,2,2,0
108,公立,技專校院,0022,國立臺灣科技大學,99999Z01,人文社會學科,30,18,12,1,1,3,3,9,6,5,2,0,0,23,13,10,30,18,12
108,公立,技專校院,0022,國立臺灣科技大學,99999Z01,通識教育中心,35,18,17,3,1,2,2,8,5,5,9,0,0,21,13,8,35,18,17
108,公立,技專校院,0022,國立臺灣科技大學,99999Z05,師資培育中心,7,5,2,0,0,1,0,3,1,1,1,0,0,5,4,1,7,5,2
108,公立,技專校院,0022,國立臺灣科技大學,99999Z07,體育室,21,16,5,3,0,4,0,1,1,8,4,0,0,9,8,1,21,16,5
108,公立,技專校院,0022,國立臺灣科技大學,99999Z08,語言中心,35,4,31,0,0,1,1,0,2,3,28,0,0,4,1,3,35,4,31
108,公立,技專校院,0023,國立雲林科技大學,02112011,視覺傳達設計系,5,3,2,0,0,1,0,0,0,2,2,0,0,1,1,0,5,3,2
108,公立,技專校院,0023,國立雲林科技大學,02112013,數位媒體設計系,5,2,3,0,0,0,0,0,1,2,2,0,0,1,0,1,5,2,3
108,公立,技專校院,0023,國立雲林科技大學,02122007,設計學研究所,1,1,0,0,0,1,0,0,0,0,0,0,0,1,1,0,1,1,0
108,公立,技專校院,0023,國立雲林科技大學,02122009,創意生活設計系,14,8,6,0,0,1,0,1,1,6,5,0,0,3,2,1,14,8,6
108,公立,技專校院,0023,國立雲林科技大學,02123014,工業設計系,8,8,0,1,0,1,0,1,0,5,0,0,0,3,3,0,8,8,0
108,公立,技專校院,0023,國立雲林科技大學,02192002,文化資產維護系,8,7,1,1,0,0,0,1,1,5,0,0,0,3,2,1,8,7,1
108,公立,技專校院,0023,國立雲林科技大學,02311004,應用外語系,37,13,24,0,0,0,1,4,4,9,19,0,0,9,4,5,37,13,24
108,公立,技專校院,0023,國立雲林科技大學,02322003,漢學應用研究所,7,3,4,1,0,0,0,2,3,0,1,0,0,6,3,3,7,3,4
108,公立,技專校院,0023,國立雲林科技大學,04111018,會計系,1,1,0,0,0,0,0,0,0,1,0,0,0,0,0,0,1,1,0
108,公立,技專校院,0023,國立雲林科技大學,04121024,財務金融系,6,6,0,1,0,0,0,1,0,4,0,0,0,2,2,0,6,6,0
108,公立,技專校院,0023,國立雲林科技大學,04131019,企業管理系,12,7,5,0,1,0,1,5,2,2,1,0,0,9,5,4,12,7,5
108,公立,技專校院,0023,國立雲林科技大學,04131022,國際管理學士學位學程,1,0,1,0,0,0,0,0,1,0,0,0,0,1,0,1,1,0,1
108,公立,技專校院,0023,國立雲林科技大學,04131059,工商管理學士學位學程,5,3,2,0,0,0,0,2,2,1,0,0,0,4,2,2,5,3,2
108,公立,技專校院,0023,國立雲林科技大學,04212031,科技法律研究所,4,4,0,0,0,0,0,4,0,0,0,0,0,4,4,0,4,4,0
108,公立,技專校院,0023,國立雲林科技大學,06131032,資訊管理系,3,3,0,0,0,0,0,2,0,1,0,0,0,2,2,0,3,3,0
108,公立,技專校院,0023,國立雲林科技大學,07111045,化學工程與材料工程系,4,3,1,3,0,0,0,0,1,0,0,0,0,4,3,1,4,3,1
108,公立,技專校院,0023,國立雲林科技大學,07112047,材料科技研究所,3,2,1,0,0,1,1,1,0,0,0,0,0,3,2,1,3,2,1
108,公立,技專校院,0023,國立雲林科技大學,07121049,環境與安全衛生工程系,2,2,0,0,0,1,0,0,0,1,0,0,0,1,1,0,2,2,0
108,公立,技專校院,0023,國立雲林科技大學,07141033,電機工程系,2,2,0,1,0,1,0,0,0,0,0,0,0,2,2,0,2,2,0
108,公立,技專校院,0023,國立雲林科技大學,07141034,電子工程系,3,1,2,0,0,0,0,0,0,1,2,0,0,0,0,0,3,1,2
108,公立,技專校院,0023,國立雲林科技大學,07141037,資訊工程系,3,3,0,0,0,1,0,2,0,0,0,0,0,3,3,0,3,3,0
108,公立,技專校院,0023,國立雲林科技大學,07151041,機械工程系,6,6,0,1,0,2,0,1,0,2,0,0,0,4,4,0,6,6,0
108,公立,技專校院,0023,國立雲林科技大學,07191048,工業工程與管理系,6,6,0,1,0,2,0,2,0,1,0,0,0,5,5,0,6,6,0
108,公立,技專校院,0023,國立雲林科技大學,07311016,建築與室內設計系,13,8,5,0,0,1,0,1,0,6,5,0,0,2,2,0,13,8,5
108,公立,技專校院,0023,國立雲林科技大學,07321043,營建工程系,2,2,0,0,0,0,0,2,0,0,0,0,0,2,2,0,2,2,0
108,公立,技專校院,0023,國立雲林科技大學,10152053,休閒運動研究所,20,14,6,0,0,1,0,2,0,11,6,0,0,3,3,0,20,14,6
108,公立,技專校院,0023,國立雲林科技大學,99999Z01,通識教育中心,36,20,16,2,0,2,0,8,5,8,11,0,0,17,12,5,36,20,16
108,公立,技專校院,0023,國立雲林科技大學,99999Z05,師資培育中心,1,0,1,0,0,0,0,0,0,0,1,0,0,0,0,0,1,0,1
108,公立,技專校院,0024,國立屏東科技大學,02125003,時尚設計與管理系,2,1,1,0,0,0,0,0,0,1,1,0,0,0,0,0,2,1,1
108,公立,技專校院,0024,國立屏東科技大學,02299Y13,人文暨社會科學院,10,4,6,0,0,0,0,0,1,4,5,0,0,1,0,1,10,4,6
108,公立,技專校院,0024,國立屏東科技大學,04131005,企業管理系,13,11,2,0,0,0,0,3,0,8,2,0,0,3,3,0,13,11,2
108,公立,技專校院,0024,國立屏東科技大學,04199009,工業管理系,5,4,1,0,0,0,0,1,0,3,1,0,0,1,1,0,5,4,1
108,公立,技專校院,0024,國立屏東科技大學,05121050,動物用疫苗國際學位專班,1,1,0,1,0,0,0,0,0,0,0,0,0,1,1,0,1,1,0
108,公立,技專校院,0024,國立屏東科技大學,05292040,水土保持系,5,5,0,1,0,2,0,2,0,0,0,0,0,5,5,0,5,5,0
108,公立,技專校院,0024,國立屏東科技大學,06131017,資訊管理系,5,3,2,0,0,1,0,1,2,1,0,0,0,4,2,2,5,3,2
108,公立,技專校院,0024,國立屏東科技大學,07112065,先進材料學士學位學程,1,1,0,0,0,0,0,0,0,1,0,0,0,0,0,0,1,1,0
108,公立,技專校院,0024,國立屏東科技大學,07151018,機械工程系,1,1,0,0,0,0,0,0,0,1,0,0,0,0,0,0,1,1,0
108,公立,技專校院,0024,國立屏東科技大學,07151020,生物機電工程系,9,9,0,1,0,0,0,4,0,4,0,0,0,5,5,0,9,9,0
108,公立,技專校院,0024,國立屏東科技大學,07161019,車輛工程系,3,3,0,0,0,0,0,0,0,3,0,0,0,0,0,0,3,3,0
108,公立,技專校院,0024,國立屏東科技大學,07211037,食品科學系,5,4,1,0,0,0,0,0,1,4,0,0,0,1,0,1,5,4,1
108,公立,技專校院,0024,國立屏東科技大學,07211039,食品生技碩士學位學程在職專班,5,4,1,1,0,0,0,3,1,0,0,0,0,5,4,1,5,4,1
108,公立,技專校院,0024,國立屏東科技大學,07321021,土木工程系,7,6,1,0,0,0,0,2,0,4,1,0,0,2,2,0,7,6,1
108,公立,技專校院,0024,國立屏東科技大學,07321022,土壤與水工程國際碩士學位學程,2,2,0,0,0,0,0,2,0,0,0,0,0,2,2,0,2,2,0
108,公立,技專校院,0024,國立屏東科技大學,07321023,環境資源與防災學位學程,7,7,0,0,0,0,0,1,0,6,0,0,0,1,1,0,7,7,0
108,公立,技專校院,0024,國立屏東科技大學,08111029,農園生產系,2,1,1,0,0,1,1,0,0,0,0,0,0,2,1,1,2,1,1
108,公立,技專校院,0024,國立屏東科技大學,08112032,動物科學與畜產系,1,1,0,0,0,1,0,0,0,0,0,0,0,1,1,0,1,1,0
108,公立,技專校院,0024,國立屏東科技大學,08193036,農企業管理系,3,2,1,1,0,0,0,1,0,0,1,0,0,2,2,0,3,2,1
108,公立,技專校院,0024,國立屏東科技大學,08199030,熱帶農業暨國際合作系,5,5,0,3,0,1,0,1,0,0,0,0,0,5,5,0,5,5,0
108,公立,技專校院,0024,國立屏東科技大學,08199067,科技農業學士學位學程,1,1,0,0,0,1,0,0,0,0,0,0,0,1,1,0,1,1,0
108,公立,技專校院,0024,國立屏東科技大學,08211043,木材科學與設計系,5,4,1,1,0,1,0,1,0,1,1,0,0,3,3,0,5,4,1
108,公立,技專校院,0024,國立屏東科技大學,08312046,水產養殖系,1,1,0,0,0,0,0,0,0,1,0,0,0,0,0,0,1,1,0
108,公立,技專校院,0024,國立屏東科技大學,08312068,觀賞魚科技及水生動物健康國際學位專班,3,1,2,1,2,0,0,0,0,0,0,0,0,3,1,2,3,1,2
108,公立,技專校院,0024,國立屏東科技大學,08411048,獸醫學系,6,5,1,2,0,1,0,1,1,1,0,0,0,5,4,1,6,5,1
108,公立,技專校院,0024,國立屏東科技大學,08411Y76,獸醫學院,3,1,2,1,0,0,0,0,0,0,2,0,0,1,1,0,3,1,2
108,公立,技專校院,0024,國立屏東科技大學,09221052,幼兒保育系,1,0,1,0,0,0,0,0,1,0,0,0,0,1,0,1,1,0,1
108,公立,技專校院,0024,國立屏東科技大學,09231051,社會工作系,9,3,6,1,0,0,0,0,0,2,6,0,0,1,1,0,9,3,6
108,公立,技專校院,0024,國立屏東科技大學,10131054,餐旅管理系,4,1,3,0,0,0,0,0,0,1,3,0,0,0,0,0,4,1,3
108,公立,技專校院,0024,國立屏東科技大學,10152057,休閒運動健康系,8,5,3,0,0,0,0,1,0,4,3,0,0,1,1,0,8,5,3
108,公立,技專校院,0024,國立屏東科技大學,99999Z01,通識(教育)中心,24,18,6,1,0,2,1,9,3,6,2,0,0,16,12,4,24,18,6
108,公立,技專校院,0024,國立屏東科技大學,99999Z05,師資培育中心,4,3,1,0,0,0,0,1,0,2,1,0,0,1,1,0,4,3,1
108,公立,技專校院,0024,國立屏東科技大學,99999Z07,體育室,13,11,2,0,0,0,0,1,1,10,1,0,0,2,1,1,13,11,2
108,公立,技專校院,0024,國立屏東科技大學,99999Z08,語言中心,24,14,10,0,0,0,0,0,0,14,10,0,0,0,0,0,24,14,10
108,公立,技專校院,0025,國立臺北科技大學,01118001,技術及職業教育研究所,3,3,0,2,0,1,0,0,0,0,0,0,0,3,3,0,3,3,0
108,公立,技專校院,0025,國立臺北科技大學,02112007,互動設計系,25,21,4,1,0,1,0,6,0,13,4,0,0,8,8,0,25,21,4
108,公立,技專校院,0025,國立臺北科技大學,02122004,設計學院,6,5,1,1,0,1,0,0,1,3,0,0,0,3,2,1,6,5,1
108,公立,技專校院,0025,國立臺北科技大學,02123009,工業設計系,46,38,8,1,0,3,0,4,1,30,7,0,0,9,8,1,46,38,8
108,公立,技專校院,0025,國立臺北科技大學,02299018,文化事業發展系,7,5,2,1,0,1,1,0,0,3,1,0,0,3,2,1,7,5,2
108,公立,技專校院,0025,國立臺北科技大學,02311002,應用英語(文)系,37,18,19,0,0,2,2,1,4,15,13,0,0,9,3,6,37,18,19
108,公立,技專校院,0025,國立臺北科技大學,04131011,經營管理系,15,8,7,2,2,2,1,3,0,1,4,0,0,10,7,3,15,8,7
108,公立,技專校院,0025,國立臺北科技大學,04131011,管理學院經營管理EMBA專班,9,8,1,1,0,3,0,4,1,0,0,0,0,9,8,1,9,8,1
108,公立,技專校院,0025,國立臺北科技大學,04131072,高階管理碩士雙聯學位學程,1,1,0,0,0,0,0,1,0,0,0,0,0,1,1,0,1,1,0
108,公立,技專校院,0025,國立臺北科技大學,04199Y31,管理學院,6,4,2,1,0,1,0,2,2,0,0,0,0,6,4,2,6,4,2
108,公立,技專校院,0025,國立臺北科技大學,04212024,智慧財產權研究所,5,4,1,0,0,1,1,2,0,1,0,0,0,4,3,1,5,4,1
108,公立,技專校院,0025,國立臺北科技大學,06131016,資訊與財金管理系,20,18,2,1,1,2,1,7,0,8,0,0,0,12,10,2,20,18,2
108,公立,技專校院,0025,國立臺北科技大學,06131034,資訊工程系,3,3,0,1,0,1,0,1,0,0,0,0,0,3,3,0,3,3,0
108,公立,技專校院,0025,國立臺北科技大學,07111048,化學工程與生物科技系,7,7,0,1,0,4,0,2,0,0,0,0,0,7,7,0,7,7,0
108,公立,技專校院,0025,國立臺北科技大學,07111053,分子科學與工程系,7,7,0,0,0,4,0,2,0,1,0,0,0,6,6,0,7,7,0
108,公立,技專校院,0025,國立臺北科技大學,07112058,材料及資源工程系,6,6,0,2,0,4,0,0,0,0,0,0,0,6,6,0,6,6,0
108,公立,技專校院,0025,國立臺北科技大學,07112059,資源工程研究所,1,1,0,0,0,1,0,0,0,0,0,0,0,1,1,0,1,1,0
108,公立,技專校院,0025,國立臺北科技大學,07121063,環境工程與管理研究所,3,2,1,1,0,0,0,1,1,0,0,0,0,3,2,1,3,2,1
108,公立,技專校院,0025,國立臺北科技大學,07132068,能源與冷凍空調工程系,21,20,1,0,0,2,0,12,0,6,1,0,0,14,14,0,21,20,1
108,公立,技專校院,0025,國立臺北科技大學,07141025,電機工程系,20,16,4,4,0,6,1,4,3,2,0,0,0,18,14,4,20,16,4
108,公立,技專校院,0025,國立臺北科技大學,07141028,電子工程系,22,21,1,3,0,5,0,9,0,4,1,0,0,17,17,0,22,21,1
108,公立,技專校院,0025,國立臺北科技大學,07141032,光電工程系,15,14,1,1,0,4,1,9,0,0,0,0,0,15,14,1,15,14,1
108,公立,技專校院,0025,國立臺北科技大學,07141044,自動化科技研究所,1,1,0,0,0,0,0,1,0,0,0,0,0,1,1,0,1,1,0
108,公立,技專校院,0025,國立臺北科技大學,07151037,機械工程系,29,26,3,4,0,10,0,8,3,4,0,0,0,25,22,3,29,26,3
108,公立,技專校院,0025,國立臺北科技大學,07151043,製造科技研究所,4,4,0,2,0,1,0,1,0,0,0,0,0,4,4,0,4,4,0
108,公立,技專校院,0025,國立臺北科技大學,07151073,智慧自動化工程科,8,7,1,2,0,2,0,0,0,3,1,0,0,4,4,0,8,7,1
108,公立,技專校院,0025,國立臺北科技大學,07161042,車輛工程系,12,12,0,3,0,2,0,3,0,4,0,0,0,8,8,0,12,12,0
108,公立,技專校院,0025,國立臺北科技大學,07191022,工業工程與管理系,18,15,3,1,1,5,1,8,1,1,0,0,0,17,14,3,18,15,3
108,公立,技專校院,0025,國立臺北科技大學,07191022,管理學院工業工程與管理EMBA專班,2,2,0,0,0,0,0,2,0,0,0,0,0,2,2,0,2,2,0
108,公立,技專校院,0025,國立臺北科技大學,07311071,建築系,67,48,19,2,0,4,0,15,1,27,18,0,0,22,21,1,67,48,19
108,公立,技專校院,0025,國立臺北科技大學,07321045,土木工程系,6,6,0,0,0,2,0,3,0,1,0,0,0,5,5,0,6,6,0
108,公立,技專校院,0025,國立臺北科技大學,99999Z01,通識教育中心,90,45,45,1,2,7,5,17,18,20,20,0,0,50,25,25,90,45,45
108,公立,技專校院,0025,國立臺北科技大學,99999Z05,師資培育中心,3,2,1,0,0,0,0,0,1,2,0,0,0,1,0,1,3,2,1
108,公立,技專校院,0025,國立臺北科技大學,99999Z07,體育室,24,21,3,7,0,3,0,2,1,9,2,0,0,13,12,1,24,21,3
108,公立,一般大學,0028,國立臺北藝術大學,02111018,電影創作學系,19,9,10,0,1,2,0,5,5,2,4,0,0,13,7,6,19,9,10
108,公立,一般大學,0028,國立臺北藝術大學,02111019,動畫學系,6,5,1,0,0,0,0,2,0,3,1,0,0,2,2,0,6,5,1
108,公立,一般大學,0028,國立臺北藝術大學,02131003,美術學系,40,34,6,3,0,3,1,7,2,21,3,0,0,16,13,3,40,34,6
108,公立,一般大學,0028,國立臺北藝術大學,02131020,藝術跨域研究所,2,1,1,0,0,0,0,1,1,0,0,0,0,2,1,1,2,1,1
108,公立,一般大學,0028,國立臺北藝術大學,02151005,音樂學系,69,32,37,7,5,13,11,6,9,6,12,0,0,51,26,25,69,32,37
108,公立,一般大學,0028,國立臺北藝術大學,02151005,音樂學研究所,1,0,1,0,1,0,0,0,0,0,0,0,0,1,0,1,1,0,1
108,公立,一般大學,0028,國立臺北藝術大學,02151006,傳統音樂學系,21,8,13,3,3,1,1,3,3,1,6,0,0,14,7,7,21,8,13
108,公立,一般大學,0028,國立臺北藝術大學,02151007,管絃與擊樂研究所,3,2,1,2,1,0,0,0,0,0,0,0,0,3,2,1,3,2,1
108,公立,一般大學,0028,國立臺北藝術大學,02151B01,學士後跨藝合創音樂學士學位學程,15,13,2,0,0,0,1,0,0,13,1,0,0,1,0,1,15,13,2
108,公立,一般大學,0028,國立臺北藝術大學,02152008,戲劇學系,32,16,16,0,1,3,1,4,5,9,9,0,0,14,7,7,32,16,16
108,公立,一般大學,0028,國立臺北藝術大學,02152010,劇場藝術創作研究所,6,3,3,1,1,0,0,2,2,0,0,0,0,6,3,3,6,3,3
108,公立,一般大學,0028,國立臺北藝術大學,02152011,劇場設計學系,19,8,11,0,0,0,2,1,1,7,8,0,0,4,1,3,19,8,11
108,公立,一般大學,0028,國立臺北藝術大學,02152013,舞蹈研究所,5,1,4,0,3,0,0,1,1,0,0,0,0,5,1,4,5,1,4
108,公立,一般大學,0028,國立臺北藝術大學,02152013,舞蹈學系,38,16,22,0,1,3,1,6,3,7,17,0,0,14,9,5,38,16,22
108,公立,一般大學,0028,國立臺北藝術大學,02191023,新媒體藝術學系,17,14,3,0,1,0,0,3,0,11,2,0,0,4,3,1,17,14,3
108,公立,一般大學,0028,國立臺北藝術大學,02191028,博物館研究所,2,2,0,1,0,1,0,0,0,0,0,0,0,2,2,0,2,2,0
108,公立,一般大學,0028,國立臺北藝術大學,02192025,藝術行政與管理研究所,2,2,0,1,0,0,0,1,0,0,0,0,0,2,2,0,2,2,0
108,公立,一般大學,0028,國立臺北藝術大學,02192026,文創產業國際藝術碩士學位學程,2,1,1,1,0,0,0,0,1,0,0,0,0,2,1,1,2,1,1
108,公立,一般大學,0028,國立臺北藝術大學,07311030,建築與文化資產研究所,2,2,0,2,0,0,0,0,0,0,0,0,0,2,2,0,2,2,0
108,公立,一般大學,0028,國立臺北藝術大學,99999Z01,通識教育中心,41,22,19,0,0,0,0,7,10,15,9,0,0,17,7,10,41,22,19
108,公立,一般大學,0028,國立臺北藝術大學,99999Z05,師資培育中心,8,3,5,0,0,1,0,1,0,1,5,0,0,2,2,0,8,3,5
108,公立,一般大學,0028,國立臺北藝術大學,99999Z07,體育中心,6,4,2,0,0,2,0,0,1,2,1,0,0,3,2,1,6,4,2
108,公立,一般大學,0029,國立臺灣藝術大學,02111015,電影學系,17,15,2,0,0,2,0,2,1,11,1,0,0,5,4,1,17,15,2
108,公立,一般大學,0029,國立臺灣藝術大學,02112023,多媒體動畫藝術學系,10,7,3,0,0,0,0,0,1,7,2,0,0,1,0,1,10,7,3
108,公立,一般大學,0029,國立臺灣藝術大學,02112028,視覺傳達設計學系,26,24,2,3,0,1,1,3,0,17,1,0,0,8,7,1,26,24,2
108,公立,一般大學,0029,國立臺灣藝術大學,02131003,美術學系,27,15,12,0,0,2,1,7,6,6,5,0,0,16,9,7,27,15,12
108,公立,一般大學,0029,國立臺灣藝術大學,02131005,書畫藝術學系,33,24,9,5,0,1,2,11,2,7,5,0,0,21,17,4,33,24,9
108,公立,一般大學,0029,國立臺灣藝術大學,02132006,雕塑學系,11,8,3,0,0,0,1,2,1,6,1,0,0,4,2,2,11,8,3
108,公立,一般大學,0029,國立臺灣藝術大學,02141007,工藝設計學系,31,20,11,1,0,2,0,5,2,12,9,0,0,10,8,2,31,20,11
108,公立,一般大學,0029,國立臺灣藝術大學,02151010,音樂學系,139,47,92,5,1,3,18,15,33,24,40,0,0,75,23,52,139,47,92
108,公立,一般大學,0029,國立臺灣藝術大學,02151011,中國音樂學系,90,23,67,1,1,2,5,8,23,12,38,0,0,40,11,29,90,23,67
108,公立,一般大學,0029,國立臺灣藝術大學,02152012,戲劇學系,28,21,7,0,0,2,0,3,4,16,3,0,0,9,5,4,28,21,7
108,公立,一般大學,0029,國立臺灣藝術大學,02152014,舞蹈學系,24,3,21,0,4,1,1,1,2,1,14,0,0,9,2,7,24,3,21
108,公立,一般大學,0029,國立臺灣藝術大學,02191017,古蹟藝術修護學系,4,4,0,1,0,0,0,0,0,3,0,0,0,1,1,0,4,4,0
108,公立,一般大學,0029,國立臺灣藝術大學,02199030,圖文傳播藝術學系,26,21,5,0,1,1,0,2,2,18,2,0,0,6,3,3,26,21,5
108,公立,一般大學,0029,國立臺灣藝術大學,02199Y04,表演藝術學院,6,2,4,0,2,1,0,0,1,1,1,0,0,4,1,3,6,2,4
108,公立,一般大學,0029,國立臺灣藝術大學,02199Y05,美術學院,2,2,0,0,0,0,0,1,0,1,0,0,0,1,1,0,2,2,0
108,公立,一般大學,0029,國立臺灣藝術大學,02199Y10,設計學院,1,0,1,0,0,0,0,0,0,0,1,0,0,0,0,0,1,0,1
108,公立,一般大學,0029,國立臺灣藝術大學,03213029,廣播電視學系,24,16,8,1,0,3,0,2,0,10,8,0,0,6,6,0,24,16,8
108,公立,一般大學,0029,國立臺灣藝術大學,03299Y22,傳播學院,6,3,3,1,0,1,0,1,2,0,1,0,0,5,3,2,6,3,3
108,公立,一般大學,0029,國立臺灣藝術大學,99999Z01,通識教育中心,84,52,32,1,1,5,1,25,14,21,16,0,0,47,31,16,84,52,32
108,公立,一般大學,0029,國立臺灣藝術大學,99999Z05,師資培育中心,16,8,8,0,0,1,1,3,3,4,4,0,0,8,4,4,16,8,8
108,公立,一般大學,0029,國立臺灣藝術大學,99999Z07,體育室,12,8,4,0,0,1,0,3,1,4,3,0,0,5,4,1,12,8,4
108,公立,一般大學,0030,國立臺東大學,01111001,教育學系,4,3,1,0,0,0,0,2,0,1,1,0,0,2,2,0,4,3,1
108,公立,一般大學,0030,國立臺東大學,01113008,特殊教育學系,2,2,0,0,0,1,0,0,0,1,0,0,0,1,1,0,2,2,0
108,公立,一般大學,0030,國立臺東大學,01121007,幼兒教育學系,8,1,7,0,0,0,0,0,2,1,5,0,0,2,0,2,8,1,7
108,公立,一般大學,0030,國立臺東大學,01141006,體育學系,3,2,1,0,0,0,0,0,0,2,1,0,0,0,0,0,3,2,1
108,公立,一般大學,0030,國立臺東大學,02131009,美術產業學系,6,4,2,0,0,0,0,1,1,3,1,0,0,2,1,1,6,4,2
108,公立,一般大學,0030,國立臺東大學,02151011,音樂學系,30,9,21,1,0,0,0,2,12,6,9,0,0,15,3,12,30,9,21
108,公立,一般大學,0030,國立臺東大學,02311015,英美語文學系,4,3,1,0,0,1,0,0,0,2,1,0,0,1,1,0,4,3,1
108,公立,一般大學,0030,國立臺東大學,02323013,華語文學系,1,1,0,0,0,0,0,0,0,1,0,0,0,0,0,0,1,1,0
108,公立,一般大學,0030,國立臺東大學,02399016,兒童文學研究所,1,1,0,1,0,0,0,0,0,0,0,0,0,1,1,0,1,1,0
108,公立,一般大學,0030,國立臺東大學,05399021,應用科學系,1,1,0,0,0,0,0,0,0,1,0,0,0,0,0,0,1,1,0
108,公立,一般大學,0030,國立臺東大學,05411024,應用數學系,2,2,0,0,0,1,0,1,0,0,0,0,0,2,2,0,2,2,0
108,公立,一般大學,0030,國立臺東大學,06131028,資訊管理學系,6,3,3,1,0,0,0,0,0,2,3,0,0,1,1,0,6,3,3
108,公立,一般大學,0030,國立臺東大學,06199023,綠色與資訊科技學士學位學程,1,1,0,0,0,1,0,0,0,0,0,0,0,1,1,0,1,1,0
108,公立,一般大學,0030,國立臺東大學,09121041,生物醫學碩士學位學程,3,3,0,0,0,0,0,3,0,0,0,0,0,3,3,0,3,3,0
108,公立,一般大學,0030,國立臺東大學,10141034,運動競技學士學位學程,9,7,2,0,0,0,0,0,0,7,2,0,0,0,0,0,9,7,2
108,公立,一般大學,0030,國立臺東大學,10151031,文化資源與休閒產業學系,10,8,2,0,0,0,0,2,0,6,2,0,0,2,2,0,10,8,2
108,公立,一般大學,0030,國立臺東大學,10152035,身心整合與運動休閒產業學系,1,0,1,0,0,0,0,0,0,0,1,0,0,0,0,0,1,0,1
108,公立,一般大學,0030,國立臺東大學,99999Y44,師範學院,4,1,3,0,0,0,0,1,0,0,3,0,0,1,1,0,4,1,3
108,公立,一般大學,0030,國立臺東大學,99999Z01,通識教育中心,22,12,10,0,0,2,0,1,4,9,6,0,0,7,3,4,22,12,10
108,公立,一般大學,0030,國立臺東大學,99999Z05,師資培育中心,7,3,4,0,0,0,0,2,0,1,4,0,0,2,2,0,7,3,4
108,公立,一般大學,0031,國立宜蘭大學,02311001,外國語文學系,18,4,14,0,0,0,2,1,4,3,8,0,0,7,1,6,18,4,14
108,公立,一般大學,0031,國立宜蘭大學,03111007,應用經濟與管理學系,10,4,6,1,0,1,1,1,1,1,4,0,0,5,3,2,10,4,6
108,公立,一般大學,0031,國立宜蘭大學,04199006,人文及管理學院高階經營管理碩士在職專班,1,1,0,0,0,1,0,0,0,0,0,0,0,1,1,0,1,1,0
108,公立,一般大學,0031,國立宜蘭大學,07121024,環境工程學系,6,6,0,0,0,2,0,3,0,1,0,0,0,5,5,0,6,6,0
108,公立,一般大學,0031,國立宜蘭大學,07141011,電機工程學系,1,1,0,0,0,1,0,0,0,0,0,0,0,1,1,0,1,1,0
108,公立,一般大學,0031,國立宜蘭大學,07141012,電子工程學系,4,4,0,0,0,1,0,3,0,0,0,0,0,4,4,0,4,4,0
108,公立,一般大學,0031,國立宜蘭大學,07141013,資訊工程學系,2,2,0,0,0,1,0,1,0,0,0,0,0,2,2,0,2,2,0
108,公立,一般大學,0031,國立宜蘭大學,07151017,機械與機電工程學系,4,4,0,3,0,0,0,0,0,1,0,0,0,3,3,0,4,4,0
108,公立,一般大學,0031,國立宜蘭大學,07151019,生物機電工程學系,4,3,1,0,0,0,1,2,0,1,0,0,0,3,2,1,4,3,1
108,公立,一般大學,0031,國立宜蘭大學,07211033,食品科學系,3,3,0,1,0,1,0,1,0,0,0,0,0,3,3,0,3,3,0
108,公立,一般大學,0031,國立宜蘭大學,07311027,建築與永續規劃研究所,4,3,1,1,0,0,1,2,0,0,0,0,0,4,3,1,4,3,1
108,公立,一般大學,0031,國立宜蘭大學,07321021,土木工程學系,6,5,1,0,0,0,0,3,1,2,0,0,0,4,3,1,6,5,1
108,公立,一般大學,0031,國立宜蘭大學,07321021,土木工程學系原住民專班,6,6,0,0,0,1,0,5,0,0,0,0,0,6,6,0,6,6,0
108,公立,一般大學,0031,國立宜蘭大學,08112030,生物技術與動物科學系,6,6,0,1,0,2,0,2,0,1,0,0,0,5,5,0,6,6,0
108,公立,一般大學,0031,國立宜蘭大學,08121031,園藝學系,4,1,3,0,0,0,0,1,2,0,1,0,0,3,1,2,4,1,3
108,公立,一般大學,0031,國立宜蘭大學,08193040,智慧休閒農業進修學士學位學程,1,1,0,0,0,0,0,0,0,1,0,0,0,0,0,0,1,1,0
108,公立,一般大學,0031,國立宜蘭大學,08199037,生物資源學院原住民專班,1,1,0,0,0,0,0,1,0,0,0,0,0,1,1,0,1,1,0
108,公立,一般大學,0031,國立宜蘭大學,08199037,生物資源學院碩士在職專班,1,1,0,0,0,1,0,0,0,0,0,0,0,1,1,0,1,1,0
108,公立,一般大學,0031,國立宜蘭大學,08211036,森林暨自然資源學系,5,5,0,2,0,0,0,0,0,3,0,0,0,2,2,0,5,5,0
108,公立,一般大學,0031,國立宜蘭大學,10152038,休閒產業與健康促進學系,12,8,4,1,0,1,1,4,1,2,2,0,0,8,6,2,12,8,4
108,公立,一般大學,0031,國立宜蘭大學,99999Z01,通識教育中心,34,19,15,3,1,1,0,12,6,3,8,0,0,23,16,7,34,19,15
108,公立,一般大學,0032,國立聯合大學,02122005,文化創意與數位行銷學系,13,11,2,0,0,1,0,4,0,6,2,0,0,5,5,0,13,11,2
108,公立,一般大學,0032,國立聯合大學,02123006,工業設計學系,11,10,1,0,0,1,0,0,0,9,1,0,0,1,1,0,11,10,1
108,公立,一般大學,0032,國立聯合大學,02123044,原住民學士學位學程專班,8,4,4,0,0,0,0,1,0,3,4,0,0,1,1,0,8,4,4
108,公立,一般大學,0032,國立聯合大學,02321001,臺灣語文與傳播學系,7,4,3,0,0,0,0,1,2,3,1,0,0,3,1,2,7,4,3
108,公立,一般大學,0032,國立聯合大學,02323002,華語文學系,9,5,4,0,0,0,0,4,2,1,2,0,0,6,4,2,9,5,4
108,公立,一般大學,0032,國立聯合大學,04121014,財務金融學系,8,6,2,0,0,1,0,4,1,1,1,0,0,6,5,1,8,6,2
108,公立,一般大學,0032,國立聯合大學,04131011,經營管理學系,9,7,2,1,0,1,0,3,2,2,0,0,0,7,5,2,9,7,2
108,公立,一般大學,0032,國立聯合大學,06131016,資訊管理學系,2,2,0,0,0,0,0,0,0,2,0,0,0,0,0,0,2,2,0
108,公立,一般大學,0032,國立聯合大學,06131020,資訊工程學系,7,5,2,0,0,1,0,2,1,2,1,0,0,4,3,1,7,5,2
108,公立,一般大學,0032,國立聯合大學,07111028,化學工程學系,2,2,0,0,0,1,0,1,0,0,0,0,0,2,2,0,2,2,0
108,公立,一般大學,0032,國立聯合大學,07111043,工程科技轉譯醫學國際碩士學位學程,1,1,0,0,0,0,0,1,0,0,0,0,0,1,1,0,1,1,0
108,公立,一般大學,0032,國立聯合大學,07112029,材料科學工程學系,1,1,0,1,0,0,0,0,0,0,0,0,0,1,1,0,1,1,0
108,公立,一般大學,0032,國立聯合大學,07121034,環境與安全衛生工程學系,1,1,0,1,0,0,0,0,0,0,0,0,0,1,1,0,1,1,0
108,公立,一般大學,0032,國立聯合大學,07132035,能源工程學系,1,0,1,0,0,0,0,0,1,0,0,0,0,1,0,1,1,0,1
108,公立,一般大學,0032,國立聯合大學,07141017,電機工程學系,7,7,0,1,0,0,0,5,0,1,0,0,0,6,6,0,7,7,0
108,公立,一般大學,0032,國立聯合大學,07141018,電子工程學系,2,2,0,1,0,0,0,1,0,0,0,0,0,2,2,0,2,2,0
108,公立,一般大學,0032,國立聯合大學,07141019,光電工程學系,4,3,1,0,0,1,0,2,0,0,1,0,0,3,3,0,4,3,1
108,公立,一般大學,0032,國立聯合大學,07151025,機械工程學系,6,6,0,1,0,4,0,1,0,0,0,0,0,6,6,0,6,6,0
108,公立,一般大學,0032,國立聯合大學,07311040,建築學系,29,27,2,1,0,0,0,6,0,20,2,0,0,7,7,0,29,27,2
108,公立,一般大學,0032,國立聯合大學,07321027,土木與防災工程學系,11,9,2,0,0,0,0,4,2,5,0,0,0,6,4,2,11,9,2
108,公立,一般大學,0032,國立聯合大學,10151042,文化觀光產業學系,12,7,5,1,0,2,0,2,1,2,4,0,0,6,5,1,12,7,5
108,公立,一般大學,0032,國立聯合大學,99999Z01,通識教育中心,61,44,17,3,0,3,2,17,9,21,6,0,0,34,23,11,61,44,17
108,公立,一般大學,0032,國立聯合大學,99999Z08,語文中心,16,9,7,0,0,0,0,2,1,7,6,0,0,3,2,1,16,9,7
108,公立,技專校院,0033,國立虎尾科技大學,02112002,多媒體設計系,6,2,4,0,0,0,0,0,0,2,4,0,0,0,0,0,6,2,4
108,公立,技專校院,0033,國立虎尾科技大學,02311001,應用外語系,7,4,3,0,0,0,1,0,0,4,2,0,0,1,0,1,7,4,3
108,公立,技專校院,0033,國立虎尾科技大學,04121005,財務金融系,12,9,3,0,0,0,0,2,1,7,2,0,0,3,2,1,12,9,3
108,公立,技專校院,0033,國立虎尾科技大學,04131003,企業管理系,12,10,2,0,0,0,1,5,1,5,0,0,0,7,5,2,12,10,2
108,公立,技專校院,0033,國立虎尾科技大學,05121007,生物科技系,6,4,2,0,0,1,0,3,2,0,0,0,0,6,4,2,6,4,2
108,公立,技專校院,0033,國立虎尾科技大學,06131008,資訊管理系,7,6,1,0,0,0,0,3,0,3,1,0,0,3,3,0,7,6,1
108,公立,技專校院,0033,國立虎尾科技大學,07112025,材料科學與工程系,5,5,0,1,0,3,0,1,0,0,0,0,0,5,5,0,5,5,0
108,公立,技專校院,0033,國立虎尾科技大學,07141009,電機工程系,6,6,0,1,0,1,0,1,0,3,0,0,0,3,3,0,6,6,0
108,公立,技專校院,0033,國立虎尾科技大學,07141010,電子工程系,4,2,2,0,0,0,1,2,0,0,1,0,0,3,2,1,4,2,2
108,公立,技專校院,0033,國立虎尾科技大學,07141011,光電工程系,3,3,0,0,0,0,0,2,0,1,0,0,0,2,2,0,3,3,0
108,公立,技專校院,0033,國立虎尾科技大學,07151014,自動化工程系,5,4,1,0,0,0,0,1,0,3,1,0,0,1,1,0,5,4,1
108,公立,技專校院,0033,國立虎尾科技大學,07151016,動力機械工程系,4,4,0,0,0,1,0,2,0,1,0,0,0,3,3,0,4,4,0
108,公立,技專校院,0033,國立虎尾科技大學,07151020,機械與電腦輔助工程系,25,23,2,4,0,4,0,6,0,9,2,0,0,14,14,0,25,23,2
108,公立,技專校院,0033,國立虎尾科技大學,07161017,車輛工程系,8,7,1,0,0,1,0,1,0,5,1,0,0,2,2,0,8,7,1
108,公立,技專校院,0033,國立虎尾科技大學,07162018,飛機工程系,3,2,1,0,0,0,0,1,1,1,0,0,0,2,1,1,3,2,1
108,公立,技專校院,0033,國立虎尾科技大學,07191006,工業管理系,7,7,0,1,0,0,0,0,0,6,0,0,0,1,1,0,7,7,0
108,公立,技專校院,0033,國立虎尾科技大學,10199030,休閒遊憩系,1,1,0,0,0,0,0,0,0,1,0,0,0,0,0,0,1,1,0
108,公立,技專校院,0033,國立虎尾科技大學,99999Z01,通識教育中心,60,41,19,0,1,2,2,16,6,23,10,0,0,27,18,9,60,41,19
108,公立,技專校院,0033,國立虎尾科技大學,99999Z07,體育教育中心,10,8,2,0,0,0,0,2,0,6,2,0,0,2,2,0,10,8,2
108,公立,技專校院,0033,國立虎尾科技大學,99999Z08,語言教學中心,35,9,26,0,0,0,0,2,4,7,22,0,0,6,2,4,35,9,26
108,公立,一般大學,0035,國立臺南藝術大學,02111009,音像紀錄研究所,1,0,1,0,0,0,0,0,1,0,0,0,0,1,0,1,1,0,1
108,公立,一般大學,0035,國立臺南藝術大學,02111013,動畫藝術與影像美學研究所,1,1,0,1,0,0,0,0,0,0,0,0,0,1,1,0,1,1,0
108,公立,一般大學,0035,國立臺南藝術大學,02131012,造形藝術研究所,2,2,0,0,0,0,0,2,0,0,0,0,0,2,2,0,2,2,0
108,公立,一般大學,0035,國立臺南藝術大學,02141017,應用藝術研究所,1,0,1,0,0,0,0,0,1,0,0,0,0,1,0,1,1,0,1
108,公立,一般大學,0035,國立臺南藝術大學,02141020,材質創作與設計系,5,2,3,0,0,0,0,0,0,2,3,0,0,0,0,0,5,2,3
108,公立,一般大學,0035,國立臺南藝術大學,02151001,音樂學系,26,11,15,0,0,1,0,3,11,7,4,0,0,15,4,11,26,11,15
108,公立,一般大學,0035,國立臺南藝術大學,02151002,中國音樂學系,41,12,29,0,0,0,0,1,4,11,25,0,0,5,1,4,41,12,29
108,公立,一般大學,0035,國立臺南藝術大學,02151003,應用音樂學系,4,3,1,0,0,0,0,1,0,2,1,0,0,1,1,0,4,3,1
108,公立,一般大學,0035,國立臺南藝術大學,02151006,鋼琴合作藝術研究所,5,0,5,0,0,0,0,0,5,0,0,0,0,5,0,5,5,0,5
108,公立,一般大學,0035,國立臺南藝術大學,02191014,藝術史學系,7,7,0,0,0,0,0,1,0,6,0,0,0,1,1,0,7,7,0
108,公立,一般大學,0035,國立臺南藝術大學,02192022,博物館學與古物維護研究所,6,6,0,0,0,1,0,5,0,0,0,0,0,6,6,0,6,6,0
108,公立,一般大學,0035,國立臺南藝術大學,02192024,高階藝術管理碩士在職學位學程,1,0,1,0,1,0,0,0,0,0,0,0,0,1,0,1,1,0,1
108,公立,一般大學,0035,國立臺南藝術大學,02199023,建築藝術研究所,1,1,0,0,0,0,0,1,0,0,0,0,0,1,1,0,1,1,0
108,公立,一般大學,0035,國立臺南藝術大學,99999Z01,通識教育中心,14,6,8,0,0,0,0,3,3,3,5,0,0,6,3,3,14,6,8
108,公立,一般大學,0036,國立臺南大學,01111001,教育學系,17,8,9,0,0,1,0,5,9,2,0,0,0,15,6,9,17,8,9
108,公立,一般大學,0036,國立臺南大學,01113019,特殊教育學系,3,3,0,0,0,2,0,1,0,0,0,0,0,3,3,0,3,3,0
108,公立,一般大學,0036,國立臺南大學,01141017,體育學系,12,10,2,1,0,4,1,0,1,5,0,0,0,7,5,2,12,10,2
108,公立,一般大學,0036,國立臺南大學,01199Y03,教育學院,1,1,0,0,0,0,0,1,0,0,0,0,0,1,1,0,1,1,0
108,公立,一般大學,0036,國立臺南大學,02111030,視覺藝術與設計學系,6,4,2,0,0,2,0,0,1,2,1,0,0,3,2,1,6,4,2
108,公立,一般大學,0036,國立臺南大學,02112035,動畫媒體設計研究所,1,1,0,0,0,1,0,0,0,0,0,0,0,1,1,0,1,1,0
108,公立,一般大學,0036,國立臺南大學,02151027,音樂學系,63,20,43,0,0,0,5,14,22,6,16,0,0,41,14,27,63,20,43
108,公立,一般大學,0036,國立臺南大學,02152029,戲劇創作與應用學系,3,0,3,0,0,0,0,0,0,0,3,0,0,0,0,0,3,0,3
108,公立,一般大學,0036,國立臺南大學,02299Y14,人文學院,1,1,0,0,0,0,0,0,0,1,0,0,0,0,0,0,1,1,0
108,公立,一般大學,0036,國立臺南大學,02311032,英語學系,16,1,15,0,0,0,0,0,2,1,13,0,0,2,0,2,16,1,15
108,公立,一般大學,0036,國立臺南大學,02322031,國語文學系,18,8,10,2,0,1,2,3,5,2,3,0,0,13,6,7,18,8,10
108,公立,一般大學,0036,國立臺南大學,03131036,諮商與輔導學系,6,2,4,1,0,0,2,1,2,0,0,0,0,6,2,4,6,2,4
108,公立,一般大學,0036,國立臺南大學,03143037,文化與自然資源學系,9,8,1,0,0,3,0,2,1,3,0,0,0,6,5,1,9,8,1
108,公立,一般大學,0036,國立臺南大學,04131041,經營與管理學系,3,3,0,0,0,1,0,2,0,0,0,0,0,3,3,0,3,3,0
108,公立,一般大學,0036,國立臺南大學,04134040,行政管理學系,2,2,0,0,0,0,0,0,0,2,0,0,0,0,0,0,2,2,0
108,公立,一般大學,0036,國立臺南大學,05212063,生態暨環境資源學系,2,2,0,0,0,1,0,0,0,1,0,0,0,1,1,0,2,2,0
108,公立,一般大學,0036,國立臺南大學,05399Y36,理工學院,2,2,0,0,0,0,0,0,0,2,0,0,0,0,0,0,2,2,0
108,公立,一般大學,0036,國立臺南大學,05411047,應用數學系,4,2,2,0,0,0,0,0,1,2,1,0,0,1,0,1,4,2,2
108,公立,一般大學,0036,國立臺南大學,06131052,資訊工程學系,2,2,0,0,0,0,0,2,0,0,0,0,0,2,2,0,2,2,0
108,公立,一般大學,0036,國立臺南大學,06134024,數位學習科技學系,4,2,2,0,0,0,0,0,2,2,0,0,0,2,0,2,4,2,2
108,公立,一般大學,0036,國立臺南大學,07132058,綠色能源科技學系,6,5,1,0,0,2,0,3,1,0,0,0,0,6,5,1,6,5,1
108,公立,一般大學,0036,國立臺南大學,07141049,電機工程學系,2,2,0,0,0,1,0,1,0,0,0,0,0,2,2,0,2,2,0
108,公立,一般大學,0036,國立臺南大學,07151054,機電系統工程研究所,2,2,0,1,0,0,0,1,0,0,0,0,0,2,2,0,2,2,0
108,公立,一般大學,0036,國立臺南大學,99999Z01,通識教育中心,34,25,9,1,1,3,0,16,6,5,2,0,0,27,20,7,34,25,9
108,公立,一般大學,0036,國立臺南大學,99999Z05,師資培育中心,11,6,5,0,0,1,0,3,3,2,2,0,0,7,4,3,11,6,5
108,公立,一般大學,0037,國立臺北教育大學,01113003,特殊教育學系,5,2,3,0,0,1,0,1,3,0,0,0,0,5,2,3,5,2,3
108,公立,一般大學,0037,國立臺北教育大學,01114044,教育經營與管理學系,10,7,3,3,2,3,0,1,1,0,0,0,0,10,7,3,10,7,3
108,公立,一般大學,0037,國立臺北教育大學,01115020,課程與教學傳播科技研究所,5,1,4,0,1,1,0,0,3,0,0,0,0,5,1,4,5,1,4
108,公立,一般大學,0037,國立臺北教育大學,01121035,幼兒與家庭教育學系,6,1,5,0,0,0,0,1,0,0,5,0,0,1,1,0,6,1,5
108,公立,一般大學,0037,國立臺北教育大學,01131001,教育學系,8,6,2,0,0,1,0,1,1,4,1,0,0,3,2,1,8,6,2
108,公立,一般大學,0037,國立臺北教育大學,01131038,數學暨資訊教育學系,7,6,1,1,0,1,0,4,0,0,1,0,0,6,6,0,7,6,1
108,公立,一般大學,0037,國立臺北教育大學,01141002,體育學系,14,9,5,1,0,3,2,3,1,2,2,0,0,10,7,3,14,9,5
108,公立,一般大學,0037,國立臺北教育大學,02121014,藝術與造形設計學系,21,13,8,3,0,3,1,5,3,2,4,0,0,15,11,4,21,13,8
108,公立,一般大學,0037,國立臺北教育大學,02121028,文化創意產業經營學系,9,8,1,0,0,0,0,7,1,1,0,0,0,8,7,1,9,8,1
108,公立,一般大學,0037,國立臺北教育大學,02122011,數位科技設計學系,6,3,3,0,0,1,1,1,0,1,2,0,0,3,2,1,6,3,3
108,公立,一般大學,0037,國立臺北教育大學,02151031,音樂學系,48,19,29,2,5,6,10,6,5,5,9,0,0,34,14,20,48,19,29
108,公立,一般大學,0037,國立臺北教育大學,02299025,臺灣文化研究所,4,3,1,1,1,1,0,1,0,0,0,0,0,4,3,1,4,3,1
108,公立,一般大學,0037,國立臺北教育大學,02311023,兒童英語教育學系,14,7,7,2,0,0,1,0,4,5,2,0,0,7,2,5,14,7,7
108,公立,一般大學,0037,國立臺北教育大學,02322018,語文與創作學系,12,5,7,1,1,2,0,0,5,2,1,0,0,9,3,6,12,5,7
108,公立,一般大學,0037,國立臺北教育大學,03131007,心理與諮商學系,3,1,2,0,0,0,1,0,0,1,1,0,0,1,0,1,3,1,2
108,公立,一般大學,0037,國立臺北教育大學,03143005,社會與區域發展學系,5,4,1,1,0,2,0,1,1,0,0,0,0,5,4,1,5,4,1
108,公立,一般大學,0037,國立臺北教育大學,05399040,自然科學教育學系,4,3,1,1,0,2,0,0,1,0,0,0,0,4,3,1,4,3,1
108,公立,一般大學,0037,國立臺北教育大學,06131004,資訊科學系,4,3,1,0,0,2,0,1,1,0,0,0,0,4,3,1,4,3,1
108,公立,一般大學,0037,國立臺北教育大學,99999Z01,通識教育中心,12,6,6,1,0,1,0,2,2,2,4,0,0,6,4,2,12,6,6
108,公立,一般大學,0037,國立臺北教育大學,99999Z05,師資培育暨就業輔導中心,12,5,7,0,0,0,2,4,0,1,5,0,0,6,4,2,12,5,7
108,公立,一般大學,0039,國立臺中教育大學,01111001,教育學系,15,10,5,2,0,3,1,5,4,0,0,0,0,15,10,5,15,10,5
108,公立,一般大學,0039,國立臺中教育大學,01111005,教師專業碩士學位學程,1,1,0,0,0,0,0,1,0,0,0,0,0,1,1,0,1,1,0
108,公立,一般大學,0039,國立臺中教育大學,01113022,特殊教育學系,7,5,2,1,0,0,0,4,2,0,0,0,0,7,5,2,7,5,2
108,公立,一般大學,0039,國立臺中教育大學,01114025,高等教育經營管理碩士學位學程,1,1,0,0,0,0,0,1,0,0,0,0,0,1,1,0,1,1,0
108,公立,一般大學,0039,國立臺中教育大學,01117028,教育資訊與測驗統計研究所,7,6,1,1,1,0,0,5,0,0,0,0,0,7,6,1,7,6,1
108,公立,一般大學,0039,國立臺中教育大學,01121021,幼兒教育學系,1,1,0,0,0,1,0,0,0,0,0,0,0,1,1,0,1,1,0
108,公立,一般大學,0039,國立臺中教育大學,01131006,語文教育學系,19,8,11,0,1,0,2,6,7,2,1,0,0,16,6,10,19,8,11
108,公立,一般大學,0039,國立臺中教育大學,01131008,科學教育與應用學系,3,1,2,0,0,1,0,0,1,0,1,0,0,2,1,1,3,1,2
108,公立,一般大學,0039,國立臺中教育大學,01131011,數學教育學系,5,4,1,1,0,0,0,1,0,2,1,0,0,2,2,0,5,4,1
108,公立,一般大學,0039,國立臺中教育大學,01131019,體育學系,17,13,4,0,1,1,0,0,0,12,3,0,0,2,1,1,17,13,4
108,公立,一般大學,0039,國立臺中教育大學,02122034,文化創意產業設計與營運學系,9,8,1,1,0,1,0,1,0,5,1,0,0,3,3,0,9,8,1
108,公立,一般大學,0039,國立臺中教育大學,02131029,美術學系,7,5,2,0,1,0,0,0,0,5,1,0,0,1,0,1,7,5,2
108,公立,一般大學,0039,國立臺中教育大學,02151030,音樂學系,92,25,67,2,0,3,8,9,22,11,37,0,0,44,14,30,92,25,67
108,公立,一般大學,0039,國立臺中教育大學,02311032,英語學系,7,0,7,0,0,0,1,0,1,0,5,0,0,2,0,2,7,0,7
108,公立,一般大學,0039,國立臺中教育大學,02321031,臺灣語文學系,3,3,0,0,0,0,0,0,0,3,0,0,0,0,0,0,3,3,0
108,公立,一般大學,0039,國立臺中教育大學,03131035,諮商與應用心理學系,5,2,3,0,0,0,0,2,2,0,1,0,0,4,2,2,5,2,3
108,公立,一般大學,0039,國立臺中教育大學,03191037,區域與社會發展學系,3,1,2,0,1,0,0,0,0,1,1,0,0,1,0,1,3,1,2
108,公立,一般大學,0039,國立臺中教育大學,04131039,國際企業學系,9,6,3,0,0,0,0,2,0,4,3,0,0,2,2,0,9,6,3
108,公立,一般大學,0039,國立臺中教育大學,06133041,數位內容科技學系,3,3,0,0,0,0,0,0,0,3,0,0,0,0,0,0,3,3,0
108,公立,一般大學,0039,國立臺中教育大學,99999Z01,通識教育中心,22,8,14,1,0,0,1,3,1,4,12,0,0,6,4,2,22,8,14
108,公立,一般大學,0039,國立臺中教育大學,99999Z05,師資培育暨就業輔導處,9,6,3,0,0,0,0,3,0,3,3,0,0,3,3,0,9,6,3
108,公立,技專校院,0042,國立澎湖科技大學,02311001,應用外語系,2,1,1,0,0,0,0,1,0,0,1,0,0,1,1,0,2,1,1
108,公立,技專校院,0042,國立澎湖科技大學,04132002,行銷與物流管理系,2,2,0,0,0,0,0,0,0,2,0,0,0,0,0,0,2,2,0
108,公立,技專校院,0042,國立澎湖科技大學,07141005,電機工程系,10,7,3,0,0,0,0,1,1,6,2,0,0,2,1,1,10,7,3
108,公立,技專校院,0042,國立澎湖科技大學,07141009,電信工程系,1,1,0,0,0,1,0,0,0,0,0,0,0,1,1,0,1,1,0
108,公立,技專校院,0042,國立澎湖科技大學,07211011,食品科學系,1,0,1,0,0,0,0,0,1,0,0,0,0,1,0,1,1,0,1
108,公立,技專校院,0042,國立澎湖科技大學,08312012,水產養殖系,5,3,2,0,0,0,0,1,1,2,1,0,0,2,1,1,5,3,2
108,公立,技專校院,0042,國立澎湖科技大學,10131014,餐旅管理系,1,1,0,0,0,0,0,0,0,1,0,0,0,0,0,0,1,1,0
108,公立,技專校院,0042,國立澎湖科技大學,10151016,觀光休閒系,6,5,1,0,0,1,0,1,0,3,1,0,0,2,2,0,6,5,1
108,公立,技專校院,0042,國立澎湖科技大學,10152022,海洋遊憩系,1,0,1,0,0,0,0,0,0,0,1,0,0,0,0,0,1,0,1
108,公立,技專校院,0042,國立澎湖科技大學,10412025,航運管理系,1,1,0,0,0,0,0,0,0,1,0,0,0,0,0,0,1,1,0
108,公立,技專校院,0042,國立澎湖科技大學,99999Z01,基礎能力教學中心,4,2,2,0,0,0,0,1,0,1,2,0,0,1,1,0,4,2,2
108,公立,技專校院,0042,國立澎湖科技大學,99999Z01,通識(教育)中心,19,11,8,0,0,0,0,2,1,9,7,0,0,3,2,1,19,11,8
108,公立,技專校院,0043,國立勤益科技大學,02299005,文化創意事業系,3,2,1,0,0,1,0,0,1,1,0,0,0,2,1,1,3,2,1
108,公立,技專校院,0043,國立勤益科技大學,02311001,應用英語(文)系,20,8,12,0,0,0,0,6,8,2,4,0,0,14,6,8,20,8,12
108,公立,技專校院,0043,國立勤益科技大學,04131002,企業管理(學)系,21,15,6,0,0,1,0,7,3,7,3,0,0,11,8,3,21,15,6
108,公立,技專校院,0043,國立勤益科技大學,04132003,流通(科技)管理系,13,9,4,1,0,1,1,4,1,3,2,0,0,8,6,2,13,9,4
108,公立,技專校院,0043,國立勤益科技大學,06131010,資訊管理(學)系,12,11,1,0,0,2,0,6,1,3,0,0,0,9,8,1,12,11,1
108,公立,技專校院,0043,國立勤益科技大學,06131013,資訊工程系,23,19,4,5,0,2,1,6,0,6,3,0,0,14,13,1,23,19,4
108,公立,技專校院,0043,國立勤益科技大學,07111020,化工與材料工程系,23,21,2,3,0,2,1,14,1,2,0,0,0,21,19,2,23,21,2
108,公立,技專校院,0043,國立勤益科技大學,07132026,冷凍空調與能源系,25,23,2,0,0,1,0,13,2,9,0,0,0,16,14,2,25,23,2
108,公立,技專校院,0043,國立勤益科技大學,07141011,電機工程(學)系,23,22,1,2,0,3,0,10,0,7,1,0,0,15,15,0,23,22,1
108,公立,技專校院,0043,國立勤益科技大學,07141012,電子工程(學)系,19,16,3,2,0,2,0,10,1,2,2,0,0,15,14,1,19,16,3
108,公立,技專校院,0043,國立勤益科技大學,07151016,機械工程(學)系,13,13,0,1,0,3,0,6,0,3,0,0,0,10,10,0,13,13,0
108,公立,技專校院,0043,國立勤益科技大學,07191022,工業工程與(工程)管理系,48,38,10,7,0,6,2,17,2,8,6,0,0,34,30,4,48,38,10
108,公立,技專校院,0043,國立勤益科技大學,07312029,景觀系,26,19,7,0,0,0,1,7,1,12,5,0,0,9,7,2,26,19,7
108,公立,技專校院,0043,國立勤益科技大學,10151032,休閒產業管理系,17,10,7,2,0,1,0,5,2,2,5,0,0,10,8,2,17,10,7
108,公立,技專校院,0043,國立勤益科技大學,99999Z01,基礎通識教育中心,66,43,23,6,0,4,2,24,13,9,8,0,0,49,34,15,66,43,23
108,公立,技專校院,0043,國立勤益科技大學,99999Z01,博雅通識教育中心,35,20,15,1,0,1,0,13,10,5,5,0,0,25,15,10,35,20,15
108,公立,技專校院,0043,國立勤益科技大學,99999Z07,體育室,28,25,3,2,0,6,1,5,1,12,1,0,0,15,13,2,28,25,3
108,公立,技專校院,0043,國立勤益科技大學,99999Z08,語言中心,36,8,28,0,0,0,2,2,11,6,15,0,0,15,2,13,36,8,28
108,公立,一般大學,0044,國立體育大學,01141001,體育研究所,4,4,0,2,0,0,0,2,0,0,0,0,0,4,4,0,4,4,0
108,公立,一般大學,0044,國立體育大學,10141005,球類運動技術學系,2,1,1,1,0,0,0,0,0,0,1,0,0,1,1,0,2,1,1
108,公立,一般大學,0044,國立體育大學,10141006,陸上運動技術學系,2,1,1,1,0,0,0,0,1,0,0,0,0,2,1,1,2,1,1
108,公立,一般大學,0044,國立體育大學,10141007,技擊運動技術學系,4,1,3,0,0,0,0,0,0,1,3,0,0,0,0,0,4,1,3
108,公立,一般大學,0044,國立體育大學,10141008,競技與教練科學研究所,4,4,0,4,0,0,0,0,0,0,0,0,0,4,4,0,4,4,0
108,公立,一般大學,0044,國立體育大學,10152014,運動保健學系,11,7,4,0,0,0,0,1,1,6,3,0,0,2,1,1,11,7,4
108,公立,一般大學,0044,國立體育大學,10152015,休閒產業經營學系,9,6,3,0,0,0,0,0,1,6,2,0,0,1,0,1,9,6,3
108,公立,一般大學,0044,國立體育大學,10152016,體育推廣學系,15,10,5,0,0,1,0,5,2,4,3,0,0,8,6,2,15,10,5
108,公立,一般大學,0044,國立體育大學,10152016,體育學院體育推廣原住民專班,3,2,1,1,0,0,0,0,0,1,1,0,0,1,1,0,3,2,1
108,公立,一般大學,0044,國立體育大學,10152017,適應體育學系,9,8,1,0,0,0,0,0,0,8,1,0,0,0,0,0,9,8,1
108,公立,一般大學,0044,國立體育大學,10152021,國際運動管理與創新博士學位學程,1,1,0,0,0,1,0,0,0,0,0,0,0,1,1,0,1,1,0
108,公立,一般大學,0044,國立體育大學,99999Z01,通識教育中心,16,6,10,0,0,0,1,2,1,4,8,0,0,4,2,2,16,6,10
108,公立,一般大學,0044,國立體育大學,99999Z03,學生事務處,2,2,0,1,0,1,0,0,0,0,0,0,0,2,2,0,2,2,0
108,公立,一般大學,0044,國立體育大學,99999Z05,師資培育中心,2,1,1,0,0,0,0,0,1,1,0,0,0,1,0,1,2,1,1
108,公立,技專校院,0046,國立臺北護理健康大學,01141019,醫護教育暨數位學習系,1,1,0,0,0,0,0,0,0,1,0,0,0,0,0,0,1,1,0
108,公立,技專校院,0046,國立臺北護理健康大學,03131002,生死與健康心理諮商系,17,7,10,1,0,0,1,4,4,2,5,0,0,10,5,5,17,7,10
108,公立,技專校院,0046,國立臺北護理健康大學,04133004,健康事業管理系,43,24,19,1,0,3,0,9,7,11,12,0,0,20,13,7,43,24,19
108,公立,技專校院,0046,國立臺北護理健康大學,06131006,資訊管理系,16,13,3,0,0,3,0,5,0,5,3,0,0,8,8,0,16,13,3
108,公立,技專校院,0046,國立臺北護理健康大學,09131009,護理系,79,22,57,2,1,5,5,10,9,5,42,0,0,32,17,15,79,22,57
108,公立,技專校院,0046,國立臺北護理健康大學,09131021,護理助產及婦女健康系,8,3,5,0,1,1,1,2,1,0,2,0,0,6,3,3,8,3,5
108,公立,技專校院,0046,國立臺北護理健康大學,09153007,語言治療與聽力學系,19,3,16,0,1,1,0,0,2,2,13,0,0,4,1,3,19,3,16
108,公立,技專校院,0046,國立臺北護理健康大學,09199015,高齡健康照護系,6,2,4,0,0,0,0,1,0,1,4,0,0,1,1,0,6,2,4
108,公立,技專校院,0046,國立臺北護理健康大學,09211013,長期照護系,3,1,2,1,0,0,1,0,1,0,0,0,0,3,1,2,3,1,2
108,公立,技專校院,0046,國立臺北護理健康大學,09221014,嬰幼兒保育系,18,8,10,2,0,0,1,4,3,2,6,0,0,10,6,4,18,8,10
108,公立,技專校院,0046,國立臺北護理健康大學,10142017,運動保健系,9,6,3,0,0,2,0,0,1,4,2,0,0,3,2,1,9,6,3
108,公立,技專校院,0046,國立臺北護理健康大學,10151018,休閒產業與健康促進系,7,3,4,1,0,0,0,0,2,2,2,0,0,3,1,2,7,3,4
108,公立,技專校院,0046,國立臺北護理健康大學,99999Z01,通識(教育)中心,62,27,35,1,0,4,0,9,17,13,18,0,0,31,14,17,62,27,35
108,公立,技專校院,0047,國立高雄餐旅大學,02311002,應用英語系,29,9,20,0,0,0,1,0,1,9,18,0,0,2,0,2,29,9,20
108,公立,技專校院,0047,國立高雄餐旅大學,02311003,應用日語系,10,3,7,0,0,0,0,0,0,3,7,0,0,0,0,0,10,3,7
108,公立,技專校院,0047,國立高雄餐旅大學,04199010,餐旅暨會展行銷管理系,7,4,3,0,0,1,0,0,0,3,3,0,0,1,1,0,7,4,3
108,公立,技專校院,0047,國立高雄餐旅大學,10131004,旅館管理系,3,2,1,0,0,0,0,0,0,2,1,0,0,0,0,0,3,2,1
108,公立,技專校院,0047,國立高雄餐旅大學,10131007,烘焙管理系,3,3,0,0,0,0,0,0,0,3,0,0,0,0,0,0,3,3,0
108,公立,技專校院,0047,國立高雄餐旅大學,10131011,飲食文化暨餐飲創新研究所,1,1,0,0,0,1,0,0,0,0,0,0,0,1,1,0,1,1,0
108,公立,技專校院,0047,國立高雄餐旅大學,10131028,餐飲廚藝科,5,3,2,0,0,0,0,1,0,2,2,0,0,1,1,0,5,3,2
108,公立,技專校院,0047,國立高雄餐旅大學,10131030,餐飲管理系,7,6,1,1,0,1,0,2,0,2,1,0,0,4,4,0,7,6,1
108,公立,技專校院,0047,國立高雄餐旅大學,10151013,休閒暨遊憩管理系,3,3,0,0,0,1,0,1,0,1,0,0,0,2,2,0,3,3,0
108,公立,技專校院,0047,國立高雄餐旅大學,10151015,旅運管理系,8,4,4,0,0,0,0,1,0,3,4,0,0,1,1,0,8,4,4
108,公立,技專校院,0047,國立高雄餐旅大學,10151016,國際觀光學士學位學程,2,1,1,0,0,0,0,0,0,1,1,0,0,0,0,0,2,1,1
108,公立,技專校院,0047,國立高雄餐旅大學,10151029,觀光研究所,2,2,0,1,0,1,0,0,0,0,0,0,0,2,2,0,2,2,0
108,公立,技專校院,0047,國立高雄餐旅大學,10499019,航空暨運輸服務管理系,9,6,3,0,0,1,0,2,0,3,3,0,0,3,3,0,9,6,3
108,公立,技專校院,0047,國立高雄餐旅大學,99999Z01,通識教育中心,50,34,16,0,0,2,0,11,6,21,10,0,0,19,13,6,50,34,16
108,公立,技專校院,0047,國立高雄餐旅大學,99999Z05,師資培育中心,2,1,1,0,0,0,0,0,0,1,1,0,0,0,0,0,2,1,1
108,公立,一般大學,0048,國立金門大學,02311002,應用英語學系,6,4,2,0,0,1,0,1,0,2,2,0,0,2,2,0,6,4,2
108,公立,一般大學,0048,國立金門大學,02322001,華語文學系,4,3,1,0,0,0,0,0,0,3,1,0,0,0,0,0,4,3,1
108,公立,一般大學,0048,國立金門大學,03121006,國際暨大陸事務學系,8,7,1,2,0,0,0,5,0,0,1,0,0,7,7,0,8,7,1
108,公立,一般大學,0048,國立金門大學,03143005,閩南文化碩士學位學程,2,2,0,0,0,1,0,1,0,0,0,0,0,2,2,0,2,2,0
108,公立,一般大學,0048,國立金門大學,04131009,企業管理學系,14,10,4,0,0,1,0,4,0,5,4,0,0,5,5,0,14,10,4
108,公立,一般大學,0048,國立金門大學,04212013,海洋與邊境管理學系,7,6,1,0,0,0,0,1,0,5,1,0,0,1,1,0,7,6,1
108,公立,一般大學,0048,國立金門大學,07141017,電子工程學系,1,1,0,0,0,0,0,0,0,1,0,0,0,0,0,0,1,1,0
108,公立,一般大學,0048,國立金門大學,07311026,建築學系,15,11,4,0,0,0,0,1,1,10,3,0,0,2,1,1,15,11,4
108,公立,一般大學,0048,國立金門大學,07313028,都市計畫與景觀學系,5,4,1,0,0,1,0,1,0,2,1,0,0,2,2,0,5,4,1
108,公立,一般大學,0048,國立金門大學,07321021,土木與工程管理學系,3,3,0,0,0,0,0,1,0,2,0,0,0,1,1,0,3,3,0
108,公立,一般大學,0048,國立金門大學,09131031,護理學系,13,6,7,0,0,0,0,0,1,6,6,0,0,1,0,1,13,6,7
108,公立,一般大學,0048,國立金門大學,09191032,長期照護學系,2,1,1,0,0,0,0,0,0,1,1,0,0,0,0,0,2,1,1
108,公立,一般大學,0048,國立金門大學,09231033,社會工作學系,9,3,6,0,0,0,0,0,0,3,6,0,0,0,0,0,9,3,6
108,公立,一般大學,0048,國立金門大學,10151034,觀光管理學系,9,5,4,0,0,0,0,2,1,3,3,0,0,3,2,1,9,5,4
108,公立,一般大學,0048,國立金門大學,10152036,運動與休閒學系,9,5,4,0,0,0,0,0,0,5,4,0,0,0,0,0,9,5,4
108,公立,一般大學,0048,國立金門大學,99999Z01,通識教育中心,26,22,4,2,0,1,0,5,2,14,2,0,0,10,8,2,26,22,4
108,公立,一般大學,0049,國立臺灣體育運動大學,01141001,體育學系,52,32,20,1,0,0,3,2,2,29,15,0,0,8,3,5,52,32,20
108,公立,一般大學,0049,國立臺灣體育運動大學,02152002,舞蹈學系,19,3,16,0,0,0,0,1,1,2,15,0,0,2,1,1,19,3,16
108,公立,一般大學,0049,國立臺灣體育運動大學,04199010,運動事業管理學系,7,3,4,0,0,0,0,0,1,3,3,0,0,1,0,1,7,3,4
108,公立,一般大學,0049,國立臺灣體育運動大學,10141003,競技運動學系,6,5,1,0,0,0,0,1,0,4,1,0,0,1,1,0,6,5,1
108,公立,一般大學,0049,國立臺灣體育運動大學,10141004,球類運動學系,14,9,5,0,0,1,0,0,0,8,5,0,0,1,1,0,14,9,5
108,公立,一般大學,0049,國立臺灣體育運動大學,10141005,技擊運動學系,14,9,5,0,0,0,0,0,0,9,5,0,0,0,0,0,14,9,5
108,公立,一般大學,0049,國立臺灣體育運動大學,10142006,運動健康科學學系,18,11,7,0,0,1,0,3,2,7,5,0,0,6,4,2,18,11,7
108,公立,一般大學,0049,國立臺灣體育運動大學,10152007,休閒運動學系,13,10,3,0,0,0,0,0,1,10,2,0,0,1,0,1,13,10,3
108,公立,一般大學,0049,國立臺灣體育運動大學,10152012,運動資訊與傳播學系,7,4,3,0,0,0,0,1,1,3,2,0,0,2,1,1,7,4,3
108,公立,一般大學,0049,國立臺灣體育運動大學,99999Z01,通識教育中心,27,18,9,2,0,0,0,4,2,12,7,0,0,8,6,2,27,18,9
108,公立,技專校院,0050,國立臺中科技大學,02112005,多媒體設計系,6,4,2,0,0,0,0,0,1,4,1,0,0,1,0,1,6,4,2
108,公立,技專校院,0050,國立臺中科技大學,02123006,商業設計學系,28,19,9,1,0,3,0,1,2,14,7,0,0,7,5,2,28,19,9
108,公立,技專校院,0050,國立臺中科技大學,02123007,創意商品設計系,11,10,1,0,0,1,0,2,0,7,1,0,0,3,3,0,11,10,1
108,公立,技專校院,0050,國立臺中科技大學,02124008,室內設計學系,13,11,2,1,0,1,0,4,0,5,2,0,0,6,6,0,13,11,2
108,公立,技專校院,0050,國立臺中科技大學,02311003,應用英語(文)系,30,11,19,0,1,0,1,0,3,11,14,0,0,5,0,5,30,11,19
108,公立,技專校院,0050,國立臺中科技大學,02311004,應用日語系,11,8,3,2,0,2,0,1,1,3,2,0,0,6,5,1,11,8,3
108,公立,技專校院,0050,國立臺中科技大學,02322001,應用中文系,3,2,1,0,0,0,0,1,0,1,1,0,0,1,1,0,3,2,1
108,公立,技專校院,0050,國立臺中科技大學,04111012,會計資訊系,52,26,26,0,0,3,0,3,5,20,21,0,0,11,6,5,52,26,26
108,公立,技專校院,0050,國立臺中科技大學,04121021,財務金融系,22,12,10,1,0,3,0,2,0,6,10,0,0,6,6,0,22,12,10
108,公立,技專校院,0050,國立臺中科技大學,04122028,財政稅務系,17,11,6,2,0,0,0,3,2,6,4,0,0,7,5,2,17,11,6
108,公立,技專校院,0050,國立臺中科技大學,04123027,保險金融管理系,29,21,8,0,0,2,0,6,4,13,4,0,0,12,8,4,29,21,8
108,公立,技專校院,0050,國立臺中科技大學,04131015,企業管理系,38,26,12,1,1,2,3,7,2,16,6,0,0,16,10,6,38,26,12
108,公立,技專校院,0050,國立臺中科技大學,04132029,流通(科技)管理系,1,1,0,0,0,0,0,0,0,1,0,0,0,0,0,0,1,1,0
108,公立,技專校院,0050,國立臺中科技大學,04141020,國際貿易與經營系,34,20,14,0,0,1,0,7,3,12,11,0,0,11,8,3,34,20,14
108,公立,技專校院,0050,國立臺中科技大學,05421032,應用統計系,3,3,0,0,0,1,0,1,0,1,0,0,0,2,2,0,3,3,0
108,公立,技專校院,0050,國立臺中科技大學,06131033,資訊管理系,30,22,8,0,1,3,1,7,0,12,6,0,0,12,10,2,30,22,8
108,公立,技專校院,0050,國立臺中科技大學,07141036,資訊工程系,19,17,2,2,0,3,0,0,1,12,1,0,0,6,5,1,19,17,2
108,公立,技專校院,0050,國立臺中科技大學,09131037,護理系(科),37,10,27,0,0,5,4,2,4,3,18,0,1,15,7,8,36,10,26
108,公立,技專校院,0050,國立臺中科技大學,09211038,老人服務事業管理系(科),24,8,16,1,1,1,1,0,0,6,14,0,0,4,2,2,24,8,16
108,公立,技專校院,0050,國立臺中科技大學,10121040,美容系(科),9,5,4,1,0,1,0,2,1,1,3,0,0,5,4,1,9,5,4
108,公立,技專校院,0050,國立臺中科技大學,10151039,休閒事(產)業經營系,23,12,11,1,0,1,1,3,2,7,8,0,0,8,5,3,23,12,11
108,公立,技專校院,0050,國立臺中科技大學,99999Z01,通識教育中心,102,63,39,2,0,4,3,31,13,26,23,0,0,53,37,16,102,63,39
108,公立,技專校院,0050,國立臺中科技大學,99999Z03,軍訓教官,3,0,3,0,0,0,0,0,0,0,3,0,0,0,0,0,3,0,3
108,公立,技專校院,0050,國立臺中科技大學,99999Z07,體育室,40,31,9,2,0,9,0,6,4,14,5,0,0,21,17,4,40,31,9
108,公立,技專校院,0050,國立臺中科技大學,99999Z08,語言中心,42,10,32,0,0,0,2,0,2,10,28,0,0,4,0,4,42,10,32
108,公立,技專校院,0051,國立臺北商業大學,02112007,數位多媒體設計系,10,8,2,0,0,0,0,0,1,8,1,0,0,1,0,1,10,8,2
108,公立,技專校院,0051,國立臺北商業大學,02123019,商品創意經營系,8,4,4,0,0,1,0,0,0,3,4,0,0,1,1,0,8,4,4
108,公立,技專校院,0051,國立臺北商業大學,02311006,應用外語系,34,20,14,0,0,1,0,5,8,14,6,0,0,14,6,8,34,20,14
108,公立,技專校院,0051,國立臺北商業大學,04111009,會計資訊系,41,30,11,3,0,6,1,6,2,15,8,0,0,18,15,3,41,30,11
108,公立,技專校院,0051,國立臺北商業大學,04121013,財務金融系,16,14,2,0,0,0,0,3,0,11,2,0,0,3,3,0,16,14,2
108,公立,技專校院,0051,國立臺北商業大學,04122014,財政稅務系,29,17,12,0,1,2,3,6,2,9,6,0,0,14,8,6,29,17,12
108,公立,技專校院,0051,國立臺北商業大學,04131010,企業管理系,57,37,20,2,1,2,1,9,6,24,12,0,0,21,13,8,57,37,20
108,公立,技專校院,0051,國立臺北商業大學,04141012,國際商務系,32,16,16,0,0,1,1,3,2,12,13,0,0,7,4,3,32,16,16
108,公立,技專校院,0051,國立臺北商業大學,04199015,商業設計管理系,16,6,10,0,0,0,0,1,1,5,9,0,0,2,1,1,16,6,10
108,公立,技專校院,0051,國立臺北商業大學,04199Y70,財經學院,1,1,0,0,0,0,0,0,0,1,0,0,0,0,0,0,1,1,0
108,公立,技專校院,0051,國立臺北商業大學,06131017,資訊管理系,26,19,7,0,1,3,0,5,1,11,5,0,0,10,8,2,26,19,7
108,公立,技專校院,0051,國立臺北商業大學,06131018,資訊與決策科學研究所,2,2,0,1,0,0,0,1,0,0,0,0,0,2,2,0,2,2,0
108,公立,技專校院,0051,國立臺北商業大學,99999Z01,通識教育中心,49,22,27,0,0,2,2,13,17,7,8,0,0,34,15,19,49,22,27
108,公立,技專校院,0051,國立臺北商業大學,99999Z07,體育室,14,10,4,0,0,1,1,3,1,6,2,0,0,6,4,2,14,10,4
108,公立,一般大學,0052,國立屏東大學,01111001,教育學系,6,3,3,0,0,0,0,3,3,0,0,0,0,6,3,3,6,3,3
108,公立,一般大學,0052,國立屏東大學,01111003,教育心理與輔導學系,4,3,1,1,1,0,0,2,0,0,0,0,0,4,3,1,4,3,1
108,公立,一般大學,0052,國立屏東大學,01113017,特殊教育學系,13,9,4,3,0,0,1,3,0,3,3,0,0,7,6,1,13,9,4
108,公立,一般大學,0052,國立屏東大學,01114018,教育行政研究所,1,1,0,0,0,0,0,1,0,0,0,0,0,1,1,0,1,1,0
108,公立,一般大學,0052,國立屏東大學,01121016,幼兒教育學系,7,0,7,0,0,0,0,0,0,0,7,0,0,0,0,0,7,0,7
108,公立,一般大學,0052,國立屏東大學,01199Y03,教育學院,2,0,2,0,0,0,0,0,0,0,2,0,0,0,0,0,2,0,2
108,公立,一般大學,0052,國立屏東大學,02111025,視覺藝術學系,6,5,1,2,0,0,1,0,0,3,0,0,0,3,2,1,6,5,1
108,公立,一般大學,0052,國立屏東大學,02151024,音樂學系,34,10,24,0,1,0,1,4,10,6,12,0,0,16,4,12,34,10,24
108,公立,一般大學,0052,國立屏東大學,02299033,文化創意產業學系,3,2,1,0,0,0,0,0,0,2,1,0,0,0,0,0,3,2,1
108,公立,一般大學,0052,國立屏東大學,02299034,原住民族健康休閒與文化產業學士學位學程原住民專班,10,5,5,0,0,0,0,1,1,4,4,0,0,2,1,1,10,5,5
108,公立,一般大學,0052,國立屏東大學,02311030,應用英語學系,1,0,1,0,0,0,0,0,0,0,1,0,0,0,0,0,1,0,1
108,公立,一般大學,0052,國立屏東大學,02311031,應用日語學系,2,0,2,0,0,0,0,0,0,0,2,0,0,0,0,0,2,0,2
108,公立,一般大學,0052,國立屏東大學,04111038,會計學系,2,0,2,0,0,0,0,0,0,0,2,0,0,0,0,0,2,0,2
108,公立,一般大學,0052,國立屏東大學,04121045,財務金融學系,3,3,0,1,0,0,0,2,0,0,0,0,0,3,3,0,3,3,0
108,公立,一般大學,0052,國立屏東大學,04131039,企業管理學系,3,2,1,0,0,0,0,2,0,0,1,0,0,2,2,0,3,2,1
108,公立,一般大學,0052,國立屏東大學,04132046,行銷與流通管理學系,7,5,2,0,0,1,0,2,2,2,0,0,0,5,3,2,7,5,2
108,公立,一般大學,0052,國立屏東大學,04141044,國際貿易學系,5,3,2,0,0,0,0,3,0,0,2,0,0,3,3,0,5,3,2
108,公立,一般大學,0052,國立屏東大學,04199047,不動產經營學系,3,3,0,0,0,0,0,2,0,1,0,0,0,2,2,0,3,3,0
108,公立,一般大學,0052,國立屏東大學,05311050,應用化學系,2,2,0,1,0,0,0,1,0,0,0,0,0,2,2,0,2,2,0
108,公立,一般大學,0052,國立屏東大學,05331053,應用物理系,1,1,0,1,0,0,0,0,0,0,0,0,0,1,1,0,1,1,0
108,公立,一般大學,0052,國立屏東大學,05411055,應用數學系,1,1,0,0,0,0,0,0,0,1,0,0,0,0,0,0,1,1,0
108,公立,一般大學,0052,國立屏東大學,06131057,資訊管理學系,4,4,0,0,0,0,0,1,0,3,0,0,0,1,1,0,4,4,0
108,公立,一般大學,0052,國立屏東大學,06131061,資訊科學系,1,1,0,0,0,0,0,0,0,1,0,0,0,0,0,0,1,1,0
108,公立,一般大學,0052,國立屏東大學,10151065,休閒事業經營學系,2,0,2,0,0,0,1,0,0,0,1,0,0,1,0,1,2,0,2
108,公立,一般大學,0052,國立屏東大學,10152014,體育學系,17,13,4,0,0,0,0,2,1,11,3,0,0,3,2,1,17,13,4
108,公立,一般大學,0052,國立屏東大學,99999Z01,通識教育中心,34,22,12,1,0,3,1,9,4,9,7,0,0,18,13,5,34,22,12
108,公立,一般大學,0052,國立屏東大學,99999Z05,師資培育中心,5,1,4,0,0,1,0,0,2,0,2,0,0,3,1,2,5,1,4
108,公立,一般大學,0052,國立屏東大學,99999Z99,秘書室,2,2,0,2,0,0,0,0,0,0,0,0,0,2,2,0,2,2,0
108,公立,技專校院,0053,國立高雄科技大學,02121006,文化創意產業系,2,2,0,0,0,0,0,0,0,2,0,0,0,0,0,0,2,2,0
108,公立,技專校院,0053,國立高雄科技大學,02123015,工業設計系,2,2,0,0,0,0,0,2,0,0,0,0,0,2,2,0,2,2,0
108,公立,技專校院,0053,國立高雄科技大學,02199Y88,商業智慧學院,1,1,0,1,0,0,0,0,0,0,0,0,0,1,1,0,1,1,0
108,公立,技專校院,0053,國立高雄科技大學,02311002,應用英語系,20,4,16,0,0,0,0,1,2,3,14,0,0,3,1,2,20,4,16
108,公立,技專校院,0053,國立高雄科技大學,02311003,應用德語系,6,3,3,1,0,0,0,0,0,2,3,0,0,1,1,0,6,3,3
108,公立,技專校院,0053,國立高雄科技大學,02311008,應用日語系,11,5,6,1,0,1,1,2,1,1,4,0,0,6,4,2,11,5,6
108,公立,技專校院,0053,國立高雄科技大學,04111020,會計資訊系,16,11,5,1,0,1,0,2,1,7,4,0,0,5,4,1,16,11,5
108,公立,技專校院,0053,國立高雄科技大學,04121034,金融資訊系,13,11,2,0,0,2,1,3,1,6,0,0,0,7,5,2,13,11,2
108,公立,技專校院,0053,國立高雄科技大學,04121040,財務管理系,6,6,0,0,0,2,0,1,0,3,0,0,0,3,3,0,6,6,0
108,公立,技專校院,0053,國立高雄科技大學,04121104,金融系,9,6,3,0,0,1,0,1,0,4,3,0,0,2,2,0,9,6,3
108,公立,技專校院,0053,國立高雄科技大學,04122043,財政稅務系,9,5,4,1,0,0,1,1,0,3,3,0,0,3,2,1,9,5,4
108,公立,技專校院,0053,國立高雄科技大學,04123054,風險管理與保險系,6,4,2,0,0,0,0,1,0,3,2,0,0,1,1,0,6,4,2
108,公立,技專校院,0053,國立高雄科技大學,04131101,企業管理系,10,5,5,0,0,0,0,2,0,3,5,0,0,2,2,0,10,5,5
108,公立,技專校院,0053,國立高雄科技大學,04132004,供應鏈管理系,10,4,6,0,0,0,1,1,2,3,3,0,0,4,1,3,10,4,6
108,公立,技專校院,0053,國立高雄科技大學,04132059,行銷與流通管理系,6,5,1,2,0,2,0,0,1,1,0,0,0,5,4,1,6,5,1
108,公立,技專校院,0053,國立高雄科技大學,04132107,運籌管理系,5,3,2,0,0,0,0,0,1,3,1,0,0,1,0,1,5,3,2
108,公立,技專校院,0053,國立高雄科技大學,04141023,國際企業系,21,12,9,0,0,1,0,3,0,8,9,0,0,4,4,0,21,12,9
108,公立,技專校院,0053,國立高雄科技大學,04212068,科技法律研究所,1,1,0,0,0,1,0,0,0,0,0,0,0,1,1,0,1,1,0
108,公立,技專校院,0053,國立高雄科技大學,06131066,海事資訊科技系,6,6,0,0,0,1,0,3,0,2,0,0,0,4,4,0,6,6,0
108,公立,技專校院,0053,國立高雄科技大學,06131067,資訊工程系,4,4,0,1,0,1,0,1,0,1,0,0,0,3,3,0,4,4,0
108,公立,技專校院,0053,國立高雄科技大學,06131080,商務資訊應用系,4,2,2,0,0,0,0,0,2,2,0,0,0,2,0,2,4,2,2
108,公立,技專校院,0053,國立高雄科技大學,06131100,資訊管理系,7,4,3,0,0,0,0,2,0,2,3,0,0,2,2,0,7,4,3
108,公立,技專校院,0053,國立高雄科技大學,06132005,智慧商務系,8,6,2,0,1,2,0,0,0,4,1,0,0,3,2,1,8,6,2
108,公立,技專校院,0053,國立高雄科技大學,07111085,化學工程與材料工程系,6,5,1,1,0,1,0,3,0,0,1,0,0,5,5,0,6,5,1
108,公立,技專校院,0053,國立高雄科技大學,07121030,海洋環境工程系,13,13,0,2,0,1,0,9,0,1,0,0,0,12,12,0,13,13,0
108,公立,技專校院,0053,國立高雄科技大學,07121086,環境與安全衛生工程系,5,4,1,1,0,1,0,0,1,2,0,0,0,3,2,1,5,4,1
108,公立,技專校院,0053,國立高雄科技大學,07141021,電訊工程系,10,8,2,1,0,0,0,2,1,5,1,0,0,4,3,1,10,8,2
108,公立,技專校院,0053,國立高雄科技大學,07141081,半導體工程系,2,1,1,0,0,0,0,0,0,1,1,0,0,0,0,0,2,1,1
108,公立,技專校院,0053,國立高雄科技大學,07141103,電子工程系(建工/燕巢校區),20,19,1,2,0,7,0,8,1,2,0,0,0,18,17,1,20,19,1
108,公立,技專校院,0053,國立高雄科技大學,07141103,電子工程系(第一校區),9,8,1,0,0,4,0,1,0,3,1,0,0,5,5,0,9,8,1
108,公立,技專校院,0053,國立高雄科技大學,07141105,電機工程系,21,20,1,3,0,7,0,10,0,0,1,0,0,20,20,0,21,20,1
108,公立,技專校院,0053,國立高雄科技大學,07151026,輪機工程系,14,13,1,0,0,2,0,1,0,10,1,0,0,3,3,0,14,13,1
108,公立,技專校院,0053,國立高雄科技大學,07151071,機電工程系,1,1,0,0,0,0,0,1,0,0,0,0,0,1,1,0,1,1,0
108,公立,技專校院,0053,國立高雄科技大學,07151072,機械工程系,11,11,0,1,0,1,0,5,0,4,0,0,0,7,7,0,11,11,0
108,公立,技專校院,0053,國立高雄科技大學,07151074,模具工程系,19,18,1,2,0,1,0,5,0,10,1,0,0,8,8,0,19,18,1
108,公立,技專校院,0053,國立高雄科技大學,07163029,造船及海洋工程系,17,17,0,0,0,0,0,6,0,11,0,0,0,6,6,0,17,17,0
108,公立,技專校院,0053,國立高雄科技大學,07191091,工業工程與管理系,6,5,1,0,0,0,0,5,1,0,0,0,0,6,5,1,6,5,1
108,公立,技專校院,0053,國立高雄科技大學,07194094,海事學院海事科技產學合作博士班,1,1,0,1,0,0,0,0,0,0,0,0,0,1,1,0,1,1,0
108,公立,技專校院,0053,國立高雄科技大學,07211039,水產食品科學系,8,6,2,1,0,0,0,1,2,4,0,0,0,4,2,2,8,6,2
108,公立,技專校院,0053,國立高雄科技大學,07321077,土木工程系,5,5,0,0,0,0,0,1,0,4,0,0,0,1,1,0,5,5,0
108,公立,技專校院,0053,國立高雄科技大學,07321082,營建工程系,2,2,0,0,0,1,0,0,0,1,0,0,0,1,1,0,2,2,0
108,公立,技專校院,0053,國立高雄科技大學,08193007,海洋事務與產業管理研究所,1,1,0,1,0,0,0,0,0,0,0,0,0,1,1,0,1,1,0
108,公立,技專校院,0053,國立高雄科技大學,08311045,漁業生產與管理系,6,5,1,1,0,1,0,1,0,2,1,0,0,3,3,0,6,5,1
108,公立,技專校院,0053,國立高雄科技大學,08312047,水產養殖系,9,4,5,0,0,0,0,2,1,2,4,0,0,3,2,1,9,4,5
108,公立,技專校院,0053,國立高雄科技大學,10151055,海洋休閒管理系,9,8,1,0,0,0,0,3,1,5,0,0,0,4,3,1,9,8,1
108,公立,技專校院,0053,國立高雄科技大學,10151096,觀光管理系,13,6,7,1,0,0,0,0,0,5,7,0,0,1,1,0,13,6,7
108,公立,技專校院,0053,國立高雄科技大學,10412060,航運管理系,23,19,4,0,0,0,0,7,0,12,4,0,0,7,7,0,23,19,4
108,公立,技專校院,0053,國立高雄科技大學,10414061,航運技術系,8,6,2,0,0,1,0,1,0,4,2,0,0,2,2,0,8,6,2
108,公立,技專校院,0053,國立高雄科技大學,99999Z01,基礎教育中心,44,25,19,0,0,5,0,12,7,8,12,0,0,24,17,7,44,25,19
108,公立,技專校院,0053,國立高雄科技大學,99999Z01,博雅教育中心,103,51,52,0,0,2,0,25,14,24,38,0,0,41,27,14,103,51,52
108,公立,技專校院,0053,國立高雄科技大學,99999Z07,體育室,68,53,15,3,0,7,1,7,4,36,10,0,0,22,17,5,68,53,15
108,公立,技專校院,0053,國立高雄科技大學,99999Z08,外語教育中心,98,25,73,0,0,0,0,4,10,21,63,0,0,14,4,10,98,25,73
108,公立,技專校院,0053,國立高雄科技大學,99999Z99,創新創業教育中心,1,1,0,0,0,0,0,0,0,1,0,0,0,0,0,0,1,1,0
108,公立,技專校院,0144,國立臺灣戲曲學院,02151001,戲曲音樂學系,37,20,17,1,0,0,0,0,1,19,16,0,0,2,1,1,37,20,17
108,公立,技專校院,0144,國立臺灣戲曲學院,02152004,歌仔戲學系,15,8,7,0,1,0,1,0,2,8,3,0,0,4,0,4,15,8,7
108,公立,技專校院,0144,國立臺灣戲曲學院,02152005,京劇學系,17,16,1,1,0,3,1,3,0,9,0,0,0,8,7,1,17,16,1
108,公立,技專校院,0144,國立臺灣戲曲學院,02152006,客家戲學系,8,4,4,0,0,1,0,1,0,2,4,0,0,2,2,0,8,4,4
108,公立,技專校院,0144,國立臺灣戲曲學院,02152007,劇場藝術學系,21,16,5,0,0,0,0,0,1,16,4,0,0,1,0,1,21,16,5
108,公立,技專校院,0144,國立臺灣戲曲學院,02152009,民俗技藝學系,24,14,10,0,0,2,0,0,1,12,9,0,0,3,2,1,24,14,10
108,公立,技專校院,0144,國立臺灣戲曲學院,99999Z01,通識教育中心,11,6,5,0,0,0,0,3,0,3,5,0,0,3,3,0,11,6,5
108,公立,技專校院,0221,國立臺南護理專科學校,09131001,護理科,23,6,17,0,0,0,0,1,3,5,14,0,0,4,1,3,23,6,17
108,公立,技專校院,0221,國立臺南護理專科學校,09211003,老人服務事業科,11,5,6,0,0,0,0,1,1,4,5,0,0,2,1,1,11,5,6
108,公立,技專校院,0221,國立臺南護理專科學校,10121004,化妝品應用科,12,5,7,0,0,1,0,1,0,3,7,0,0,2,2,0,12,5,7
108,公立,技專校院,0221,國立臺南護理專科學校,99999Z01,共同科目,40,16,24,1,0,1,0,5,8,9,16,0,0,15,7,8,40,16,24
108,公立,技專校院,0222,國立臺東專科學校,02122017,創意商品設計科,5,3,2,0,0,0,0,0,1,3,1,0,0,1,0,1,5,3,2
108,公立,技專校院,0222,國立臺東專科學校,06131003,資訊管理科,4,3,1,0,0,0,0,0,0,3,1,0,0,0,0,0,4,3,1
108,公立,技專校院,0222,國立臺東專科學校,07141004,電機工程科,2,1,1,0,0,0,0,0,1,1,0,0,0,1,0,1,2,1,1
108,公立,技專校院,0222,國立臺東專科學校,07161005,動力機械科,5,5,0,1,0,0,0,0,0,4,0,0,0,1,1,0,5,5,0
108,公立,技專校院,0222,國立臺東專科學校,07211012,食品科技科,9,3,6,0,0,0,0,1,1,2,5,0,0,2,1,1,9,3,6
108,公立,技專校院,0222,國立臺東專科學校,07311007,建築科,13,11,2,0,0,0,0,1,0,10,2,0,0,1,1,0,13,11,2
108,公立,技專校院,0222,國立臺東專科學校,08121011,園藝暨景觀科,14,10,4,0,0,0,0,3,2,7,2,0,0,5,3,2,14,10,4
108,公立,技專校院,0222,國立臺東專科學校,10131014,餐旅管理科,5,1,4,0,0,0,0,0,0,1,4,0,0,0,0,0,5,1,4
108,公立,技專校院,0222,國立臺東專科學校,99999Z01,通識教育中心,20,12,8,1,0,0,0,4,2,7,6,0,0,7,5,2,20,12,8
108,私立,一般大學,1001,東海大學,01111001,教育研究所,1,1,0,1,0,0,0,0,0,0,0,0,0,1,1,0,1,1,0
108,私立,一般大學,1001,東海大學,02123011,工業設計學系,12,11,1,0,0,0,0,0,0,11,1,0,0,0,0,0,12,11,1
108,私立,一般大學,1001,東海大學,02131002,美術學系,27,20,7,1,1,1,1,4,1,14,4,0,0,9,6,3,27,20,7
108,私立,一般大學,1001,東海大學,02151003,音樂學系,54,19,35,0,1,0,1,11,15,8,18,0,0,28,11,17,54,19,35
108,私立,一般大學,1001,東海大學,02152058,表演藝術與創作碩士學位學程,1,0,1,0,0,0,0,0,1,0,0,0,0,1,0,1,1,0,1
108,私立,一般大學,1001,東海大學,02199Y09,創意設計暨藝術學院,1,1,0,0,0,0,0,0,0,1,0,0,0,0,0,0,1,1,0
108,私立,一般大學,1001,東海大學,02221009,歷史學系,6,4,2,0,1,1,1,2,0,1,0,0,0,5,3,2,6,4,2
108,私立,一般大學,1001,東海大學,02231010,哲學系,2,1,1,0,0,0,1,1,0,0,0,0,0,2,1,1,2,1,1
108,私立,一般大學,1001,東海大學,02311005,外國語文學系,20,5,15,0,0,2,0,0,0,3,15,0,0,2,2,0,20,5,15
108,私立,一般大學,1001,東海大學,02311007,日本語言文化學系,27,10,17,0,1,3,0,2,2,5,14,0,0,8,5,3,27,10,17
108,私立,一般大學,1001,東海大學,02322004,中國文學系,43,19,24,0,0,4,3,7,13,8,8,0,0,27,11,16,43,19,24
108,私立,一般大學,1001,東海大學,03111012,經濟學系,15,9,6,2,0,3,1,2,1,2,4,0,0,9,7,2,15,9,6
108,私立,一般大學,1001,東海大學,03121013,政治學系,13,13,0,3,0,5,0,4,0,1,0,0,0,12,12,0,13,13,0
108,私立,一般大學,1001,東海大學,03141014,社會學系,14,9,5,1,0,0,0,6,4,2,1,0,0,11,7,4,14,9,5
108,私立,一般大學,1001,東海大學,04111018,會計學系,18,14,4,1,0,4,0,6,3,3,1,0,0,14,11,3,18,14,4
108,私立,一般大學,1001,東海大學,04121024,財務金融學系,12,11,1,1,0,2,0,4,1,4,0,0,0,8,7,1,12,11,1
108,私立,一般大學,1001,東海大學,04131019,企業管理學系,13,11,2,1,0,2,0,6,2,2,0,0,0,11,9,2,13,11,2
108,私立,一般大學,1001,東海大學,04131021,國際學院國際經營管理學位學程,1,1,0,0,0,0,0,1,0,0,0,0,0,1,1,0,1,1,0
108,私立,一般大學,1001,東海大學,04131025,高階經營管理碩士在職專班,16,15,1,6,1,7,0,2,0,0,0,0,0,16,15,1,16,15,1
108,私立,一般大學,1001,東海大學,04134016,行政管理暨政策學系,2,1,1,0,1,0,0,0,0,1,0,0,0,1,0,1,2,1,1
108,私立,一般大學,1001,東海大學,04141023,國際經營與貿易學系,15,13,2,2,0,5,0,6,2,0,0,0,0,15,13,2,15,13,2
108,私立,一般大學,1001,東海大學,04199Y31,管理學院,4,4,0,1,0,1,0,2,0,0,0,0,0,4,4,0,4,4,0
108,私立,一般大學,1001,東海大學,04211027,法律學系,28,24,4,7,1,6,1,5,1,6,1,0,0,21,18,3,28,24,4
108,私立,一般大學,1001,東海大學,05111028,生命科學系,12,9,3,2,0,1,2,6,1,0,0,0,0,12,9,3,12,9,3
108,私立,一般大學,1001,東海大學,05211056,永續科學與工程學士學位學程,1,1,0,1,0,0,0,0,0,0,0,0,0,1,1,0,1,1,0
108,私立,一般大學,1001,東海大學,05311030,化學系,5,5,0,3,0,1,0,1,0,0,0,0,0,5,5,0,5,5,0
108,私立,一般大學,1001,東海大學,05331032,應用物理學系,2,2,0,1,0,0,0,1,0,0,0,0,0,2,2,0,2,2,0
108,私立,一般大學,1001,東海大學,05399Y37,理學院,8,8,0,1,0,3,0,4,0,0,0,0,0,8,8,0,8,8,0
108,私立,一般大學,1001,東海大學,05411034,應用數學系,7,6,1,1,0,1,0,2,1,2,0,0,0,5,4,1,7,6,1
108,私立,一般大學,1001,東海大學,06134036,資訊管理學系,2,1,1,0,0,0,0,1,0,0,1,0,0,1,1,0,2,1,1
108,私立,一般大學,1001,東海大學,07111042,化學工程與材料工程學系,5,3,2,1,0,0,0,2,1,0,1,0,0,4,3,1,5,3,2
108,私立,一般大學,1001,東海大學,07121045,環境科學與工程學系,7,7,0,0,0,1,0,5,0,1,0,0,0,6,6,0,7,7,0
108,私立,一般大學,1001,東海大學,07141037,電機工程學系,6,5,1,2,0,0,0,3,1,0,0,0,0,6,5,1,6,5,1
108,私立,一般大學,1001,東海大學,07141039,資訊工程學系,9,8,1,2,0,2,0,1,1,3,0,0,0,6,5,1,9,8,1
108,私立,一般大學,1001,東海大學,07191044,工業工程與經營資訊學系,23,16,7,3,0,5,1,6,4,2,2,0,0,19,14,5,23,16,7
108,私立,一般大學,1001,東海大學,07199Y40,工學院,1,0,1,0,0,0,0,0,0,0,1,0,0,0,0,0,1,0,1
108,私立,一般大學,1001,東海大學,07211052,食品科學系,8,6,2,3,0,1,0,2,1,0,1,0,0,7,6,1,8,6,2
108,私立,一般大學,1001,東海大學,07311048,建築學系,29,23,6,3,0,4,2,3,0,13,4,0,0,12,10,2,29,23,6
108,私立,一般大學,1001,東海大學,07312049,景觀學系,28,20,8,3,1,2,1,4,2,11,4,0,0,13,9,4,28,20,8
108,私立,一般大學,1001,東海大學,08112051,畜產與生物科技學系,3,2,1,1,0,1,1,0,0,0,0,0,0,3,2,1,3,2,1
108,私立,一般大學,1001,東海大學,08199Y41,農學院,14,8,6,4,1,1,2,3,3,0,0,0,0,14,8,6,14,8,6
108,私立,一般大學,1001,東海大學,09231053,社會工作學系,38,9,29,1,0,0,0,2,5,6,24,0,0,8,3,5,38,9,29
108,私立,一般大學,1001,東海大學,10131054,餐旅管理學系,6,5,1,2,0,0,0,1,1,2,0,0,0,4,3,1,6,5,1
108,私立,一般大學,1001,東海大學,10152055,運動休閒與健康管理學位學程,11,8,3,0,0,1,0,4,1,3,2,0,0,6,5,1,11,8,3
108,私立,一般大學,1001,東海大學,99999Z01,共同學科暨通識教育中心,65,45,20,11,2,7,2,16,6,11,10,0,0,44,34,10,65,45,20
108,私立,一般大學,1001,東海大學,99999Z05,師資培育中心,4,4,0,0,0,1,0,0,0,3,0,0,0,1,1,0,4,4,0
108,私立,一般大學,1001,東海大學,99999Z07,體育室,23,15,8,4,0,1,4,3,1,7,3,0,0,13,8,5,23,15,8
108,私立,一般大學,1001,東海大學,99999Z08,英語中心,45,5,40,0,1,0,0,1,3,4,36,0,0,5,1,4,45,5,40
108,私立,一般大學,1002,輔仁大學,01114046,教育領導與科技發展學士學位學程,1,0,1,0,0,0,0,0,1,0,0,0,0,1,0,1,1,0,1
108,私立,一般大學,1002,輔仁大學,02122029,品牌與時尚經營管理碩士學位學程,2,1,1,0,0,0,0,1,1,0,0,0,0,2,1,1,2,1,1
108,私立,一般大學,1002,輔仁大學,02122078,應用美術學系,25,21,4,2,0,2,0,3,0,14,4,0,0,7,7,0,25,21,4
108,私立,一般大學,1002,輔仁大學,02122087,藝術與文化創意學士學位學程,13,7,6,0,0,0,0,1,2,6,4,0,0,3,1,2,13,7,6
108,私立,一般大學,1002,輔仁大學,02125082,織品服裝學系,29,14,15,1,3,4,3,3,2,6,7,0,0,16,8,8,29,14,15
108,私立,一般大學,1002,輔仁大學,02151034,音樂學系,94,37,57,6,7,8,10,14,28,9,12,0,0,73,28,45,94,37,57
108,私立,一般大學,1002,輔仁大學,02199Y09,藝術學院,1,1,0,0,0,0,0,0,0,1,0,0,0,0,0,0,1,1,0
108,私立,一般大學,1002,輔仁大學,02211006,天主教研修學士學位學程,8,6,2,1,0,1,0,1,1,3,1,0,0,4,3,1,8,6,2
108,私立,一般大學,1002,輔仁大學,02211019,宗教學系,20,11,9,0,1,1,3,3,2,7,3,0,0,10,4,6,20,11,9
108,私立,一般大學,1002,輔仁大學,02221074,歷史學系,22,13,9,7,0,2,5,4,4,0,0,0,0,22,13,9,22,13,9
108,私立,一般大學,1002,輔仁大學,02231037,哲學系,26,16,10,6,2,3,5,6,2,1,1,0,0,24,15,9,26,16,10
108,私立,一般大學,1002,輔仁大學,02299060,跨文化研究所,25,20,5,5,0,3,1,7,1,5,3,0,0,17,15,2,25,20,5
108,私立,一般大學,1002,輔仁大學,02299093,人文社會服務進修學士學位學程,3,1,2,0,0,1,0,0,0,0,2,0,0,1,1,0,3,1,2
108,私立,一般大學,1002,輔仁大學,02311009,日本語文學系,28,7,21,0,0,1,0,1,4,5,17,0,0,6,2,4,28,7,21
108,私立,一般大學,1002,輔仁大學,02311016,西班牙語文學系,9,4,5,1,0,1,1,1,1,1,3,0,0,5,3,2,9,4,5
108,私立,一般大學,1002,輔仁大學,02311021,法國語文學系,11,4,7,0,1,1,3,1,0,2,3,0,0,6,2,4,11,4,7
108,私立,一般大學,1002,輔仁大學,02311033,英國語文學系,16,6,10,0,0,0,0,1,2,5,8,0,0,3,1,2,16,6,10
108,私立,一般大學,1002,輔仁大學,02311057,義大利語文學系,4,3,1,0,0,0,0,1,0,2,1,0,0,1,1,0,4,3,1
108,私立,一般大學,1002,輔仁大學,02311072,德語語文學系,9,4,5,2,1,2,1,0,0,0,3,0,0,6,4,2,9,4,5
108,私立,一般大學,1002,輔仁大學,02322003,中國文學系,24,15,9,2,1,6,1,3,4,4,3,0,0,17,11,6,24,15,9
108,私立,一般大學,1002,輔仁大學,02399Y16,外國語文學院,7,4,3,0,0,2,1,1,1,1,1,0,0,5,3,2,7,4,3
108,私立,一般大學,1002,輔仁大學,03111055,經濟學系,19,14,5,2,2,3,0,5,2,4,1,0,0,14,10,4,19,14,5
108,私立,一般大學,1002,輔仁大學,03131007,心理學系,13,10,3,1,0,4,0,3,3,2,0,0,0,11,8,3,13,10,3
108,私立,一般大學,1002,輔仁大學,03131081,臨床心理學系,8,4,4,1,0,0,1,1,0,2,3,0,0,3,2,1,8,4,4
108,私立,一般大學,1002,輔仁大學,03141023,社會學系,5,2,3,0,1,0,0,2,2,0,0,0,0,5,2,3,5,2,3
108,私立,一般大學,1002,輔仁大學,03199Y19,社會科學院,1,1,0,0,0,1,0,0,0,0,0,0,0,1,1,0,1,1,0
108,私立,一般大學,1002,輔仁大學,03211001,大眾傳播學士學位學程,19,13,6,1,0,2,0,2,3,8,3,0,0,8,5,3,19,13,6
108,私立,一般大學,1002,輔仁大學,03211002,大眾傳播學研究所,2,2,0,0,0,2,0,0,0,0,0,0,0,2,2,0,2,2,0
108,私立,一般大學,1002,輔仁大學,03212053,新聞傳播學系,4,3,1,0,0,1,0,1,0,1,1,0,0,2,2,0,4,3,1
108,私立,一般大學,1002,輔仁大學,03213070,影像傳播學系,9,5,4,0,0,1,0,0,0,4,4,0,0,1,1,0,9,5,4
108,私立,一般大學,1002,輔仁大學,03221051,博物館學研究所,1,1,0,0,0,0,0,1,0,0,0,0,0,1,1,0,1,1,0
108,私立,一般大學,1002,輔仁大學,03222065,圖書資訊學系,20,12,8,0,1,1,2,6,2,5,3,0,0,12,7,5,20,12,8
108,私立,一般大學,1002,輔仁大學,04111054,會計學系,8,7,1,2,0,2,1,2,0,1,0,0,0,7,6,1,8,7,1
108,私立,一般大學,1002,輔仁大學,04121027,金融與國際企業學系,10,8,2,2,0,3,0,2,1,1,1,0,0,8,7,1,10,8,2
108,私立,一般大學,1002,輔仁大學,04131015,企業管理學系,11,9,2,2,0,0,1,6,1,1,0,0,0,10,8,2,11,9,2
108,私立,一般大學,1002,輔仁大學,04131025,社會企業碩士在職學位學程,3,3,0,0,0,0,0,3,0,0,0,0,0,3,3,0,3,3,0
108,私立,一般大學,1002,輔仁大學,04131039,商業管理學士學位學程,21,15,6,0,0,1,1,11,3,3,2,0,0,16,12,4,21,15,6
108,私立,一般大學,1002,輔仁大學,04131041,國際創業與經營管理碩士學位學程,3,3,0,1,0,2,0,0,0,0,0,0,0,3,3,0,3,3,0
108,私立,一般大學,1002,輔仁大學,04131044,國際經營管理碩士學位學程,2,1,1,0,0,0,0,1,1,0,0,0,0,2,1,1,2,1,1
108,私立,一般大學,1002,輔仁大學,04143069,廣告傳播學系,7,6,1,0,0,0,0,3,1,3,0,0,0,4,3,1,7,6,1
108,私立,一般大學,1002,輔仁大學,04191040,商學研究所,3,3,0,2,0,1,0,0,0,0,0,0,0,3,3,0,3,3,0
108,私立,一般大學,1002,輔仁大學,04199028,非營利組織管理碩士學位學程,1,0,1,0,0,0,0,0,0,0,1,0,0,0,0,0,1,0,1
108,私立,一般大學,1002,輔仁大學,04199032,科技管理碩士學位學程,1,1,0,1,0,0,0,0,0,0,0,0,0,1,1,0,1,1,0
108,私立,一般大學,1002,輔仁大學,04211020,法律學系,23,21,2,10,0,6,1,3,1,2,0,0,0,21,19,2,23,21,2
108,私立,一般大學,1002,輔仁大學,04211038,財經法律學系,7,7,0,1,0,4,0,1,0,1,0,0,0,6,6,0,7,7,0
108,私立,一般大學,1002,輔仁大學,05111011,生命科學系,3,3,0,1,0,1,0,1,0,0,0,0,0,3,3,0,3,3,0
108,私立,一般大學,1002,輔仁大學,05191080,營養科學系,4,3,1,1,1,0,0,2,0,0,0,0,0,4,3,1,4,3,1
108,私立,一般大學,1002,輔仁大學,05311005,化學系,6,6,0,4,0,1,0,1,0,0,0,0,0,6,6,0,6,6,0
108,私立,一般大學,1002,輔仁大學,05331022,物理學系,3,3,0,1,0,2,0,0,0,0,0,0,0,3,3,0,3,3,0
108,私立,一般大學,1002,輔仁大學,05399Y36,理工學院,2,2,0,0,0,1,0,0,0,1,0,0,0,1,1,0,2,2,0
108,私立,一般大學,1002,輔仁大學,05411073,數學系,5,4,1,1,0,0,1,2,0,1,0,0,0,4,3,1,5,4,1
108,私立,一般大學,1002,輔仁大學,05421049,統計資訊學系,6,4,2,2,0,0,1,1,0,1,1,0,0,4,3,1,6,4,2
108,私立,一般大學,1002,輔仁大學,06131058,資訊工程學系,3,2,1,2,0,0,1,0,0,0,0,0,0,3,2,1,3,2,1
108,私立,一般大學,1002,輔仁大學,06131059,資訊管理學系,4,4,0,1,0,1,0,2,0,0,0,0,0,4,4,0,4,4,0
108,私立,一般大學,1002,輔仁大學,06132050,軟體工程與數位創意學士學位學程,10,9,1,0,0,0,0,4,0,5,1,0,0,4,4,0,10,9,1
108,私立,一般大學,1002,輔仁大學,06199086,醫學資訊與創新應用學士學位學程,9,7,2,1,0,0,0,4,2,2,0,0,0,7,5,2,9,7,2
108,私立,一般大學,1002,輔仁大學,07141064,電機工程學系,4,4,0,2,0,1,0,1,0,0,0,0,0,4,4,0,4,4,0
108,私立,一般大學,1002,輔仁大學,07194077,應用科學與工程研究所,2,1,1,0,0,1,0,0,1,0,0,0,0,2,1,1,2,1,1
108,私立,一般大學,1002,輔仁大學,07211035,食品科學系,8,8,0,2,0,0,0,3,0,3,0,0,0,5,5,0,8,8,0
108,私立,一般大學,1002,輔仁大學,07312052,景觀設計學系,15,9,6,0,0,0,0,2,2,7,4,0,0,4,2,2,15,9,6
108,私立,一般大學,1002,輔仁大學,09121013,生物醫學暨藥學研究所,1,1,0,0,0,0,0,0,0,1,0,0,0,0,0,0,1,1,0
108,私立,一般大學,1002,輔仁大學,09121085,醫學系,225,186,39,24,1,28,6,56,9,78,23,0,0,124,108,16,225,186,39
108,私立,一般大學,1002,輔仁大學,09131088,護理學系,60,3,57,0,2,1,1,0,3,2,51,0,0,7,1,6,60,3,57
108,私立,一般大學,1002,輔仁大學,09152084,職能治療學系,6,2,4,0,0,0,1,1,0,1,3,0,0,2,1,1,6,2,4
108,私立,一般大學,1002,輔仁大學,09161091,生技醫藥博士學位學程,4,4,0,0,0,1,0,3,0,0,0,0,0,4,4,0,4,4,0
108,私立,一般大學,1002,輔仁大學,09191004,公共衛生學系,6,5,1,0,0,1,1,4,0,0,0,0,0,6,5,1,6,5,1
108,私立,一般大學,1002,輔仁大學,09199018,呼吸治療學系,8,2,6,0,0,0,1,2,0,0,5,0,0,3,2,1,8,2,6
108,私立,一般大學,1002,輔仁大學,09199Y42,醫學院,4,1,3,0,0,0,0,0,1,1,2,0,0,1,0,1,4,1,3
108,私立,一般大學,1002,輔仁大學,09211061,跨專業長期照護碩士學位學程,4,1,3,0,0,1,2,0,1,0,0,0,0,4,1,3,4,1,3
108,私立,一般大學,1002,輔仁大學,09211094,長期照護與健康管理進修學士學位學程,3,2,1,0,0,0,0,0,1,2,0,0,0,1,0,1,3,2,1
108,私立,一般大學,1002,輔仁大學,09221017,兒童與家庭學系,11,2,9,0,0,0,2,1,0,1,7,0,0,3,1,2,11,2,9
108,私立,一般大學,1002,輔仁大學,09231024,社會工作學系,3,2,1,0,1,1,0,0,0,1,0,0,0,2,1,1,3,2,1
108,私立,一般大學,1002,輔仁大學,10131075,餐旅管理學系,19,11,8,2,0,1,0,3,0,5,8,0,0,6,6,0,19,11,8
108,私立,一般大學,1002,輔仁大學,10141089,體育學系,7,5,2,1,0,0,0,3,1,1,1,0,0,5,4,1,7,5,2
108,私立,一般大學,1002,輔仁大學,10152062,運動休閒管理學士學位學程,9,7,2,0,0,1,0,0,1,6,1,0,0,2,1,1,9,7,2
108,私立,一般大學,1002,輔仁大學,99999Z05,師資培育中心,7,4,3,0,0,0,0,2,2,2,1,0,0,4,2,2,7,4,3
108,私立,一般大學,1002,輔仁大學,99999Z99,全人教育課程中心,234,122,112,8,5,18,10,35,26,61,71,0,0,102,61,41,234,122,112
108,私立,一般大學,1003,東吳大學,02151001,音樂學系,95,40,55,7,3,6,12,14,18,13,22,0,0,60,27,33,95,40,55
108,私立,一般大學,1003,東吳大學,02221006,歷史學系,12,4,8,2,0,1,0,1,5,0,3,0,0,9,4,5,12,4,8
108,私立,一般大學,1003,東吳大學,02231007,哲學系,10,8,2,3,0,0,0,1,2,4,0,0,0,6,4,2,10,8,2
108,私立,一般大學,1003,東吳大學,02311004,英文學系,39,16,23,1,0,4,3,5,5,6,15,0,0,18,10,8,39,16,23
108,私立,一般大學,1003,東吳大學,02311005,日本語文學系,70,24,46,5,0,0,1,4,6,15,39,0,0,16,9,7,70,24,46
108,私立,一般大學,1003,東吳大學,02311012,德國文化學系,14,5,9,0,1,2,0,0,1,3,7,0,0,4,2,2,14,5,9
108,私立,一般大學,1003,東吳大學,02322002,中國文學系,76,46,30,12,3,3,1,13,14,18,12,0,0,46,28,18,76,46,30
108,私立,一般大學,1003,東吳大學,03111008,經濟學系,32,27,5,6,0,4,4,10,0,7,1,0,0,24,20,4,32,27,5
108,私立,一般大學,1003,東吳大學,03121009,政治學系,18,15,3,3,1,2,0,7,1,3,1,0,0,14,12,2,18,15,3
108,私立,一般大學,1003,東吳大學,03131011,心理學系,29,11,18,1,0,2,0,4,5,4,13,0,0,12,7,5,29,11,18
108,私立,一般大學,1003,東吳大學,03141010,社會學系,5,5,0,1,0,2,0,2,0,0,0,0,0,5,5,0,5,5,0
108,私立,一般大學,1003,東吳大學,03199013,人權碩士學位學程,1,1,0,0,0,1,0,0,0,0,0,0,0,1,1,0,1,1,0
108,私立,一般大學,1003,東吳大學,04111015,會計學系,60,31,29,3,1,2,1,10,6,16,21,0,0,23,15,8,60,31,29
108,私立,一般大學,1003,東吳大學,04121027,財務工程與精算數學系,21,15,6,2,1,2,3,3,1,8,1,0,0,12,7,5,21,15,6
108,私立,一般大學,1003,東吳大學,04131016,企業管理學系,44,36,8,2,1,8,1,15,3,11,3,0,0,30,25,5,44,36,8
108,私立,一般大學,1003,東吳大學,04131020,商學院EMBA高階經營碩士在職專班,5,3,2,0,0,1,1,2,1,0,0,0,0,5,3,2,5,3,2
108,私立,一般大學,1003,東吳大學,04141019,國際經營與貿易學系,23,14,9,2,1,3,2,3,5,6,1,0,0,16,8,8,23,14,9
108,私立,一般大學,1003,東吳大學,04191014,商學進修學士班,1,1,0,0,0,0,0,0,0,1,0,0,0,0,0,0,1,1,0
108,私立,一般大學,1003,東吳大學,04199031,巨量資料管理學院,19,13,6,1,1,1,0,7,1,4,4,0,0,11,9,2,19,13,6
108,私立,一般大學,1003,東吳大學,04199Y27,商學院,1,1,0,1,0,0,0,0,0,0,0,0,0,1,1,0,1,1,0
108,私立,一般大學,1003,東吳大學,04211021,法律學系,146,120,26,38,6,23,7,36,8,23,5,0,0,118,97,21,146,120,26
108,私立,一般大學,1003,東吳大學,05122022,微生物學系,15,9,6,3,0,3,1,3,4,0,1,0,0,14,9,5,15,9,6
108,私立,一般大學,1003,東吳大學,05311023,化學系,6,3,3,1,1,1,0,0,1,1,1,0,0,4,2,2,6,3,3
108,私立,一般大學,1003,東吳大學,05331024,物理學系,7,7,0,3,0,2,0,1,0,1,0,0,0,6,6,0,7,7,0
108,私立,一般大學,1003,東吳大學,05399Y37,理學院,4,4,0,1,0,2,0,1,0,0,0,0,0,4,4,0,4,4,0
108,私立,一般大學,1003,東吳大學,05411025,數學系,4,4,0,2,0,1,0,1,0,0,0,0,0,4,4,0,4,4,0
108,私立,一般大學,1003,東吳大學,06131028,資訊管理學系,9,7,2,1,0,0,0,3,0,3,2,0,0,4,4,0,9,7,2
108,私立,一般大學,1003,東吳大學,09231030,社會工作學系,29,7,22,0,1,1,1,3,4,3,16,0,0,10,4,6,29,7,22
108,私立,一般大學,1003,東吳大學,99999Z01,通識教育中心,18,8,10,2,0,0,0,2,2,4,8,0,0,6,4,2,18,8,10
108,私立,一般大學,1003,東吳大學,99999Z05,師資培育中心,9,1,8,0,0,0,0,1,1,0,7,0,0,2,1,1,9,1,8
108,私立,一般大學,1003,東吳大學,99999Z07,體育室,25,18,7,1,0,1,0,1,1,15,6,0,0,4,3,1,25,18,7
108,私立,一般大學,1003,東吳大學,99999Z08,語言教學中心,36,5,31,0,0,0,1,1,5,4,25,0,0,7,1,6,36,5,31
108,私立,一般大學,1004,中原大學,01113002,特殊教育學系,11,2,9,0,0,0,0,0,2,2,7,0,0,2,0,2,11,2,9
108,私立,一般大學,1004,中原大學,02112008,商業設計學系,33,20,13,0,0,3,1,4,4,13,8,0,0,12,7,5,33,20,13
108,私立,一般大學,1004,中原大學,02122048,設計學院設計學士原住民專班,1,0,1,0,0,0,0,0,0,0,1,0,0,0,0,0,1,0,1
108,私立,一般大學,1004,中原大學,02124009,室內設計學系,62,47,15,0,0,5,0,7,2,35,13,0,0,14,12,2,62,47,15
108,私立,一般大學,1004,中原大學,02311005,應用外國語文學系,61,12,49,0,0,0,1,0,1,12,47,0,0,2,0,2,61,12,49
108,私立,一般大學,1004,中原大學,02323004,應用華語文學系,18,6,12,2,0,0,1,0,2,4,9,0,0,5,2,3,18,6,12
108,私立,一般大學,1004,中原大學,03131011,心理學系,15,7,8,0,0,0,0,1,2,6,6,0,0,3,1,2,15,7,8
108,私立,一般大學,1004,中原大學,04111013,會計學系,16,8,8,0,0,1,0,0,0,7,8,0,0,1,1,0,16,8,8
108,私立,一般大學,1004,中原大學,04121019,財務金融學系,7,7,0,0,0,1,0,3,0,3,0,0,0,4,4,0,7,7,0
108,私立,一般大學,1004,中原大學,04131014,企業管理學系,32,24,8,5,0,1,0,4,2,14,6,0,0,12,10,2,32,24,8
108,私立,一般大學,1004,中原大學,04141018,國際經營與貿易學系,10,6,4,0,0,1,0,2,3,3,1,0,0,6,3,3,10,6,4
108,私立,一般大學,1004,中原大學,04212021,財經法律學系,26,22,4,3,0,7,0,4,1,8,3,0,0,15,14,1,26,22,4
108,私立,一般大學,1004,中原大學,05121022,生物科技學系,6,6,0,0,0,1,0,5,0,0,0,0,0,6,6,0,6,6,0
108,私立,一般大學,1004,中原大學,05311023,化學系,6,5,1,2,1,2,0,1,0,0,0,0,0,6,5,1,6,5,1
108,私立,一般大學,1004,中原大學,05331024,物理學系,7,7,0,3,0,1,0,2,0,1,0,0,0,6,6,0,7,7,0
108,私立,一般大學,1004,中原大學,05411027,應用數學系,11,10,1,5,0,1,0,3,1,1,0,0,0,10,9,1,11,10,1
108,私立,一般大學,1004,中原大學,06131028,資訊管理學系,8,5,3,1,0,1,0,1,1,2,2,0,0,4,3,1,8,5,3
108,私立,一般大學,1004,中原大學,07111037,化學工程學系,7,6,1,1,0,1,0,3,0,1,1,0,0,5,5,0,7,6,1
108,私立,一般大學,1004,中原大學,07121042,環境工程學系,16,15,1,0,0,2,0,12,1,1,0,0,0,15,14,1,16,15,1
108,私立,一般大學,1004,中原大學,07141029,電機工程學系,8,7,1,4,0,0,0,3,1,0,0,0,0,8,7,1,8,7,1
108,私立,一般大學,1004,中原大學,07141030,電子工程學系,14,12,2,3,0,1,1,5,1,3,0,0,0,11,9,2,14,12,2
108,私立,一般大學,1004,中原大學,07141031,資訊工程學系,4,4,0,2,0,1,0,0,0,1,0,0,0,3,3,0,4,4,0
108,私立,一般大學,1004,中原大學,07151034,機械工程學系,29,28,1,5,0,4,0,17,1,2,0,0,0,27,26,1,29,28,1
108,私立,一般大學,1004,中原大學,07191041,工業與系統工程學系,14,11,3,2,1,0,0,7,2,2,0,0,0,12,9,3,14,11,3
108,私立,一般大學,1004,中原大學,07193043,生物醫學工程學系,8,5,3,0,0,2,0,2,3,1,0,0,0,7,4,3,8,5,3
108,私立,一般大學,1004,中原大學,07311046,建築學系,56,45,11,2,0,2,1,2,0,39,10,0,0,7,6,1,56,45,11
108,私立,一般大學,1004,中原大學,07312047,景觀學系,35,20,15,0,0,3,1,3,3,14,11,0,0,10,6,4,35,20,15
108,私立,一般大學,1004,中原大學,07321035,土木工程學系,10,10,0,1,0,1,0,6,0,2,0,0,0,8,8,0,10,10,0
108,私立,一般大學,1004,中原大學,99999Z01,通識教育中心,115,66,49,4,0,11,3,42,30,9,16,0,0,90,57,33,115,66,49
108,私立,一般大學,1004,中原大學,99999Z05,師資培育中心,4,2,2,0,0,0,0,1,0,1,2,0,0,1,1,0,4,2,2
108,私立,一般大學,1004,中原大學,99999Z07,體育室,21,19,2,0,0,1,0,5,0,13,2,0,0,6,6,0,21,19,2
108,私立,一般大學,1005,淡江大學學校財團法人淡江大學,01116092,教育科技學系,5,1,4,0,0,0,0,0,1,1,3,0,0,1,0,1,5,1,4
108,私立,一般大學,1005,淡江大學學校財團法人淡江大學,02221078,歷史學系,17,14,3,3,0,2,1,6,1,3,1,0,0,13,11,2,17,14,3
108,私立,一般大學,1005,淡江大學學校財團法人淡江大學,02311081,俄國語文學系,5,3,2,1,0,0,0,1,0,1,2,0,0,2,2,0,5,3,2
108,私立,一般大學,1005,淡江大學學校財團法人淡江大學,02311082,日本語文學系,38,10,28,0,0,0,3,1,2,9,23,0,0,6,1,5,38,10,28
108,私立,一般大學,1005,淡江大學學校財團法人淡江大學,02311084,西班牙語文學系,9,6,3,0,0,0,1,1,0,5,2,0,0,2,1,1,9,6,3
108,私立,一般大學,1005,淡江大學學校財團法人淡江大學,02311085,德國語文學系,11,2,9,0,0,0,0,0,0,2,9,0,0,0,0,0,11,2,9
108,私立,一般大學,1005,淡江大學學校財團法人淡江大學,02311086,法國語文學系,20,8,12,0,0,3,1,1,3,4,8,0,0,8,4,4,20,8,12
108,私立,一般大學,1005,淡江大學學校財團法人淡江大學,02311088,英文學系,70,27,43,1,0,2,3,7,5,17,35,0,0,18,10,8,70,27,43
108,私立,一般大學,1005,淡江大學學校財團法人淡江大學,02322090,中國文學學系,30,11,19,4,1,1,1,2,10,4,7,0,0,19,7,12,30,11,19
108,私立,一般大學,1005,淡江大學學校財團法人淡江大學,03111075,產業經濟學系,10,8,2,0,0,1,0,4,2,3,0,0,0,7,5,2,10,8,2
108,私立,一般大學,1005,淡江大學學校財團法人淡江大學,03111076,經濟學系,16,10,6,1,1,1,0,5,1,3,4,0,0,9,7,2,16,10,6
108,私立,一般大學,1005,淡江大學學校財團法人淡江大學,03122059,外交與國際關係學系,7,6,1,1,1,2,0,1,0,2,0,0,0,5,4,1,7,6,1
108,私立,一般大學,1005,淡江大學學校財團法人淡江大學,03122060,國際事務與戰略研究所,5,5,0,3,0,1,0,1,0,0,0,0,0,5,5,0,5,5,0
108,私立,一般大學,1005,淡江大學學校財團法人淡江大學,03131096,教育心理與諮商研究所,1,0,1,0,0,0,0,0,1,0,0,0,0,1,0,1,1,0,1
108,私立,一般大學,1005,淡江大學學校財團法人淡江大學,03143064,拉丁美洲研究所,1,1,0,1,0,0,0,0,0,0,0,0,0,1,1,0,1,1,0
108,私立,一般大學,1005,淡江大學學校財團法人淡江大學,03143067,中國大陸研究所,1,1,0,1,0,0,0,0,0,0,0,0,0,1,1,0,1,1,0
108,私立,一般大學,1005,淡江大學學校財團法人淡江大學,03143068,歐洲研究所,1,1,0,1,0,0,0,0,0,0,0,0,0,1,1,0,1,1,0
108,私立,一般大學,1005,淡江大學學校財團法人淡江大學,03143073,日本政經研究所,1,1,0,1,0,0,0,0,0,0,0,0,0,1,1,0,1,1,0
108,私立,一般大學,1005,淡江大學學校財團法人淡江大學,03191057,未來學研究所,3,2,1,0,0,0,0,2,1,0,0,0,0,3,2,1,3,2,1
108,私立,一般大學,1005,淡江大學學校財團法人淡江大學,03211055,大眾傳播學系,10,6,4,1,0,0,0,1,2,4,2,0,0,4,2,2,10,6,4
108,私立,一般大學,1005,淡江大學學校財團法人淡江大學,03214054,資訊傳播學系,5,2,3,0,0,0,0,2,0,0,3,0,0,2,2,0,5,2,3
108,私立,一般大學,1005,淡江大學學校財團法人淡江大學,03222052,資訊與圖書館學系,12,5,7,1,1,1,0,1,1,2,5,0,0,5,3,2,12,5,7
108,私立,一般大學,1005,淡江大學學校財團法人淡江大學,04111051,會計學系,13,5,8,0,0,0,1,2,5,3,2,0,0,8,2,6,13,5,8
108,私立,一般大學,1005,淡江大學學校財團法人淡江大學,04121037,財務金融學系,19,12,7,2,0,3,1,4,1,3,5,0,0,11,9,2,19,12,7
108,私立,一般大學,1005,淡江大學學校財團法人淡江大學,04123104,風險管理與保險學系,8,7,1,1,0,1,0,2,0,3,1,0,0,4,4,0,8,7,1
108,私立,一般大學,1005,淡江大學學校財團法人淡江大學,04131040,國際企業學系,12,9,3,2,0,0,1,2,1,5,1,0,0,6,4,2,12,9,3
108,私立,一般大學,1005,淡江大學學校財團法人淡江大學,04131047,管理科學學系,11,4,7,0,1,0,2,2,3,2,1,0,0,8,2,6,11,4,7
108,私立,一般大學,1005,淡江大學學校財團法人淡江大學,04131049,企業管理學系,18,15,3,0,0,0,1,5,2,10,0,0,0,8,5,3,18,15,3
108,私立,一般大學,1005,淡江大學學校財團法人淡江大學,04134061,公共行政學系,15,12,3,1,0,1,0,4,0,6,3,0,0,6,6,0,15,12,3
108,私立,一般大學,1005,淡江大學學校財團法人淡江大學,05311031,化學學系,3,1,2,1,1,0,0,0,1,0,0,0,0,3,1,2,3,1,2
108,私立,一般大學,1005,淡江大學學校財團法人淡江大學,05331030,物理學系,3,3,0,1,0,1,0,1,0,0,0,0,0,3,3,0,3,3,0
108,私立,一般大學,1005,淡江大學學校財團法人淡江大學,05411026,數學學系,12,10,2,4,1,2,0,3,0,1,1,0,0,10,9,1,12,10,2
108,私立,一般大學,1005,淡江大學學校財團法人淡江大學,05421024,統計學系,12,7,5,1,0,3,1,2,1,1,3,0,0,8,6,2,12,7,5
108,私立,一般大學,1005,淡江大學學校財團法人淡江大學,06131018,資訊工程學系,20,19,1,2,0,2,0,13,1,2,0,0,0,18,17,1,20,19,1
108,私立,一般大學,1005,淡江大學學校財團法人淡江大學,06131023,資訊管理學系,8,7,1,0,0,1,0,2,1,4,0,0,0,4,3,1,8,7,1
108,私立,一般大學,1005,淡江大學學校財團法人淡江大學,07111010,化學工程與材料工程學系,2,2,0,1,0,0,0,1,0,0,0,0,0,2,2,0,2,2,0
108,私立,一般大學,1005,淡江大學學校財團法人淡江大學,07122009,水資源及環境工程學系,9,8,1,1,0,3,0,4,0,0,1,0,0,8,8,0,9,8,1
108,私立,一般大學,1005,淡江大學學校財團法人淡江大學,07141019,電機工程學系,14,12,2,1,0,2,0,4,1,5,1,0,0,8,7,1,14,12,2
108,私立,一般大學,1005,淡江大學學校財團法人淡江大學,07151015,機械與機電工程學系,8,8,0,4,0,0,0,2,0,2,0,0,0,6,6,0,8,8,0
108,私立,一般大學,1005,淡江大學學校財團法人淡江大學,07162017,航空太空工程學系,4,4,0,2,0,1,0,0,0,1,0,0,0,3,3,0,4,4,0
108,私立,一般大學,1005,淡江大學學校財團法人淡江大學,07311007,建築學系,41,32,9,0,0,1,0,3,0,28,9,0,0,4,4,0,41,32,9
108,私立,一般大學,1005,淡江大學學校財團法人淡江大學,07321012,土木工程學系,14,14,0,2,0,2,0,8,0,2,0,0,0,12,12,0,14,14,0
108,私立,一般大學,1005,淡江大學學校財團法人淡江大學,10151005,國際觀光管理學系,3,0,3,0,0,0,0,0,1,0,2,0,0,1,0,1,3,0,3
108,私立,一般大學,1005,淡江大學學校財團法人淡江大學,10411002,運輸管理學系,3,3,0,0,0,0,0,0,0,3,0,0,0,0,0,0,3,3,0
108,私立,一般大學,1005,淡江大學學校財團法人淡江大學,99999Z01,通識與核心課程中心,8,5,3,0,0,0,0,2,1,3,2,0,0,3,2,1,8,5,3
108,私立,一般大學,1005,淡江大學學校財團法人淡江大學,99999Z05,師資培育中心,3,1,2,0,0,0,0,1,1,0,1,0,0,2,1,1,3,1,2
108,私立,一般大學,1005,淡江大學學校財團法人淡江大學,99999Z07,體育事務處,31,24,7,4,1,4,1,4,3,12,2,0,0,17,12,5,31,24,7
108,私立,一般大學,1006,中國文化大學,01111046,教育學系,1,1,0,1,0,0,0,0,0,0,0,0,0,1,1,0,1,1,0
108,私立,一般大學,1006,中國文化大學,01141023,體育學系,29,20,9,4,1,6,3,3,0,7,5,0,0,17,13,4,29,20,9
108,私立,一般大學,1006,中國文化大學,02111121,科技藝術碩士學位學程,2,2,0,0,0,1,0,1,0,0,0,0,0,2,2,0,2,2,0
108,私立,一般大學,1006,中國文化大學,02112060,數位媒體學士學位學程,16,9,7,0,1,1,0,4,0,4,6,0,0,6,5,1,16,9,7
108,私立,一般大學,1006,中國文化大學,02131059,美術學系,10,6,4,2,1,0,1,1,1,3,1,0,0,6,3,3,10,6,4
108,私立,一般大學,1006,中國文化大學,02151007,中國音樂學系,63,25,38,0,1,2,3,9,18,14,16,0,0,33,11,22,63,25,38
108,私立,一般大學,1006,中國文化大學,02151040,音樂學系,94,34,60,3,3,5,13,15,22,11,22,0,0,61,23,38,94,34,60
108,私立,一般大學,1006,中國文化大學,02152008,中國戲劇學系,12,7,5,0,0,1,1,4,4,2,0,0,0,10,5,5,12,7,5
108,私立,一般大學,1006,中國文化大學,02152009,舞蹈學系,11,4,7,0,2,0,2,2,0,2,3,0,0,6,2,4,11,4,7
108,私立,一般大學,1006,中國文化大學,02152043,戲劇學系,11,7,4,2,0,1,0,1,1,3,3,0,0,5,4,1,11,7,4
108,私立,一般大學,1006,中國文化大學,02221098,史學系,13,10,3,4,1,5,1,1,1,0,0,0,0,13,10,3,13,10,3
108,私立,一般大學,1006,中國文化大學,02231081,哲學系,8,7,1,3,0,1,0,3,0,0,1,0,0,7,7,0,8,7,1
108,私立,一般大學,1006,中國文化大學,02311010,韓國語文學系,5,4,1,2,0,1,0,1,1,0,0,0,0,5,4,1,5,4,1
108,私立,一般大學,1006,中國文化大學,02311047,俄國語文學系,3,1,2,0,0,1,0,0,1,0,1,0,0,2,1,1,3,1,2
108,私立,一般大學,1006,中國文化大學,02311052,英國語文學系,12,4,8,1,0,1,1,1,5,1,2,0,0,9,3,6,12,4,8
108,私立,一般大學,1006,中國文化大學,02311077,日本語文學系,13,7,6,1,0,4,0,0,1,2,5,0,0,6,5,1,13,7,6
108,私立,一般大學,1006,中國文化大學,02311079,德國語文學系,3,1,2,1,0,0,1,0,1,0,0,0,0,3,1,2,3,1,2
108,私立,一般大學,1006,中國文化大學,02311089,法國語文學系,7,4,3,0,0,1,0,1,2,2,1,0,0,4,2,2,7,4,3
108,私立,一般大學,1006,中國文化大學,02322001,中國文學系,40,9,31,5,3,0,4,4,20,0,4,0,0,36,9,27,40,9,31
108,私立,一般大學,1006,中國文化大學,03111099,經濟學系,13,10,3,4,0,1,1,5,2,0,0,0,0,13,10,3,13,10,3
108,私立,一般大學,1006,中國文化大學,03121011,國家發展與中國大陸研究所,5,4,1,3,0,0,0,1,1,0,0,0,0,5,4,1,5,4,1
108,私立,一般大學,1006,中國文化大學,03121061,政治學系,7,5,2,1,0,1,2,2,0,1,0,0,0,6,4,2,7,5,2
108,私立,一般大學,1006,中國文化大學,03131004,心理輔導學系,2,1,1,1,1,0,0,0,0,0,0,0,0,2,1,1,2,1,1
108,私立,一般大學,1006,中國文化大學,03142087,地學研究所,3,2,1,2,0,0,0,0,1,0,0,0,0,3,2,1,3,2,1
108,私立,一般大學,1006,中國文化大學,03199051,勞動暨人力資源學系,8,4,4,0,0,0,0,1,3,3,1,0,0,4,1,3,8,4,4
108,私立,一般大學,1006,中國文化大學,03211036,大眾傳播學系,6,4,2,0,0,1,0,2,0,1,2,0,0,3,3,0,6,4,2
108,私立,一般大學,1006,中國文化大學,03212033,新聞學系,13,11,2,0,0,4,0,2,1,5,1,0,0,7,6,1,13,11,2
108,私立,一般大學,1006,中國文化大學,03214101,資訊傳播學系,7,6,1,0,0,2,0,2,0,2,1,0,0,4,4,0,7,6,1
108,私立,一般大學,1006,中國文化大學,04111065,會計學系,12,9,3,1,0,1,1,2,0,5,2,0,0,5,4,1,12,9,3
108,私立,一般大學,1006,中國文化大學,04121037,財務金融學系,31,25,6,3,0,5,0,8,3,9,3,0,0,19,16,3,31,25,6
108,私立,一般大學,1006,中國文化大學,04131015,國際企業管理學系,54,23,31,5,1,5,2,5,7,8,21,0,0,25,15,10,54,23,31
108,私立,一般大學,1006,中國文化大學,04134012,行政管理學系,5,5,0,1,0,1,0,3,0,0,0,0,0,5,5,0,5,5,0
108,私立,一般大學,1006,中國文化大學,04134062,社會企業管理碩士在職學位學程,1,1,0,0,0,0,0,1,0,0,0,0,0,1,1,0,1,1,0
108,私立,一般大學,1006,中國文化大學,04134063,社會科學院澳門境外碩士在職專班,1,1,0,0,0,1,0,0,0,0,0,0,0,1,1,0,1,1,0
108,私立,一般大學,1006,中國文化大學,04141041,國際貿易學系,19,15,4,3,0,1,0,6,2,5,2,0,0,12,10,2,19,15,4
108,私立,一般大學,1006,中國文化大學,04143013,廣告學系,17,11,6,1,0,4,1,4,2,2,3,0,0,12,9,3,17,11,6
108,私立,一般大學,1006,中國文化大學,04143027,行銷碩士學位學程,1,1,0,1,0,0,0,0,0,0,0,0,0,1,1,0,1,1,0
108,私立,一般大學,1006,中國文化大學,04191014,全球商務學士學位學程,4,4,0,2,0,2,0,0,0,0,0,0,0,4,4,0,4,4,0
108,私立,一般大學,1006,中國文化大學,04199064,時尚與創意產業品牌建構及經營進修學士學位學程,11,6,5,0,0,0,1,2,2,4,2,0,0,5,2,3,11,6,5
108,私立,一般大學,1006,中國文化大學,04211020,法律學系,62,51,11,13,1,9,2,9,2,20,6,0,0,36,31,5,62,51,11
108,私立,一般大學,1006,中國文化大學,05111091,生命科學系,4,2,2,1,1,0,0,1,1,0,0,0,0,4,2,2,4,2,2
108,私立,一般大學,1006,中國文化大學,05191057,保健營養學系,4,0,4,0,0,0,1,0,0,0,3,0,0,1,0,1,4,0,4
108,私立,一般大學,1006,中國文化大學,05311026,化學系,4,4,0,1,0,2,0,1,0,0,0,0,0,4,4,0,4,4,0
108,私立,一般大學,1006,中國文化大學,05321083,土地資源學系,5,4,1,2,0,1,0,1,0,0,1,0,0,4,4,0,5,4,1
108,私立,一般大學,1006,中國文化大學,05321112,地質學系,2,2,0,0,0,1,0,1,0,0,0,0,0,2,2,0,2,2,0
108,私立,一般大學,1006,中國文化大學,05322097,大氣科學系,3,3,0,2,0,1,0,0,0,0,0,0,0,3,3,0,3,3,0
108,私立,一般大學,1006,中國文化大學,05331115,光電物理學系,6,5,1,1,0,1,0,2,1,1,0,0,0,5,4,1,6,5,1
108,私立,一般大學,1006,中國文化大學,05411114,應用數學系,10,9,1,1,0,3,0,2,1,3,0,0,0,7,6,1,10,9,1
108,私立,一般大學,1006,中國文化大學,06131021,資訊工程學系,9,9,0,0,0,2,0,5,0,2,0,0,0,7,7,0,9,9,0
108,私立,一般大學,1006,中國文化大學,06132006,資訊管理學系,26,21,5,2,0,4,0,14,3,1,2,0,0,23,20,3,26,21,5
108,私立,一般大學,1006,中國文化大學,07111028,化學工程與材料工程學系,7,7,0,1,0,2,0,3,0,1,0,0,0,6,6,0,7,7,0
108,私立,一般大學,1006,中國文化大學,07112C01,紡織產業碩士專班,3,3,0,0,0,0,0,3,0,0,0,0,0,3,3,0,3,3,0
108,私立,一般大學,1006,中國文化大學,07141085,電機工程學系,1,1,0,0,0,0,0,1,0,0,0,0,0,1,1,0,1,1,0
108,私立,一般大學,1006,中國文化大學,07151107,機械工程學系,8,8,0,0,0,2,0,4,0,2,0,0,0,6,6,0,8,8,0
108,私立,一般大學,1006,中國文化大學,07192108,紡織工程學系,5,3,2,0,0,1,1,2,1,0,0,0,0,5,3,2,5,3,2
108,私立,一般大學,1006,中國文化大學,07311068,建築及都市設計學系,40,37,3,2,0,4,0,14,1,17,2,0,0,21,20,1,40,37,3
108,私立,一般大學,1006,中國文化大學,07312103,景觀學系,23,12,11,1,0,3,4,3,4,5,3,0,0,15,7,8,23,12,11
108,私立,一般大學,1006,中國文化大學,07313118,都市計劃與開發管理學系,12,9,3,2,0,1,0,1,0,5,3,0,0,4,4,0,12,9,3
108,私立,一般大學,1006,中國文化大學,08112116,動物科學系,1,1,0,1,0,0,0,0,0,0,0,0,0,1,1,0,1,1,0
108,私立,一般大學,1006,中國文化大學,08121106,園藝暨生物技術學系,3,3,0,2,0,0,0,0,0,1,0,0,0,2,2,0,3,3,0
108,私立,一般大學,1006,中國文化大學,08211054,森林暨自然保育學系,1,1,0,0,0,1,0,0,0,0,0,0,0,1,1,0,1,1,0
108,私立,一般大學,1006,中國文化大學,09221069,青少年兒童福利碩士學位學程,2,1,1,0,1,0,0,1,0,0,0,0,0,2,1,1,2,1,1
108,私立,一般大學,1006,中國文化大學,09299082,社會福利學系,5,2,3,0,0,1,0,0,0,1,3,0,0,1,1,0,5,2,3
108,私立,一般大學,1006,中國文化大學,10111090,生活應用科學系,3,0,3,0,0,0,2,0,0,0,1,0,0,2,0,2,3,0,3
108,私立,一般大學,1006,中國文化大學,10141002,技擊運動暨國術學系,9,8,1,1,0,2,0,1,0,4,1,0,0,4,4,0,9,8,1
108,私立,一般大學,1006,中國文化大學,10142093,運動與健康促進學系,11,6,5,0,0,1,0,5,1,0,4,0,0,7,6,1,11,6,5
108,私立,一般大學,1006,中國文化大學,10151005,觀光事業學系,5,4,1,0,0,2,1,2,0,0,0,0,0,5,4,1,5,4,1
108,私立,一般大學,1006,中國文化大學,10151070,休閒事業管理學士學位學程,4,3,1,0,0,0,0,1,0,2,1,0,0,1,1,0,4,3,1
108,私立,一般大學,1006,中國文化大學,99999Z08,語文教學中心,35,13,22,1,0,0,1,1,2,11,19,0,0,5,2,3,35,13,22
108,私立,一般大學,1007,逢甲大學,02311002,外國語文學系,6,5,1,0,0,2,0,2,0,1,1,0,0,4,4,0,6,5,1
108,私立,一般大學,1007,逢甲大學,02322001,中國文學系,4,4,0,3,0,1,0,0,0,0,0,0,0,4,4,0,4,4,0
108,私立,一般大學,1007,逢甲大學,03111009,經濟學系,6,5,1,1,0,3,1,1,0,0,0,0,0,6,5,1,6,5,1
108,私立,一般大學,1007,逢甲大學,03111012,合作經濟暨社會事業經營學系,5,5,0,1,0,3,0,1,0,0,0,0,0,5,5,0,5,5,0
108,私立,一般大學,1007,逢甲大學,04111017,會計學系,18,11,7,3,0,1,0,5,5,2,2,0,0,14,9,5,18,11,7
108,私立,一般大學,1007,逢甲大學,04121025,財務金融學系,4,2,2,1,0,0,0,0,1,1,1,0,0,2,1,1,4,2,2
108,私立,一般大學,1007,逢甲大學,04122032,財稅學系,4,2,2,1,0,1,0,0,0,0,2,0,0,2,2,0,4,2,2
108,私立,一般大學,1007,逢甲大學,04123029,風險管理與保險學系,8,8,0,1,0,4,0,2,0,1,0,0,0,7,7,0,8,8,0
108,私立,一般大學,1007,逢甲大學,04131019,企業管理學系,10,7,3,1,0,1,0,5,3,0,0,0,0,10,7,3,10,7,3
108,私立,一般大學,1007,逢甲大學,04134086,土地管理學系,7,7,0,2,0,0,0,4,0,1,0,0,0,6,6,0,7,7,0
108,私立,一般大學,1007,逢甲大學,04141024,國際經營與貿易學系,14,10,4,2,0,2,0,6,3,0,1,0,0,13,10,3,14,10,4
108,私立,一般大學,1007,逢甲大學,04143033,行銷學系,5,4,1,0,0,0,0,4,1,0,0,0,0,5,4,1,5,4,1
108,私立,一般大學,1007,逢甲大學,04191014,商學進修學士學位學程,7,7,0,1,0,1,0,4,0,1,0,0,0,6,6,0,7,7,0
108,私立,一般大學,1007,逢甲大學,04199035,澳洲墨爾本皇家理工大學商學與創新雙學士學位學程,2,2,0,0,0,0,0,1,0,1,0,0,0,1,1,0,2,2,0
108,私立,一般大學,1007,逢甲大學,04199037,專案管理碩士在職學位學程,2,2,0,0,0,0,0,2,0,0,0,0,0,2,2,0,2,2,0
108,私立,一般大學,1007,逢甲大學,04199092,美國加州聖荷西州立大學商學大數據分析雙學士學位學程,2,0,2,0,0,0,0,0,0,0,2,0,0,0,0,0,2,0,2
108,私立,一般大學,1007,逢甲大學,04199096,建設碩士在職學位學程,5,3,2,0,0,0,1,3,1,0,0,0,0,5,3,2,5,3,2
108,私立,一般大學,1007,逢甲大學,04199Y23,建設學院,1,1,0,1,0,0,0,0,0,0,0,0,0,1,1,0,1,1,0
108,私立,一般大學,1007,逢甲大學,04199Y29,經營管理學院,8,8,0,7,0,1,0,0,0,0,0,0,0,8,8,0,8,8,0
108,私立,一般大學,1007,逢甲大學,04212038,財經法律研究所,8,8,0,2,0,3,0,2,0,1,0,0,0,7,7,0,8,8,0
108,私立,一般大學,1007,逢甲大學,05411039,應用數學系,8,6,2,1,0,0,1,3,1,2,0,0,0,6,4,2,8,6,2
108,私立,一般大學,1007,逢甲大學,05421040,統計學系,12,10,2,4,0,6,2,0,0,0,0,0,0,12,10,2,12,10,2
108,私立,一般大學,1007,逢甲大學,06131048,資訊工程學系,2,2,0,1,0,0,0,1,0,0,0,0,0,2,2,0,2,2,0
108,私立,一般大學,1007,逢甲大學,07111068,化學工程學系,6,4,2,2,0,1,1,1,1,0,0,0,0,6,4,2,6,4,2
108,私立,一般大學,1007,逢甲大學,07112069,材料科學與工程學系,6,4,2,1,0,1,0,2,2,0,0,0,0,6,4,2,6,4,2
108,私立,一般大學,1007,逢甲大學,07121075,環境工程與科學學系,7,5,2,1,0,1,0,3,2,0,0,0,0,7,5,2,7,5,2
108,私立,一般大學,1007,逢甲大學,07122077,水利工程與資源保育學系,10,10,0,1,0,1,0,8,0,0,0,0,0,10,10,0,10,10,0
108,私立,一般大學,1007,逢甲大學,07132079,綠色能源科技碩士學位學程,3,3,0,0,0,1,0,2,0,0,0,0,0,3,3,0,3,3,0
108,私立,一般大學,1007,逢甲大學,07141044,電機工程學系,3,3,0,1,0,1,0,1,0,0,0,0,0,3,3,0,3,3,0
108,私立,一般大學,1007,逢甲大學,07141050,通訊工程學系,1,1,0,1,0,0,0,0,0,0,0,0,0,1,1,0,1,1,0
108,私立,一般大學,1007,逢甲大學,07141052,自動控制工程學系,6,6,0,1,0,1,0,4,0,0,0,0,0,6,6,0,6,6,0
108,私立,一般大學,1007,逢甲大學,07141101,光電科學與工程學系,2,2,0,2,0,0,0,0,0,0,0,0,0,2,2,0,2,2,0
108,私立,一般大學,1007,逢甲大學,07141107,美國加州聖荷西州立大學工程雙學士學位學程,2,1,1,0,0,0,0,0,0,1,1,0,0,0,0,0,2,1,1
108,私立,一般大學,1007,逢甲大學,07151061,機械與電腦輔助工程學系,12,12,0,2,0,3,0,7,0,0,0,0,0,12,12,0,12,12,0
108,私立,一般大學,1007,逢甲大學,07151062,精密系統設計學士學位學程,3,3,0,0,0,1,0,2,0,0,0,0,0,3,3,0,3,3,0
108,私立,一般大學,1007,逢甲大學,07162059,航太與系統工程學系,12,11,1,3,0,2,0,5,1,1,0,0,0,11,10,1,12,11,1
108,私立,一般大學,1007,逢甲大學,07191072,工業工程與系統管理學系,2,2,0,1,0,1,0,0,0,0,0,0,0,2,2,0,2,2,0
108,私立,一般大學,1007,逢甲大學,07192074,纖維與複合材料學系,15,8,7,2,2,2,1,4,3,0,1,0,0,14,8,6,15,8,7
108,私立,一般大學,1007,逢甲大學,07193078,生醫資訊暨生醫工程碩士學位學程,4,4,0,0,0,1,0,3,0,0,0,0,0,4,4,0,4,4,0
108,私立,一般大學,1007,逢甲大學,07199080,電聲碩士學位學程,4,4,0,1,0,2,0,1,0,0,0,0,0,4,4,0,4,4,0
108,私立,一般大學,1007,逢甲大學,07311083,建築專業學院,102,85,17,3,0,7,2,25,3,50,12,0,0,40,35,5,102,85,17
108,私立,一般大學,1007,逢甲大學,07312084,景觀與遊憩碩士學位學程,2,2,0,0,0,0,0,2,0,0,0,0,0,2,2,0,2,2,0
108,私立,一般大學,1007,逢甲大學,07313087,都市計畫與空間資訊學系,19,15,4,0,1,1,0,12,3,2,0,0,0,17,13,4,19,15,4
108,私立,一般大學,1007,逢甲大學,07321063,土木工程學系,20,18,2,3,0,3,0,9,2,3,0,0,0,17,15,2,20,18,2
108,私立,一般大學,1007,逢甲大學,07399102,智慧城市國際碩士學位學程,1,1,0,0,0,0,0,1,0,0,0,0,0,1,1,0,1,1,0
108,私立,一般大學,1007,逢甲大學,10411093,運輸與物流學系,7,7,0,1,0,1,0,5,0,0,0,0,0,7,7,0,7,7,0
108,私立,一般大學,1007,逢甲大學,99999Z01,通識教育中心,91,58,33,2,0,6,6,41,22,9,5,0,0,77,49,28,91,58,33
108,私立,一般大學,1007,逢甲大學,99999Z07,體育教學中心,10,6,4,0,1,2,1,4,2,0,0,0,0,10,6,4,10,6,4
108,私立,一般大學,1007,逢甲大學,99999Z08,外語教學中心,41,8,33,0,1,0,0,2,6,6,26,0,0,9,2,7,41,8,33
108,私立,一般大學,1007,逢甲大學,99999Z08,國語文教學中心,32,14,18,0,0,0,0,12,12,2,6,0,0,24,12,12,32,14,18
108,私立,一般大學,1007,逢甲大學,99999Z99,物理教學研究中心,6,5,1,1,0,2,1,2,0,0,0,0,0,6,5,1,6,5,1
108,私立,一般大學,1008,靜宜大學,01111001,教育研究所,2,1,1,0,0,0,1,1,0,0,0,0,0,2,1,1,2,1,1
108,私立,一般大學,1008,靜宜大學,02299Y13,人文暨社會科學院,8,6,2,1,0,1,0,4,1,0,1,0,0,7,6,1,8,6,2
108,私立,一般大學,1008,靜宜大學,02311004,英國語文學系,23,9,14,1,1,0,2,1,2,7,9,0,0,7,2,5,23,9,14
108,私立,一般大學,1008,靜宜大學,02311005,西班牙語文學系,17,3,14,0,0,1,0,0,3,2,11,0,0,4,1,3,17,3,14
108,私立,一般大學,1008,靜宜大學,02311006,日本語文學系,28,5,23,0,1,1,0,0,5,4,17,0,0,7,1,6,28,5,23
108,私立,一般大學,1008,靜宜大學,02311007,寰宇外語教育學士學位學程,2,0,2,0,0,0,0,0,0,0,2,0,0,0,0,0,2,0,2
108,私立,一般大學,1008,靜宜大學,02321002,台灣文學系,7,5,2,0,0,1,1,1,0,3,1,0,0,3,2,1,7,5,2
108,私立,一般大學,1008,靜宜大學,02322003,中國文學系,9,5,4,2,0,1,0,0,1,2,3,0,0,4,3,1,9,5,4
108,私立,一般大學,1008,靜宜大學,03141038,犯罪防治碩士學位學程,1,1,0,1,0,0,0,0,0,0,0,0,0,1,1,0,1,1,0
108,私立,一般大學,1008,靜宜大學,03211008,大眾傳播學系,7,3,4,0,0,0,0,1,0,2,4,0,0,1,1,0,7,3,4
108,私立,一般大學,1008,靜宜大學,04111011,會計學系,14,7,7,0,0,1,3,4,1,2,3,0,0,9,5,4,14,7,7
108,私立,一般大學,1008,靜宜大學,04121019,財務金融學系,17,11,6,1,0,0,0,3,2,7,4,0,0,6,4,2,17,11,6
108,私立,一般大學,1008,靜宜大學,04131010,寰宇管理碩士學位學程,1,0,1,0,1,0,0,0,0,0,0,0,0,1,0,1,1,0,1
108,私立,一般大學,1008,靜宜大學,04131012,企業管理學系,7,6,1,0,0,1,0,3,0,2,1,0,0,4,4,0,7,6,1
108,私立,一般大學,1008,靜宜大學,04131014,管理碩士在職專班,7,6,1,4,0,1,0,1,1,0,0,0,0,7,6,1,7,6,1
108,私立,一般大學,1008,靜宜大學,04131015,國際企業學系,14,10,4,1,0,2,0,5,2,2,2,0,0,10,8,2,14,10,4
108,私立,一般大學,1008,靜宜大學,04131018,創新與創業管理碩士學位學程,1,1,0,0,0,0,0,1,0,0,0,0,0,1,1,0,1,1,0
108,私立,一般大學,1008,靜宜大學,04191010,寰宇管理學士學位學程,2,2,0,0,0,0,0,1,0,1,0,0,0,1,1,0,2,2,0
108,私立,一般大學,1008,靜宜大學,04199Y31,管理學院,1,1,0,0,0,0,0,0,0,1,0,0,0,0,0,0,1,1,0
108,私立,一般大學,1008,靜宜大學,04211020,法律學系,16,13,3,0,0,0,0,4,0,9,3,0,0,4,4,0,16,13,3
108,私立,一般大學,1008,靜宜大學,05191031,食品營養學系,12,9,3,3,2,0,0,6,0,0,1,0,0,11,9,2,12,9,3
108,私立,一般大學,1008,靜宜大學,05212021,生態人文學系,4,4,0,0,0,0,0,2,0,2,0,0,0,2,2,0,4,4,0
108,私立,一般大學,1008,靜宜大學,05311023,應用化學系,5,5,0,3,0,0,0,2,0,0,0,0,0,5,5,0,5,5,0
108,私立,一般大學,1008,靜宜大學,05499036,財務工程學系,5,5,0,0,0,2,0,2,0,1,0,0,0,4,4,0,5,5,0
108,私立,一般大學,1008,靜宜大學,05499037,資料科學暨大數據分析與應用學系,7,7,0,0,0,0,0,5,0,2,0,0,0,5,5,0,7,7,0
108,私立,一般大學,1008,靜宜大學,06131027,資訊管理學系,9,9,0,1,0,1,0,2,0,5,0,0,0,4,4,0,9,9,0
108,私立,一般大學,1008,靜宜大學,06132009,資訊傳播工程學系,8,5,3,1,0,0,0,0,0,4,3,0,0,1,1,0,8,5,3
108,私立,一般大學,1008,靜宜大學,06199Y39,資訊學院,4,2,2,0,0,0,0,1,0,1,2,0,0,1,1,0,4,2,2
108,私立,一般大學,1008,靜宜大學,07141030,資訊工程學系,5,4,1,2,0,0,0,1,0,1,1,0,0,3,3,0,5,4,1
108,私立,一般大學,1008,靜宜大學,09161035,化粧品科學系,21,14,7,1,0,5,2,4,2,4,3,0,0,14,10,4,21,14,7
108,私立,一般大學,1008,靜宜大學,09231032,社會工作與兒童少年福利學系,29,11,18,0,0,1,0,3,2,7,16,0,0,6,4,2,29,11,18
108,私立,一般大學,1008,靜宜大學,10151034,觀光事業學系,17,11,6,1,0,3,1,4,2,3,3,0,0,11,8,3,17,11,6
108,私立,一般大學,1008,靜宜大學,99999Z01,通識教育中心,62,40,22,2,0,2,1,20,6,16,15,0,0,31,24,7,62,40,22
108,私立,一般大學,1008,靜宜大學,99999Z05,師資培育中心,8,4,4,0,0,0,0,2,1,2,3,0,0,3,2,1,8,4,4
108,私立,一般大學,1008,靜宜大學,99999Z07,體育室,24,18,6,0,0,1,0,2,1,15,5,0,0,4,3,1,24,18,6
108,私立,一般大學,1008,靜宜大學,99999Z08,外語教學中心,37,10,27,0,0,0,0,2,2,8,25,0,0,4,2,2,37,10,27
108,私立,一般大學,1008,靜宜大學,99999Z99,閱讀書寫暨素養課程研發中心,13,6,7,0,0,0,1,3,3,3,3,0,0,7,3,4,13,6,7
108,私立,一般大學,1009,長庚大學,02122001,工業設計學系,5,4,1,0,0,0,0,0,0,4,1,0,0,0,0,0,5,4,1
108,私立,一般大學,1009,長庚大學,04131005,工商管理學系,4,3,1,1,0,2,0,0,0,0,1,0,0,3,3,0,4,3,1
108,私立,一般大學,1009,長庚大學,04131008,商管專業學院碩士學位學程,2,2,0,0,0,0,0,2,0,0,0,0,0,2,2,0,2,2,0
108,私立,一般大學,1009,長庚大學,05123012,生物醫學研究所,4,2,2,0,1,0,0,2,1,0,0,0,0,4,2,2,4,2,2
108,私立,一般大學,1009,長庚大學,06131013,資訊管理學系,2,2,0,0,0,0,0,2,0,0,0,0,0,2,2,0,2,2,0
108,私立,一般大學,1009,長庚大學,07193027,生物醫學工程研究所,1,1,0,0,0,0,0,1,0,0,0,0,0,1,1,0,1,1,0
108,私立,一般大學,1009,長庚大學,09111049,顱顏口腔醫學研究所,3,3,0,1,0,1,0,1,0,0,0,0,0,3,3,0,3,3,0
108,私立,一般大學,1009,長庚大學,09121028,醫學系,425,359,66,73,6,111,12,142,37,33,11,0,0,381,326,55,425,359,66
108,私立,一般大學,1009,長庚大學,09121029,臨床醫學研究所,2,2,0,2,0,0,0,0,0,0,0,0,0,2,2,0,2,2,0
108,私立,一般大學,1009,長庚大學,09131040,護理學系,43,1,42,0,0,0,2,0,1,1,39,0,0,3,0,3,43,1,42
108,私立,一般大學,1009,長庚大學,09141046,醫學生物技術暨檢驗學系,16,5,11,0,1,1,0,1,4,3,6,0,0,7,2,5,16,5,11
108,私立,一般大學,1009,長庚大學,09141048,醫學影像暨放射科學系,35,28,7,4,1,4,0,10,4,10,2,0,0,23,18,5,35,28,7
108,私立,一般大學,1009,長庚大學,09151037,物理治療學系,5,0,5,0,0,0,0,0,2,0,3,0,0,2,0,2,5,0,5
108,私立,一般大學,1009,長庚大學,09171031,中醫學系,52,45,7,13,1,15,0,10,4,7,2,0,0,43,38,5,52,45,7
108,私立,一般大學,1009,長庚大學,09199042,呼吸治療學系,8,3,5,1,0,1,0,1,0,0,5,0,0,3,3,0,8,3,5
108,私立,一般大學,1009,長庚大學,99999Z01,通識教育中心,4,1,3,0,0,0,0,0,0,1,3,0,0,0,0,0,4,1,3
108,私立,一般大學,1010,元智大學,02191001,藝術與設計學系,16,12,4,0,0,0,0,1,0,11,4,0,0,1,1,0,16,12,4
108,私立,一般大學,1010,元智大學,02299047,文化產業與文化政策博士學位學程,1,1,0,0,0,1,0,0,0,0,0,0,0,1,1,0,1,1,0
108,私立,一般大學,1010,元智大學,02299049,人文社會學院英語學士班,5,4,1,0,0,0,0,2,0,2,1,0,0,2,2,0,5,4,1
108,私立,一般大學,1010,元智大學,02311007,應用外語學系,8,2,6,0,0,0,1,1,1,1,4,0,0,3,1,2,8,2,6
108,私立,一般大學,1010,元智大學,02322004,中國語文學系,5,3,2,0,0,0,0,2,0,1,2,0,0,2,2,0,5,3,2
108,私立,一般大學,1010,元智大學,03141009,社會暨政策科學學系,10,5,5,3,0,1,0,0,2,1,3,0,0,6,4,2,10,5,5
108,私立,一般大學,1010,元智大學,04199Y31,管理學院,33,20,13,1,0,7,2,10,6,2,5,0,0,26,18,8,33,20,13
108,私立,一般大學,1010,元智大學,05121025,生物科技與工程研究所,2,2,0,2,0,0,0,0,0,0,0,0,0,2,2,0,2,2,0
108,私立,一般大學,1010,元智大學,05124027,生物與醫學資訊碩士學位學程,1,1,0,0,0,0,0,1,0,0,0,0,0,1,1,0,1,1,0
108,私立,一般大學,1010,元智大學,06131028,資訊工程學系,12,12,0,2,0,1,0,6,0,3,0,0,0,9,9,0,12,12,0
108,私立,一般大學,1010,元智大學,06131051,資訊學院英語學士班,2,2,0,0,0,2,0,0,0,0,0,0,0,2,2,0,2,2,0
108,私立,一般大學,1010,元智大學,06133013,資訊傳播學系,9,6,3,0,0,1,0,2,0,3,3,0,0,3,3,0,9,6,3
108,私立,一般大學,1010,元智大學,07111041,化學工程與材料科學學系,12,10,2,2,1,1,0,6,1,1,0,0,0,11,9,2,12,10,2
108,私立,一般大學,1010,元智大學,07141033,電機工程學系,19,17,2,3,0,4,0,10,2,0,0,0,0,19,17,2,19,17,2
108,私立,一般大學,1010,元智大學,07151037,機械工程學系,11,11,0,3,0,1,0,7,0,0,0,0,0,11,11,0,11,11,0
108,私立,一般大學,1010,元智大學,07191043,工業工程與管理學系,8,6,2,0,0,1,0,4,2,1,0,0,0,7,5,2,8,6,2
108,私立,一般大學,1010,元智大學,07194050,工程學院英語學士班,1,0,1,0,0,0,0,0,0,0,1,0,0,0,0,0,1,0,1
108,私立,一般大學,1010,元智大學,99999Z01,通識教學部,56,35,21,5,1,6,3,16,12,8,5,0,0,43,27,16,56,35,21
108,私立,一般大學,1010,元智大學,99999Z07,體育室,18,13,5,0,0,0,0,4,0,9,5,0,0,4,4,0,18,13,5
108,私立,一般大學,1010,元智大學,99999Z08,國際語言文化中心,47,11,36,0,0,0,0,1,4,10,32,0,0,5,1,4,47,11,36
108,私立,一般大學,1011,中華大學學校財團法人中華大學,02123004,工業產品設計學系,7,5,2,0,0,0,0,1,0,4,2,0,0,1,1,0,7,5,2
108,私立,一般大學,1011,中華大學學校財團法人中華大學,02124005,建築與設計學院,12,8,4,0,0,0,0,2,1,6,3,0,0,3,2,1,12,8,4
108,私立,一般大學,1011,中華大學學校財團法人中華大學,02311002,應用日語學系,8,2,6,0,0,0,0,0,0,2,6,0,0,0,0,0,8,2,6
108,私立,一般大學,1011,中華大學學校財團法人中華大學,04121012,財務管理學系,1,0,1,0,0,0,0,0,0,0,1,0,0,0,0,0,1,0,1
108,私立,一般大學,1011,中華大學學校財團法人中華大學,04131007,企業管理學系,2,0,2,0,0,0,1,0,0,0,1,0,0,1,0,1,2,0,2
108,私立,一般大學,1011,中華大學學校財團法人中華大學,04131007,英國西英格蘭大學企業管理雙學士學位學程,1,1,0,0,0,0,0,0,0,1,0,0,0,0,0,0,1,1,0
108,私立,一般大學,1011,中華大學學校財團法人中華大學,04131017,管理學院,4,2,2,0,0,0,0,2,2,0,0,0,0,4,2,2,4,2,2
108,私立,一般大學,1011,中華大學學校財團法人中華大學,04134006,行政管理學系,1,1,0,0,0,0,0,0,0,1,0,0,0,0,0,0,1,1,0
108,私立,一般大學,1011,中華大學學校財團法人中華大學,04199014,科技管理學系,4,4,0,2,0,0,0,2,0,0,0,0,0,4,4,0,4,4,0
108,私立,一般大學,1011,中華大學學校財團法人中華大學,04199016,營建管理學系,3,3,0,0,0,0,0,2,0,1,0,0,0,2,2,0,3,3,0
108,私立,一般大學,1011,中華大學學校財團法人中華大學,04199Y31,管理學院,1,1,0,1,0,0,0,0,0,0,0,0,0,1,1,0,1,1,0
108,私立,一般大學,1011,中華大學學校財團法人中華大學,06131025,資訊工程學系,2,2,0,1,0,0,0,1,0,0,0,0,0,2,2,0,2,2,0
108,私立,一般大學,1011,中華大學學校財團法人中華大學,07141022,電機工程學系,1,1,0,0,0,0,0,1,0,0,0,0,0,1,1,0,1,1,0
108,私立,一般大學,1011,中華大學學校財團法人中華大學,07141024,電子工程學系,5,5,0,0,0,3,0,2,0,0,0,0,0,5,5,0,5,5,0
108,私立,一般大學,1011,中華大學學校財團法人中華大學,07151028,機械工程學系,1,1,0,0,0,0,0,1,0,0,0,0,0,1,1,0,1,1,0
108,私立,一般大學,1011,中華大學學校財團法人中華大學,07191015,工業管理學系,1,1,0,0,0,1,0,0,0,0,0,0,0,1,1,0,1,1,0
108,私立,一般大學,1011,中華大學學校財團法人中華大學,07199053,光電與材料工程學系,2,2,0,1,0,0,0,1,0,0,0,0,0,2,2,0,2,2,0
108,私立,一般大學,1011,中華大學學校財團法人中華大學,07199Y53,資訊電機學院,1,1,0,0,0,1,0,0,0,0,0,0,0,1,1,0,1,1,0
108,私立,一般大學,1011,中華大學學校財團法人中華大學,07311038,建築與都市計畫學系,47,39,8,1,1,4,0,4,2,30,5,0,0,12,9,3,47,39,8
108,私立,一般大學,1011,中華大學學校財團法人中華大學,07312039,景觀建築學系,8,6,2,0,0,1,0,2,0,3,2,0,0,3,3,0,8,6,2
108,私立,一般大學,1011,中華大學學校財團法人中華大學,07321032,土木工程學系,5,4,1,1,0,1,0,2,1,0,0,0,0,5,4,1,5,4,1
108,私立,一般大學,1011,中華大學學校財團法人中華大學,10131041,餐旅管理學系,7,3,4,0,0,0,0,1,3,2,1,0,0,4,1,3,7,3,4
108,私立,一般大學,1011,中華大學學校財團法人中華大學,99999Z01,通識教育中心,19,12,7,1,0,2,0,4,2,5,5,0,0,9,7,2,19,12,7
108,私立,一般大學,1011,中華大學學校財團法人中華大學,99999Z07,體育室,1,1,0,0,0,0,0,0,0,1,0,0,0,0,0,0,1,1,0
108,私立,一般大學,1012,大葉大學,01111001,教育專業發展研究所,1,1,0,0,0,1,0,0,0,0,0,0,0,1,1,0,1,1,0
108,私立,一般大學,1012,大葉大學,02112011,視覺傳達設計學系,23,16,7,0,0,2,0,2,0,12,7,0,0,4,4,0,23,16,7
108,私立,一般大學,1012,大葉大學,02112037,多媒體數位內容學士學位學程,6,4,2,0,0,0,0,0,1,4,1,0,0,1,0,1,6,4,2
108,私立,一般大學,1012,大葉大學,02121002,造形藝術學系,14,8,6,0,0,0,0,0,1,8,5,0,0,1,0,1,14,8,6
108,私立,一般大學,1012,大葉大學,02122015,設計暨藝術學院,3,3,0,0,0,1,0,2,0,0,0,0,0,3,3,0,3,3,0
108,私立,一般大學,1012,大葉大學,02123012,工業設計學系,8,7,1,0,0,1,0,1,0,5,1,0,0,2,2,0,8,7,1
108,私立,一般大學,1012,大葉大學,02123013,綠色產品設計學士學位學程,2,2,0,0,0,0,0,0,0,2,0,0,0,0,0,0,2,2,0
108,私立,一般大學,1012,大葉大學,02124014,空間設計學系,37,26,11,0,0,0,0,4,1,22,10,0,0,5,4,1,37,26,11
108,私立,一般大學,1012,大葉大學,02311004,英語學系,1,1,0,1,0,0,0,0,0,0,0,0,0,1,1,0,1,1,0
108,私立,一般大學,1012,大葉大學,02311006,應用日語學系,15,7,8,0,0,2,0,2,4,3,4,0,0,8,4,4,15,7,8
108,私立,一般大學,1012,大葉大學,02311016,歐洲文化與旅遊學士學位學程,4,1,3,0,0,0,0,0,0,1,3,0,0,0,0,0,4,1,3
108,私立,一般大學,1012,大葉大學,02399Y17,外語學院,2,0,2,0,0,0,0,0,0,0,2,0,0,0,0,0,2,0,2
108,私立,一般大學,1012,大葉大學,03211018,傳播藝術學士學位學程,7,5,2,0,0,1,0,2,0,2,2,0,0,3,3,0,7,5,2
108,私立,一般大學,1012,大葉大學,04111020,會計資訊學系,3,2,1,0,0,0,0,0,1,2,0,0,0,1,0,1,3,2,1
108,私立,一般大學,1012,大葉大學,04121025,財務金融學系,12,10,2,0,0,0,0,3,0,7,2,0,0,3,3,0,12,10,2
108,私立,一般大學,1012,大葉大學,04131021,企業管理學系,13,11,2,0,0,2,0,4,0,5,2,0,0,6,6,0,13,11,2
108,私立,一般大學,1012,大葉大學,04131024,國際企業管理學系,6,4,2,0,1,1,0,1,1,2,0,0,0,4,2,2,6,4,2
108,私立,一般大學,1012,大葉大學,04142028,人力資源暨公共關係學系,4,4,0,1,0,0,0,1,0,2,0,0,0,2,2,0,4,4,0
108,私立,一般大學,1012,大葉大學,04199029,管理學院博士班,1,1,0,1,0,0,0,0,0,0,0,0,0,1,1,0,1,1,0
108,私立,一般大學,1012,大葉大學,04199029,管理學院碩士在職專班,1,1,0,1,0,0,0,0,0,0,0,0,0,1,1,0,1,1,0
108,私立,一般大學,1012,大葉大學,05121033,生物資源學系,1,1,0,0,0,0,0,1,0,0,0,0,0,1,1,0,1,1,0
108,私立,一般大學,1012,大葉大學,05121080,生物醫學系,3,3,0,1,0,1,0,0,0,1,0,0,0,2,2,0,3,3,0
108,私立,一般大學,1012,大葉大學,06131036,資訊管理學系,4,3,1,0,0,0,0,3,1,0,0,0,0,4,3,1,4,3,1
108,私立,一般大學,1012,大葉大學,06131039,資訊工程學系,2,2,0,0,0,1,0,1,0,0,0,0,0,2,2,0,2,2,0
108,私立,一般大學,1012,大葉大學,07121054,環境工程學系,6,6,0,3,0,1,0,2,0,0,0,0,0,6,6,0,6,6,0
108,私立,一般大學,1012,大葉大學,07141038,電機工程學系,4,4,0,0,0,0,0,3,0,1,0,0,0,3,3,0,4,4,0
108,私立,一般大學,1012,大葉大學,07151046,機械與自動化工程學系,2,2,0,0,0,0,0,2,0,0,0,0,0,2,2,0,2,2,0
108,私立,一般大學,1012,大葉大學,07191053,工業工程與管理學系,1,0,1,0,0,0,1,0,0,0,0,0,0,1,0,1,1,0,1
108,私立,一般大學,1012,大葉大學,07193055,醫療器材設計與材料學士學位學程,6,5,1,0,0,1,0,3,0,1,1,0,0,4,4,0,6,5,1
108,私立,一般大學,1012,大葉大學,07199Y40,工學院,3,3,0,1,0,0,0,1,0,1,0,0,0,2,2,0,3,3,0
108,私立,一般大學,1012,大葉大學,07211078,食品暨應用生物科技學系,5,4,1,1,0,1,0,2,1,0,0,0,0,5,4,1,5,4,1
108,私立,一般大學,1012,大葉大學,09131065,護理學系,30,13,17,2,0,2,0,6,7,3,10,0,0,17,10,7,30,13,17
108,私立,一般大學,1012,大葉大學,09131Y55,護理暨健康學院,2,0,2,0,0,0,0,0,0,0,2,0,0,0,0,0,2,0,2
108,私立,一般大學,1012,大葉大學,09141066,視光學系,3,0,3,0,1,0,0,0,1,0,1,0,0,2,0,2,3,0,3
108,私立,一般大學,1012,大葉大學,09161064,藥用植物與保健學系,7,3,4,0,0,0,0,1,2,2,2,0,0,3,1,2,7,3,4
108,私立,一般大學,1012,大葉大學,10131067,餐旅管理學系,6,6,0,0,0,0,0,2,0,4,0,0,0,2,2,0,6,6,0
108,私立,一般大學,1012,大葉大學,10151069,觀光旅遊學系,6,2,4,0,0,0,0,1,0,1,4,0,0,1,1,0,6,2,4
108,私立,一般大學,1012,大葉大學,10152070,休閒事業管理學系,6,2,4,0,0,0,0,0,2,2,2,0,0,2,0,2,6,2,4
108,私立,一般大學,1012,大葉大學,10152072,運動健康管理學系,14,5,9,0,0,3,1,0,2,2,6,0,0,6,3,3,14,5,9
108,私立,一般大學,1012,大葉大學,10199074,烘焙暨飲料調製學士學位學程,6,4,2,0,0,0,0,0,0,4,2,0,0,0,0,0,6,4,2
108,私立,一般大學,1012,大葉大學,10199075,婚禮企劃暨節慶管理學士學位學程,2,0,2,0,0,0,0,0,0,0,2,0,0,0,0,0,2,0,2
108,私立,一般大學,1012,大葉大學,10321076,消防安全學士學位學程,4,4,0,0,0,0,0,1,0,3,0,0,0,1,1,0,4,4,0
108,私立,一般大學,1012,大葉大學,99999Z01,通識教育中心,40,22,18,1,0,0,1,15,9,6,8,0,0,26,16,10,40,22,18
108,私立,一般大學,1012,大葉大學,99999Z05,師資培育中心,2,2,0,0,0,0,0,1,0,1,0,0,0,1,1,0,2,2,0
108,私立,一般大學,1012,大葉大學,99999Z07,體育室,4,2,2,0,0,0,0,2,1,0,1,0,0,3,2,1,4,2,2
108,私立,一般大學,1012,大葉大學,99999Z08,國際語言中心,27,5,22,0,0,0,0,0,2,5,20,0,0,2,0,2,27,5,22
108,私立,一般大學,1013,華梵大學,02112024,攝影與VR設計學系,2,2,0,0,0,0,0,1,0,1,0,0,0,1,1,0,2,2,0
108,私立,一般大學,1013,華梵大學,02122023,智慧生活設計學系,1,0,1,0,0,0,0,0,0,0,1,0,0,0,0,0,1,0,1
108,私立,一般大學,1013,華梵大學,02123008,工業設計學系,4,3,1,0,0,1,0,0,0,2,1,0,0,1,1,0,4,3,1
108,私立,一般大學,1013,華梵大學,02131002,美術與文創學系,11,9,2,2,0,1,0,1,1,5,1,0,0,5,4,1,11,9,2
108,私立,一般大學,1013,華梵大學,02199Y98,設計與創意學院,2,2,0,0,0,0,0,0,0,2,0,0,0,0,0,0,2,2,0
108,私立,一般大學,1013,華梵大學,02211005,佛教學系,6,2,4,0,1,0,1,0,2,2,0,0,0,4,0,4,6,2,4
108,私立,一般大學,1013,華梵大學,02231006,哲學系,7,5,2,0,1,2,0,3,1,0,0,0,0,7,5,2,7,5,2
108,私立,一般大學,1013,華梵大學,02299009,東方人文思想研究所,6,6,0,5,0,0,0,1,0,0,0,0,0,6,6,0,6,6,0
108,私立,一般大學,1013,華梵大學,02311004,外國語文學系,2,1,1,0,0,0,0,0,0,1,1,0,0,0,0,0,2,1,1
108,私立,一般大學,1013,華梵大學,02322003,中國文學系,2,1,1,0,0,0,0,1,1,0,0,0,0,2,1,1,2,1,1
108,私立,一般大學,1013,華梵大學,06131011,資訊管理學系,1,1,0,0,0,0,0,1,0,0,0,0,0,1,1,0,1,1,0
108,私立,一般大學,1013,華梵大學,07311016,建築學系,11,11,0,0,0,0,0,1,0,10,0,0,0,1,1,0,11,11,0
108,私立,一般大學,1013,華梵大學,07312019,景觀與環境設計學系,1,1,0,0,0,0,0,0,0,1,0,0,0,0,0,0,1,1,0
108,私立,一般大學,1013,華梵大學,99999Z99,人文教育研究中心,10,6,4,0,0,0,0,1,4,5,0,0,0,5,1,4,10,6,4
108,私立,一般大學,1014,義守大學,02111001,電影與電視學系,4,1,3,0,0,0,0,0,0,1,3,0,0,0,0,0,4,1,3
108,私立,一般大學,1014,義守大學,02112005,數位多媒體設計學系,2,1,1,0,0,0,0,0,0,1,1,0,0,0,0,0,2,1,1
108,私立,一般大學,1014,義守大學,02122004,傳播與設計學院原住民專班,5,4,1,0,0,0,0,0,0,4,1,0,0,0,0,0,5,4,1
108,私立,一般大學,1014,義守大學,02123006,創意商品設計學系,5,2,3,0,0,0,0,1,0,1,3,0,0,1,1,0,5,2,3
108,私立,一般大學,1014,義守大學,02311002,應用英語學系,2,2,0,0,0,0,0,0,0,2,0,0,0,0,0,0,2,2,0
108,私立,一般大學,1014,義守大學,02311003,應用日語學系,5,1,4,0,0,0,0,0,0,1,4,0,0,0,0,0,5,1,4
108,私立,一般大學,1014,義守大學,02311065,語文學院,16,3,13,0,0,0,0,0,1,3,12,0,0,1,0,1,16,3,13
108,私立,一般大學,1014,義守大學,03211008,大眾傳播學系,9,5,4,0,0,0,1,1,0,4,3,0,0,2,1,1,9,5,4
108,私立,一般大學,1014,義守大學,03214063,傳播產製英語學士學位學程,2,0,2,0,0,0,0,0,1,0,1,0,0,1,0,1,2,0,2
108,私立,一般大學,1014,義守大學,04111009,會計學系,1,0,1,0,0,0,0,0,0,0,1,0,0,0,0,0,1,0,1
108,私立,一般大學,1014,義守大學,04121017,國際財務金融學系,2,1,1,0,0,0,0,1,0,0,1,0,0,1,1,0,2,1,1
108,私立,一般大學,1014,義守大學,04121066,財務金融管理學系,4,3,1,0,0,0,0,2,0,1,1,0,0,2,2,0,4,3,1
108,私立,一般大學,1014,義守大學,04131010,企業管理學系,32,23,9,1,0,0,0,9,1,13,8,0,0,11,10,1,32,23,9
108,私立,一般大學,1014,義守大學,04131012,管理學院管理博士班,1,1,0,1,0,0,0,0,0,0,0,0,0,1,1,0,1,1,0
108,私立,一般大學,1014,義守大學,04131012,管理學院管理碩士在職專班,1,1,0,1,0,0,0,0,0,0,0,0,0,1,1,0,1,1,0
108,私立,一般大學,1014,義守大學,04133018,醫務管理學系,9,4,5,0,0,0,0,1,2,3,3,0,0,3,1,2,9,4,5
108,私立,一般大學,1014,義守大學,04134007,公共政策與管理學系,3,3,0,0,0,0,0,1,0,2,0,0,0,1,1,0,3,3,0
108,私立,一般大學,1014,義守大學,04141015,國際商務學系,2,1,1,0,0,0,0,1,0,0,1,0,0,1,1,0,2,1,1
108,私立,一般大學,1014,義守大學,04199019,工業管理學系,5,2,3,0,0,0,1,1,1,1,1,0,0,3,1,2,5,2,3
108,私立,一般大學,1014,義守大學,05191044,營養學系,3,1,2,0,0,0,0,0,0,1,2,0,0,0,0,0,3,1,2
108,私立,一般大學,1014,義守大學,06131024,資訊管理學系,12,9,3,0,0,0,0,6,2,3,1,0,0,8,6,2,12,9,3
108,私立,一般大學,1014,義守大學,06131027,資訊工程學系,4,3,1,2,0,0,1,1,0,0,0,0,0,4,3,1,4,3,1
108,私立,一般大學,1014,義守大學,07141025,電機工程學系,1,1,0,0,0,0,0,1,0,0,0,0,0,1,1,0,1,1,0
108,私立,一般大學,1014,義守大學,07141026,電子工程學系,2,2,0,1,0,1,0,0,0,0,0,0,0,2,2,0,2,2,0
108,私立,一般大學,1014,義守大學,07151030,機械與自動化工程學系,7,7,0,0,0,1,0,6,0,0,0,0,0,7,7,0,7,7,0
108,私立,一般大學,1014,義守大學,07321032,土木與生態工程學系,1,1,0,0,0,0,0,0,0,1,0,0,0,0,0,0,1,1,0
108,私立,一般大學,1014,義守大學,09121011,學士後醫學系外國學生專班,95,78,17,10,1,1,0,5,2,62,14,0,0,19,16,3,95,78,17
108,私立,一般大學,1014,義守大學,09121011,醫學系(公費生),1,1,0,0,0,1,0,0,0,0,0,0,0,1,1,0,1,1,0
108,私立,一般大學,1014,義守大學,09121040,學士後中醫學系,45,40,5,2,0,0,0,10,2,28,3,0,0,14,12,2,45,40,5
108,私立,一般大學,1014,義守大學,09131046,護理學系,13,3,10,0,0,0,0,1,0,2,10,0,0,1,1,0,13,3,10
108,私立,一般大學,1014,義守大學,09141050,醫學影像暨放射科學系,12,10,2,0,0,2,0,0,0,8,2,0,0,2,2,0,12,10,2
108,私立,一般大學,1014,義守大學,09141061,醫學檢驗技術學系,5,2,3,0,0,0,0,0,0,2,3,0,0,0,0,0,5,2,3
108,私立,一般大學,1014,義守大學,09151042,物理治療學系,5,4,1,0,0,0,0,0,0,4,1,0,0,0,0,0,5,4,1
108,私立,一般大學,1014,義守大學,09152043,職能治療學系,5,3,2,0,0,0,0,0,0,3,2,0,0,0,0,0,5,3,2
108,私立,一般大學,1014,義守大學,09191041,健康管理學系,3,3,0,0,0,0,0,0,0,3,0,0,0,0,0,0,3,3,0
108,私立,一般大學,1014,義守大學,09211047,醫學院長期照護原住民專班,8,3,5,0,0,0,0,0,0,3,5,0,0,0,0,0,8,3,5
108,私立,一般大學,1014,義守大學,10131051,餐旅管理學系,16,10,6,0,0,0,0,1,1,9,5,0,0,2,1,1,16,10,6
108,私立,一般大學,1014,義守大學,10131052,廚藝學系,14,12,2,0,0,0,0,2,0,10,2,0,0,2,2,0,14,12,2
108,私立,一般大學,1014,義守大學,10151053,觀光學系,10,4,6,0,0,0,0,1,1,3,5,0,0,2,1,1,10,4,6
108,私立,一般大學,1014,義守大學,10151055,國際觀光餐旅學系,2,1,1,1,0,0,0,0,0,0,1,0,0,1,1,0,2,1,1
108,私立,一般大學,1014,義守大學,10151057,休閒事業管理學系,12,7,5,0,0,0,0,3,1,4,4,0,0,4,3,1,12,7,5
108,私立,一般大學,1014,義守大學,10199058,娛樂事業管理學系,1,0,1,0,0,0,0,0,0,0,1,0,0,0,0,0,1,0,1
108,私立,一般大學,1014,義守大學,10199059,觀光餐旅學院原住民專班,4,2,2,0,0,0,0,0,0,2,2,0,0,0,0,0,4,2,2
108,私立,一般大學,1014,義守大學,99999Z01,通識教育中心,67,36,31,0,0,2,1,11,9,23,21,0,0,23,13,10,67,36,31
108,私立,一般大學,1015,世新大學,02111018,廣播電視電影學系,37,23,14,1,0,7,4,3,5,12,5,0,0,20,11,9,37,23,14
108,私立,一般大學,1015,世新大學,02112004,數位多媒體設計學系,6,4,2,0,0,0,0,0,0,4,2,0,0,0,0,0,6,4,2
108,私立,一般大學,1015,世新大學,02311002,英語學系,13,7,6,0,0,0,0,2,0,5,6,0,0,2,2,0,13,7,6
108,私立,一般大學,1015,世新大學,02311003,日本語文學系,10,3,7,0,0,0,1,0,0,3,6,0,0,1,0,1,10,3,7
108,私立,一般大學,1015,世新大學,02322001,中國文學系,37,10,27,1,2,0,0,3,12,6,13,0,0,18,4,14,37,10,27
108,私立,一般大學,1015,世新大學,03111005,經濟學系,6,4,2,2,0,1,1,0,1,1,0,0,0,5,3,2,6,4,2
108,私立,一般大學,1015,世新大學,03141007,性別研究所,1,0,1,0,1,0,0,0,0,0,0,0,0,1,0,1,1,0,1
108,私立,一般大學,1015,世新大學,03141008,社會心理學系,7,1,6,0,0,0,0,0,1,1,5,0,0,1,0,1,7,1,6
108,私立,一般大學,1015,世新大學,03212017,新聞學系,23,19,4,3,1,1,1,4,1,11,1,0,0,11,8,3,23,19,4
108,私立,一般大學,1015,世新大學,03214012,傳播博士學位學程,1,1,0,0,0,0,0,1,0,0,0,0,0,1,1,0,1,1,0
108,私立,一般大學,1015,世新大學,03214013,資訊傳播學系,19,14,5,0,0,2,1,2,1,10,3,0,0,6,4,2,19,14,5
108,私立,一般大學,1015,世新大學,03214014,口語傳播學系,12,9,3,1,0,2,0,2,1,4,2,0,0,6,5,1,12,9,3
108,私立,一般大學,1015,世新大學,03214020,圖文傳播暨數位出版學系,12,7,5,0,0,1,0,1,1,5,4,0,0,3,2,1,12,7,5
108,私立,一般大學,1015,世新大學,04121024,財務金融學系,6,3,3,0,0,1,1,0,1,2,1,0,0,3,1,2,6,3,3
108,私立,一般大學,1015,世新大學,04131023,企業管理學系,9,5,4,0,0,1,0,3,2,1,2,0,0,6,4,2,9,5,4
108,私立,一般大學,1015,世新大學,04134009,行政管理學系,12,8,4,2,1,0,0,3,2,3,1,0,0,8,5,3,12,8,4
108,私立,一般大學,1015,世新大學,04142019,公共關係暨廣告學系,22,15,7,2,0,4,1,4,0,5,6,0,0,11,10,1,22,15,7
108,私立,一般大學,1015,世新大學,04199025,傳播管理學系,8,5,3,0,0,0,0,0,0,5,3,0,0,0,0,0,8,5,3
108,私立,一般大學,1015,世新大學,04211026,法律學系,41,35,6,8,0,4,2,6,2,17,2,0,0,22,18,4,41,35,6
108,私立,一般大學,1015,世新大學,04212039,智慧財產暨傳播科技法律研究所,5,4,1,0,0,1,0,3,1,0,0,0,0,5,4,1,5,4,1
108,私立,一般大學,1015,世新大學,06131028,資訊管理學系,7,5,2,0,0,1,0,3,0,1,2,0,0,4,4,0,7,5,2
108,私立,一般大學,1015,世新大學,10151029,觀光學系,5,2,3,0,0,0,0,2,1,0,2,0,0,3,2,1,5,2,3
108,私立,一般大學,1015,世新大學,99999Z01,通識教育中心,48,35,13,6,2,9,3,12,4,8,4,0,0,36,27,9,48,35,13
108,私立,一般大學,1015,世新大學,99999Z07,體育室,7,3,4,1,0,0,0,0,1,2,3,0,0,2,1,1,7,3,4
108,私立,一般大學,1015,世新大學,99999Z08,外語教學中心,8,5,3,0,0,0,0,0,0,5,3,0,0,0,0,0,8,5,3
108,私立,一般大學,1016,銘傳大學,01111052,教育研究所,8,6,2,2,0,2,0,2,2,0,0,0,0,8,6,2,8,6,2
108,私立,一般大學,1016,銘傳大學,01131042,華語文教學學系,8,4,4,0,0,0,1,2,0,2,3,0,0,3,2,1,8,4,4
108,私立,一般大學,1016,銘傳大學,02112012,數位媒體設計學系,18,11,7,1,0,0,0,2,1,8,6,0,0,4,3,1,18,11,7
108,私立,一般大學,1016,銘傳大學,02112072,商業設計學系,23,15,8,3,0,0,1,0,2,12,5,0,0,6,3,3,23,15,8
108,私立,一般大學,1016,銘傳大學,02121090,動漫文創設計學士學位學程,4,3,1,0,0,0,0,0,0,3,1,0,0,0,0,0,4,3,1
108,私立,一般大學,1016,銘傳大學,02123073,商品設計學系,26,22,4,1,0,1,0,4,0,16,4,0,0,6,6,0,26,22,4
108,私立,一般大學,1016,銘傳大學,02311010,應用日語學系,27,6,21,0,0,1,0,0,2,5,19,0,0,3,1,2,27,6,21
108,私立,一般大學,1016,銘傳大學,02311031,應用英語學系,32,14,18,1,0,1,0,2,5,10,13,0,0,9,4,5,32,14,18
108,私立,一般大學,1016,銘傳大學,02322002,應用中國文學系,32,10,22,2,2,0,2,2,11,6,7,0,0,19,4,15,32,10,22
108,私立,一般大學,1016,銘傳大學,03122005,國際事務與外交學士學位學程,10,10,0,2,0,2,0,5,0,1,0,0,0,9,9,0,10,10,0
108,私立,一般大學,1016,銘傳大學,03131054,諮商與工商心理學系,11,5,6,0,0,0,0,1,4,4,2,0,0,5,1,4,11,5,6
108,私立,一般大學,1016,銘傳大學,03141088,犯罪防治學系,16,12,4,2,0,4,0,4,0,2,4,0,0,10,10,0,16,12,4
108,私立,一般大學,1016,銘傳大學,03211063,新聞與大眾傳播學士學位學程,3,2,1,0,0,1,0,0,0,1,1,0,0,1,1,0,3,2,1
108,私立,一般大學,1016,銘傳大學,03212046,新聞學系,14,6,8,0,0,1,0,1,4,4,4,0,0,6,2,4,14,6,8
108,私立,一般大學,1016,銘傳大學,03213047,廣播電視學系,14,9,5,0,0,3,0,3,1,3,4,0,0,7,6,1,14,9,5
108,私立,一般大學,1016,銘傳大學,03213064,新媒體暨傳播管理學系,14,8,6,0,2,1,0,3,1,4,3,0,0,7,4,3,14,8,6
108,私立,一般大學,1016,銘傳大學,04111032,會計學系,14,8,6,0,0,3,2,3,2,2,2,0,0,10,6,4,14,8,6
108,私立,一般大學,1016,銘傳大學,04121020,財務金融學系,8,6,2,0,0,2,0,3,1,1,1,0,0,6,5,1,8,6,2
108,私立,一般大學,1016,銘傳大學,04121059,經濟與金融學系,5,4,1,0,0,0,0,1,0,3,1,0,0,1,1,0,5,4,1
108,私立,一般大學,1016,銘傳大學,04123056,風險管理與保險學系,5,2,3,0,0,1,1,0,1,1,1,0,0,3,1,2,5,2,3
108,私立,一般大學,1016,銘傳大學,04131017,國際企業與貿易學士學位學程,4,3,1,0,0,1,0,2,0,0,1,0,0,3,3,0,4,3,1
108,私立,一般大學,1016,銘傳大學,04131036,企業管理學系,14,8,6,0,2,1,0,6,2,1,2,0,0,11,7,4,14,8,6
108,私立,一般大學,1016,銘傳大學,04131061,國際企業學系,11,4,7,0,0,1,1,1,0,2,6,0,0,3,2,1,11,4,7
108,私立,一般大學,1016,銘傳大學,04133022,醫療資訊與管理學系,19,14,5,1,0,1,1,6,2,6,2,0,0,11,8,3,19,14,5
108,私立,一般大學,1016,銘傳大學,04134006,公共事務學系,13,11,2,2,0,3,1,3,1,3,0,0,0,10,8,2,13,11,2
108,私立,一般大學,1016,銘傳大學,04143015,廣告暨策略行銷學系,7,3,4,0,1,0,0,1,1,2,2,0,0,3,1,2,7,3,4
108,私立,一般大學,1016,銘傳大學,04199027,時尚創意管理學士學位學程,11,4,7,0,1,1,0,0,1,3,5,0,0,3,1,2,11,4,7
108,私立,一般大學,1016,銘傳大學,04199089,金融科技應用學士學位學程,3,3,0,0,0,0,0,1,0,2,0,0,0,1,1,0,3,3,0
108,私立,一般大學,1016,銘傳大學,04211039,法律學系,25,19,6,2,1,0,2,3,0,14,3,0,0,8,5,3,25,19,6
108,私立,一般大學,1016,銘傳大學,04212024,財金法律學系,13,6,7,1,1,1,0,3,2,1,4,0,0,8,5,3,13,6,7
108,私立,一般大學,1016,銘傳大學,05121009,生物科技學系,16,12,4,1,0,0,0,7,2,4,2,0,0,10,8,2,16,12,4
108,私立,一般大學,1016,銘傳大學,05421079,應用統計與資料科學學系,5,4,1,0,0,2,0,2,0,0,1,0,0,4,4,0,5,4,1
108,私立,一般大學,1016,銘傳大學,06131045,資訊管理學系,5,4,1,1,0,1,0,2,1,0,0,0,0,5,4,1,5,4,1
108,私立,一般大學,1016,銘傳大學,06132078,資訊傳播工程學系,4,4,0,0,0,0,0,2,0,2,0,0,0,2,2,0,4,4,0
108,私立,一般大學,1016,銘傳大學,06134050,電腦與通訊工程學系,9,6,3,0,0,0,0,3,0,3,3,0,0,3,3,0,9,6,3
108,私立,一般大學,1016,銘傳大學,06134068,資訊科技應用學士學位學程,2,2,0,2,0,0,0,0,0,0,0,0,0,2,2,0,2,2,0
108,私立,一般大學,1016,銘傳大學,07141025,電子工程學系,9,7,2,1,0,3,0,1,1,2,1,0,0,6,5,1,9,7,2
108,私立,一般大學,1016,銘傳大學,07141029,資訊工程學系,4,4,0,0,0,0,0,1,0,3,0,0,0,1,1,0,4,4,0
108,私立,一般大學,1016,銘傳大學,07193043,生物醫學工程學系,8,4,4,1,0,1,0,1,2,1,2,0,0,5,3,2,8,4,4
108,私立,一般大學,1016,銘傳大學,07311026,建築學系,24,21,3,0,0,0,0,2,0,19,3,0,0,2,2,0,24,21,3
108,私立,一般大學,1016,銘傳大學,07313048,都市規劃與防災學系,16,14,2,2,0,1,0,7,1,4,1,0,0,11,10,1,16,14,2
108,私立,一般大學,1016,銘傳大學,10131044,餐旅管理學系,6,5,1,0,0,0,0,0,0,5,1,0,0,0,0,0,6,5,1
108,私立,一般大學,1016,銘傳大學,10151008,旅遊與觀光學士學位學程,6,4,2,0,0,0,0,1,0,3,2,0,0,1,1,0,6,4,2
108,私立,一般大學,1016,銘傳大學,10151033,觀光事業學系,11,8,3,3,0,0,0,3,0,2,3,0,0,6,6,0,11,8,3
108,私立,一般大學,1016,銘傳大學,10152076,休閒遊憩管理學系,6,5,1,1,0,1,0,0,0,3,1,0,0,2,2,0,6,5,1
108,私立,一般大學,1016,銘傳大學,99999Z01,通識教育中心,34,19,15,2,0,2,0,9,6,6,9,0,0,19,13,6,34,19,15
108,私立,一般大學,1016,銘傳大學,99999Z05,師資培育中心,4,3,1,0,0,0,0,0,1,3,0,0,0,1,0,1,4,3,1
108,私立,一般大學,1016,銘傳大學,99999Z07,體育室,21,18,3,0,0,3,0,2,1,13,2,0,0,6,5,1,21,18,3
108,私立,一般大學,1016,銘傳大學,99999Z08,英語教學中心,53,24,29,0,0,0,0,1,3,23,26,0,0,4,1,3,53,24,29
108,私立,一般大學,1017,實踐大學,02112012,媒體傳達設計學系,25,21,4,0,0,0,0,3,0,18,4,0,0,3,3,0,25,21,4
108,私立,一般大學,1017,實踐大學,02112013,電腦動畫學士學位學程,3,2,1,0,0,0,0,2,1,0,0,0,0,3,2,1,3,2,1
108,私立,一般大學,1017,實踐大學,02112039,資訊模擬與設計學系,2,2,0,0,0,0,0,1,0,1,0,0,0,1,1,0,2,2,0
108,私立,一般大學,1017,實踐大學,02122009,時尚設計學系,19,8,11,0,0,0,0,2,1,6,10,0,0,3,2,1,19,8,11
108,私立,一般大學,1017,實踐大學,02123014,工業產品設計學系,27,22,5,2,0,3,1,2,0,15,4,0,0,8,7,1,27,22,5
108,私立,一般大學,1017,實踐大學,02125051,服裝設計學系,43,22,21,1,1,2,0,3,3,16,17,0,0,10,6,4,43,22,21
108,私立,一般大學,1017,實踐大學,02125053,服飾設計與經營學系,23,11,12,1,0,0,0,2,2,8,10,0,0,5,3,2,23,11,12
108,私立,一般大學,1017,實踐大學,02151001,音樂學系,71,31,40,0,2,2,10,8,7,21,21,0,0,29,10,19,71,31,40
108,私立,一般大學,1017,實踐大學,02311004,應用外語學系,18,8,10,0,0,0,0,3,1,5,9,0,0,4,3,1,18,8,10
108,私立,一般大學,1017,實踐大學,02311005,應用英語學系,2,0,2,0,0,0,0,0,1,0,1,0,0,1,0,1,2,0,2
108,私立,一般大學,1017,實踐大學,02311006,應用日文學系,7,3,4,0,0,0,0,0,0,3,4,0,0,0,0,0,7,3,4
108,私立,一般大學,1017,實踐大學,02322002,應用中文學系,6,4,2,0,0,1,0,2,0,1,2,0,0,3,3,0,6,4,2
108,私立,一般大學,1017,實踐大學,04111019,會計學系,10,7,3,0,0,1,0,1,1,5,2,0,0,3,2,1,10,7,3
108,私立,一般大學,1017,實踐大學,04111020,會計暨稅務學系,2,1,1,0,0,0,0,0,1,1,0,0,0,1,0,1,2,1,1
108,私立,一般大學,1017,實踐大學,04121029,財務金融學系,14,11,3,1,0,5,0,3,2,2,1,0,0,11,9,2,14,11,3
108,私立,一般大學,1017,實踐大學,04121032,金融管理學系,7,5,2,1,0,1,0,2,0,1,2,0,0,4,4,0,7,5,2
108,私立,一般大學,1017,實踐大學,04123033,風險管理與保險學系,11,8,3,1,0,2,0,2,1,3,2,0,0,6,5,1,11,8,3
108,私立,一般大學,1017,實踐大學,04131021,企業管理學系,21,18,3,1,0,2,1,9,0,6,2,0,0,13,12,1,21,18,3
108,私立,一般大學,1017,實踐大學,04131022,國際企業管理學系,9,6,3,0,0,1,0,2,0,3,3,0,0,3,3,0,9,6,3
108,私立,一般大學,1017,實踐大學,04131023,管理學院國際企業英語碩士學位學程,1,1,0,0,0,1,0,0,0,0,0,0,0,1,1,0,1,1,0
108,私立,一般大學,1017,實踐大學,04131023,管理學院國際企業英語學士學位學程,15,12,3,0,0,2,0,6,1,4,2,0,0,9,8,1,15,12,3
108,私立,一般大學,1017,實踐大學,04141026,國際貿易學系,7,3,4,0,0,0,0,1,0,2,4,0,0,1,1,0,7,3,4
108,私立,一般大學,1017,實踐大學,04141028,國際經營與貿易學系,8,6,2,0,0,4,1,0,1,2,0,0,0,6,4,2,8,6,2
108,私立,一般大學,1017,實踐大學,04143035,行銷管理學系,1,0,1,0,0,0,0,0,0,0,1,0,0,0,0,0,1,0,1
108,私立,一般大學,1017,實踐大學,05191043,食品營養與保健生技學系,13,5,8,3,1,0,2,0,1,2,4,0,0,7,3,4,13,5,8
108,私立,一般大學,1017,實踐大學,06131037,資訊科技與管理學系,9,8,1,0,0,3,0,2,0,3,1,0,0,5,5,0,9,8,1
108,私立,一般大學,1017,實踐大學,06131038,資訊管理學系,4,4,0,0,0,1,0,1,0,2,0,0,0,2,2,0,4,4,0
108,私立,一般大學,1017,實踐大學,06131040,資訊科技與通訊學系,7,4,3,0,0,1,0,1,2,2,1,0,0,4,2,2,7,4,3
108,私立,一般大學,1017,實踐大學,07311041,建築設計學系,29,25,4,3,1,5,0,4,0,13,3,0,0,13,12,1,29,25,4
108,私立,一般大學,1017,實踐大學,09221045,家庭研究與兒童發展學系,20,6,14,1,0,0,2,2,6,3,6,0,0,11,3,8,20,6,14
108,私立,一般大學,1017,實踐大學,09231044,社會工作學系,29,13,16,1,0,1,1,1,1,10,14,0,0,5,3,2,29,13,16
108,私立,一般大學,1017,實踐大學,10131046,餐飲管理學系,18,14,4,2,1,1,0,5,1,6,2,0,0,10,8,2,18,14,4
108,私立,一般大學,1017,實踐大學,10151047,觀光管理學系,12,7,5,0,0,1,0,3,1,3,4,0,0,5,4,1,12,7,5
108,私立,一般大學,1017,實踐大學,10152049,休閒產業管理學系,7,7,0,1,0,1,0,1,0,4,0,0,0,3,3,0,7,7,0
108,私立,一般大學,1017,實踐大學,99999Z01,博雅學部,115,59,56,8,1,5,2,16,13,30,40,0,0,45,29,16,115,59,56
108,私立,一般大學,1017,實踐大學,99999Z07,體育教育委員會,50,37,13,3,2,5,0,7,2,22,9,0,0,19,15,4,50,37,13
108,私立,技專校院,1018,朝陽科技大學,02112003,視覺傳達設計系,28,20,8,0,0,0,0,3,0,17,8,0,0,3,3,0,28,20,8
108,私立,技專校院,1018,朝陽科技大學,02123004,工業設計系,29,19,10,0,0,2,0,2,1,15,9,0,0,5,4,1,29,19,10
108,私立,技專校院,1018,朝陽科技大學,02311001,應用英語系,12,4,8,0,0,0,0,2,2,2,6,0,0,4,2,2,12,4,8
108,私立,技專校院,1018,朝陽科技大學,03211006,傳播藝術系,16,13,3,0,0,1,0,3,1,9,2,0,0,5,4,1,16,13,3
108,私立,技專校院,1018,朝陽科技大學,04111007,會計系,18,12,6,1,0,2,1,4,2,5,3,0,0,10,7,3,18,12,6
108,私立,技專校院,1018,朝陽科技大學,04121010,財務金融系,12,6,6,0,0,1,0,1,1,4,5,0,0,3,2,1,12,6,6
108,私立,技專校院,1018,朝陽科技大學,04123011,保險金融管理系,18,11,7,1,0,1,0,2,4,7,3,0,0,8,4,4,18,11,7
108,私立,技專校院,1018,朝陽科技大學,04131008,企業管理系,19,14,5,1,0,0,0,3,0,10,5,0,0,4,4,0,19,14,5
108,私立,技專校院,1018,朝陽科技大學,04132012,行銷與流通管理系,22,16,6,0,0,0,0,4,1,12,5,0,0,5,4,1,22,16,6
108,私立,技專校院,1018,朝陽科技大學,04199014,銀髮產業管理系,10,6,4,0,0,0,0,3,0,3,4,0,0,3,3,0,10,6,4
108,私立,技專校院,1018,朝陽科技大學,04199Y31,管理學院(不分系所),1,1,0,0,0,0,0,0,0,1,0,0,0,0,0,0,1,1,0
108,私立,技專校院,1018,朝陽科技大學,05311017,應用化學系,3,3,0,1,0,0,0,0,0,2,0,0,0,1,1,0,3,3,0
108,私立,技專校院,1018,朝陽科技大學,06111023,資訊與通訊系,2,2,0,0,0,0,0,2,0,0,0,0,0,2,2,0,2,2,0
108,私立,技專校院,1018,朝陽科技大學,06131019,資訊管理系,14,7,7,1,0,0,0,3,1,3,6,0,0,5,4,1,14,7,7
108,私立,技專校院,1018,朝陽科技大學,07121027,環境工程與管理系,14,11,3,0,0,0,0,4,2,7,1,0,0,6,4,2,14,11,3
108,私立,技專校院,1018,朝陽科技大學,07141020,資訊工程系,14,13,1,1,0,2,0,3,1,7,0,0,0,7,6,1,14,13,1
108,私立,技專校院,1018,朝陽科技大學,07162039,航空機械系,1,1,0,0,0,1,0,0,0,0,0,0,0,1,1,0,1,1,0
108,私立,技專校院,1018,朝陽科技大學,07191026,工業工程與管理系,17,15,2,0,0,2,0,3,0,10,2,0,0,5,5,0,17,15,2
108,私立,技專校院,1018,朝陽科技大學,07311028,建築系,37,33,4,0,0,0,0,8,0,25,4,0,0,8,8,0,37,33,4
108,私立,技專校院,1018,朝陽科技大學,07312031,景觀及都市設計系,25,16,9,0,0,0,0,3,1,13,8,0,0,4,3,1,25,16,9
108,私立,技專校院,1018,朝陽科技大學,07321025,營建工程系,8,8,0,1,0,0,0,2,0,5,0,0,0,3,3,0,8,8,0
108,私立,技專校院,1018,朝陽科技大學,09221035,幼兒保育系,19,6,13,0,0,0,1,0,1,6,11,0,0,2,0,2,19,6,13
108,私立,技專校院,1018,朝陽科技大學,09231034,社會工作系,29,10,19,0,0,0,0,1,2,9,17,0,0,3,1,2,29,10,19
108,私立,技專校院,1018,朝陽科技大學,10152036,休閒事業管理系,37,23,14,1,1,0,0,3,1,19,12,0,0,6,4,2,37,23,14
108,私立,技專校院,1018,朝陽科技大學,99999Z01,通識教育中心,101,66,35,2,0,10,4,11,15,43,16,0,0,42,23,19,101,66,35
108,私立,技專校院,1018,朝陽科技大學,99999Z05,師資培育中心,8,6,2,0,0,0,0,4,1,2,1,0,0,5,4,1,8,6,2
108,私立,技專校院,1018,朝陽科技大學,99999Z08,語言中心,52,9,43,0,0,2,1,0,6,7,36,0,0,9,2,7,52,9,43
108,私立,一般大學,1019,高雄醫學大學,03131002,心理學系,1,0,1,0,0,0,0,0,0,0,1,0,0,0,0,0,1,0,1
108,私立,一般大學,1019,高雄醫學大學,04133003,醫務管理暨醫療資訊學系,9,6,3,1,0,2,0,1,3,2,0,0,0,7,4,3,9,6,3
108,私立,一般大學,1019,高雄醫學大學,09121011,醫學系,37,27,10,2,0,6,2,16,7,3,1,0,0,33,24,9,37,27,10
108,私立,一般大學,1019,高雄醫學大學,09121011,醫學研究所,2,0,2,0,0,0,1,0,1,0,0,0,0,2,0,2,2,0,2
108,私立,一般大學,1019,高雄醫學大學,09121018,臨床醫學研究所,1,1,0,0,0,0,0,1,0,0,0,0,0,1,1,0,1,1,0
108,私立,一般大學,1019,高雄醫學大學,09131032,護理學系,2,1,1,0,0,1,0,0,0,0,1,0,0,1,1,0,2,1,1
108,私立,一般大學,1019,高雄醫學大學,09141036,醫學檢驗生物技術學系,2,2,0,0,0,0,0,1,0,1,0,0,0,1,1,0,2,2,0
108,私立,一般大學,1019,高雄醫學大學,09141037,醫學影像暨放射科學系,4,4,0,0,0,0,0,0,0,4,0,0,0,0,0,0,4,4,0
108,私立,一般大學,1019,高雄醫學大學,09151028,物理治療學系,6,2,4,0,0,0,0,0,0,2,4,0,0,0,0,0,6,2,4
108,私立,一般大學,1019,高雄醫學大學,09152029,職能治療學系,2,2,0,0,0,0,0,1,0,1,0,0,0,1,1,0,2,2,0
108,私立,一般大學,1019,高雄醫學大學,09159030,運動醫學系,1,1,0,0,0,0,0,0,0,1,0,0,0,0,0,0,1,1,0
108,私立,一般大學,1019,高雄醫學大學,09161024,藥學系,9,4,5,1,0,0,1,2,1,1,3,0,0,5,3,2,9,4,5
108,私立,一般大學,1019,高雄醫學大學,09161026,天然藥物研究所,1,1,0,1,0,0,0,0,0,0,0,0,0,1,1,0,1,1,0
108,私立,一般大學,1019,高雄醫學大學,09161027,香粧品學系,5,1,4,0,0,0,0,0,0,1,4,0,0,0,0,0,5,1,4
108,私立,一般大學,1019,高雄醫學大學,09191021,公共衛生學系,2,1,1,0,1,0,0,0,0,1,0,0,0,1,0,1,2,1,1
108,私立,一般大學,1019,高雄醫學大學,09231049,醫學社會學與社會工作學系,11,3,8,0,0,0,1,1,1,2,6,0,0,3,1,2,11,3,8
108,私立,一般大學,1019,高雄醫學大學,99999Z01,通識教育中心,43,21,22,1,1,2,0,10,8,8,13,0,0,22,13,9,43,21,22
108,私立,一般大學,1020,南華大學,01121001,幼兒教育學系,1,1,0,0,0,0,0,1,0,0,0,0,0,1,1,0,1,1,0
108,私立,一般大學,1020,南華大學,02111059,視覺藝術與設計學系,6,3,3,0,0,0,1,2,1,1,1,0,0,4,2,2,6,3,3
108,私立,一般大學,1020,南華大學,02122062,產品與室內設計學系,10,7,3,0,0,0,0,0,0,7,3,0,0,0,0,0,10,7,3
108,私立,一般大學,1020,南華大學,02151003,民族音樂學系,59,23,36,0,0,2,0,6,10,15,26,0,0,18,8,10,59,23,36
108,私立,一般大學,1020,南華大學,02211010,宗教學研究所,3,0,3,0,1,0,0,0,2,0,0,0,0,3,0,3,3,0,3
108,私立,一般大學,1020,南華大學,02299011,生死學系,17,9,8,0,1,0,0,2,0,7,7,0,0,3,2,1,17,9,8
108,私立,一般大學,1020,南華大學,02299Y14,人文學院,16,12,4,1,0,2,0,0,1,9,3,0,0,4,3,1,16,12,4
108,私立,一般大學,1020,南華大學,02311008,外國語文學系,1,1,0,0,0,0,0,0,0,1,0,0,0,0,0,0,1,1,0
108,私立,一般大學,1020,南華大學,02322009,文學系,1,1,0,0,0,1,0,0,0,0,0,0,0,1,1,0,1,1,0
108,私立,一般大學,1020,南華大學,03122019,國際事務與企業學系,3,2,1,2,0,0,0,0,0,0,1,0,0,2,2,0,3,2,1
108,私立,一般大學,1020,南華大學,03141017,應用社會學系,3,1,2,0,0,0,0,0,0,1,2,0,0,0,0,0,3,1,2
108,私立,一般大學,1020,南華大學,03214026,傳播學系,7,6,1,0,0,0,0,0,0,6,1,0,0,0,0,0,7,6,1
108,私立,一般大學,1020,南華大學,04121031,財務金融學系,2,2,0,0,0,0,0,0,0,2,0,0,0,0,0,0,2,2,0
108,私立,一般大學,1020,南華大學,04131029,企業管理學系,15,12,3,0,0,1,0,3,2,8,1,0,0,6,4,2,15,12,3
108,私立,一般大學,1020,南華大學,04141030,管理學院國際企業學士學位學程,4,2,2,0,1,0,0,1,0,1,1,0,0,2,1,1,4,2,2
108,私立,一般大學,1020,南華大學,04199033,文化創意事業管理學系,5,3,2,0,0,0,0,0,0,3,2,0,0,0,0,0,5,3,2
108,私立,一般大學,1020,南華大學,04199Y31,管理學院,1,0,1,0,0,0,0,0,0,0,1,0,0,0,0,0,1,0,1
108,私立,一般大學,1020,南華大學,05121040,自然生物科技學系,15,11,4,0,0,0,0,8,4,3,0,0,0,12,8,4,15,11,4
108,私立,一般大學,1020,南華大學,05211060,科技學院永續綠色科技碩士學位學程,1,1,0,0,0,0,0,1,0,0,0,0,0,1,1,0,1,1,0
108,私立,一般大學,1020,南華大學,06121043,科技學院資訊科技進修學士班,5,3,2,0,0,0,0,1,0,2,2,0,0,1,1,0,5,3,2
108,私立,一般大學,1020,南華大學,07141044,資訊工程學系,5,5,0,0,0,0,0,0,0,5,0,0,0,0,0,0,5,5,0
108,私立,一般大學,1020,南華大學,07311045,建築與景觀學系,16,12,4,0,0,0,0,2,0,10,4,0,0,2,2,0,16,12,4
108,私立,一般大學,1020,南華大學,10141061,運動與健康促進學士學位學程,5,3,2,0,0,0,0,0,0,3,2,0,0,0,0,0,5,3,2
108,私立,一般大學,1020,南華大學,10151048,旅遊管理學系,11,7,4,0,0,0,0,2,0,5,4,0,0,2,2,0,11,7,4
108,私立,一般大學,1020,南華大學,99999Z01,通識教育中心,25,13,12,0,0,0,0,4,1,9,11,0,0,5,4,1,25,13,12
108,私立,一般大學,1020,南華大學,99999Z08,語文教學中心,29,7,22,0,0,0,0,2,7,5,15,0,0,9,2,7,29,7,22
108,私立,一般大學,1021,真理大學,02151001,音樂應用學系,48,19,29,0,0,0,1,6,10,13,18,0,0,17,6,11,48,19,29
108,私立,一般大學,1021,真理大學,02211064,宗教文化與資訊管理學系,5,2,3,0,0,0,0,1,1,1,2,0,0,2,1,1,5,2,3
108,私立,一般大學,1021,真理大學,02299013,人文與資訊學系,5,4,1,0,0,0,0,3,0,1,1,0,0,3,3,0,5,4,1
108,私立,一般大學,1021,真理大學,02311006,英美語文學系,1,1,0,0,0,0,0,0,0,1,0,0,0,0,0,0,1,1,0
108,私立,一般大學,1021,真理大學,02311009,應用日語學系,4,1,3,0,0,0,0,0,1,1,2,0,0,1,0,1,4,1,3
108,私立,一般大學,1021,真理大學,02321002,台灣文學系,4,4,0,0,0,0,0,0,0,4,0,0,0,0,0,0,4,4,0
108,私立,一般大學,1021,真理大學,03214058,運動資訊傳播學系,3,2,1,0,0,0,0,0,1,2,0,0,0,1,0,1,3,2,1
108,私立,一般大學,1021,真理大學,04111019,會計資訊學系,2,2,0,0,0,0,0,0,0,2,0,0,0,0,0,0,2,2,0
108,私立,一般大學,1021,真理大學,04111066,理財與稅務規劃學系,1,1,0,0,0,0,0,0,0,1,0,0,0,0,0,0,1,1,0
108,私立,一般大學,1021,真理大學,04121024,財務金融學系,1,0,1,0,0,0,0,0,1,0,0,0,0,1,0,1,1,0,1
108,私立,一般大學,1021,真理大學,04131020,企業管理學系,1,1,0,0,0,0,0,0,0,1,0,0,0,0,0,0,1,1,0
108,私立,一般大學,1021,真理大學,04141023,國際貿易學系,2,2,0,0,0,2,0,0,0,0,0,0,0,2,2,0,2,2,0
108,私立,一般大學,1021,真理大學,04199057,運動管理學系,2,2,0,0,0,1,0,1,0,0,0,0,0,2,2,0,2,2,0
108,私立,一般大學,1021,真理大學,04211031,法律學系,11,9,2,0,0,1,1,3,0,5,1,0,0,5,4,1,11,9,2
108,私立,一般大學,1021,真理大學,05499065,統計資訊與精算學系,1,1,0,0,0,0,0,0,0,1,0,0,0,0,0,0,1,1,0
108,私立,一般大學,1021,真理大學,10151044,觀光事業學系,7,4,3,0,0,0,0,1,0,3,3,0,0,1,1,0,7,4,3
108,私立,一般大學,1021,真理大學,99999Z01,通識教育中心,18,7,11,0,0,2,0,3,2,2,9,0,0,7,5,2,18,7,11
108,私立,一般大學,1022,大同大學,02112004,媒體設計學系,22,14,8,0,0,0,0,0,2,14,6,0,0,2,0,2,22,14,8
108,私立,一般大學,1022,大同大學,02122003,設計科學研究所,1,1,0,1,0,0,0,0,0,0,0,0,0,1,1,0,1,1,0
108,私立,一般大學,1022,大同大學,02123005,工業設計學系,28,26,2,2,0,2,0,9,1,13,1,0,0,14,13,1,28,26,2
108,私立,一般大學,1022,大同大學,02311001,應用外語學系,7,4,3,0,0,1,0,1,0,2,3,0,0,2,2,0,7,4,3
108,私立,一般大學,1022,大同大學,04131007,事業經營學系,8,6,2,2,0,0,0,2,0,2,2,0,0,4,4,0,8,6,2
108,私立,一般大學,1022,大同大學,06131006,資訊經營學系,7,6,1,2,0,0,0,2,1,2,0,0,0,5,4,1,7,6,1
108,私立,一般大學,1022,大同大學,06131012,資訊工程學系,6,6,0,2,0,3,0,1,0,0,0,0,0,6,6,0,6,6,0
108,私立,一般大學,1022,大同大學,07111021,化學工程與生物科技學系,7,6,1,3,0,0,0,1,0,2,1,0,0,4,4,0,7,6,1
108,私立,一般大學,1022,大同大學,07112016,材料工程學系,7,7,0,2,0,2,0,2,0,1,0,0,0,6,6,0,7,7,0
108,私立,一般大學,1022,大同大學,07141010,電機工程學系,11,11,0,5,0,1,0,3,0,2,0,0,0,9,9,0,11,11,0
108,私立,一般大學,1022,大同大學,07151014,機械工程學系,13,13,0,3,0,1,0,5,0,4,0,0,0,9,9,0,13,13,0
108,私立,一般大學,1022,大同大學,07194019,工程管理學位學程碩士在職專班,3,3,0,1,0,1,0,1,0,0,0,0,0,3,3,0,3,3,0
108,私立,一般大學,1022,大同大學,99999Z01,通識教育中心,31,17,14,3,0,1,2,7,7,6,5,0,0,20,11,9,31,17,14
108,私立,一般大學,1022,大同大學,99999Z07,體育室,8,5,3,0,0,1,0,0,2,4,1,0,0,3,1,2,8,5,3
108,私立,一般大學,1022,大同大學,99999Z08,外語教育中心,14,5,9,0,0,0,0,2,1,3,8,0,0,3,2,1,14,5,9
108,私立,技專校院,1023,南臺學校財團法人南臺科技大學,01114002,教育領導與評鑑研究所,1,1,0,0,0,0,0,1,0,0,0,0,0,1,1,0,1,1,0
108,私立,技專校院,1023,南臺學校財團法人南臺科技大學,02112008,視覺傳達設計系,14,10,4,0,0,0,0,2,0,8,4,0,0,2,2,0,14,10,4
108,私立,技專校院,1023,南臺學校財團法人南臺科技大學,02123010,創新產品設計系,9,6,3,0,0,0,0,0,1,6,2,0,0,1,0,1,9,6,3
108,私立,技專校院,1023,南臺學校財團法人南臺科技大學,02151003,流行音樂產業系,19,13,6,2,1,2,0,3,0,6,5,0,0,8,7,1,19,13,6
108,私立,技專校院,1023,南臺學校財團法人南臺科技大學,02311005,應用英語系,14,1,13,0,0,1,0,0,1,0,12,0,0,2,1,1,14,1,13
108,私立,技專校院,1023,南臺學校財團法人南臺科技大學,02311006,應用日語系,11,3,8,0,0,0,0,0,0,3,8,0,0,0,0,0,11,3,8
108,私立,技專校院,1023,南臺學校財團法人南臺科技大學,03214011,資訊傳播系,8,6,2,0,0,0,0,0,0,6,2,0,0,0,0,0,8,6,2
108,私立,技專校院,1023,南臺學校財團法人南臺科技大學,04111013,會計資訊系,12,9,3,0,0,2,0,2,1,5,2,0,0,5,4,1,12,9,3
108,私立,技專校院,1023,南臺學校財團法人南臺科技大學,04121021,財務金融系,11,5,6,0,0,1,0,2,1,2,5,0,0,4,3,1,11,5,6
108,私立,技專校院,1023,南臺學校財團法人南臺科技大學,04131015,企業管理系,14,9,5,0,0,0,0,4,1,5,4,0,0,5,4,1,14,9,5
108,私立,技專校院,1023,南臺學校財團法人南臺科技大學,04131017,國際企業系,3,2,1,0,0,0,0,1,0,1,1,0,0,1,1,0,3,2,1
108,私立,技專校院,1023,南臺學校財團法人南臺科技大學,04132024,行銷與流通管理系,14,11,3,2,0,0,0,1,2,8,1,0,0,5,3,2,14,11,3
108,私立,技專校院,1023,南臺學校財團法人南臺科技大學,04199060,工業管理與資訊系,3,2,1,0,0,0,0,0,0,2,1,0,0,0,0,0,3,2,1
108,私立,技專校院,1023,南臺學校財團法人南臺科技大學,04212033,財經法律研究所,15,11,4,2,0,3,0,4,1,2,3,0,0,10,9,1,15,11,4
108,私立,技專校院,1023,南臺學校財團法人南臺科技大學,06131036,資訊管理系,8,4,4,0,0,0,0,0,0,4,4,0,0,0,0,0,8,4,4
108,私立,技專校院,1023,南臺學校財團法人南臺科技大學,06131043,資訊工程系,4,3,1,0,0,0,0,0,0,3,1,0,0,0,0,0,4,3,1
108,私立,技專校院,1023,南臺學校財團法人南臺科技大學,06132038,多媒體與電腦娛樂科學系,9,7,2,0,0,0,0,0,0,7,2,0,0,0,0,0,9,7,2
108,私立,技專校院,1023,南臺學校財團法人南臺科技大學,07111048,化學工程與材料工程系,3,3,0,1,0,1,0,1,0,0,0,0,0,3,3,0,3,3,0
108,私立,技專校院,1023,南臺學校財團法人南臺科技大學,07141039,電機工程系,7,7,0,0,0,0,0,4,0,3,0,0,0,4,4,0,7,7,0
108,私立,技專校院,1023,南臺學校財團法人南臺科技大學,07141040,電子工程系,3,3,0,0,0,0,0,1,0,2,0,0,0,1,1,0,3,3,0
108,私立,技專校院,1023,南臺學校財團法人南臺科技大學,07151045,機械工程系,16,16,0,0,0,1,0,1,0,14,0,0,0,2,2,0,16,16,0
108,私立,技專校院,1023,南臺學校財團法人南臺科技大學,09211062,高齡福祉服務系,9,4,5,0,0,0,0,2,1,2,4,0,0,3,2,1,9,4,5
108,私立,技專校院,1023,南臺學校財團法人南臺科技大學,09221055,幼兒保育系,6,1,5,0,1,0,0,0,0,1,4,0,0,1,0,1,6,1,5
108,私立,技專校院,1023,南臺學校財團法人南臺科技大學,10131056,餐旅管理系,19,11,8,0,0,1,1,3,2,7,5,0,0,7,4,3,19,11,8
108,私立,技專校院,1023,南臺學校財團法人南臺科技大學,10152058,休閒事業管理系,13,8,5,0,0,0,0,2,1,6,4,0,0,3,2,1,13,8,5
108,私立,技專校院,1023,南臺學校財團法人南臺科技大學,99999Z01,通識(教育)中心,35,14,21,1,0,2,3,7,8,4,10,0,0,21,10,11,35,14,21
108,私立,技專校院,1023,南臺學校財團法人南臺科技大學,99999Z05,師資培育中心,6,6,0,1,0,1,0,4,0,0,0,0,0,6,6,0,6,6,0
108,私立,技專校院,1023,南臺學校財團法人南臺科技大學,99999Z07,體育教育中心,15,11,4,0,0,1,0,1,0,9,4,0,0,2,2,0,15,11,4
108,私立,技專校院,1023,南臺學校財團法人南臺科技大學,99999Z08,語言中心,31,7,24,0,0,0,1,0,0,7,23,0,0,1,0,1,31,7,24
108,私立,技專校院,1024,崑山科技大學,02111009,視訊傳播設計系,9,5,4,0,0,0,0,0,0,5,4,0,0,0,0,0,9,5,4
108,私立,技專校院,1024,崑山科技大學,02112004,視覺傳達設計系,12,11,1,1,0,0,0,0,0,10,1,0,0,1,1,0,12,11,1
108,私立,技專校院,1024,崑山科技大學,02124007,空間設計系,34,30,4,0,0,1,0,3,0,26,4,0,0,4,4,0,34,30,4
108,私立,技專校院,1024,崑山科技大學,04131015,企業管理系,11,8,3,1,0,0,0,4,1,3,2,0,0,6,5,1,11,8,3
108,私立,技專校院,1024,崑山科技大學,04141049,全球商務與行銷系,2,2,0,0,0,0,0,1,0,1,0,0,0,1,1,0,2,2,0
108,私立,技專校院,1024,崑山科技大學,04143012,公共關係暨廣告系,13,9,4,0,0,1,0,1,0,7,4,0,0,2,2,0,13,9,4
108,私立,技專校院,1024,崑山科技大學,04199022,房地產開發與管理系,18,16,2,1,0,3,0,5,1,7,1,0,0,10,9,1,18,16,2
108,私立,技專校院,1024,崑山科技大學,06131008,資訊傳播系,5,4,1,0,0,0,0,0,0,4,1,0,0,0,0,0,5,4,1
108,私立,技專校院,1024,崑山科技大學,06131023,資訊管理系,9,7,2,0,0,0,0,1,0,6,2,0,0,1,1,0,9,7,2
108,私立,技專校院,1024,崑山科技大學,06131028,資訊工程系,6,5,1,0,0,0,0,1,0,4,1,0,0,1,1,0,6,5,1
108,私立,技專校院,1024,崑山科技大學,07112034,材料工程系,8,8,0,1,0,2,0,4,0,1,0,0,0,7,7,0,8,8,0
108,私立,技專校院,1024,崑山科技大學,07121038,環境工程系,3,3,0,1,0,0,0,2,0,0,0,0,0,3,3,0,3,3,0
108,私立,技專校院,1024,崑山科技大學,07141025,電機工程系,5,4,1,1,0,1,0,1,0,1,1,0,0,3,3,0,5,4,1
108,私立,技專校院,1024,崑山科技大學,07141026,電子工程系,1,1,0,0,0,0,0,0,0,1,0,0,0,0,0,0,1,1,0
108,私立,技專校院,1024,崑山科技大學,07141029,電腦與通訊系,2,2,0,0,0,0,0,0,0,2,0,0,0,0,0,0,2,2,0
108,私立,技專校院,1024,崑山科技大學,07151030,機械工程系,34,32,2,6,0,0,1,15,0,11,1,0,0,22,21,1,34,32,2
108,私立,技專校院,1024,崑山科技大學,09221039,幼兒保育系,1,1,0,0,0,0,0,0,0,1,0,0,0,0,0,0,1,1,0
108,私立,技專校院,1024,崑山科技大學,10131040,餐飲管理及廚藝系,20,14,6,1,0,0,0,1,0,12,6,0,0,2,2,0,20,14,6
108,私立,技專校院,1024,崑山科技大學,10151048,旅遊文化系,12,8,4,1,0,0,0,1,2,6,2,0,0,4,2,2,12,8,4
108,私立,技專校院,1024,崑山科技大學,10152044,休閒遊憩與運動管理系,8,6,2,0,0,1,0,2,0,3,2,0,0,3,3,0,8,6,2
108,私立,技專校院,1024,崑山科技大學,10199046,時尚展演事業學士學位學程,8,2,6,0,0,0,0,1,1,1,5,0,0,2,1,1,8,2,6
108,私立,技專校院,1024,崑山科技大學,99999Z01,通識教育中心,23,16,7,1,1,2,0,3,1,10,5,0,0,8,6,2,23,16,7
108,私立,技專校院,1024,崑山科技大學,99999Z07,體育室,3,3,0,1,0,0,0,0,0,2,0,0,0,1,1,0,3,3,0
108,私立,技專校院,1024,崑山科技大學,99999Z08,外語中心,23,5,18,0,0,1,0,1,0,3,18,0,0,2,2,0,23,5,18
108,私立,技專校院,1024,崑山科技大學,99999Z08,華語中心,7,2,5,0,0,0,0,0,0,2,5,0,0,0,0,0,7,2,5
108,私立,技專校院,1025,嘉藥學校財團法人嘉南藥理大學,02299001,儒學研究所,6,2,4,1,0,0,0,1,2,0,2,0,0,4,2,2,6,2,4
108,私立,技專校院,1025,嘉藥學校財團法人嘉南藥理大學,02311002,應用外語系,8,3,5,0,0,0,0,0,1,3,4,0,0,1,0,1,8,3,5
108,私立,技專校院,1025,嘉藥學校財團法人嘉南藥理大學,04133003,醫務管理系(含碩士班),12,6,6,0,0,0,0,2,0,4,6,0,0,2,2,0,12,6,6
108,私立,技專校院,1025,嘉藥學校財團法人嘉南藥理大學,05191015,保健營養系(含碩士班),18,5,13,1,0,0,0,0,2,4,11,0,0,3,1,2,18,5,13
108,私立,技專校院,1025,嘉藥學校財團法人嘉南藥理大學,05211027,環境資源管理系(含碩士班),4,4,0,0,0,0,0,0,0,4,0,0,0,0,0,0,4,4,0
108,私立,技專校院,1025,嘉藥學校財團法人嘉南藥理大學,06111006,資訊管理系,36,29,7,2,0,0,0,6,1,21,6,0,0,9,8,1,36,29,7
108,私立,技專校院,1025,嘉藥學校財團法人嘉南藥理大學,06133008,資訊多媒體應用系,6,4,2,1,0,0,0,1,1,2,1,0,0,3,2,1,6,4,2
108,私立,技專校院,1025,嘉藥學校財團法人嘉南藥理大學,07121009,環境工程與科學系(含碩士班),4,4,0,1,0,0,0,2,0,1,0,0,0,3,3,0,4,4,0
108,私立,技專校院,1025,嘉藥學校財團法人嘉南藥理大學,07211010,食品科技系,10,9,1,0,0,2,0,1,0,6,1,0,0,3,3,0,10,9,1
108,私立,技專校院,1025,嘉藥學校財團法人嘉南藥理大學,07321043,公共安全及消防學士學位學程,20,18,2,0,0,0,0,3,0,15,2,0,0,3,3,0,20,18,2
108,私立,技專校院,1025,嘉藥學校財團法人嘉南藥理大學,09161012,藥學系(含碩士班),25,13,12,0,0,1,1,5,3,7,8,0,0,10,6,4,25,13,12
108,私立,技專校院,1025,嘉藥學校財團法人嘉南藥理大學,09211016,老人服務事業管理系,2,0,2,0,0,0,0,0,0,0,2,0,0,0,0,0,2,0,2
108,私立,技專校院,1025,嘉藥學校財團法人嘉南藥理大學,09221018,嬰幼兒保育系,1,0,1,0,0,0,0,0,0,0,1,0,0,0,0,0,1,0,1
108,私立,技專校院,1025,嘉藥學校財團法人嘉南藥理大學,09231017,社會工作系,19,11,8,0,0,0,1,3,0,8,7,0,0,4,3,1,19,11,8
108,私立,技專校院,1025,嘉藥學校財團法人嘉南藥理大學,10111023,生活應用與保健系,10,6,4,0,0,0,0,1,0,5,4,0,0,1,1,0,10,6,4
108,私立,技專校院,1025,嘉藥學校財團法人嘉南藥理大學,10121024,化粧品應用與管理系(含化粧品科技碩士班),23,7,16,0,0,1,0,0,1,6,15,0,0,2,1,1,23,7,16
108,私立,技專校院,1025,嘉藥學校財團法人嘉南藥理大學,10121025,藥粧生技產業學士學位學程,2,0,2,0,0,0,0,0,0,0,2,0,0,0,0,0,2,0,2
108,私立,技專校院,1025,嘉藥學校財團法人嘉南藥理大學,10131019,餐旅管理系,22,15,7,0,0,1,0,1,0,13,7,0,0,2,2,0,22,15,7
108,私立,技專校院,1025,嘉藥學校財團法人嘉南藥理大學,10151020,觀光事業管理系(含溫泉產業碩士班),6,3,3,0,0,0,0,2,0,1,3,0,0,2,2,0,6,3,3
108,私立,技專校院,1025,嘉藥學校財團法人嘉南藥理大學,10152021,休閒保健管理系(含碩士班),5,3,2,0,0,0,0,1,1,2,1,0,0,2,1,1,5,3,2
108,私立,技專校院,1025,嘉藥學校財團法人嘉南藥理大學,10152022,運動管理系,6,5,1,0,0,0,0,1,0,4,1,0,0,1,1,0,6,5,1
108,私立,技專校院,1025,嘉藥學校財團法人嘉南藥理大學,10221011,職業安全衛生系(含產業安全衛生與防災碩士班),6,5,1,0,0,1,0,2,0,2,1,0,0,3,3,0,6,5,1
108,私立,技專校院,1026,樹德科技大學,02112009,視覺傳達設計系,22,10,12,1,0,0,0,1,2,8,10,0,0,4,2,2,22,10,12
108,私立,技專校院,1026,樹德科技大學,02122004,流行設計系,19,4,15,0,0,0,0,1,0,3,15,0,0,1,1,0,19,4,15
108,私立,技專校院,1026,樹德科技大學,02122006,動畫與遊戲設計系,19,9,10,0,0,0,0,1,2,8,8,0,0,3,1,2,19,9,10
108,私立,技專校院,1026,樹德科技大學,02123010,生活產品設計系,17,10,7,1,0,0,0,2,0,7,7,0,0,3,3,0,17,10,7
108,私立,技專校院,1026,樹德科技大學,02124011,室內設計系,22,20,2,0,0,2,0,5,1,13,1,0,0,8,7,1,22,20,2
108,私立,技專校院,1026,樹德科技大學,02124012,建築與室內設計研究所,1,1,0,0,0,1,0,0,0,0,0,0,0,1,1,0,1,1,0
108,私立,技專校院,1026,樹德科技大學,02152001,表演藝術系,15,5,10,0,0,0,0,1,4,4,6,0,0,5,1,4,15,5,10
108,私立,技專校院,1026,樹德科技大學,02192002,藝術管理與藝術經紀系,12,4,8,0,0,0,0,0,1,4,7,0,0,1,0,1,12,4,8
108,私立,技專校院,1026,樹德科技大學,02311003,應用外語系,18,7,11,1,1,0,1,1,0,5,9,0,0,4,2,2,18,7,11
108,私立,技專校院,1026,樹德科技大學,04121026,金融管理系,24,12,12,0,0,0,0,6,5,6,7,0,0,11,6,5,24,12,12
108,私立,技專校院,1026,樹德科技大學,04131016,企業管理系,19,8,11,0,0,0,0,2,1,6,10,0,0,3,2,1,19,8,11
108,私立,技專校院,1026,樹德科技大學,04131017,經營管理研究所,1,1,0,0,0,0,0,1,0,0,0,0,0,1,1,0,1,1,0
108,私立,技專校院,1026,樹德科技大學,04132029,流通管理系,29,19,10,0,0,1,3,6,0,12,7,0,0,10,7,3,29,19,10
108,私立,技專校院,1026,樹德科技大學,04143027,行銷管理系,24,7,17,0,0,0,0,2,2,5,15,0,0,4,2,2,24,7,17
108,私立,技專校院,1026,樹德科技大學,04199048,會展行銷與活動管理系,14,8,6,0,0,0,1,1,1,7,4,0,0,3,1,2,14,8,6
108,私立,技專校院,1026,樹德科技大學,06121032,資訊管理系,20,14,6,1,0,0,0,4,0,9,6,0,0,5,5,0,20,14,6
108,私立,技專校院,1026,樹德科技大學,06131033,資訊工程系,19,13,6,1,0,2,1,2,1,8,4,0,0,7,5,2,19,13,6
108,私立,技專校院,1026,樹德科技大學,07141034,電腦與通訊系,18,12,6,0,0,1,0,3,1,8,5,0,0,5,4,1,18,12,6
108,私立,技專校院,1026,樹德科技大學,09221038,兒童與家庭服務系,23,8,15,0,0,0,0,6,3,2,12,0,0,9,6,3,23,8,15
108,私立,技專校院,1026,樹德科技大學,10131046,餐旅與烘焙管理系,12,3,9,0,0,1,0,1,0,1,9,0,0,2,2,0,12,3,9
108,私立,技專校院,1026,樹德科技大學,10151041,休閒與觀光管理系,24,17,7,0,0,0,0,2,1,15,6,0,0,3,2,1,24,17,7
108,私立,技專校院,1026,樹德科技大學,10152044,休閒遊憩與運動管理系,31,19,12,0,0,1,0,3,3,15,9,0,0,7,4,3,31,19,12
108,私立,技專校院,1026,樹德科技大學,99999045,人類性學研究所,4,3,1,1,0,0,0,2,1,0,0,0,0,4,3,1,4,3,1
108,私立,一般大學,1027,慈濟學校財團法人慈濟大學,01111001,教育研究所,2,1,1,0,0,1,0,0,1,0,0,0,0,2,1,1,2,1,1
108,私立,一般大學,1027,慈濟學校財團法人慈濟大學,02211005,宗教與人文研究所,1,0,1,0,1,0,0,0,0,0,0,0,0,1,0,1,1,0,1
108,私立,一般大學,1027,慈濟學校財團法人慈濟大學,02299Y11,人文社會學院,1,1,0,0,0,0,0,1,0,0,0,0,0,1,1,0,1,1,0
108,私立,一般大學,1027,慈濟學校財團法人慈濟大學,02311003,英美語文學系,2,2,0,0,0,0,0,0,0,2,0,0,0,0,0,0,2,2,0
108,私立,一般大學,1027,慈濟學校財團法人慈濟大學,02322004,東方語文學系,4,2,2,0,0,1,1,1,1,0,0,0,0,4,2,2,4,2,2
108,私立,一般大學,1027,慈濟學校財團法人慈濟大學,03131008,人類發展與心理學系,1,1,0,1,0,0,0,0,0,0,0,0,0,1,1,0,1,1,0
108,私立,一般大學,1027,慈濟學校財團法人慈濟大學,03214009,傳播學系,2,1,1,0,0,0,0,0,0,1,1,0,0,0,0,0,2,1,1
108,私立,一般大學,1027,慈濟學校財團法人慈濟大學,05111010,生命科學系,4,3,1,2,0,1,1,0,0,0,0,0,0,4,3,1,4,3,1
108,私立,一般大學,1027,慈濟學校財團法人慈濟大學,05121012,分子生物暨人類遺傳學系,1,1,0,1,0,0,0,0,0,0,0,0,0,1,1,0,1,1,0
108,私立,一般大學,1027,慈濟學校財團法人慈濟大學,06133032,醫學資訊學系,1,1,0,0,0,1,0,0,0,0,0,0,0,1,1,0,1,1,0
108,私立,一般大學,1027,慈濟學校財團法人慈濟大學,09121015,醫學系,312,275,37,42,1,61,0,75,19,97,17,0,0,198,178,20,312,275,37
108,私立,一般大學,1027,慈濟學校財團法人慈濟大學,09121019,醫學科學研究所,6,3,3,2,0,1,2,0,1,0,0,0,0,6,3,3,6,3,3
108,私立,一般大學,1027,慈濟學校財團法人慈濟大學,09121023,學士後中醫學系,30,25,5,2,0,3,0,7,1,13,4,0,0,13,12,1,30,25,5
108,私立,一般大學,1027,慈濟學校財團法人慈濟大學,09131028,護理學系,9,1,8,0,0,0,1,1,2,0,5,0,0,4,1,3,9,1,8
108,私立,一般大學,1027,慈濟學校財團法人慈濟大學,09141031,醫學檢驗生物技術學系,5,1,4,0,0,1,0,0,3,0,1,0,0,4,1,3,5,1,4
108,私立,一般大學,1027,慈濟學校財團法人慈濟大學,09151027,物理治療學系,1,1,0,0,0,1,0,0,0,0,0,0,0,1,1,0,1,1,0
108,私立,一般大學,1027,慈濟學校財團法人慈濟大學,09191024,公共衛生學系,2,2,0,1,0,0,0,0,0,1,0,0,0,1,1,0,2,2,0
108,私立,一般大學,1027,慈濟學校財團法人慈濟大學,09221002,兒童發展與家庭教育學系,6,0,6,0,0,0,0,0,0,0,6,0,0,0,0,0,6,0,6
108,私立,一般大學,1027,慈濟學校財團法人慈濟大學,09231034,社會工作學系,5,0,5,0,0,0,1,0,0,0,4,0,0,1,0,1,5,0,5
108,私立,一般大學,1027,慈濟學校財團法人慈濟大學,99999Z01,通識教育中心,15,3,12,0,0,0,0,2,2,1,10,0,0,4,2,2,15,3,12
108,私立,一般大學,1027,慈濟學校財團法人慈濟大學,99999Z05,師資培育中心,2,1,1,0,0,0,0,0,1,1,0,0,0,1,0,1,2,1,1
108,私立,一般大學,1027,慈濟學校財團法人慈濟大學,99999Z99,國際暨跨領域學院,12,10,2,0,0,1,0,4,1,5,1,0,0,6,5,1,12,10,2
108,私立,一般大學,1028,臺北醫學大學,03199001,醫學人文研究所,2,1,1,0,0,1,0,0,1,0,0,0,0,2,1,1,2,1,1
108,私立,一般大學,1028,臺北醫學大學,04133002,醫務管理學系,7,3,4,0,0,0,0,1,2,2,2,0,0,3,1,2,7,3,4
108,私立,一般大學,1028,臺北醫學大學,04199050,管理學院生物科技高階管理碩士在職專班,3,3,0,0,0,0,0,3,0,0,0,0,0,3,3,0,3,3,0
108,私立,一般大學,1028,臺北醫學大學,04212003,醫療暨生物科技法律研究所,1,1,0,0,0,0,0,1,0,0,0,0,0,1,1,0,1,1,0
108,私立,一般大學,1028,臺北醫學大學,05121016,醫學科學研究所,6,2,4,2,2,0,2,0,0,0,0,0,0,6,2,4,6,2,4
108,私立,一般大學,1028,臺北醫學大學,05191032,保健營養學系,15,1,14,0,1,0,1,1,5,0,7,0,0,8,1,7,15,1,14
108,私立,一般大學,1028,臺北醫學大學,06199051,大數據科技及管理研究所,2,1,1,1,0,0,0,0,1,0,0,0,0,2,1,1,2,1,1
108,私立,一般大學,1028,臺北醫學大學,07193008,生醫材料暨組織工程研究所,1,1,0,0,0,1,0,0,0,0,0,0,0,1,1,0,1,1,0
108,私立,一般大學,1028,臺北醫學大學,07193009,生物醫學工程學系,9,9,0,2,0,1,0,1,0,5,0,0,0,4,4,0,9,9,0
108,私立,一般大學,1028,臺北醫學大學,07193053,生醫光機電研究所,1,1,0,0,0,0,0,1,0,0,0,0,0,1,1,0,1,1,0
108,私立,一般大學,1028,臺北醫學大學,07211012,食品安全碩士學位學程,1,1,0,0,0,0,0,0,0,1,0,0,0,0,0,0,1,1,0
108,私立,一般大學,1028,臺北醫學大學,09111044,牙醫學系,38,27,11,1,0,6,0,9,3,11,8,0,0,19,16,3,38,27,11
108,私立,一般大學,1028,臺北醫學大學,09111045,牙體技術學系,6,6,0,0,0,0,0,2,0,4,0,0,0,2,2,0,6,6,0
108,私立,一般大學,1028,臺北醫學大學,09111046,口腔衛生學系,16,4,12,0,1,0,1,0,1,4,9,0,0,3,0,3,16,4,12
108,私立,一般大學,1028,臺北醫學大學,09121013,醫學系,156,110,46,22,3,12,5,29,11,47,27,0,0,82,63,19,156,110,46
108,私立,一般大學,1028,臺北醫學大學,09121014,臨床醫學研究所,4,4,0,3,0,0,0,1,0,0,0,0,0,4,4,0,4,4,0
108,私立,一般大學,1028,臺北醫學大學,09121017,轉譯醫學博士學位學程,1,1,0,1,0,0,0,0,0,0,0,0,0,1,1,0,1,1,0
108,私立,一般大學,1028,臺北醫學大學,09121018,神經再生醫學博士學位學程,7,6,1,3,0,2,1,1,0,0,0,0,0,7,6,1,7,6,1
108,私立,一般大學,1028,臺北醫學大學,09121054,細胞治療與再生醫學國際博士學位學程,2,2,0,1,0,0,0,1,0,0,0,0,0,2,2,0,2,2,0
108,私立,一般大學,1028,臺北醫學大學,09131037,學士後護理學系,5,0,5,0,0,0,0,0,1,0,4,0,0,1,0,1,5,0,5
108,私立,一般大學,1028,臺北醫學大學,09131037,護理學系,22,1,21,0,0,0,1,1,3,0,17,0,0,5,1,4,22,1,21
108,私立,一般大學,1028,臺北醫學大學,09141040,醫學生物科技博士學位學程,1,1,0,0,0,1,0,0,0,0,0,0,0,1,1,0,1,1,0
108,私立,一般大學,1028,臺北醫學大學,09141041,醫學檢驗暨生物技術學系,11,6,5,1,0,2,0,1,1,2,4,0,0,5,4,1,11,6,5
108,私立,一般大學,1028,臺北醫學大學,09141042,醫學資訊研究所,3,2,1,1,0,0,0,1,1,0,0,0,0,3,2,1,3,2,1
108,私立,一般大學,1028,臺北醫學大學,09141058,醫學院人工智慧醫療碩士在職專班,1,1,0,1,0,0,0,0,0,0,0,0,0,1,1,0,1,1,0
108,私立,一般大學,1028,臺北醫學大學,09161024,藥學系,61,17,44,1,0,1,1,4,3,11,40,0,0,10,6,4,61,17,44
108,私立,一般大學,1028,臺北醫學大學,09161026,生藥學研究所,10,6,4,2,3,1,1,3,0,0,0,0,0,10,6,4,10,6,4
108,私立,一般大學,1028,臺北醫學大學,09161028,癌症生物學與藥物研發研究所,1,1,0,0,0,0,0,1,0,0,0,0,0,1,1,0,1,1,0
108,私立,一般大學,1028,臺北醫學大學,09161028,癌症生物學與藥物研發博士學位學程,14,10,4,7,1,2,0,1,3,0,0,0,0,14,10,4,14,10,4
108,私立,一般大學,1028,臺北醫學大學,09161029,臨床藥物基因體學暨蛋白質體學碩士學位學程,4,4,0,3,0,0,0,1,0,0,0,0,0,4,4,0,4,4,0
108,私立,一般大學,1028,臺北醫學大學,09161030,中草藥臨床藥物研發博士學位學程,3,3,0,1,0,1,0,1,0,0,0,0,0,3,3,0,3,3,0
108,私立,一般大學,1028,臺北醫學大學,09161031,生技醫療產業研發博士學位學程,2,2,0,0,0,2,0,0,0,0,0,0,0,2,2,0,2,2,0
108,私立,一般大學,1028,臺北醫學大學,09191020,公共衛生學系,2,0,2,0,1,0,0,0,1,0,0,0,0,2,0,2,2,0,2
108,私立,一般大學,1028,臺北醫學大學,09191022,傷害防治學研究所,7,6,1,3,0,1,0,2,1,0,0,0,0,7,6,1,7,6,1
108,私立,一般大學,1028,臺北醫學大學,09191023,全球衛生暨發展碩士學位學程,1,1,0,1,0,0,0,0,0,0,0,0,0,1,1,0,1,1,0
108,私立,一般大學,1028,臺北醫學大學,09199035,呼吸治療學系,11,3,8,0,0,1,2,0,3,2,3,0,0,6,1,5,11,3,8
108,私立,一般大學,1028,臺北醫學大學,09199052,代謝與肥胖科學研究所,3,3,0,1,0,0,0,2,0,0,0,0,0,3,3,0,3,3,0
108,私立,一般大學,1028,臺北醫學大學,09211049,高齡健康管理學系,4,2,2,0,0,0,0,1,0,1,2,0,0,1,1,0,4,2,2
108,私立,一般大學,1028,臺北醫學大學,99999Z01,通識教育中心,37,22,15,2,0,2,2,10,3,8,10,0,0,19,14,5,37,22,15
108,私立,一般大學,1029,中山醫學大學,02311003,應用外國語言學系,1,0,1,0,0,0,0,0,0,0,1,0,0,0,0,0,1,0,1
108,私立,一般大學,1029,中山醫學大學,03131004,心理學系,1,0,1,0,0,0,0,0,0,0,1,0,0,0,0,0,1,0,1
108,私立,一般大學,1029,中山醫學大學,04133006,醫療產業科技管理學系,6,6,0,2,0,0,0,2,0,2,0,0,0,4,4,0,6,6,0
108,私立,一般大學,1029,中山醫學大學,05121012,生物醫學科學學系,5,3,2,1,1,1,0,1,0,0,1,0,0,4,3,1,5,3,2
108,私立,一般大學,1029,中山醫學大學,05123013,生化微生物免疫研究所,2,2,0,2,0,0,0,0,0,0,0,0,0,2,2,0,2,2,0
108,私立,一般大學,1029,中山醫學大學,05191026,營養學系,3,1,2,1,0,0,0,0,0,0,2,0,0,1,1,0,3,1,2
108,私立,一般大學,1029,中山醫學大學,05399015,醫學應用化學系,3,3,0,1,0,1,0,1,0,0,0,0,0,3,3,0,3,3,0
108,私立,一般大學,1029,中山醫學大學,06131033,醫學資訊學系,2,2,0,0,0,0,0,0,0,2,0,0,0,0,0,0,2,2,0
108,私立,一般大學,1029,中山醫學大學,09111038,牙醫學系,19,15,4,4,3,3,1,6,0,2,0,0,0,17,13,4,19,15,4
108,私立,一般大學,1029,中山醫學大學,09121018,醫學系,92,82,10,17,0,8,2,20,4,37,4,0,0,51,45,6,92,82,10
108,私立,一般大學,1029,中山醫學大學,09121018,醫學研究所,12,12,0,8,0,1,0,3,0,0,0,0,0,12,12,0,12,12,0
108,私立,一般大學,1029,中山醫學大學,09131028,護理學系,32,0,32,0,3,0,1,0,3,0,25,0,0,7,0,7,32,0,32
108,私立,一般大學,1029,中山醫學大學,09141030,醫學檢驗暨生物技術學系,3,1,2,0,0,1,0,0,0,0,2,0,0,1,1,0,3,1,2
108,私立,一般大學,1029,中山醫學大學,09141031,醫學影像暨放射科學系,7,5,2,1,0,0,0,1,1,3,1,0,0,3,2,1,7,5,2
108,私立,一般大學,1029,中山醫學大學,09141032,視光學系,4,2,2,0,0,0,0,0,0,2,2,0,0,0,0,0,4,2,2
108,私立,一般大學,1029,中山醫學大學,09151022,物理治療學系,5,4,1,0,0,1,0,2,0,1,1,0,0,3,3,0,5,4,1
108,私立,一般大學,1029,中山醫學大學,09152023,職能治療學系,1,0,1,0,0,0,0,0,0,0,1,0,0,0,0,0,1,0,1
108,私立,一般大學,1029,中山醫學大學,09153024,語言治療與聽力學系,10,3,7,0,0,0,0,1,0,2,7,0,0,1,1,0,10,3,7
108,私立,一般大學,1029,中山醫學大學,09231045,醫學社會暨社會工作學系,8,3,5,1,0,1,0,0,1,1,4,0,0,3,2,1,8,3,5
108,私立,一般大學,1029,中山醫學大學,10131046,健康餐飲暨產業管理學系,5,2,3,0,0,0,0,0,1,2,2,0,0,1,0,1,5,2,3
108,私立,一般大學,1029,中山醫學大學,10221021,職業安全衛生學系,5,5,0,0,0,0,0,5,0,0,0,0,0,5,5,0,5,5,0
108,私立,一般大學,1029,中山醫學大學,99999Z01,通識教育中心,18,8,10,0,0,0,2,3,1,5,7,0,0,6,3,3,18,8,10
108,私立,一般大學,1029,中山醫學大學,99999Z07,體育中心,14,9,5,0,0,0,0,3,0,6,5,0,0,3,3,0,14,9,5
108,私立,技專校院,1030,龍華科技大學,02112011,多媒體與遊戲發展科學系,13,10,3,0,0,0,0,1,0,9,3,0,0,1,1,0,13,10,3
108,私立,技專校院,1030,龍華科技大學,02122002,文化創意與數位媒體設計系,10,4,6,0,0,0,0,1,1,3,5,0,0,2,1,1,10,4,6
108,私立,技專校院,1030,龍華科技大學,02311001,應用外語系,16,10,6,0,0,1,0,0,1,9,5,0,0,2,1,1,16,10,6
108,私立,技專校院,1030,龍華科技大學,04121007,財務金融(學)系,5,4,1,0,0,1,0,2,0,1,1,0,0,3,3,0,5,4,1
108,私立,技專校院,1030,龍華科技大學,04131004,企業管理(學)系,12,10,2,1,0,1,0,2,0,6,2,0,0,4,4,0,12,10,2
108,私立,技專校院,1030,龍華科技大學,04141005,國際企業系,2,2,0,0,0,0,0,1,0,1,0,0,0,1,1,0,2,2,0
108,私立,技專校院,1030,龍華科技大學,04199008,工業管理(學)系,18,13,5,0,0,0,0,2,0,11,5,0,0,2,2,0,18,13,5
108,私立,技專校院,1030,龍華科技大學,06131009,資訊管理(學)系,5,4,1,0,0,0,0,2,0,2,1,0,0,2,2,0,5,4,1
108,私立,技專校院,1030,龍華科技大學,06131015,資訊網路工程系,16,15,1,0,0,0,0,4,0,11,1,0,0,4,4,0,16,15,1
108,私立,技專校院,1030,龍華科技大學,07111018,化工與材料工程系,29,25,4,1,0,2,1,8,0,14,3,0,0,12,11,1,29,25,4
108,私立,技專校院,1030,龍華科技大學,07141013,電機工程(學)系,22,21,1,1,0,1,0,4,0,15,1,0,0,6,6,0,22,21,1
108,私立,技專校院,1030,龍華科技大學,07141014,電子工程(學)系,17,16,1,1,0,1,1,5,0,9,0,0,0,8,7,1,17,16,1
108,私立,技專校院,1030,龍華科技大學,07151016,機械工程(學)系,30,25,5,0,0,3,0,6,0,16,5,0,0,9,9,0,30,25,5
108,私立,技專校院,1030,龍華科技大學,10151021,觀光休閒系,22,15,7,0,0,0,0,2,0,13,7,0,0,2,2,0,22,15,7
108,私立,技專校院,1030,龍華科技大學,99999Z01,通識(教育)中心,149,81,68,2,0,4,4,23,22,52,42,0,0,55,29,26,149,81,68
108,私立,技專校院,1031,輔英科技大學,01121035,幼兒保育暨產業系,3,2,1,0,0,1,0,1,0,0,1,0,0,2,2,0,3,2,1
108,私立,技專校院,1031,輔英科技大學,02311001,應用外語系,5,3,2,0,0,0,0,0,0,3,2,0,0,0,0,0,5,3,2
108,私立,技專校院,1031,輔英科技大學,04133003,健康事業管理系,6,3,3,0,0,0,0,0,0,3,3,0,0,0,0,0,6,3,3
108,私立,技專校院,1031,輔英科技大學,05191018,保健營養系,16,6,10,0,0,0,0,2,2,4,8,0,0,4,2,2,16,6,10
108,私立,技專校院,1031,輔英科技大學,06131034,資訊科技與管理系,1,0,1,0,0,0,0,0,0,0,1,0,0,0,0,0,1,0,1
108,私立,技專校院,1031,輔英科技大學,07121012,環境工程與科學系,6,5,1,0,0,1,0,3,0,1,1,0,0,4,4,0,6,5,1
108,私立,技專校院,1031,輔英科技大學,09131019,護理系,56,17,39,1,0,6,0,6,10,4,29,0,0,23,13,10,56,17,39
108,私立,技專校院,1031,輔英科技大學,09131019,護理科,20,5,15,0,0,1,0,1,1,3,14,0,0,3,2,1,20,5,15
108,私立,技專校院,1031,輔英科技大學,09141024,醫學檢驗生物技術系,9,5,4,0,0,1,1,3,1,1,2,0,0,6,4,2,9,5,4
108,私立,技專校院,1031,輔英科技大學,09151016,物理治療系,6,6,0,0,0,2,0,0,0,4,0,0,0,2,2,0,6,6,0
108,私立,技專校院,1031,輔英科技大學,09211027,高齡及長期照護事業系,11,4,7,0,0,1,0,1,0,2,7,0,0,2,2,0,11,4,7
108,私立,技專校院,1031,輔英科技大學,10121032,健康美容系,6,1,5,0,0,0,0,1,0,0,5,0,0,1,1,0,6,1,5
108,私立,技專校院,1031,輔英科技大學,10199029,休閒與遊憩事業管理系,10,3,7,1,0,0,0,1,1,1,6,0,0,3,2,1,10,3,7
108,私立,技專校院,1031,輔英科技大學,10221015,職業安全衛生系,9,8,1,0,0,0,0,4,0,4,1,0,0,4,4,0,9,8,1
108,私立,技專校院,1031,輔英科技大學,99999Z01,基本能力教育組,29,14,15,0,0,0,0,1,7,13,8,0,0,8,1,7,29,14,15
108,私立,技專校院,1031,輔英科技大學,99999Z01,博雅教育組,18,9,9,0,0,1,0,5,2,3,7,0,0,8,6,2,18,9,9
108,私立,技專校院,1032,明新學校財團法人明新科技大學,02112036,多媒體與遊戲發展系,4,2,2,0,0,1,2,0,0,1,0,0,0,3,1,2,4,2,2
108,私立,技專校院,1032,明新學校財團法人明新科技大學,02311001,應用外語系,13,7,6,0,0,0,0,1,4,6,2,0,0,5,1,4,13,7,6
108,私立,技專校院,1032,明新學校財團法人明新科技大學,04121007,財務金融(學)系,6,6,0,0,0,1,0,1,0,4,0,0,0,2,2,0,6,6,0
108,私立,技專校院,1032,明新學校財團法人明新科技大學,04131002,企業管理(學)系,28,18,10,0,0,0,0,5,2,13,8,0,0,7,5,2,28,18,10
108,私立,技專校院,1032,明新學校財團法人明新科技大學,04131003,管理研究所,3,1,2,0,0,0,0,1,2,0,0,0,0,3,1,2,3,1,2
108,私立,技專校院,1032,明新學校財團法人明新科技大學,04143008,行銷與流通管理系,8,5,3,0,0,0,0,0,0,5,3,0,0,0,0,0,8,5,3
108,私立,技專校院,1032,明新學校財團法人明新科技大學,06131009,資訊管理(學)系,9,7,2,0,0,0,0,0,0,7,2,0,0,0,0,0,9,7,2
108,私立,技專校院,1032,明新學校財團法人明新科技大學,07111022,化學工程與材料科技系,6,6,0,2,0,1,0,3,0,0,0,0,0,6,6,0,6,6,0
108,私立,技專校院,1032,明新學校財團法人明新科技大學,07141011,電機工程(學)系,13,12,1,0,0,0,0,0,0,12,1,0,0,0,0,0,13,12,1
108,私立,技專校院,1032,明新學校財團法人明新科技大學,07141012,電子工程(學)系,21,19,2,0,0,2,0,9,0,8,2,0,0,11,11,0,21,19,2
108,私立,技專校院,1032,明新學校財團法人明新科技大學,07141013,資訊工程學系,7,6,1,0,0,0,0,1,0,5,1,0,0,1,1,0,7,6,1
108,私立,技專校院,1032,明新學校財團法人明新科技大學,07141037,光電工程系,5,3,2,0,0,0,0,3,1,0,1,0,0,4,3,1,5,3,2
108,私立,技專校院,1032,明新學校財團法人明新科技大學,07151016,機械工程(學)系,12,12,0,0,0,1,0,5,0,6,0,0,0,6,6,0,12,12,0
108,私立,技專校院,1032,明新學校財團法人明新科技大學,07191024,工業工程與(工程)管理系,9,6,3,0,0,0,1,1,1,5,1,0,0,3,1,2,9,6,3
108,私立,技專校院,1032,明新學校財團法人明新科技大學,07321020,土木工程與環境資源管理系,9,9,0,0,0,1,0,6,0,2,0,0,0,7,7,0,9,9,0
108,私立,技專校院,1032,明新學校財團法人明新科技大學,09211038,樂齡服務產業管理系,18,7,11,0,0,0,0,1,2,6,9,0,0,3,1,2,18,7,11
108,私立,技專校院,1032,明新學校財團法人明新科技大學,09221027,(嬰)幼兒保育系,26,7,19,0,0,0,0,1,0,6,19,0,0,1,1,0,26,7,19
108,私立,技專校院,1032,明新學校財團法人明新科技大學,10121032,化妝品應用學士學位學程,5,2,3,0,0,0,0,0,0,2,3,0,0,0,0,0,5,2,3
108,私立,技專校院,1032,明新學校財團法人明新科技大學,10131039,旅館管理與廚藝創意系,13,8,5,0,0,0,0,3,3,5,2,0,0,6,3,3,13,8,5
108,私立,技專校院,1032,明新學校財團法人明新科技大學,10152030,休閒事業管理系,16,11,5,0,0,2,0,2,1,7,4,0,0,5,4,1,16,11,5
108,私立,技專校院,1032,明新學校財團法人明新科技大學,10152031,運動管理系,4,4,0,1,0,0,0,0,0,3,0,0,0,1,1,0,4,4,0
108,私立,技專校院,1032,明新學校財團法人明新科技大學,99999Z05,師資培育中心,3,2,1,0,0,0,0,2,1,0,0,0,0,3,2,1,3,2,1
108,私立,技專校院,1032,明新學校財團法人明新科技大學,99999Z07,體育教育中心,12,9,3,0,0,0,0,1,0,8,3,0,0,1,1,0,12,9,3
108,私立,技專校院,1032,明新學校財團法人明新科技大學,99999Z08,語言教學中心,22,8,14,0,0,0,0,0,0,8,14,0,0,0,0,0,22,8,14
108,私立,技專校院,1032,明新學校財團法人明新科技大學,99999Z99,人文藝術教學中心,23,7,16,0,0,1,0,4,4,2,12,0,0,9,5,4,23,7,16
108,私立,技專校院,1032,明新學校財團法人明新科技大學,99999Z99,自然科學教學中心,25,17,8,0,0,1,1,4,2,12,5,0,0,8,5,3,25,17,8
108,私立,技專校院,1032,明新學校財團法人明新科技大學,99999Z99,社會科學教學中心,8,6,2,0,0,1,0,1,1,4,1,0,0,3,2,1,8,6,2
108,私立,一般大學,1033,長榮大學,02111015,媒體設計科技學系,10,3,7,0,0,0,0,0,0,3,7,0,0,0,0,0,10,3,7
108,私立,一般大學,1033,長榮大學,02112016,數位內容設計學系,3,2,1,0,0,0,0,0,0,2,1,0,0,0,0,0,3,2,1
108,私立,一般大學,1033,長榮大學,02122064,互動設計學系,2,2,0,0,0,0,0,1,0,1,0,0,0,1,1,0,2,2,0
108,私立,一般大學,1033,長榮大學,02131001,美術學系,9,5,4,1,0,0,1,0,1,4,2,0,0,3,1,2,9,5,4
108,私立,一般大學,1033,長榮大學,02131002,書畫藝術學系,5,5,0,1,0,0,0,1,0,3,0,0,0,2,2,0,5,5,0
108,私立,一般大學,1033,長榮大學,02141004,台灣文化創意產業學士學位學程,7,3,4,0,0,2,0,0,0,1,4,0,0,2,2,0,7,3,4
108,私立,一般大學,1033,長榮大學,02211011,神學系,1,1,0,1,0,0,0,0,0,0,0,0,0,1,1,0,1,1,0
108,私立,一般大學,1033,長榮大學,02231012,應用哲學系,4,2,2,0,0,0,0,1,1,1,1,0,0,2,1,1,4,2,2
108,私立,一般大學,1033,長榮大學,02299066,東南亞文化與產業學士學位學程,4,0,4,0,0,0,0,0,0,0,4,0,0,0,0,0,4,0,4
108,私立,一般大學,1033,長榮大學,02311005,應用日語學系,11,5,6,2,0,0,0,1,1,2,5,0,0,4,3,1,11,5,6
108,私立,一般大學,1033,長榮大學,02312007,翻譯學系,15,6,9,1,0,0,0,2,1,3,8,0,0,4,3,1,15,6,9
108,私立,一般大學,1033,長榮大學,03131018,健康心理學系,4,4,0,0,0,1,0,3,0,0,0,0,0,4,4,0,4,4,0
108,私立,一般大學,1033,長榮大學,03211021,大眾傳播學系,7,5,2,0,0,0,0,1,0,4,2,0,0,1,1,0,7,5,2
108,私立,一般大學,1033,長榮大學,04111024,會計資訊學系,1,1,0,0,0,0,0,0,0,1,0,0,0,0,0,0,1,1,0
108,私立,一般大學,1033,長榮大學,04121030,財務金融學系,1,1,0,0,0,0,0,0,0,1,0,0,0,0,0,0,1,1,0
108,私立,一般大學,1033,長榮大學,04131025,企業管理學系,4,3,1,0,0,0,1,2,0,1,0,0,0,3,2,1,4,3,1
108,私立,一般大學,1033,長榮大學,04131026,管理學院經營管理博士班,2,2,0,1,0,0,0,1,0,0,0,0,0,2,2,0,2,2,0
108,私立,一般大學,1033,長榮大學,04131026,管理學院經營管理碩士班,3,2,1,1,0,0,0,1,1,0,0,0,0,3,2,1,3,2,1
108,私立,一般大學,1033,長榮大學,04131028,國際企業學系,6,4,2,0,0,0,0,2,2,2,0,0,0,4,2,2,6,4,2
108,私立,一般大學,1033,長榮大學,04131033,高階管理碩士在職專班,3,3,0,2,0,1,0,0,0,0,0,0,0,3,3,0,3,3,0
108,私立,一般大學,1033,長榮大學,04133031,醫務管理學系,10,4,6,0,0,1,1,1,1,2,4,0,0,4,2,2,10,4,6
108,私立,一般大學,1033,長榮大學,04141029,國際會展管理學士學位學程,3,3,0,1,0,0,0,0,0,2,0,0,0,1,1,0,3,3,0
108,私立,一般大學,1033,長榮大學,04199027,管理進修學士學位學程,13,9,4,0,0,1,0,4,2,4,2,0,0,7,5,2,13,9,4
108,私立,一般大學,1033,長榮大學,04199067,創新應用管理學系,1,1,0,0,0,1,0,0,0,0,0,0,0,1,1,0,1,1,0
108,私立,一般大學,1033,長榮大學,05121035,生物科技學系,2,2,0,1,0,0,0,0,0,1,0,0,0,1,1,0,2,2,0
108,私立,一般大學,1033,長榮大學,05191048,保健營養學系,1,1,0,0,0,0,0,1,0,0,0,0,0,1,1,0,1,1,0
108,私立,一般大學,1033,長榮大學,05211065,永續發展國際學士學位學程,2,1,1,0,0,0,0,0,1,1,0,0,0,1,0,1,2,1,1
108,私立,一般大學,1033,長榮大學,05211078,綠能與環境資源學系,1,1,0,0,0,1,0,0,0,0,0,0,0,1,1,0,1,1,0
108,私立,一般大學,1033,長榮大學,06131037,資訊管理學系,2,1,1,1,0,0,0,0,1,0,0,0,0,2,1,1,2,1,1
108,私立,一般大學,1033,長榮大學,07141041,科技工程與管理學系,1,1,0,0,0,0,0,1,0,0,0,0,0,1,1,0,1,1,0
108,私立,一般大學,1033,長榮大學,07162069,無人機應用學士學位學程,1,1,0,0,0,0,0,1,0,0,0,0,0,1,1,0,1,1,0
108,私立,一般大學,1033,長榮大學,07313042,土地管理與開發學系,1,1,0,0,0,0,0,0,0,1,0,0,0,0,0,0,1,1,0
108,私立,一般大學,1033,長榮大學,09121044,醫學研究所,1,1,0,1,0,0,0,0,0,0,0,0,0,1,1,0,1,1,0
108,私立,一般大學,1033,長榮大學,09131049,護理學系,12,1,11,0,0,0,1,0,3,1,7,0,0,4,0,4,12,1,11
108,私立,一般大學,1033,長榮大學,09199071,醫藥科學產業學系,4,4,0,0,0,0,0,3,0,1,0,0,0,3,3,0,4,4,0
108,私立,一般大學,1033,長榮大學,09231055,社會工作學系,4,1,3,0,0,0,0,1,0,0,3,0,0,1,1,0,4,1,3
108,私立,一般大學,1033,長榮大學,10141058,運動競技學系,11,7,4,0,0,2,0,0,0,5,4,0,0,2,2,0,11,7,4
108,私立,一般大學,1033,長榮大學,10151056,觀光與餐飲服務事業進修學士學位學程,6,6,0,0,0,0,0,2,0,4,0,0,0,2,2,0,6,6,0
108,私立,一般大學,1033,長榮大學,10151057,觀光與餐飲管理學系,7,4,3,0,0,0,0,1,1,3,2,0,0,2,1,1,7,4,3
108,私立,一般大學,1033,長榮大學,10221045,職業安全與衛生學系,20,18,2,1,0,0,0,10,0,7,2,0,0,11,11,0,20,18,2
108,私立,一般大學,1033,長榮大學,10412061,航運管理學系,2,2,0,0,0,1,0,1,0,0,0,0,0,2,2,0,2,2,0
108,私立,一般大學,1033,長榮大學,99999Z01,共同教育中心,19,18,1,1,0,6,0,1,0,10,1,0,0,8,8,0,19,18,1
108,私立,一般大學,1033,長榮大學,99999Z01,通識教育中心,15,9,6,0,0,0,0,7,4,2,2,0,0,11,7,4,15,9,6
108,私立,一般大學,1033,長榮大學,99999Z08,華語文教育中心,1,0,1,0,0,0,0,0,0,0,1,0,0,0,0,0,1,0,1
108,私立,一般大學,1033,長榮大學,99999Z08,語文教育中心,20,3,17,0,0,0,0,3,7,0,10,0,0,10,3,7,20,3,17
108,私立,技專校院,1034,弘光科技大學,02122003,文化創意產業系,20,15,5,0,0,1,0,2,1,12,4,0,0,4,3,1,20,15,5
108,私立,技專校院,1034,弘光科技大學,02311038,國際溝通英語系,8,3,5,0,0,0,1,1,2,2,2,0,0,4,1,3,8,3,5
108,私立,技專校院,1034,弘光科技大學,04133005,健康事業管理系,19,10,9,1,0,1,1,2,4,6,4,0,0,9,4,5,19,10,9
108,私立,技專校院,1034,弘光科技大學,05111007,動物保健學士學位學程,2,1,1,0,0,0,0,0,1,1,0,0,0,1,0,1,2,1,1
108,私立,技專校院,1034,弘光科技大學,05121008,生物科技系,5,2,3,0,0,0,0,2,2,0,1,0,0,4,2,2,5,2,3
108,私立,技專校院,1034,弘光科技大學,05191023,營養系暨營養醫學研究所,23,13,10,0,0,4,0,6,1,3,9,0,0,11,10,1,23,13,10
108,私立,技專校院,1034,弘光科技大學,06131010,資訊管理(學)系,12,11,1,0,0,0,0,7,0,4,1,0,0,7,7,0,12,11,1
108,私立,技專校院,1034,弘光科技大學,06131011,資訊工程系,15,15,0,0,0,0,0,5,0,10,0,0,0,5,5,0,15,15,0
108,私立,技專校院,1034,弘光科技大學,07121014,環境與安全衛生工程系,25,21,4,0,0,0,0,9,2,12,2,0,0,11,9,2,25,21,4
108,私立,技專校院,1034,弘光科技大學,07193015,生物醫學工程系,3,3,0,1,0,0,0,2,0,0,0,0,0,3,3,0,3,3,0
108,私立,技專校院,1034,弘光科技大學,07211017,食品科技系,29,22,7,4,0,1,0,9,1,8,6,0,0,15,14,1,29,22,7
108,私立,技專校院,1034,弘光科技大學,09131025,護理系,47,15,32,1,0,0,4,7,7,7,21,0,0,19,8,11,47,15,32
108,私立,技專校院,1034,弘光科技大學,09151020,物理治療系,11,5,6,0,0,0,0,2,3,3,3,0,0,5,2,3,11,5,6
108,私立,技專校院,1034,弘光科技大學,09153021,語言治療與聽力學系,6,2,4,0,0,0,0,1,3,1,1,0,0,4,1,3,6,2,4
108,私立,技專校院,1034,弘光科技大學,09211037,老人福利與長期照顧事業系,13,6,7,0,0,0,0,4,0,2,7,0,0,4,4,0,13,6,7
108,私立,技專校院,1034,弘光科技大學,09221028,幼兒保育系,12,2,10,0,0,0,0,0,1,2,9,0,0,1,0,1,12,2,10
108,私立,技專校院,1034,弘光科技大學,10121031,化妝品應用系,30,14,16,0,0,0,1,3,4,11,11,0,0,8,3,5,30,14,16
108,私立,技專校院,1034,弘光科技大學,10121034,美髮造型設計系,9,6,3,0,0,0,0,2,1,4,2,0,0,3,2,1,9,6,3
108,私立,技專校院,1034,弘光科技大學,10131029,餐旅管理系,25,17,8,1,0,1,3,9,1,6,4,0,0,15,11,4,25,17,8
108,私立,技專校院,1034,弘光科技大學,10152030,運動休閒系,31,22,9,2,0,0,1,4,3,16,5,0,0,10,6,4,31,22,9
108,私立,技專校院,1034,弘光科技大學,99999Z01,通識學院,120,61,59,1,0,2,1,20,12,38,46,0,0,36,23,13,120,61,59
108,私立,一般大學,1035,中國醫藥大學,04133029,醫務管理學系,15,10,5,6,0,3,2,0,1,1,2,0,0,12,9,3,15,10,5
108,私立,一般大學,1035,中國醫藥大學,05121043,生物科技學系,3,2,1,2,0,0,0,0,1,0,0,0,0,3,2,1,3,2,1
108,私立,一般大學,1035,中國醫藥大學,05191021,營養學系,5,1,4,1,0,0,0,0,2,0,2,0,0,3,1,2,5,1,4
108,私立,一般大學,1035,中國醫藥大學,08411012,中獸醫碩士學位學程,2,2,0,2,0,0,0,0,0,0,0,0,0,2,2,0,2,2,0
108,私立,一般大學,1035,中國醫藥大學,09111019,牙醫學系,18,14,4,3,0,2,0,3,0,6,4,0,0,8,8,0,18,14,4
108,私立,一般大學,1035,中國醫藥大學,09121003,生物醫學研究所,28,23,5,11,1,8,1,4,3,0,0,0,0,28,23,5,28,23,5
108,私立,一般大學,1035,中國醫藥大學,09121014,中醫學系,38,30,8,3,0,9,1,12,4,6,3,0,0,29,24,5,38,30,8
108,私立,一般大學,1035,中國醫藥大學,09121014,學士後中醫學系,19,14,5,1,0,1,1,8,2,4,2,0,0,13,10,3,19,14,5
108,私立,一般大學,1035,中國醫藥大學,09121016,醫學系,53,37,16,6,1,5,3,14,8,12,4,0,0,37,25,12,53,37,16
108,私立,一般大學,1035,中國醫藥大學,09121046,中西醫結合研究所,2,2,0,1,0,1,0,0,0,0,0,0,0,2,2,0,2,2,0
108,私立,一般大學,1035,中國醫藥大學,09131024,二年制呼吸治療學系,3,3,0,0,0,0,0,3,0,0,0,0,0,3,3,0,3,3,0
108,私立,一般大學,1035,中國醫藥大學,09131045,護理學系,8,1,7,0,1,0,0,0,0,1,6,0,0,1,0,1,8,1,7
108,私立,一般大學,1035,中國醫藥大學,09141017,醫學檢驗生物技術學系,8,2,6,1,0,0,0,1,3,0,3,0,0,5,2,3,8,2,6
108,私立,一般大學,1035,中國醫藥大學,09141032,生物醫學影像暨放射科學學系,9,8,1,0,0,1,0,4,1,3,0,0,0,6,5,1,9,8,1
108,私立,一般大學,1035,中國醫藥大學,09151010,物理治療學系,1,1,0,0,0,1,0,0,0,0,0,0,0,1,1,0,1,1,0
108,私立,一般大學,1035,中國醫藥大學,09159047,運動醫學系,2,1,1,0,0,0,0,1,0,0,1,0,0,1,1,0,2,1,1
108,私立,一般大學,1035,中國醫藥大學,09161015,新藥開發研究所,1,0,1,0,1,0,0,0,0,0,0,0,0,1,0,1,1,0,1
108,私立,一般大學,1035,中國醫藥大學,09161034,藥學系,18,13,5,2,0,2,0,6,2,3,3,0,0,12,10,2,18,13,5
108,私立,一般大學,1035,中國醫藥大學,09161039,中國藥學暨中藥資源學系,12,11,1,3,0,0,1,6,0,2,0,0,0,10,9,1,12,11,1
108,私立,一般大學,1035,中國醫藥大學,09161042,藥用化妝品學系,3,2,1,0,0,0,0,0,0,2,1,0,0,0,0,0,3,2,1
108,私立,一般大學,1035,中國醫藥大學,09171013,針灸研究所,2,2,0,1,0,0,0,0,0,1,0,0,0,1,1,0,2,2,0
108,私立,一般大學,1035,中國醫藥大學,09191026,公共衛生學系,7,5,2,4,0,1,1,0,1,0,0,0,0,7,5,2,7,5,2
108,私立,一般大學,1035,中國醫藥大學,10221038,職業安全與衛生學系,4,2,2,2,2,0,0,0,0,0,0,0,0,4,2,2,4,2,2
108,私立,一般大學,1035,中國醫藥大學,99999Z01,通識教育中心,30,22,8,4,0,2,3,8,4,8,1,0,0,21,14,7,30,22,8
108,私立,技專校院,1036,健行學校財團法人健行科技大學,02112002,數位多媒體設計系,6,5,1,0,0,0,0,1,0,4,1,0,0,1,1,0,6,5,1
108,私立,技專校院,1036,健行學校財團法人健行科技大學,02311001,應用外語系,14,3,11,0,0,0,0,1,2,2,9,0,0,3,1,2,14,3,11
108,私立,技專校院,1036,健行學校財團法人健行科技大學,04121009,財務金融系,8,3,5,0,0,0,0,0,0,3,5,0,0,0,0,0,8,3,5
108,私立,技專校院,1036,健行學校財團法人健行科技大學,04131004,企業管理系,20,14,6,1,0,1,0,3,0,9,6,0,0,5,5,0,20,14,6
108,私立,技專校院,1036,健行學校財團法人健行科技大學,04143010,行銷與流通管理系,16,14,2,0,0,1,0,3,0,10,2,0,0,4,4,0,16,14,2
108,私立,技專校院,1036,健行學校財團法人健行科技大學,04199012,物業經營與管理系,7,3,4,0,0,0,0,0,2,3,2,0,0,2,0,2,7,3,4
108,私立,技專校院,1036,健行學校財團法人健行科技大學,06111014,資訊管理系,3,2,1,0,0,1,0,1,0,0,1,0,0,2,2,0,3,2,1
108,私立,技專校院,1036,健行學校財團法人健行科技大學,07112023,材料製造科技學位學程,1,1,0,0,0,0,0,1,0,0,0,0,0,1,1,0,1,1,0
108,私立,技專校院,1036,健行學校財團法人健行科技大學,07141018,資訊工程系,8,8,0,2,0,2,0,4,0,0,0,0,0,8,8,0,8,8,0
108,私立,技專校院,1036,健行學校財團法人健行科技大學,07151020,機械工程系,7,7,0,0,0,2,0,1,0,4,0,0,0,3,3,0,7,7,0
108,私立,技專校院,1036,健行學校財團法人健行科技大學,07191011,工業管理系,7,6,1,0,0,1,0,2,0,3,1,0,0,3,3,0,7,6,1
108,私立,技專校院,1036,健行學校財團法人健行科技大學,07321021,土木工程(學)系,9,8,1,0,0,0,0,6,0,2,1,0,0,6,6,0,9,8,1
108,私立,技專校院,1036,健行學校財團法人健行科技大學,07322015,應用空間資訊系,8,7,1,0,0,2,0,3,0,2,1,0,0,5,5,0,8,7,1
108,私立,技專校院,1036,健行學校財團法人健行科技大學,10131025,餐旅管理系,32,18,14,0,0,1,0,7,3,10,11,0,0,11,8,3,32,18,14
108,私立,技專校院,1036,健行學校財團法人健行科技大學,10151006,國際企業經營系,9,4,5,0,0,0,0,1,1,3,4,0,0,2,1,1,9,4,5
108,私立,技專校院,1036,健行學校財團法人健行科技大學,99999Z01,通識(教育)中心,64,22,42,1,0,2,1,4,4,15,37,0,0,12,7,5,64,22,42
108,私立,技專校院,1036,健行學校財團法人健行科技大學,99999Z07,體育教育中心,18,13,5,0,0,1,1,2,0,10,4,0,0,4,3,1,18,13,5
108,私立,技專校院,1037,正修學校財團法人正修科技大學,02112003,數位多媒體設計系,9,7,2,0,0,0,0,2,0,5,2,0,0,2,2,0,9,7,2
108,私立,技專校院,1037,正修學校財團法人正修科技大學,02122002,時尚生活創意設計系,15,9,6,0,0,0,0,1,1,8,5,0,0,2,1,1,15,9,6
108,私立,技專校院,1037,正修學校財團法人正修科技大學,02311001,應用外語系,50,17,33,0,0,0,1,0,2,17,30,0,0,3,0,3,50,17,33
108,私立,技專校院,1037,正修學校財團法人正修科技大學,04121008,金融管理系,5,2,3,0,0,0,0,0,1,2,2,0,0,1,0,1,5,2,3
108,私立,技專校院,1037,正修學校財團法人正修科技大學,04131005,企業管理系,81,46,35,1,0,1,0,12,3,32,32,0,0,17,14,3,81,46,35
108,私立,技專校院,1037,正修學校財團法人正修科技大學,04131006,國際企業系,2,1,1,0,0,0,0,0,0,1,1,0,0,0,0,0,2,1,1
108,私立,技專校院,1037,正修學校財團法人正修科技大學,06131010,資訊管理系,21,14,7,1,0,1,1,3,2,9,4,0,0,8,5,3,21,14,7
108,私立,技專校院,1037,正修學校財團法人正修科技大學,07141011,電機工程系,10,10,0,0,0,1,0,4,0,5,0,0,0,5,5,0,10,10,0
108,私立,技專校院,1037,正修學校財團法人正修科技大學,07141012,電子工程系,4,3,1,0,0,0,0,1,0,2,1,0,0,1,1,0,4,3,1
108,私立,技專校院,1037,正修學校財團法人正修科技大學,07141013,資訊工程系,20,17,3,1,0,0,0,10,2,6,1,0,0,13,11,2,20,17,3
108,私立,技專校院,1037,正修學校財團法人正修科技大學,07151015,機械工程系,13,12,1,1,0,3,0,5,0,3,1,0,0,9,9,0,13,12,1
108,私立,技專校院,1037,正修學校財團法人正修科技大學,07191018,工業工程與管理系,15,11,4,1,1,1,0,6,0,3,3,0,0,9,8,1,15,11,4
108,私立,技專校院,1037,正修學校財團法人正修科技大學,07311004,建築與室內設計系,38,32,6,1,0,1,0,3,0,27,6,0,0,5,5,0,38,32,6
108,私立,技專校院,1037,正修學校財團法人正修科技大學,07321016,土木與空間資訊系,10,10,0,1,0,1,0,4,0,4,0,0,0,6,6,0,10,10,0
108,私立,技專校院,1037,正修學校財團法人正修科技大學,09221021,幼兒保育系,24,4,20,0,0,1,0,1,2,2,18,0,0,4,2,2,24,4,20
108,私立,技專校院,1037,正修學校財團法人正修科技大學,10121026,化妝品與時尚彩妝系,24,8,16,0,0,0,0,1,0,7,16,0,0,1,1,0,24,8,16
108,私立,技專校院,1037,正修學校財團法人正修科技大學,10131022,餐飲管理系,27,14,13,0,0,1,0,1,0,12,13,0,0,2,2,0,27,14,13
108,私立,技專校院,1037,正修學校財團法人正修科技大學,10151023,觀光遊憩系,23,11,12,1,0,1,0,2,1,7,11,0,0,5,4,1,23,11,12
108,私立,技專校院,1037,正修學校財團法人正修科技大學,10152025,休閒與運動管理系,79,55,24,0,0,2,1,16,4,37,19,0,0,23,18,5,79,55,24
108,私立,技專校院,1037,正修學校財團法人正修科技大學,99999Z01,通識教育中心,153,100,53,7,0,9,1,41,20,43,32,0,0,78,57,21,153,100,53
108,私立,技專校院,1037,正修學校財團法人正修科技大學,99999Z05,師資培育中心,1,1,0,0,0,0,0,0,0,1,0,0,0,0,0,0,1,1,0
108,私立,技專校院,1038,萬能學校財團法人萬能科技大學,02123002,商業設計系,5,4,1,0,0,0,0,0,0,4,1,0,0,0,0,0,5,4,1
108,私立,技專校院,1038,萬能學校財團法人萬能科技大學,02123003,商品設計系,1,1,0,0,0,0,0,0,0,1,0,0,0,0,0,0,1,1,0
108,私立,技專校院,1038,萬能學校財團法人萬能科技大學,04131004,企業管理系,27,17,10,0,0,0,0,1,0,16,10,0,0,1,1,0,27,17,10
108,私立,技專校院,1038,萬能學校財團法人萬能科技大學,04132010,行銷與流通管理系,15,11,4,0,0,0,0,3,0,8,4,0,0,3,3,0,15,11,4
108,私立,技專校院,1038,萬能學校財團法人萬能科技大學,06131015,資訊管理系,2,1,1,0,0,0,1,0,0,1,0,0,0,1,0,1,2,1,1
108,私立,技專校院,1038,萬能學校財團法人萬能科技大學,06132016,數位多媒體系,1,1,0,0,0,0,0,1,0,0,0,0,0,1,1,0,1,1,0
108,私立,技專校院,1038,萬能學校財團法人萬能科技大學,07121034,環境工程系,10,8,2,0,0,0,0,0,0,8,2,0,0,0,0,0,10,8,2
108,私立,技專校院,1038,萬能學校財團法人萬能科技大學,07141019,資訊工程系,7,6,1,0,0,0,0,3,0,3,1,0,0,3,3,0,7,6,1
108,私立,技專校院,1038,萬能學校財團法人萬能科技大學,07162022,航空光機電系,8,8,0,0,0,0,0,3,0,5,0,0,0,3,3,0,8,8,0
108,私立,技專校院,1038,萬能學校財團法人萬能科技大學,07191011,工業管理系,25,18,7,0,0,2,0,4,1,12,6,0,0,7,6,1,25,18,7
108,私立,技專校院,1038,萬能學校財團法人萬能科技大學,07321024,營建科技系,10,8,2,0,0,0,0,1,0,7,2,0,0,1,1,0,10,8,2
108,私立,技專校院,1038,萬能學校財團法人萬能科技大學,10121041,化妝品應用與管理系,35,14,21,1,0,0,0,3,3,10,18,0,0,7,4,3,35,14,21
108,私立,技專校院,1038,萬能學校財團法人萬能科技大學,10121044,時尚造型設計系,12,3,9,0,0,0,0,0,2,3,7,0,0,2,0,2,12,3,9
108,私立,技專校院,1038,萬能學校財團法人萬能科技大學,10131036,旅館管理系,4,1,3,0,0,0,0,0,1,1,2,0,0,1,0,1,4,1,3
108,私立,技專校院,1038,萬能學校財團法人萬能科技大學,10131037,餐飲管理系,37,25,12,0,0,0,0,7,0,18,12,0,0,7,7,0,37,25,12
108,私立,技專校院,1038,萬能學校財團法人萬能科技大學,10151038,觀光與休閒事業管理系,47,28,19,0,0,0,0,5,0,23,19,0,0,5,5,0,47,28,19
108,私立,技專校院,1038,萬能學校財團法人萬能科技大學,10413043,航空暨運輸服務管理系,2,1,1,0,0,0,0,0,0,1,1,0,0,0,0,0,2,1,1
108,私立,技專校院,1038,萬能學校財團法人萬能科技大學,99999Z01,通識教育中心,109,66,43,0,0,4,0,15,6,47,37,0,0,25,19,6,109,66,43
108,私立,一般大學,1039,玄奘大學,02112013,視覺傳達設計學系,4,1,3,0,0,0,0,0,0,1,3,0,0,0,0,0,4,1,3
108,私立,一般大學,1039,玄奘大學,02125012,時尚設計學系,1,0,1,0,0,0,0,0,0,0,1,0,0,0,0,0,1,0,1
108,私立,一般大學,1039,玄奘大學,02152004,影劇藝術學系,2,1,1,0,0,0,0,0,0,1,1,0,0,0,0,0,2,1,1
108,私立,一般大學,1039,玄奘大學,02199005,藝術與創意設計學系,7,5,2,0,0,0,0,3,1,2,1,0,0,4,3,1,7,5,2
108,私立,一般大學,1039,玄奘大學,02199044,藝術設計學院,2,1,1,0,0,0,1,0,0,1,0,0,0,1,0,1,2,1,1
108,私立,一般大學,1039,玄奘大學,02211010,宗教與文化學系,8,5,3,0,0,1,1,2,1,2,1,0,0,5,3,2,8,5,3
108,私立,一般大學,1039,玄奘大學,02311043,應用日語學系,5,2,3,0,0,1,0,0,0,1,3,0,0,1,1,0,5,2,3
108,私立,一般大學,1039,玄奘大學,03131016,應用心理學系,10,6,4,0,0,1,0,0,4,5,0,0,0,5,1,4,10,6,4
108,私立,一般大學,1039,玄奘大學,03211018,大眾傳播學系,2,2,0,0,0,0,0,0,0,2,0,0,0,0,0,0,2,2,0
108,私立,一般大學,1039,玄奘大學,03212021,廣播與電視新聞學系,1,0,1,0,0,0,0,0,1,0,0,0,0,1,0,1,1,0,1
108,私立,一般大學,1039,玄奘大學,03299Y22,傳播學院,9,7,2,0,0,1,0,1,0,5,2,0,0,2,2,0,9,7,2
108,私立,一般大學,1039,玄奘大學,04131024,企業管理學系,3,3,0,0,0,0,0,1,0,2,0,0,0,1,1,0,3,3,0
108,私立,一般大學,1039,玄奘大學,04211032,法律學系,12,11,1,0,0,3,0,3,0,5,1,0,0,6,6,0,12,11,1
108,私立,一般大學,1039,玄奘大學,06134034,資訊管理學系,3,3,0,0,0,0,0,3,0,0,0,0,0,3,3,0,3,3,0
108,私立,一般大學,1039,玄奘大學,09231036,社會工作學系,6,1,5,0,0,0,0,0,2,1,3,0,0,2,0,2,6,1,5
108,私立,一般大學,1039,玄奘大學,10131040,餐旅管理學系,6,5,1,1,0,0,0,2,0,2,1,0,0,3,3,0,6,5,1
108,私立,一般大學,1039,玄奘大學,99999Z01,通識教育中心,21,11,10,0,0,1,0,6,5,4,5,0,0,12,7,5,21,11,10
108,私立,技專校院,1040,建國科技大學,02112004,數位媒體設計系暨碩士班,6,3,3,0,0,0,0,1,1,2,2,0,0,2,1,1,6,3,3
108,私立,技專校院,1040,建國科技大學,02112005,商業設計系,6,5,1,0,0,0,0,0,0,5,1,0,0,0,0,0,6,5,1
108,私立,技專校院,1040,建國科技大學,02122002,創意生活應用設計研究所,1,1,0,0,0,0,0,1,0,0,0,0,0,1,1,0,1,1,0
108,私立,技專校院,1040,建國科技大學,02122003,創意產品與遊戲設計系,11,7,4,0,0,0,0,1,0,6,4,0,0,1,1,0,11,7,4
108,私立,技專校院,1040,建國科技大學,02124007,空間設計系,21,14,7,0,0,1,0,2,0,11,7,0,0,3,3,0,21,14,7
108,私立,技專校院,1040,建國科技大學,02311001,應用外語系,5,3,2,0,0,0,0,0,0,3,2,0,0,0,0,0,5,3,2
108,私立,技專校院,1040,建國科技大學,04131009,國際企業管理系,13,10,3,0,0,0,1,1,0,9,2,0,0,2,1,1,13,10,3
108,私立,技專校院,1040,建國科技大學,04143010,行銷與服務管理系,13,6,7,0,0,0,0,3,0,3,7,0,0,3,3,0,13,6,7
108,私立,技專校院,1040,建國科技大學,04199011,服務與科技管理研究所,2,2,0,1,0,1,0,0,0,0,0,0,0,2,2,0,2,2,0
108,私立,技專校院,1040,建國科技大學,06131012,資訊管理系,6,4,2,0,0,0,0,1,1,3,1,0,0,2,1,1,6,4,2
108,私立,技專校院,1040,建國科技大學,06199017,資訊與網路通訊系,3,3,0,0,0,0,0,0,0,3,0,0,0,0,0,0,3,3,0
108,私立,技專校院,1040,建國科技大學,07141013,電機工程系所,3,2,1,0,0,0,0,1,1,1,0,0,0,2,1,1,3,2,1
108,私立,技專校院,1040,建國科技大學,07141014,電子工程系所,3,3,0,0,0,0,0,0,0,3,0,0,0,0,0,0,3,3,0
108,私立,技專校院,1040,建國科技大學,07141015,自動化工程系暨機電光系統研究所,8,4,4,0,0,0,0,0,1,4,3,0,0,1,0,1,8,4,4
108,私立,技專校院,1040,建國科技大學,07151018,機械工程系暨製造科技研究所,15,12,3,0,0,0,0,1,0,11,3,0,0,1,1,0,15,12,3
108,私立,技專校院,1040,建國科技大學,07191024,工業與服務管理系,2,2,0,0,0,1,0,0,0,1,0,0,0,1,1,0,2,2,0
108,私立,技專校院,1040,建國科技大學,07321021,土木工程系暨土木與防災研究所,8,8,0,1,0,1,0,1,0,5,0,0,0,3,3,0,8,8,0
108,私立,技專校院,1040,建國科技大學,10121027,美容系暨美容科技研究所,20,7,13,0,0,1,0,2,2,4,11,0,0,5,3,2,20,7,13
108,私立,技專校院,1040,建國科技大學,10151025,觀光系,10,6,4,0,0,0,0,1,0,5,4,0,0,1,1,0,10,6,4
108,私立,技專校院,1040,建國科技大學,10152026,運動健康與休閒系,13,8,5,0,0,0,0,4,1,4,4,0,0,5,4,1,13,8,5
108,私立,技專校院,1040,建國科技大學,99999Z01,通識教育中心,17,7,10,0,0,0,0,3,2,4,8,0,0,5,3,2,17,7,10
108,私立,技專校院,1041,明志科技大學,02112003,視覺傳達設計系,11,8,3,0,0,0,0,0,0,8,3,0,0,0,0,0,11,8,3
108,私立,技專校院,1041,明志科技大學,02123004,工業設計系,6,6,0,0,0,2,0,1,0,3,0,0,0,3,3,0,6,6,0
108,私立,技專校院,1041,明志科技大學,04131005,經營管理系,12,8,4,0,0,0,0,5,1,3,3,0,0,6,5,1,12,8,4
108,私立,技專校院,1041,明志科技大學,07111018,化學工程系,6,6,0,0,0,1,0,2,0,3,0,0,0,3,3,0,6,6,0
108,私立,技專校院,1041,明志科技大學,07112022,材料工程系,6,5,1,0,0,0,0,5,1,0,0,0,0,6,5,1,6,5,1
108,私立,技專校院,1041,明志科技大學,07121025,環境與安全衛生工程系,5,5,0,0,0,0,0,1,0,4,0,0,0,1,1,0,5,5,0
108,私立,技專校院,1041,明志科技大學,07132021,能源電池科技博士學位學程,2,2,0,1,0,0,0,1,0,0,0,0,0,2,2,0,2,2,0
108,私立,技專校院,1041,明志科技大學,07141010,電機工程系,2,2,0,0,0,2,0,0,0,0,0,0,0,2,2,0,2,2,0
108,私立,技專校院,1041,明志科技大學,07141011,電子工程系,17,14,3,2,0,3,1,4,0,5,2,0,0,10,9,1,17,14,3
108,私立,技專校院,1041,明志科技大學,07151014,機械工程系,14,13,1,1,0,1,0,3,0,8,1,0,0,5,5,0,14,13,1
108,私立,技專校院,1041,明志科技大學,07191024,工業工程與管理系,15,12,3,0,0,0,0,6,0,6,3,0,0,6,6,0,15,12,3
108,私立,技專校院,1041,明志科技大學,99999Z01,通識教育中心,76,29,47,0,0,2,1,11,15,16,31,0,0,29,13,16,76,29,47
108,私立,技專校院,1042,高苑科技大學,02112044,電競與動畫遊戲學位學程,2,1,1,0,0,0,0,0,0,1,1,0,0,0,0,0,2,1,1
108,私立,技專校院,1042,高苑科技大學,02122002,文化創意設計與數位整合學位學程,2,1,1,0,0,0,0,0,0,1,1,0,0,0,0,0,2,1,1
108,私立,技專校院,1042,高苑科技大學,02311001,應用外語系,13,4,9,0,0,0,0,1,0,3,9,0,0,1,1,0,13,4,9
108,私立,技專校院,1042,高苑科技大學,03214004,資訊傳播系,5,4,1,0,0,0,0,0,1,4,0,0,0,1,0,1,5,4,1
108,私立,技專校院,1042,高苑科技大學,04131006,企業管理系,6,4,2,1,0,1,0,2,0,0,2,0,0,4,4,0,6,4,2
108,私立,技專校院,1042,高苑科技大學,04143011,行銷與流通管理系,3,2,1,0,0,0,0,1,1,1,0,0,0,2,1,1,3,2,1
108,私立,技專校院,1042,高苑科技大學,05299034,綠環境設計學位學程,3,3,0,0,0,0,0,1,0,2,0,0,0,1,1,0,3,3,0
108,私立,技專校院,1042,高苑科技大學,06131014,資訊管理系,4,3,1,0,0,1,0,1,0,1,1,0,0,2,2,0,4,3,1
108,私立,技專校院,1042,高苑科技大學,06134015,資訊科技應用系,2,2,0,0,0,1,0,1,0,0,0,0,0,2,2,0,2,2,0
108,私立,技專校院,1042,高苑科技大學,07132031,綠色能源應用系,1,1,0,0,0,1,0,0,0,0,0,0,0,1,1,0,1,1,0
108,私立,技專校院,1042,高苑科技大學,07141018,電機工程系,5,4,1,0,0,0,0,2,0,2,1,0,0,2,2,0,5,4,1
108,私立,技專校院,1042,高苑科技大學,07141019,電子工程系,3,3,0,0,0,2,0,1,0,0,0,0,0,3,3,0,3,3,0
108,私立,技專校院,1042,高苑科技大學,07151022,機械與自動化工程系,7,7,0,0,0,0,0,4,0,3,0,0,0,4,4,0,7,7,0
108,私立,技專校院,1042,高苑科技大學,07311033,建築系,12,10,2,2,0,1,0,1,0,6,2,0,0,4,4,0,12,10,2
108,私立,技專校院,1042,高苑科技大學,07321024,土木工程系,11,10,1,0,0,3,1,3,0,4,0,0,0,7,6,1,11,10,1
108,私立,技專校院,1042,高苑科技大學,09211036,銀髮事業暨社會工作學士學位學程,3,2,1,1,0,0,0,0,0,1,1,0,0,1,1,0,3,2,1
108,私立,技專校院,1042,高苑科技大學,10121005,香妝與養生保健系,4,2,2,0,0,0,0,1,0,1,2,0,0,1,1,0,4,2,2
108,私立,技專校院,1042,高苑科技大學,10151037,觀光事業管理系,4,3,1,0,0,0,0,0,0,3,1,0,0,0,0,0,4,3,1
108,私立,技專校院,1042,高苑科技大學,10152039,休閒運動管理系,6,5,1,0,0,1,0,1,0,3,1,0,0,2,2,0,6,5,1
108,私立,技專校院,1042,高苑科技大學,99999Z01,通識(教育)中心,5,4,1,0,0,0,0,1,0,3,1,0,0,1,1,0,5,4,1
108,私立,技專校院,1043,大仁科技大學,05199020,生命關懷事業學士學位學程,2,2,0,0,0,0,0,1,0,1,0,0,0,1,1,0,2,2,0
108,私立,技專校院,1043,大仁科技大學,07121014,環境與職業安全衛生系,9,8,1,1,0,1,0,5,0,1,1,0,0,7,7,0,9,8,1
108,私立,技專校院,1043,大仁科技大學,07141009,資訊工程與娛樂科技系,1,1,0,0,0,1,0,0,0,0,0,0,0,1,1,0,1,1,0
108,私立,技專校院,1043,大仁科技大學,07211012,食品科技學系,3,0,3,0,0,0,1,0,0,0,2,0,0,1,0,1,3,0,3
108,私立,技專校院,1043,大仁科技大學,08199043,寵物照護暨美容學士學位學程,8,4,4,0,0,0,0,1,0,3,4,0,0,1,1,0,8,4,4
108,私立,技專校院,1043,大仁科技大學,09131016,護理學系,14,7,7,0,0,0,0,3,0,4,7,0,0,3,3,0,14,7,7
108,私立,技專校院,1043,大仁科技大學,09161015,藥學系,40,29,11,1,0,7,2,12,1,9,8,0,0,23,20,3,40,29,11
108,私立,技專校院,1043,大仁科技大學,09221019,(嬰)幼兒保育系,9,2,7,0,1,1,0,0,2,1,4,0,0,4,1,3,9,2,7
108,私立,技專校院,1043,大仁科技大學,09231018,社會工作學系,7,0,7,0,0,0,0,0,0,0,7,0,0,0,0,0,7,0,7
108,私立,技專校院,1043,大仁科技大學,10121025,時尚美容應用系,1,0,1,0,0,0,0,0,0,0,1,0,0,0,0,0,1,0,1
108,私立,技專校院,1043,大仁科技大學,10131021,餐旅管理系,13,10,3,0,0,0,0,0,1,10,2,0,0,1,0,1,13,10,3
108,私立,技專校院,1043,大仁科技大學,10151023,觀光事業系,3,1,2,0,0,0,0,0,0,1,2,0,0,0,0,0,3,1,2
108,私立,技專校院,1043,大仁科技大學,10151042,原鄉發展與運用學士學位學程,2,2,0,0,0,0,0,0,0,2,0,0,0,0,0,0,2,2,0
108,私立,技專校院,1043,大仁科技大學,10152024,休閒運動(與)管理學系,8,6,2,0,0,0,0,1,0,5,2,0,0,1,1,0,8,6,2
108,私立,技專校院,1043,大仁科技大學,10321028,消防安全學士學位學程,23,21,2,0,0,0,0,4,1,17,1,0,0,5,4,1,23,21,2
108,私立,技專校院,1043,大仁科技大學,99999Z01,通識(教育)中心,10,4,6,1,0,0,0,1,1,2,5,0,0,3,2,1,10,4,6
108,私立,技專校院,1044,聖約翰科技大學,02112004,多媒體設計系,3,1,2,0,0,0,0,0,0,1,2,0,0,0,0,0,3,1,2
108,私立,技專校院,1044,聖約翰科技大學,02122002,創意設計系,5,2,3,0,0,0,0,0,0,2,3,0,0,0,0,0,5,2,3
108,私立,技專校院,1044,聖約翰科技大學,02122003,數位文藝系,1,0,1,0,0,0,0,0,1,0,0,0,0,1,0,1,1,0,1
108,私立,技專校院,1044,聖約翰科技大學,02311001,應用英語系,9,6,3,0,0,0,0,0,0,6,3,0,0,0,0,0,9,6,3
108,私立,技專校院,1044,聖約翰科技大學,04132008,行銷與流通管理系,3,2,1,0,0,0,0,1,0,1,1,0,0,1,1,0,3,2,1
108,私立,技專校院,1044,聖約翰科技大學,04199009,時尚經營管理系,5,4,1,1,0,0,0,0,0,3,1,0,0,1,1,0,5,4,1
108,私立,技專校院,1044,聖約翰科技大學,06131010,資訊管理系,1,0,1,0,0,0,0,0,0,0,1,0,0,0,0,0,1,0,1
108,私立,技專校院,1044,聖約翰科技大學,07141013,電子工程系,1,1,0,0,0,0,0,0,0,1,0,0,0,0,0,0,1,1,0
108,私立,技專校院,1044,聖約翰科技大學,07141015,資訊與通訊系,1,1,0,0,0,0,0,0,0,1,0,0,0,0,0,0,1,1,0
108,私立,技專校院,1044,聖約翰科技大學,07151016,機械與電腦輔助工程系,3,3,0,0,0,0,0,0,0,3,0,0,0,0,0,0,3,3,0
108,私立,技專校院,1044,聖約翰科技大學,09211019,老人服務事業系,8,5,3,0,0,2,0,0,1,3,2,0,0,3,2,1,8,5,3
108,私立,技專校院,1044,聖約翰科技大學,10151020,觀光與休閒管理系,6,3,3,0,0,0,0,1,0,2,3,0,0,1,1,0,6,3,3
108,私立,技專校院,1044,聖約翰科技大學,10152021,休閒運動與健康管理系,11,8,3,0,0,0,0,1,0,7,3,0,0,1,1,0,11,8,3
108,私立,技專校院,1045,嶺東科技大學,02112003,視覺傳達設計系,20,13,7,0,0,1,0,1,1,11,6,0,0,3,2,1,20,13,7
108,私立,技專校院,1045,嶺東科技大學,02112005,數位媒體設計系,8,6,2,0,0,0,0,0,0,6,2,0,0,0,0,0,8,6,2
108,私立,技專校院,1045,嶺東科技大學,02122002,流行設計系,17,3,14,0,0,0,1,0,0,3,13,0,0,1,0,1,17,3,14
108,私立,技專校院,1045,嶺東科技大學,02123008,創意產品設計系,16,12,4,0,0,1,0,1,0,10,4,0,0,2,2,0,16,12,4
108,私立,技專校院,1045,嶺東科技大學,02125039,服飾設計系,5,2,3,0,0,0,0,0,0,2,3,0,0,0,0,0,5,2,3
108,私立,技專校院,1045,嶺東科技大學,02311001,應用外語系,20,4,16,0,0,0,0,0,1,4,15,0,0,1,0,1,20,4,16
108,私立,技專校院,1045,嶺東科技大學,04111010,會計資訊系,4,3,1,0,0,0,0,1,1,2,0,0,0,2,1,1,4,3,1
108,私立,技專校院,1045,嶺東科技大學,04121017,財務金融系,20,11,9,1,0,0,1,0,0,10,8,0,0,2,1,1,20,11,9
108,私立,技專校院,1045,嶺東科技大學,04131013,企業管理系,20,11,9,2,0,1,0,4,1,4,8,0,0,8,7,1,20,11,9
108,私立,技專校院,1045,嶺東科技大學,04141015,國際企業系,20,8,12,0,0,0,0,1,1,7,11,0,0,2,1,1,20,8,12
108,私立,技專校院,1045,嶺東科技大學,04143024,行銷與流通管理系,24,15,9,0,0,0,0,0,1,15,8,0,0,1,0,1,24,15,9
108,私立,技專校院,1045,嶺東科技大學,04199040,時尚經營系,6,5,1,0,0,0,0,0,0,5,1,0,0,0,0,0,6,5,1
108,私立,技專校院,1045,嶺東科技大學,06121031,資訊管理系,9,5,4,0,0,0,0,1,1,4,3,0,0,2,1,1,9,5,4
108,私立,技專校院,1045,嶺東科技大學,06131030,資訊科技系,35,29,6,0,0,2,0,6,0,21,6,0,0,8,8,0,35,29,6
108,私立,技專校院,1045,嶺東科技大學,10151036,觀光與休閒管理系,27,17,10,0,0,0,0,2,0,15,10,0,0,2,2,0,27,17,10
108,私立,技專校院,1045,嶺東科技大學,99999Z01,通識(教育)中心,31,13,18,0,0,0,0,2,1,11,17,0,0,3,2,1,31,13,18
108,私立,技專校院,1046,中國科技大學,02112003,視覺傳達設計系,20,12,8,0,0,0,0,1,0,11,8,0,0,1,1,0,20,12,8
108,私立,技專校院,1046,中國科技大學,02112004,數位多媒體設計系,21,15,6,0,0,0,0,2,2,13,4,0,0,4,2,2,21,15,6
108,私立,技專校院,1046,中國科技大學,02124005,室內設計系,70,47,23,0,0,2,0,0,0,45,23,0,0,2,2,0,70,47,23
108,私立,技專校院,1046,中國科技大學,02199006,影視設計系,6,6,0,0,0,0,0,1,0,5,0,0,0,1,1,0,6,6,0
108,私立,技專校院,1046,中國科技大學,02311001,應用英語系,4,1,3,0,0,0,0,0,0,1,3,0,0,0,0,0,4,1,3
108,私立,技專校院,1046,中國科技大學,04121015,財務金融系,1,0,1,0,0,0,0,0,0,0,1,0,0,0,0,0,1,0,1
108,私立,技專校院,1046,中國科技大學,04131010,企業管理系,28,23,5,0,0,1,0,4,0,18,5,0,0,5,5,0,28,23,5
108,私立,技專校院,1046,中國科技大學,04132017,行銷與流通管理系,17,11,6,0,0,2,0,2,0,7,6,0,0,4,4,0,17,11,6
108,私立,技專校院,1046,中國科技大學,04141014,國際商務系,10,6,4,0,0,0,0,1,1,5,3,0,0,2,1,1,10,6,4
108,私立,技專校院,1046,中國科技大學,06131019,資訊管理系,12,12,0,1,0,0,0,3,0,8,0,0,0,4,4,0,12,12,0
108,私立,技專校院,1046,中國科技大學,06131021,資訊工程系,1,1,0,0,0,0,0,1,0,0,0,0,0,1,1,0,1,1,0
108,私立,技專校院,1046,中國科技大學,07311026,建築系,32,22,10,0,0,1,0,3,1,18,9,0,0,5,4,1,32,22,10
108,私立,技專校院,1046,中國科技大學,07321025,土木與防災設計系,7,6,1,0,0,1,0,2,0,3,1,0,0,3,3,0,7,6,1
108,私立,技專校院,1046,中國科技大學,10151028,觀光與休閒事業管理系,30,20,10,0,0,2,0,2,3,16,7,0,0,7,4,3,30,20,10
108,私立,技專校院,1046,中國科技大學,99999Z01,通識教育中心,76,39,37,0,0,0,1,12,11,27,25,0,0,24,12,12,76,39,37
108,私立,技專校院,1047,中臺科技大學,01111009,文教事業經營研究所,2,1,1,1,0,0,0,0,1,0,0,0,0,2,1,1,2,1,1
108,私立,技專校院,1047,中臺科技大學,01121001,兒童教育暨事業經營系,16,6,10,0,0,1,0,1,2,4,8,0,0,4,2,2,16,6,10
108,私立,技專校院,1047,中臺科技大學,02311002,應用外語系,7,1,6,0,0,0,0,0,0,1,6,0,0,0,0,0,7,1,6
108,私立,技專校院,1047,中臺科技大學,04131003,國際企業系,5,2,3,0,0,0,0,0,1,2,2,0,0,1,0,1,5,2,3
108,私立,技專校院,1047,中臺科技大學,04133008,醫療暨健康產業管理系,18,9,9,0,0,1,0,4,0,4,9,0,0,5,5,0,18,9,9
108,私立,技專校院,1047,中臺科技大學,04143004,行銷管理系,12,6,6,0,0,1,0,2,3,3,3,0,0,6,3,3,12,6,6
108,私立,技專校院,1047,中臺科技大學,06131012,資訊管理系,11,10,1,0,0,0,0,6,0,4,1,0,0,6,6,0,11,10,1
108,私立,技專校院,1047,中臺科技大學,07121013,環境與安全衛生工程系,8,7,1,0,0,0,0,2,0,5,1,0,0,2,2,0,8,7,1
108,私立,技專校院,1047,中臺科技大學,07211017,食品科技系,16,12,4,0,0,0,0,2,2,10,2,0,0,4,2,2,16,12,4
108,私立,技專校院,1047,中臺科技大學,09111033,牙體技術暨材料系,17,15,2,1,0,2,0,6,1,6,1,0,0,10,9,1,17,15,2
108,私立,技專校院,1047,中臺科技大學,09131020,護理系,23,13,10,2,0,2,1,5,2,4,7,0,0,12,9,3,23,13,10
108,私立,技專校院,1047,中臺科技大學,09141028,醫學檢驗生物技術系,12,9,3,0,0,0,0,4,2,5,1,0,0,6,4,2,12,9,3
108,私立,技專校院,1047,中臺科技大學,09141029,醫學影像暨放射科學系,13,10,3,2,0,1,0,6,0,1,3,0,0,9,9,0,13,10,3
108,私立,技專校院,1047,中臺科技大學,09141030,視光系,16,14,2,0,0,0,0,2,0,12,2,0,0,2,2,0,16,14,2
108,私立,技專校院,1047,中臺科技大學,09211034,老人照顧系,18,6,12,0,0,0,0,2,5,4,7,0,0,7,2,5,18,6,12
108,私立,技專校院,1047,中臺科技大學,09212024,長期照顧碩士學位學程,1,1,0,0,0,0,0,1,0,0,0,0,0,1,1,0,1,1,0
108,私立,技專校院,1047,中臺科技大學,99999Z01,通識教育中心,13,6,7,0,0,1,0,4,3,1,4,0,0,8,5,3,13,6,7
108,私立,技專校院,1047,中臺科技大學,99999Z07,體育室,4,3,1,0,0,0,0,1,0,2,1,0,0,1,1,0,4,3,1
108,私立,技專校院,1047,中臺科技大學,99999Z08,語言中心,2,1,1,0,0,0,0,0,0,1,1,0,0,0,0,0,2,1,1
108,私立,一般大學,1048,亞洲大學,01121001,幼兒教育學系,7,3,4,2,0,0,0,1,2,0,2,0,0,5,3,2,7,3,4
108,私立,一般大學,1048,亞洲大學,02112006,視覺傳達設計學系,15,8,7,0,0,0,1,0,1,8,5,0,0,2,0,2,15,8,7
108,私立,一般大學,1048,亞洲大學,02112007,數位媒體設計學系,16,11,5,0,1,1,0,0,1,10,3,0,0,3,1,2,16,11,5
108,私立,一般大學,1048,亞洲大學,02122004,時尚設計學系,15,4,11,1,0,0,0,1,2,2,9,0,0,4,2,2,15,4,11
108,私立,一般大學,1048,亞洲大學,02123011,創意商品設計學系,17,14,3,0,0,0,0,0,1,14,2,0,0,1,0,1,17,14,3
108,私立,一般大學,1048,亞洲大學,02124012,室內設計學系,15,10,5,0,0,1,0,1,0,8,5,0,0,2,2,0,15,10,5
108,私立,一般大學,1048,亞洲大學,02311002,外國語文學系,51,21,30,0,0,1,2,7,4,13,24,0,0,14,8,6,51,21,30
108,私立,一般大學,1048,亞洲大學,03131013,心理學系,12,7,5,4,2,1,1,1,1,1,1,0,0,10,6,4,12,7,5
108,私立,一般大學,1048,亞洲大學,03213014,資訊傳播學系,11,9,2,2,0,0,0,1,0,6,2,0,0,3,3,0,11,9,2
108,私立,一般大學,1048,亞洲大學,04111015,會計與資訊學系,16,7,9,1,0,0,2,4,4,2,3,0,0,11,5,6,16,7,9
108,私立,一般大學,1048,亞洲大學,04121019,財務金融學系,5,4,1,1,1,1,0,2,0,0,0,0,0,5,4,1,5,4,1
108,私立,一般大學,1048,亞洲大學,04131017,經營管理學系,15,13,2,8,0,3,0,2,1,0,1,0,0,14,13,1,15,13,2
108,私立,一般大學,1048,亞洲大學,04212027,財經法律學系,28,24,4,2,0,2,1,6,1,14,2,0,0,12,10,2,28,24,4
108,私立,一般大學,1048,亞洲大學,05121028,生物科技學系,34,29,5,22,0,3,2,3,3,1,0,0,0,33,28,5,34,29,5
108,私立,一般大學,1048,亞洲大學,05191053,食品營養與保健生技學系,25,17,8,14,2,0,1,3,1,0,4,0,0,21,17,4,25,17,8
108,私立,一般大學,1048,亞洲大學,06134033,行動商務與多媒體應用學系,1,1,0,0,0,0,0,1,0,0,0,0,0,1,1,0,1,1,0
108,私立,一般大學,1048,亞洲大學,06134037,資訊工程學系,12,11,1,7,0,1,0,3,1,0,0,0,0,12,11,1,12,11,1
108,私立,一般大學,1048,亞洲大學,07141040,光電與通訊學系,6,6,0,5,0,1,0,0,0,0,0,0,0,6,6,0,6,6,0
108,私立,一般大學,1048,亞洲大學,07193029,生物資訊與醫學工程學系,25,21,4,17,0,1,3,3,1,0,0,0,0,25,21,4,25,21,4
108,私立,一般大學,1048,亞洲大學,08411045,學士後獸醫學系,24,15,9,11,1,2,1,1,7,1,0,0,0,23,14,9,24,15,9
108,私立,一般大學,1048,亞洲大學,09131046,護理學系,33,9,24,4,4,3,2,0,1,2,17,0,0,14,7,7,33,9,24
108,私立,一般大學,1048,亞洲大學,09141047,視光學系,9,6,3,2,0,1,1,2,0,1,2,0,0,6,5,1,9,6,3
108,私立,一般大學,1048,亞洲大學,09151056,物理治療學系,2,1,1,0,0,0,0,1,1,0,0,0,0,2,1,1,2,1,1
108,私立,一般大學,1048,亞洲大學,09152052,職能治療學系,8,6,2,3,0,0,0,3,2,0,0,0,0,8,6,2,8,6,2
108,私立,一般大學,1048,亞洲大學,09153051,聽力暨語言治療學系,27,10,17,6,0,3,0,1,15,0,2,0,0,25,10,15,27,10,17
108,私立,一般大學,1048,亞洲大學,09191021,健康產業管理學系,29,17,12,4,1,1,3,10,5,2,3,0,0,24,15,9,29,17,12
108,私立,一般大學,1048,亞洲大學,09231048,社會工作學系,18,8,10,2,0,1,1,1,2,4,7,0,0,7,4,3,18,8,10
108,私立,一般大學,1048,亞洲大學,10151049,休閒與遊憩管理學系,16,13,3,2,0,1,0,4,1,6,2,0,0,8,7,1,16,13,3
108,私立,一般大學,1048,亞洲大學,99999Z01,通識教育中心,46,33,13,2,0,2,0,17,11,12,2,0,0,32,21,11,46,33,13
108,私立,一般大學,1048,亞洲大學,99999Z07,體育室,33,22,11,0,0,3,2,3,3,16,6,0,0,11,6,5,33,22,11
108,私立,一般大學,1049,開南大學,02111058,電影與創意媒體學系,5,4,1,0,0,0,0,0,1,4,0,0,0,1,0,1,5,4,1
108,私立,一般大學,1049,開南大學,02122009,數位空間與商品設計學士學位學程,1,1,0,0,0,0,0,0,0,1,0,0,0,0,0,0,1,1,0
108,私立,一般大學,1049,開南大學,02125060,形象管理學士學位學程,14,5,9,0,0,0,0,0,1,5,8,0,0,1,0,1,14,5,9
108,私立,一般大學,1049,開南大學,02311006,應用英語學系,1,1,0,0,0,0,0,1,0,0,0,0,0,1,1,0,1,1,0
108,私立,一般大學,1049,開南大學,02311008,應用日語學系,10,4,6,3,1,0,0,1,2,0,3,0,0,7,4,3,10,4,6
108,私立,一般大學,1049,開南大學,02323004,應用華語學系,10,4,6,0,0,0,1,1,2,3,3,0,0,4,1,3,10,4,6
108,私立,一般大學,1049,開南大學,03213003,資訊傳播學系,2,1,1,0,0,1,0,0,0,0,1,0,0,1,1,0,2,1,1
108,私立,一般大學,1049,開南大學,04111014,會計學系,1,1,0,0,0,0,0,0,0,1,0,0,0,0,0,0,1,1,0
108,私立,一般大學,1049,開南大學,04131016,國際企業學系,14,7,7,0,0,3,0,1,0,3,7,0,0,4,4,0,14,7,7
108,私立,一般大學,1049,開南大學,04131017,企業與創業管理學系,1,1,0,1,0,0,0,0,0,0,0,0,0,1,1,0,1,1,0
108,私立,一般大學,1049,開南大學,04134012,公共事務管理學系,5,4,1,3,0,1,0,0,0,0,1,0,0,4,4,0,5,4,1
108,私立,一般大學,1049,開南大學,04199061,數位多媒體設計學系,1,1,0,1,0,0,0,0,0,0,0,0,0,1,1,0,1,1,0
108,私立,一般大學,1049,開南大學,04211011,法律學系,8,7,1,3,1,2,0,0,0,2,0,0,0,6,5,1,8,7,1
108,私立,一般大學,1049,開南大學,05191037,保健營養學系,3,0,3,0,0,0,0,0,0,0,3,0,0,0,0,0,3,0,3
108,私立,一般大學,1049,開南大學,06121032,資訊管理學系,1,1,0,0,0,1,0,0,0,0,0,0,0,1,1,0,1,1,0
108,私立,一般大學,1049,開南大學,09191026,健康產業管理學系,3,1,2,0,0,0,0,0,1,1,1,0,0,1,0,1,3,1,2
108,私立,一般大學,1049,開南大學,09199038,養生與健康行銷學系,9,1,8,0,0,0,1,1,1,0,6,0,0,3,1,2,9,1,8
108,私立,一般大學,1049,開南大學,10131039,觀光與餐飲旅館學系,10,7,3,0,0,1,0,4,0,2,3,0,0,5,5,0,10,7,3
108,私立,一般大學,1049,開南大學,10411059,交通運輸學系,2,2,0,0,0,1,0,0,0,1,0,0,0,1,1,0,2,2,0
108,私立,一般大學,1049,開南大學,10412050,物流與航運管理學系,7,7,0,0,0,5,0,1,0,1,0,0,0,6,6,0,7,7,0
108,私立,一般大學,1049,開南大學,10413046,空運管理學系,5,3,2,0,0,1,0,1,0,1,2,0,0,2,2,0,5,3,2
108,私立,一般大學,1049,開南大學,99999Z01,通識教育中心,19,11,8,0,0,2,0,8,3,1,5,0,0,13,10,3,19,11,8
108,私立,一般大學,1050,佛光大學,02123018,產品與媒體設計學系,11,11,0,0,0,0,0,4,0,7,0,0,0,4,4,0,11,11,0
108,私立,一般大學,1050,佛光大學,02211009,宗教學研究所,1,1,0,1,0,0,0,0,0,0,0,0,0,1,1,0,1,1,0
108,私立,一般大學,1050,佛光大學,02211010,佛教學系,5,3,2,2,0,1,0,0,2,0,0,0,0,5,3,2,5,3,2
108,私立,一般大學,1050,佛光大學,02221011,歷史學系,1,1,0,0,0,0,0,1,0,0,0,0,0,1,1,0,1,1,0
108,私立,一般大學,1050,佛光大學,02299015,文化資產與創意學系,4,4,0,1,0,0,0,2,0,1,0,0,0,3,3,0,4,4,0
108,私立,一般大學,1050,佛光大學,02311007,外國語文學系,3,1,2,0,0,0,0,0,0,1,2,0,0,0,0,0,3,1,2
108,私立,一般大學,1050,佛光大學,02322006,中國文學與應用學系,1,1,0,0,0,0,0,1,0,0,0,0,0,1,1,0,1,1,0
108,私立,一般大學,1050,佛光大學,03111020,應用經濟學系,3,2,1,0,0,1,0,1,1,0,0,0,0,3,2,1,3,2,1
108,私立,一般大學,1050,佛光大學,03131024,心理學系,3,3,0,1,0,0,0,0,0,2,0,0,0,1,1,0,3,3,0
108,私立,一般大學,1050,佛光大學,03141023,未來與樂活產業學系,5,4,1,0,0,0,0,4,0,0,1,0,0,4,4,0,5,4,1
108,私立,一般大學,1050,佛光大學,03141035,社會學暨社會工作學系,2,1,1,1,0,0,0,0,1,0,0,0,0,2,1,1,2,1,1
108,私立,一般大學,1050,佛光大學,03211028,傳播學系,4,3,1,1,0,0,0,2,0,0,1,0,0,3,3,0,4,3,1
108,私立,一般大學,1050,佛光大學,04131030,管理學系,4,4,0,0,0,1,0,0,0,3,0,0,0,1,1,0,4,4,0
108,私立,一般大學,1050,佛光大學,04134025,公共事務學系,7,6,1,1,0,3,0,2,1,0,0,0,0,7,6,1,7,6,1
108,私立,一般大學,1050,佛光大學,10131036,健康與創意蔬食產業學系,4,2,2,0,0,0,0,1,1,1,1,0,0,2,1,1,4,2,2
108,私立,一般大學,1050,佛光大學,99999Z01,通識教育委員會,36,23,13,0,0,5,0,9,5,9,8,0,0,19,14,5,36,23,13
108,私立,技專校院,1051,台南家專學校財團法人台南應用科技大學,02112012,視覺傳達設計系,13,9,4,0,0,0,0,3,1,6,3,0,0,4,3,1,13,9,4
108,私立,技專校院,1051,台南家專學校財團法人台南應用科技大學,02112013,多媒體動畫系,6,3,3,0,0,0,0,1,0,2,3,0,0,1,1,0,6,3,3
108,私立,技專校院,1051,台南家專學校財團法人台南應用科技大學,02122046,漫畫學士學位學程,2,1,1,0,0,0,0,1,0,0,1,0,0,1,1,0,2,1,1
108,私立,技專校院,1051,台南家專學校財團法人台南應用科技大學,02123014,商品設計系,16,9,7,0,0,0,0,3,1,6,6,0,0,4,3,1,16,9,7
108,私立,技專校院,1051,台南家專學校財團法人台南應用科技大學,02124015,室內設計系,16,8,8,0,0,1,0,1,0,6,8,0,0,2,2,0,16,8,8
108,私立,技專校院,1051,台南家專學校財團法人台南應用科技大學,02125042,服飾設計管理系,12,3,9,0,0,0,0,2,0,1,9,0,0,2,2,0,12,3,9
108,私立,技專校院,1051,台南家專學校財團法人台南應用科技大學,02131001,美術系,41,20,21,0,0,0,0,4,1,16,20,0,0,5,4,1,41,20,21
108,私立,技專校院,1051,台南家專學校財團法人台南應用科技大學,02151003,音樂系,120,39,81,1,0,0,3,14,35,24,43,0,0,53,15,38,120,39,81
108,私立,技專校院,1051,台南家專學校財團法人台南應用科技大學,02151004,流行音樂學士學位學程,30,20,10,0,0,0,0,1,3,19,7,0,0,4,1,3,30,20,10
108,私立,技專校院,1051,台南家專學校財團法人台南應用科技大學,02152005,舞蹈系,36,6,30,0,0,0,0,2,4,4,26,0,0,6,2,4,36,6,30
108,私立,技專校院,1051,台南家專學校財團法人台南應用科技大學,02311009,應用英語系,26,8,18,0,0,0,0,2,0,6,18,0,0,2,2,0,26,8,18
108,私立,技專校院,1051,台南家專學校財團法人台南應用科技大學,04111018,會計資訊系,3,0,3,0,0,0,0,0,0,0,3,0,0,0,0,0,3,0,3
108,私立,技專校院,1051,台南家專學校財團法人台南應用科技大學,04121025,財務金融系,3,1,2,0,0,0,0,1,0,0,2,0,0,1,1,0,3,1,2
108,私立,技專校院,1051,台南家專學校財團法人台南應用科技大學,04131021,企業管理系,11,6,5,0,0,0,0,2,1,4,4,0,0,3,2,1,11,6,5
108,私立,技專校院,1051,台南家專學校財團法人台南應用科技大學,04141023,國際企業經營系,9,6,3,0,0,1,0,0,0,5,3,0,0,1,1,0,9,6,3
108,私立,技專校院,1051,台南家專學校財團法人台南應用科技大學,06131027,資訊管理系,11,8,3,0,0,0,0,1,0,7,3,0,0,1,1,0,11,8,3
108,私立,技專校院,1051,台南家專學校財團法人台南應用科技大學,09221029,幼兒保育系,20,5,15,0,0,0,0,1,1,4,14,0,0,2,1,1,20,5,15
108,私立,技專校院,1051,台南家專學校財團法人台南應用科技大學,10111038,生活服務產業系,10,6,4,0,0,0,0,0,2,6,2,0,0,2,0,2,10,6,4
108,私立,技專校院,1051,台南家專學校財團法人台南應用科技大學,10121044,美容造型設計系,20,6,14,0,0,0,1,1,2,5,11,0,0,4,1,3,20,6,14
108,私立,技專校院,1051,台南家專學校財團法人台南應用科技大學,10131030,旅館管理系,10,6,4,0,0,0,1,1,2,5,1,0,0,4,1,3,10,6,4
108,私立,技專校院,1051,台南家專學校財團法人台南應用科技大學,10131032,餐飲系,20,7,13,0,0,0,0,2,1,5,12,0,0,3,2,1,20,7,13
108,私立,技專校院,1051,台南家專學校財團法人台南應用科技大學,10152033,運動休閒與健康管理系,19,14,5,0,0,0,0,1,2,13,3,0,0,3,1,2,19,14,5
108,私立,技專校院,1051,台南家專學校財團法人台南應用科技大學,10152034,養生休閒管理學位學程,6,3,3,0,0,0,0,1,0,2,3,0,0,1,1,0,6,3,3
108,私立,技專校院,1051,台南家專學校財團法人台南應用科技大學,99999Z05,師資培育中心,2,0,2,0,0,0,0,0,0,0,2,0,0,0,0,0,2,0,2
108,私立,技專校院,1052,遠東科技大學,02112038,數位媒體設計系,4,3,1,0,0,0,0,0,0,3,1,0,0,0,0,0,4,3,1
108,私立,技專校院,1052,遠東科技大學,02123014,創新設計與創業管理系,1,1,0,0,0,0,0,1,0,0,0,0,0,1,1,0,1,1,0
108,私立,技專校院,1052,遠東科技大學,02151036,流行音樂產業管理系,13,10,3,1,0,0,0,1,1,8,2,0,0,3,2,1,13,10,3
108,私立,技專校院,1052,遠東科技大學,04131007,企業管理系,4,4,0,0,0,0,0,1,0,3,0,0,0,1,1,0,4,4,0
108,私立,技專校院,1052,遠東科技大學,04132011,行銷與流通管理系,4,3,1,0,0,2,0,0,0,1,1,0,0,2,2,0,4,3,1
108,私立,技專校院,1052,遠東科技大學,06121020,資訊工程系,1,0,1,0,0,0,0,0,0,0,1,0,0,0,0,0,1,0,1
108,私立,技專校院,1052,遠東科技大學,06131015,資訊管理系,1,1,0,0,0,0,0,0,0,1,0,0,0,0,0,0,1,1,0
108,私立,技專校院,1052,遠東科技大學,07132035,冷凍空調與能源系,4,4,0,0,0,0,0,1,0,3,0,0,0,1,1,0,4,4,0
108,私立,技專校院,1052,遠東科技大學,07141017,電機工程系,2,2,0,0,0,0,0,1,0,1,0,0,0,1,1,0,2,2,0
108,私立,技專校院,1052,遠東科技大學,07151022,機械工程系,15,15,0,0,0,0,0,8,0,7,0,0,0,8,8,0,15,15,0
108,私立,技專校院,1052,遠東科技大學,07321041,營建工程系,7,6,1,0,0,2,0,1,0,3,1,0,0,3,3,0,7,6,1
108,私立,技專校院,1052,遠東科技大學,10121034,化妝品應用與管理系,8,3,5,0,0,0,0,0,1,3,4,0,0,1,0,1,8,3,5
108,私立,技專校院,1052,遠東科技大學,10131002,觀光英語系,2,1,1,0,0,0,0,1,0,0,1,0,0,1,1,0,2,1,1
108,私立,技專校院,1052,遠東科技大學,10131031,餐飲管理系,28,14,14,0,0,0,0,1,4,13,10,0,0,5,1,4,28,14,14
108,私立,技專校院,1052,遠東科技大學,10151032,旅遊事業管理系,13,9,4,0,0,2,0,2,0,5,4,0,0,4,4,0,13,9,4
108,私立,技專校院,1052,遠東科技大學,10152033,休閒運動管理系,6,4,2,0,0,0,0,0,0,4,2,0,0,0,0,0,6,4,2
108,私立,技專校院,1052,遠東科技大學,99999Z01,通識教育中心,22,13,9,0,0,0,1,2,0,11,8,0,0,3,2,1,22,13,9
108,私立,技專校院,1053,光宇學校財團法人元培醫事科技大學,02122043,茶陶創意設計系,1,1,0,0,0,1,0,0,0,0,0,0,0,1,1,0,1,1,0
108,私立,技專校院,1053,光宇學校財團法人元培醫事科技大學,02123039,會展暨文創事業管理學士學位學程,10,5,5,1,0,0,0,2,1,2,4,0,0,4,3,1,10,5,5
108,私立,技專校院,1053,光宇學校財團法人元培醫事科技大學,02311041,應用外語系,11,2,9,0,0,0,0,1,2,1,7,0,0,3,1,2,11,2,9
108,私立,技專校院,1053,光宇學校財團法人元培醫事科技大學,04131003,企業管理系,5,2,3,0,0,0,0,0,0,2,3,0,0,0,0,0,5,2,3
108,私立,技專校院,1053,光宇學校財團法人元培醫事科技大學,04133007,醫務管理系,16,12,4,1,0,0,0,9,2,2,2,0,0,12,10,2,16,12,4
108,私立,技專校院,1053,光宇學校財團法人元培醫事科技大學,06131012,資訊管理系,4,4,0,0,0,0,0,2,0,2,0,0,0,2,2,0,4,4,0
108,私立,技專校院,1053,光宇學校財團法人元培醫事科技大學,07121015,環境工程衛生系,11,8,3,0,0,2,1,4,1,2,1,0,0,8,6,2,11,8,3
108,私立,技專校院,1053,光宇學校財團法人元培醫事科技大學,07193016,生物醫學工程系,3,2,1,0,0,1,0,1,0,0,1,0,0,2,2,0,3,2,1
108,私立,技專校院,1053,光宇學校財團法人元培醫事科技大學,07211019,食品科學系,1,1,0,1,0,0,0,0,0,0,0,0,0,1,1,0,1,1,0
108,私立,技專校院,1053,光宇學校財團法人元培醫事科技大學,08112042,寵物保健學士學位學程,4,3,1,0,0,0,0,2,0,1,1,0,0,2,2,0,4,3,1
108,私立,技專校院,1053,光宇學校財團法人元培醫事科技大學,09131022,護理系,24,4,20,0,0,1,0,1,3,2,17,0,0,5,2,3,24,4,20
108,私立,技專校院,1053,光宇學校財團法人元培醫事科技大學,09141027,醫學檢驗生物技術系,14,11,3,0,0,2,0,5,2,4,1,0,0,9,7,2,14,11,3
108,私立,技專校院,1053,光宇學校財團法人元培醫事科技大學,09141029,視光系,10,8,2,0,0,0,0,1,0,7,2,0,0,1,1,0,10,8,2
108,私立,技專校院,1053,光宇學校財團法人元培醫事科技大學,09141030,醫學影像暨放射技術系,17,12,5,0,0,0,0,5,1,7,4,0,0,6,5,1,17,12,5
108,私立,技專校院,1053,光宇學校財團法人元培醫事科技大學,09161034,生物科技暨製藥技術系,8,7,1,0,1,2,0,5,0,0,0,0,0,8,7,1,8,7,1
108,私立,技專校院,1053,光宇學校財團法人元培醫事科技大學,09211035,高齡福祉事業管理學士學位學程,9,3,6,1,0,0,0,1,1,1,5,0,0,3,2,1,9,3,6
108,私立,技專校院,1053,光宇學校財團法人元培醫事科技大學,10131036,餐飲管理系,23,12,11,0,0,0,0,3,2,9,9,0,0,5,3,2,23,12,11
108,私立,技專校院,1053,光宇學校財團法人元培醫事科技大學,10151037,觀光與休閒管理系,1,1,0,0,0,0,0,0,0,1,0,0,0,0,0,0,1,1,0
108,私立,技專校院,1053,光宇學校財團法人元培醫事科技大學,10152038,健康休閒管理系,17,8,9,0,0,1,0,0,0,7,9,0,0,1,1,0,17,8,9
108,私立,技專校院,1053,光宇學校財團法人元培醫事科技大學,99999Z01,通識(教育)中心,13,5,8,0,0,0,1,2,2,3,5,0,0,5,2,3,13,5,8
108,私立,技專校院,1053,光宇學校財團法人元培醫事科技大學,99999Z07,體育室,1,1,0,0,0,0,0,0,0,1,0,0,0,0,0,0,1,1,0
108,私立,技專校院,1054,景文科技大學,02112005,視覺傳達設計學系,14,12,2,2,0,1,0,2,1,7,1,0,0,6,5,1,14,12,2
108,私立,技專校院,1054,景文科技大學,02311001,應用外語系,7,3,4,0,0,1,0,1,1,1,3,0,0,3,2,1,7,3,4
108,私立,技專校院,1054,景文科技大學,04131007,企業管理(學)系,5,4,1,0,0,0,0,2,1,2,0,0,0,3,2,1,5,4,1
108,私立,技專校院,1054,景文科技大學,04132014,行銷與流通管理系,2,2,0,0,0,0,0,0,0,2,0,0,0,0,0,0,2,2,0
108,私立,技專校院,1054,景文科技大學,07141018,電腦與通訊系,6,5,1,0,1,0,0,3,0,2,0,0,0,4,3,1,6,5,1
108,私立,技專校院,1054,景文科技大學,10131019,旅館管理系,11,4,7,0,1,0,0,1,1,3,5,0,0,3,1,2,11,4,7
108,私立,技專校院,1054,景文科技大學,10131020,餐飲管理學系,27,18,9,1,0,0,0,3,2,14,7,0,0,6,4,2,27,18,9
108,私立,技專校院,1054,景文科技大學,10151023,旅遊管理系,9,4,5,0,0,0,0,1,1,3,4,0,0,2,1,1,9,4,5
108,私立,技專校院,1054,景文科技大學,99999Z01,通識(教育)中心,18,7,11,0,0,1,0,1,3,5,8,0,0,5,2,3,18,7,11
108,私立,技專校院,1055,中華醫事科技大學,04133002,醫務暨健康事業管理系,5,2,3,0,0,0,1,1,0,1,2,0,0,2,1,1,5,2,3
108,私立,技專校院,1055,中華醫事科技大學,05121004,生物科技系,5,3,2,0,0,0,0,3,1,0,1,0,0,4,3,1,5,3,2
108,私立,技專校院,1055,中華醫事科技大學,05191017,食品營養系,37,16,21,1,0,2,1,5,2,8,18,0,0,11,8,3,37,16,21
108,私立,技專校院,1055,中華醫事科技大學,06131003,數位設計與資訊管理系,4,1,3,0,0,1,0,0,1,0,2,0,0,2,1,1,4,1,3
108,私立,技專校院,1055,中華醫事科技大學,07121009,環境與安全衛生工程系,3,1,2,0,0,0,0,0,1,1,1,0,0,1,0,1,3,1,2
108,私立,技專校院,1055,中華醫事科技大學,09131018,護理系,41,14,27,2,1,2,1,5,4,5,21,0,0,15,9,6,41,14,27
108,私立,技專校院,1055,中華醫事科技大學,09141021,醫學檢驗生物技術系,29,17,12,0,0,3,0,7,4,7,8,0,0,14,10,4,29,17,12
108,私立,技專校院,1055,中華醫事科技大學,09141022,視光系,36,35,1,0,0,0,0,13,0,22,1,0,0,13,13,0,36,35,1
108,私立,技專校院,1055,中華醫事科技大學,09153031,語言治療系,1,0,1,0,0,0,0,0,0,0,1,0,0,0,0,0,1,0,1
108,私立,技專校院,1055,中華醫事科技大學,09161015,製藥工程系,8,6,2,1,0,0,0,2,1,3,1,0,0,4,3,1,8,6,2
108,私立,技專校院,1055,中華醫事科技大學,09171016,調理保健技術系,12,7,5,1,0,0,0,1,0,5,5,0,0,2,2,0,12,7,5
108,私立,技專校院,1055,中華醫事科技大學,09191013,職業安全衛生系,24,23,1,0,0,0,0,8,0,15,1,0,0,8,8,0,24,23,1
108,私立,技專校院,1055,中華醫事科技大學,09199019,長期照顧經營管理系,10,4,6,1,0,1,0,1,1,1,5,0,0,4,3,1,10,4,6
108,私立,技專校院,1055,中華醫事科技大學,09221024,幼兒保育系,10,4,6,0,0,0,0,2,2,2,4,0,0,4,2,2,10,4,6
108,私立,技專校院,1055,中華醫事科技大學,10121027,化妝品應用與管理系,2,0,2,0,0,0,0,0,0,0,2,0,0,0,0,0,2,0,2
108,私立,技專校院,1055,中華醫事科技大學,10131025,餐旅管理系,15,11,4,0,0,1,1,1,0,9,3,0,0,3,2,1,15,11,4
108,私立,技專校院,1055,中華醫事科技大學,10152026,運動健康與休閒系,4,2,2,0,0,0,0,0,0,2,2,0,0,0,0,0,4,2,2
108,私立,技專校院,1055,中華醫事科技大學,10199029,寵物照護與美容科,12,6,6,0,0,0,0,0,0,6,6,0,0,0,0,0,12,6,6
108,私立,技專校院,1055,中華醫事科技大學,99999Z01,通識中心,57,27,30,0,0,1,2,3,3,23,25,0,0,9,4,5,57,27,30
108,私立,技專校院,1056,東南科技大學,02111003,數位媒體設計系,4,4,0,0,0,0,0,1,0,3,0,0,0,1,1,0,4,4,0
108,私立,技專校院,1056,東南科技大學,02112041,數位遊戲設計系,1,1,0,0,0,0,0,0,0,1,0,0,0,0,0,0,1,1,0
108,私立,技專校院,1056,東南科技大學,02123004,創意產品設計系,2,2,0,0,0,1,0,0,0,1,0,0,0,1,1,0,2,2,0
108,私立,技專校院,1056,東南科技大學,02124005,室內設計系,16,11,5,0,0,0,0,2,0,9,5,0,0,2,2,0,16,11,5
108,私立,技專校院,1056,東南科技大學,02152001,表演藝術系,6,2,4,0,0,0,0,0,0,2,4,0,0,0,0,0,6,2,4
108,私立,技專校院,1056,東南科技大學,02311002,應用英語(文)系,4,1,3,0,0,0,0,0,1,1,2,0,0,1,0,1,4,1,3
108,私立,技專校院,1056,東南科技大學,04131006,企業管理(學)系,1,0,1,0,0,0,0,0,1,0,0,0,0,1,0,1,1,0,1
108,私立,技專校院,1056,東南科技大學,06131009,資訊科技系,2,0,2,0,0,0,0,0,0,0,2,0,0,0,0,0,2,0,2
108,私立,技專校院,1056,東南科技大學,07132018,能源與冷凍空調工程系,4,3,1,0,0,0,0,1,1,2,0,0,0,2,1,1,4,3,1
108,私立,技專校院,1056,東南科技大學,07141012,電子工程(學)系,4,2,2,0,0,0,0,1,0,1,2,0,0,1,1,0,4,2,2
108,私立,技專校院,1056,東南科技大學,07151013,機械工程(學)系,22,21,1,0,0,1,0,4,0,16,1,0,0,5,5,0,22,21,1
108,私立,技專校院,1056,東南科技大學,07321015,營建與空間設計系,5,4,1,0,0,0,0,4,0,0,1,0,0,4,4,0,5,4,1
108,私立,技專校院,1056,東南科技大學,10131019,餐旅管理系,11,7,4,0,0,0,0,0,0,7,4,0,0,0,0,0,11,7,4
108,私立,技專校院,1056,東南科技大學,10152021,休閒事業管理系,18,11,7,0,0,1,0,2,2,8,5,0,0,5,3,2,18,11,7
108,私立,技專校院,1056,東南科技大學,99999Z01,通識(教育)中心,12,9,3,0,0,0,1,1,0,8,2,0,0,2,1,1,12,9,3
108,私立,技專校院,1057,德明財經科技大學,02112002,多媒體設計系,11,9,2,0,0,0,0,5,0,4,2,0,0,5,5,0,11,9,2
108,私立,技專校院,1057,德明財經科技大學,02311001,應用外語系,23,10,13,0,0,0,0,2,3,8,10,0,0,5,2,3,23,10,13
108,私立,技專校院,1057,德明財經科技大學,04111003,會計資訊系,12,6,6,0,0,0,0,3,1,3,5,0,0,4,3,1,12,6,6
108,私立,技專校院,1057,德明財經科技大學,04121008,財務金融系(科、財務金融系理財與稅務管理碩士班),12,11,1,0,0,0,0,4,1,7,0,0,0,5,4,1,12,11,1
108,私立,技專校院,1057,德明財經科技大學,04122012,財政稅務系,4,2,2,1,0,0,0,1,1,0,1,0,0,3,2,1,4,2,2
108,私立,技專校院,1057,德明財經科技大學,04123011,保險金融管理系,3,1,2,0,0,0,0,0,0,1,2,0,0,0,0,0,3,1,2
108,私立,技專校院,1057,德明財經科技大學,04131006,企業管理系,19,15,4,1,0,2,1,4,0,8,3,0,0,8,7,1,19,15,4
108,私立,技專校院,1057,德明財經科技大學,04132014,流通管理系,10,9,1,1,0,0,0,2,0,6,1,0,0,3,3,0,10,9,1
108,私立,技專校院,1057,德明財經科技大學,04141007,國際貿易系,20,12,8,1,0,3,1,0,1,8,6,0,0,6,4,2,20,12,8
108,私立,技專校院,1057,德明財經科技大學,04143013,行銷管理系(含碩士班、碩士在職專班),39,28,11,1,0,5,1,6,4,16,6,0,0,17,12,5,39,28,11
108,私立,技專校院,1057,德明財經科技大學,04199017,不動產投資與經營學位學程,2,2,0,0,0,1,0,0,0,1,0,0,0,1,1,0,2,2,0
108,私立,技專校院,1057,德明財經科技大學,04199018,連鎖加盟經營管理學位學程,3,3,0,0,0,1,0,1,0,1,0,0,0,2,2,0,3,3,0
108,私立,技專校院,1057,德明財經科技大學,06131019,資訊科技系,2,2,0,0,0,1,0,1,0,0,0,0,0,2,2,0,2,2,0
108,私立,技專校院,1057,德明財經科技大學,06131021,資訊管理系(含碩士班、碩士在職專班),9,9,0,0,0,1,0,2,0,6,0,0,0,3,3,0,9,9,0
108,私立,技專校院,1057,德明財經科技大學,99999Z01,通識教育中心,58,32,26,3,0,0,0,12,8,17,18,0,0,23,15,8,58,32,26
108,私立,技專校院,1057,德明財經科技大學,99999Z07,體育室,11,10,1,1,0,2,0,0,1,7,0,0,0,4,3,1,11,10,1
108,私立,一般大學,1058,明道學校財團法人明道大學,01115001,課程與教學研究所,1,1,0,0,0,0,0,1,0,0,0,0,0,1,1,0,1,1,0
108,私立,一般大學,1058,明道學校財團法人明道大學,02111010,數位設計學系,18,12,6,0,0,0,0,1,1,11,5,0,0,2,1,1,18,12,6
108,私立,一般大學,1058,明道學校財團法人明道大學,02125007,時尚造形學系,6,2,4,0,0,0,0,0,0,2,4,0,0,0,0,0,6,2,4
108,私立,一般大學,1058,明道學校財團法人明道大學,02311005,應用英語學系,2,1,1,0,0,0,0,0,0,1,1,0,0,0,0,0,2,1,1
108,私立,一般大學,1058,明道學校財團法人明道大學,02311006,應用日語學系,2,0,2,0,0,0,0,0,0,0,2,0,0,0,0,0,2,0,2
108,私立,一般大學,1058,明道學校財團法人明道大學,02322003,中國文學學系,5,5,0,2,0,0,0,1,0,2,0,0,0,3,3,0,5,5,0
108,私立,一般大學,1058,明道學校財團法人明道大學,04121017,財務金融學系,2,1,1,0,0,0,0,0,0,1,1,0,0,0,0,0,2,1,1
108,私立,一般大學,1058,明道學校財團法人明道大學,04131013,企業管理學系,9,6,3,0,0,2,0,0,2,4,1,0,0,4,2,2,9,6,3
108,私立,一般大學,1058,明道學校財團法人明道大學,04143018,行銷與物流學系,3,2,1,0,0,1,0,1,0,0,1,0,0,2,2,0,3,2,1
108,私立,一般大學,1058,明道學校財團法人明道大學,06111012,資訊傳播學系,1,0,1,0,0,0,0,0,0,0,1,0,0,0,0,0,1,0,1
108,私立,一般大學,1058,明道學校財團法人明道大學,07112032,材料與能源工程學系,2,2,0,0,0,1,0,1,0,0,0,0,0,2,2,0,2,2,0
108,私立,一般大學,1058,明道學校財團法人明道大學,07312035,景觀與環境設計學系,7,7,0,0,0,0,0,1,0,6,0,0,0,1,1,0,7,7,0
108,私立,一般大學,1058,明道學校財團法人明道大學,08111037,精緻農業學系,9,7,2,1,0,1,0,3,2,2,0,0,0,7,5,2,9,7,2
108,私立,一般大學,1058,明道學校財團法人明道大學,10131039,餐旅管理學系,12,4,8,0,0,0,0,2,5,2,3,0,0,7,2,5,12,4,8
108,私立,一般大學,1058,明道學校財團法人明道大學,10152040,休閒保健學系,14,9,5,0,0,1,0,1,0,7,5,0,0,2,2,0,14,9,5
108,私立,一般大學,1058,明道學校財團法人明道大學,99999Z01,通識教育中心,20,12,8,0,0,1,1,2,0,9,7,0,0,4,3,1,20,12,8
108,私立,技專校院,1060,南開科技大學,02122003,文化創意與設計系,3,3,0,0,0,1,0,0,0,2,0,0,0,1,1,0,3,3,0
108,私立,技專校院,1060,南開科技大學,02311001,應用外語系,2,2,0,0,0,0,0,0,0,2,0,0,0,0,0,0,2,2,0
108,私立,技專校院,1060,南開科技大學,04131004,企業管理(學)系,4,2,2,0,0,0,0,0,1,2,1,0,0,1,0,1,4,2,2
108,私立,技專校院,1060,南開科技大學,04143007,行銷與流通管理系,4,1,3,0,0,0,0,0,1,1,2,0,0,1,0,1,4,1,3
108,私立,技專校院,1060,南開科技大學,06131011,資訊管理(學)系,2,1,1,0,0,0,1,1,0,0,0,0,0,2,1,1,2,1,1
108,私立,技專校院,1060,南開科技大學,06132012,多媒體動畫應用系,1,0,1,0,0,0,0,0,0,0,1,0,0,0,0,0,1,0,1
108,私立,技專校院,1060,南開科技大學,07141016,電子工程(學)系,3,3,0,0,0,0,0,3,0,0,0,0,0,3,3,0,3,3,0
108,私立,技專校院,1060,南開科技大學,07141021,電機與資訊技術系,11,9,2,0,0,1,0,3,1,5,1,0,0,5,4,1,11,9,2
108,私立,技專校院,1060,南開科技大學,07151018,自動化(控制)工程系,6,6,0,0,0,2,0,1,0,3,0,0,0,3,3,0,6,6,0
108,私立,技專校院,1060,南開科技大學,07151023,機械工程(學)系,12,10,2,1,0,0,0,0,0,9,2,0,0,1,1,0,12,10,2
108,私立,技專校院,1060,南開科技大學,07191008,工業管理系,3,1,2,0,0,0,0,0,1,1,1,0,0,1,0,1,3,1,2
108,私立,技專校院,1060,南開科技大學,09211028,福祉科技與服務管理系,9,4,5,1,0,0,0,2,3,1,2,0,0,6,3,3,9,4,5
108,私立,技專校院,1060,南開科技大學,10131030,餐飲管理系,3,2,1,0,0,0,0,0,0,2,1,0,0,0,0,0,3,2,1
108,私立,技專校院,1060,南開科技大學,10131033,休閒事業管理系,10,4,6,0,0,0,0,2,0,2,6,0,0,2,2,0,10,4,6
108,私立,技專校院,1060,南開科技大學,10151032,數位旅遊管理系,1,0,1,0,0,0,0,0,0,0,1,0,0,0,0,0,1,0,1
108,私立,技專校院,1060,南開科技大學,99999Z01,通識(教育)中心,15,8,7,0,0,0,0,1,1,7,6,0,0,2,1,1,15,8,7
108,私立,技專校院,1060,南開科技大學,99999Z08,外語教學中心,8,2,6,0,0,0,0,1,0,1,6,0,0,1,1,0,8,2,6
108,私立,技專校院,1061,中華學校財團法人中華科技大學,05121010,生物科技系,7,3,4,0,0,1,0,0,1,2,3,0,0,2,1,1,7,3,4
108,私立,技專校院,1061,中華學校財團法人中華科技大學,06131012,資訊管理系,3,3,0,0,0,1,0,0,0,2,0,0,0,1,1,0,3,3,0
108,私立,技專校院,1061,中華學校財團法人中華科技大學,07141013,電機工程系,4,4,0,0,0,0,0,1,0,3,0,0,0,1,1,0,4,4,0
108,私立,技專校院,1061,中華學校財團法人中華科技大學,07141014,電子工程系,6,5,1,0,0,0,0,2,0,3,1,0,0,2,2,0,6,5,1
108,私立,技專校院,1061,中華學校財團法人中華科技大學,07151017,機械工程系,18,17,1,0,0,2,0,1,0,14,1,0,0,3,3,0,18,17,1
108,私立,技專校院,1061,中華學校財團法人中華科技大學,07162015,航空電子系,5,4,1,0,0,1,0,1,0,2,1,0,0,2,2,0,5,4,1
108,私立,技專校院,1061,中華學校財團法人中華科技大學,07162019,航空機械系,11,11,0,0,0,3,0,5,0,3,0,0,0,8,8,0,11,11,0
108,私立,技專校院,1061,中華學校財團法人中華科技大學,07311025,建築系,10,9,1,0,0,0,0,1,0,8,1,0,0,1,1,0,10,9,1
108,私立,技專校院,1061,中華學校財團法人中華科技大學,07321021,土木工程系,3,3,0,0,0,3,0,0,0,0,0,0,0,3,3,0,3,3,0
108,私立,技專校院,1061,中華學校財團法人中華科技大學,10131029,餐飲管理系,2,1,1,0,0,0,1,0,0,1,0,0,0,1,0,1,2,1,1
108,私立,技專校院,1061,中華學校財團法人中華科技大學,10151035,觀光事業系,4,1,3,0,0,0,0,1,0,0,3,0,0,1,1,0,4,1,3
108,私立,技專校院,1061,中華學校財團法人中華科技大學,10413033,航空服務管理系,1,1,0,0,0,0,0,1,0,0,0,0,0,1,1,0,1,1,0
108,私立,技專校院,1061,中華學校財團法人中華科技大學,99999Z01,通識(教育)中心,7,3,4,0,0,0,0,0,0,3,4,0,0,0,0,0,7,3,4
108,私立,技專校院,1062,僑光科技大學,02122004,生活創意設計系,9,4,5,0,0,0,0,0,2,4,3,0,0,2,0,2,9,4,5
108,私立,技專校院,1062,僑光科技大學,02123005,電腦輔助工業設計系,12,10,2,0,0,0,0,2,0,8,2,0,0,2,2,0,12,10,2
108,私立,技專校院,1062,僑光科技大學,02311003,應用英語系,10,2,8,0,0,0,1,0,0,2,7,0,0,1,0,1,10,2,8
108,私立,技專校院,1062,僑光科技大學,04121013,財務金融系,12,8,4,0,0,0,0,0,0,8,4,0,0,0,0,0,12,8,4
108,私立,技專校院,1062,僑光科技大學,04131009,企業管理系,15,12,3,2,0,0,0,1,1,9,2,0,0,4,3,1,15,12,3
108,私立,技專校院,1062,僑光科技大學,04132016,行銷與流通管理系,18,16,2,1,0,0,0,2,0,13,2,0,0,3,3,0,18,16,2
108,私立,技專校院,1062,僑光科技大學,04141011,國際貿易系,12,6,6,0,0,0,1,2,1,4,4,0,0,4,2,2,12,6,6
108,私立,技專校院,1062,僑光科技大學,04212018,財經法律系,11,8,3,0,0,0,1,2,1,6,1,0,0,4,2,2,11,8,3
108,私立,技專校院,1062,僑光科技大學,06131019,資訊科技系,5,5,0,1,0,0,0,0,0,4,0,0,0,1,1,0,5,5,0
108,私立,技專校院,1062,僑光科技大學,06133021,多媒體與遊戲設計系,9,9,0,0,0,0,0,0,0,9,0,0,0,0,0,0,9,9,0
108,私立,技專校院,1062,僑光科技大學,10131024,餐飲管理系,15,8,7,0,0,0,0,1,1,7,6,0,0,2,1,1,15,8,7
108,私立,技專校院,1062,僑光科技大學,10131025,旅館與會展管理系,11,9,2,2,0,0,0,3,0,4,2,0,0,5,5,0,11,9,2
108,私立,技專校院,1062,僑光科技大學,10151026,觀光與休閒事業管理系,27,17,10,0,0,0,0,4,1,13,9,0,0,5,4,1,27,17,10
108,私立,技專校院,1062,僑光科技大學,99999Z01,通識教育中心,66,36,30,0,0,1,1,6,4,29,25,0,0,12,7,5,66,36,30
108,私立,技專校院,1063,廣亞學校財團法人育達科技大學,02122007,時尚造型設計系,4,1,3,0,0,1,0,0,0,0,3,0,0,1,1,0,4,1,3
108,私立,技專校院,1063,廣亞學校財團法人育達科技大學,02122034,茶陶創意設計系,1,1,0,0,0,0,0,0,0,1,0,0,0,0,0,0,1,1,0
108,私立,技專校院,1063,廣亞學校財團法人育達科技大學,04143022,行銷與流通管理系,19,14,5,0,0,1,0,7,1,6,4,0,0,9,8,1,19,14,5
108,私立,技專校院,1063,廣亞學校財團法人育達科技大學,06111032,物聯網工程與應用學士學位學程,1,1,0,0,0,0,0,0,0,1,0,0,0,0,0,0,1,1,0
108,私立,技專校院,1063,廣亞學校財團法人育達科技大學,06131024,資訊管理系,13,10,3,0,0,0,0,1,1,9,2,0,0,2,1,1,13,10,3
108,私立,技專校院,1063,廣亞學校財團法人育達科技大學,09221028,幼兒保育系,6,3,3,0,0,0,1,1,1,2,1,0,0,3,1,2,6,3,3
108,私立,技專校院,1063,廣亞學校財團法人育達科技大學,09231027,健康照顧社會工作系,9,4,5,0,0,0,0,0,1,4,4,0,0,1,0,1,9,4,5
108,私立,技專校院,1063,廣亞學校財團法人育達科技大學,10131029,餐旅經營系,4,3,1,0,0,0,0,0,0,3,1,0,0,0,0,0,4,3,1
108,私立,技專校院,1063,廣亞學校財團法人育達科技大學,10151031,休閒事業管理系,22,19,3,1,0,0,0,5,1,13,2,0,0,7,6,1,22,19,3
108,私立,技專校院,1063,廣亞學校財團法人育達科技大學,10152030,休閒運動管理系,3,2,1,0,0,1,0,0,0,1,1,0,0,1,1,0,3,2,1
108,私立,技專校院,1063,廣亞學校財團法人育達科技大學,99999Z01,通識教育中心,17,11,6,1,0,0,1,2,2,8,3,0,0,6,3,3,17,11,6
108,私立,技專校院,1064,美和學校財團法人美和科技大學,02299002,文化創意系,3,3,0,0,0,1,0,0,0,2,0,0,0,1,1,0,3,3,0
108,私立,技專校院,1064,美和學校財團法人美和科技大學,04131004,企業管理系,5,5,0,0,0,0,0,4,0,1,0,0,0,4,4,0,5,5,0
108,私立,技專校院,1064,美和學校財團法人美和科技大學,04133007,健康事業管理系,7,3,4,0,0,1,0,1,1,1,3,0,0,3,2,1,7,3,4
108,私立,技專校院,1064,美和學校財團法人美和科技大學,05121008,生物科技系,5,3,2,1,0,0,0,1,0,1,2,0,0,2,2,0,5,3,2
108,私立,技專校院,1064,美和學校財團法人美和科技大學,05191012,食品營養系,26,12,14,1,1,0,0,2,2,9,11,0,0,6,3,3,26,12,14
108,私立,技專校院,1064,美和學校財團法人美和科技大學,06121011,資訊管理系,1,1,0,0,0,1,0,0,0,0,0,0,0,1,1,0,1,1,0
108,私立,技專校院,1064,美和學校財團法人美和科技大學,09131013,護理系,106,32,74,1,1,3,1,5,8,23,64,0,0,19,9,10,106,32,74
108,私立,技專校院,1064,美和學校財團法人美和科技大學,09231016,社會工作系,32,12,20,1,0,1,0,1,1,9,19,0,0,4,3,1,32,12,20
108,私立,技專校院,1064,美和學校財團法人美和科技大學,10121021,美容系,40,15,25,0,0,0,0,1,1,14,24,0,0,2,1,1,40,15,25
108,私立,技專校院,1064,美和學校財團法人美和科技大學,10131018,餐旅管理系,19,15,4,0,0,0,0,1,0,14,4,0,0,1,1,0,19,15,4
108,私立,技專校院,1064,美和學校財團法人美和科技大學,10151019,觀光系,8,4,4,0,0,0,0,0,0,4,4,0,0,0,0,0,8,4,4
108,私立,技專校院,1064,美和學校財團法人美和科技大學,10152020,運動與休閒管理系,8,6,2,0,0,0,0,0,0,6,2,0,0,0,0,0,8,6,2
108,私立,技專校院,1065,吳鳳科技大學,01121023,幼兒保育系,2,0,2,0,0,0,0,0,0,0,2,0,0,0,0,0,2,0,2
108,私立,技專校院,1065,吳鳳科技大學,02112005,應用數位媒體系,8,6,2,0,0,0,0,0,0,6,2,0,0,0,0,0,8,6,2
108,私立,技專校院,1065,吳鳳科技大學,04132011,行銷與流通管理系,5,3,2,0,0,1,0,0,0,2,2,0,0,1,1,0,5,3,2
108,私立,技專校院,1065,吳鳳科技大學,07141016,電機工程系,9,8,1,1,0,1,0,0,0,6,1,0,0,2,2,0,9,8,1
108,私立,技專校院,1065,吳鳳科技大學,07151019,機械工程系,5,4,1,0,0,1,0,0,0,3,1,0,0,1,1,0,5,4,1
108,私立,技專校院,1065,吳鳳科技大學,07161030,車輛科技與經營管理系,1,1,0,0,0,0,0,0,0,1,0,0,0,0,0,0,1,1,0
108,私立,技專校院,1065,吳鳳科技大學,10121028,美容美髮造型設計系,1,0,1,0,0,0,0,0,0,0,1,0,0,0,0,0,1,0,1
108,私立,技專校院,1065,吳鳳科技大學,10151025,觀光休閒管理系,2,1,1,0,0,0,0,0,0,1,1,0,0,0,0,0,2,1,1
108,私立,技專校院,1065,吳鳳科技大學,10152027,休閒遊憩與運動管理系,12,7,5,0,0,0,0,2,1,5,4,0,0,3,2,1,12,7,5
108,私立,技專校院,1065,吳鳳科技大學,10321029,消防系,7,7,0,0,0,1,0,0,0,6,0,0,0,1,1,0,7,7,0
108,私立,技專校院,1065,吳鳳科技大學,99999Z01,通識教育中心,7,5,2,0,0,0,0,0,0,5,2,0,0,0,0,0,7,5,2
108,私立,技專校院,1065,吳鳳科技大學,99999Z07,體育室,1,1,0,0,0,0,0,0,0,1,0,0,0,0,0,0,1,1,0
108,私立,技專校院,1066,環球學校財團法人環球科技大學,02111026,多媒體動畫設計系,1,1,0,0,0,0,0,0,0,1,0,0,0,0,0,0,1,1,0
108,私立,技專校院,1066,環球學校財團法人環球科技大學,02112003,視覺傳達設計系,2,1,1,0,0,0,0,0,0,1,1,0,0,0,0,0,2,1,1
108,私立,技專校院,1066,環球學校財團法人環球科技大學,04121037,東南亞經貿與數位金融管理學士學位學程,1,0,1,0,0,0,0,0,0,0,1,0,0,0,0,0,1,0,1
108,私立,技專校院,1066,環球學校財團法人環球科技大學,04131011,企業管理系,18,15,3,1,0,1,0,3,1,10,2,0,0,6,5,1,18,15,3
108,私立,技專校院,1066,環球學校財團法人環球科技大學,04143021,行銷管理系,30,25,5,0,0,0,0,5,0,20,5,0,0,5,5,0,30,25,5
108,私立,技專校院,1066,環球學校財團法人環球科技大學,07211024,生物技術系,1,1,0,0,0,0,0,1,0,0,0,0,0,1,1,0,1,1,0
108,私立,技專校院,1066,環球學校財團法人環球科技大學,09221027,幼兒保育系,8,3,5,0,0,0,1,1,0,2,4,0,0,2,1,1,8,3,5
108,私立,技專校院,1066,環球學校財團法人環球科技大學,10121036,時尚造型設計系,2,0,2,0,0,0,0,0,0,0,2,0,0,0,0,0,2,0,2
108,私立,技專校院,1066,環球學校財團法人環球科技大學,10131028,餐飲廚藝系,2,2,0,0,0,0,0,0,0,2,0,0,0,0,0,0,2,2,0
108,私立,技專校院,1066,環球學校財團法人環球科技大學,10131029,觀光與餐飲旅館系,5,2,3,0,0,0,0,0,0,2,3,0,0,0,0,0,5,2,3
108,私立,技專校院,1066,環球學校財團法人環球科技大學,10152032,運動保健與防護系,1,1,0,0,0,0,0,0,0,1,0,0,0,0,0,0,1,1,0
108,私立,技專校院,1066,環球學校財團法人環球科技大學,99999Z01,通識(教育)中心,32,21,11,0,0,0,0,8,1,13,10,0,0,9,8,1,32,21,11
108,私立,一般大學,1067,台灣首府學校財團法人台灣首府大學,01111001,教育研究所,3,2,1,0,0,0,0,2,1,0,0,0,0,3,2,1,3,2,1
108,私立,一般大學,1067,台灣首府學校財團法人台灣首府大學,01121002,幼兒教育學系,4,1,3,0,0,0,0,0,0,1,3,0,0,0,0,0,4,1,3
108,私立,一般大學,1067,台灣首府學校財團法人台灣首府大學,04131009,企業管理學系,2,2,0,0,0,0,0,0,0,2,0,0,0,0,0,0,2,2,0
108,私立,一般大學,1067,台灣首府學校財團法人台灣首府大學,04199016,休閒資訊管理學系,6,4,2,0,0,0,0,0,0,4,2,0,0,0,0,0,6,4,2
108,私立,一般大學,1067,台灣首府學校財團法人台灣首府大學,06134021,資訊與多媒體設計學系,1,0,1,0,0,0,0,0,0,0,1,0,0,0,0,0,1,0,1
108,私立,一般大學,1067,台灣首府學校財團法人台灣首府大學,10131030,餐旅管理學系,1,1,0,0,0,0,0,0,0,1,0,0,0,0,0,0,1,1,0
108,私立,一般大學,1067,台灣首府學校財團法人台灣首府大學,10131032,烘焙管理學系,2,1,1,0,0,0,0,0,0,1,1,0,0,0,0,0,2,1,1
108,私立,一般大學,1067,台灣首府學校財團法人台灣首府大學,10151036,觀光事業管理學系,11,7,4,0,0,0,0,0,0,7,4,0,0,0,0,0,11,7,4
108,私立,一般大學,1067,台灣首府學校財團法人台灣首府大學,10152038,休閒管理學系,3,2,1,0,0,0,0,0,0,2,1,0,0,0,0,0,3,2,1
108,私立,一般大學,1067,台灣首府學校財團法人台灣首府大學,99999Z01,通識教育中心,18,8,10,0,0,1,0,3,0,4,10,0,0,4,4,0,18,8,10
108,私立,技專校院,1068,中州學校財團法人中州科技大學,04132006,行銷與流通管理系,4,2,2,1,0,0,0,0,0,1,2,0,0,1,1,0,4,2,2
108,私立,技專校院,1068,中州學校財團法人中州科技大學,06121008,資訊管理系,3,1,2,0,0,0,0,0,0,1,2,0,0,0,0,0,3,1,2
108,私立,技專校院,1068,中州學校財團法人中州科技大學,07151035,智慧自動化工程系(含工程技術碩士班),1,1,0,0,0,0,0,0,0,1,0,0,0,0,0,0,1,1,0
108,私立,技專校院,1068,中州學校財團法人中州科技大學,07211023,保健食品系(含碩士班),3,2,1,0,0,1,0,1,0,0,1,0,0,2,2,0,3,2,1
108,私立,技專校院,1068,中州學校財團法人中州科技大學,09221032,幼兒保育與家庭服務系,13,5,8,0,0,0,0,3,0,2,8,0,0,3,3,0,13,5,8
108,私立,技專校院,1068,中州學校財團法人中州科技大學,10121002,時尚創意設計與管理系,5,1,4,0,0,0,0,0,0,1,4,0,0,0,0,0,5,1,4
108,私立,技專校院,1068,中州學校財團法人中州科技大學,10131027,餐飲廚藝系,9,8,1,0,0,1,0,2,0,5,1,0,0,3,3,0,9,8,1
108,私立,技專校院,1068,中州學校財團法人中州科技大學,10151029,觀光與休閒管理系,2,1,1,0,0,1,0,0,0,0,1,0,0,1,1,0,2,1,1
108,私立,技專校院,1068,中州學校財團法人中州科技大學,99999Z01,通識教育中心,7,1,6,0,0,0,0,0,1,1,5,0,0,1,0,1,7,1,6
108,私立,技專校院,1068,中州學校財團法人中州科技大學,99999Z07,體育室,2,1,1,0,0,0,0,0,0,1,1,0,0,0,0,0,2,1,1
108,私立,技專校院,1069,修平學校財團法人修平科技大學,02112005,數位媒體設計系,3,1,2,0,0,0,0,0,0,1,2,0,0,0,0,0,3,1,2
108,私立,技專校院,1069,修平學校財團法人修平科技大學,02311004,應用日語系,8,2,6,0,0,0,0,0,1,2,5,0,0,1,0,1,8,2,6
108,私立,技專校院,1069,修平學校財團法人修平科技大學,04131009,國際企業經營系,2,1,1,0,0,0,0,1,1,0,0,0,0,2,1,1,2,1,1
108,私立,技專校院,1069,修平學校財團法人修平科技大學,04132013,行銷與流通管理系,17,13,4,0,0,0,0,2,0,11,4,0,0,2,2,0,17,13,4
108,私立,技專校院,1069,修平學校財團法人修平科技大學,04199015,人力資源管理與發展系(含碩士班),5,4,1,1,0,0,0,1,0,2,1,0,0,2,2,0,5,4,1
108,私立,技專校院,1069,修平學校財團法人修平科技大學,06131017,資訊管理系,4,3,1,0,0,0,0,0,0,3,1,0,0,0,0,0,4,3,1
108,私立,技專校院,1069,修平學校財團法人修平科技大學,07141019,電機工程系(含碩士班),2,2,0,0,0,1,0,0,0,1,0,0,0,1,1,0,2,2,0
108,私立,技專校院,1069,修平學校財團法人修平科技大學,07141020,電子工程系,3,3,0,0,0,0,0,1,0,2,0,0,0,1,1,0,3,3,0
108,私立,技專校院,1069,修平學校財團法人修平科技大學,07151021,機械工程系(含精密機械與製造科技碩士班),17,16,1,0,0,0,0,3,0,13,1,0,0,3,3,0,17,16,1
108,私立,技專校院,1069,修平學校財團法人修平科技大學,07191026,工業工程與管理系(含精實生產管理碩士班),7,7,0,1,0,1,0,1,0,4,0,0,0,3,3,0,7,7,0
108,私立,技專校院,1069,修平學校財團法人修平科技大學,10151029,觀光與遊憩管理系,5,2,3,0,0,0,0,0,0,2,3,0,0,0,0,0,5,2,3
108,私立,技專校院,1069,修平學校財團法人修平科技大學,99999Z01,博雅學院,54,33,21,2,0,5,2,13,9,13,10,0,0,31,20,11,54,33,21
108,私立,技專校院,1070,長庚學校財團法人長庚科技大學,05121001,健康產業科技研究所,4,4,0,0,0,1,0,2,0,1,0,0,0,3,3,0,4,4,0
108,私立,技專校院,1070,長庚學校財團法人長庚科技大學,05191003,保健營養系,7,3,4,0,0,0,0,1,0,2,4,0,0,1,1,0,7,3,4
108,私立,技專校院,1070,長庚學校財團法人長庚科技大學,09131004,護理系,42,14,28,0,0,1,1,3,2,10,25,0,0,7,4,3,42,14,28
108,私立,技專校院,1070,長庚學校財團法人長庚科技大學,09131006,呼吸照護系,6,4,2,0,0,1,0,1,1,2,1,0,0,3,2,1,6,4,2
108,私立,技專校院,1070,長庚學校財團法人長庚科技大學,09131010,高齡暨健康照護管理系,4,2,2,0,0,0,0,2,0,0,2,0,0,2,2,0,4,2,2
108,私立,技專校院,1070,長庚學校財團法人長庚科技大學,09221008,幼兒保育系,9,2,7,0,0,1,0,0,0,1,7,0,0,1,1,0,9,2,7
108,私立,技專校院,1070,長庚學校財團法人長庚科技大學,10121009,化妝品應用系,19,10,9,1,0,1,0,3,3,5,6,0,0,8,5,3,19,10,9
108,私立,技專校院,1070,長庚學校財團法人長庚科技大學,99999Z01,通識教育中心,13,7,6,0,0,0,0,3,1,4,5,0,0,4,3,1,13,7,6
108,私立,技專校院,1070,長庚學校財團法人長庚科技大學,99999Z01,通識教育學科,11,7,4,0,0,0,0,3,0,4,4,0,0,3,3,0,11,7,4
108,私立,技專校院,1071,城市學校財團法人臺北城市科技大學,02112004,數位多媒體設計系,4,3,1,0,0,0,0,0,0,3,1,0,0,0,0,0,4,3,1
108,私立,技專校院,1071,城市學校財團法人臺北城市科技大學,02151001,流行音樂事業學士學位學程,5,4,1,0,0,0,0,3,0,1,1,0,0,3,3,0,5,4,1
108,私立,技專校院,1071,城市學校財團法人臺北城市科技大學,02152002,演藝事業系,1,1,0,0,0,0,0,0,0,1,0,0,0,0,0,0,1,1,0
108,私立,技專校院,1071,城市學校財團法人臺北城市科技大學,02311003,應用外語系,13,9,4,0,0,0,0,2,1,7,3,0,0,3,2,1,13,9,4
108,私立,技專校院,1071,城市學校財團法人臺北城市科技大學,04131007,企業管理系,7,4,3,0,0,0,0,1,2,3,1,0,0,3,1,2,7,4,3
108,私立,技專校院,1071,城市學校財團法人臺北城市科技大學,04132009,行銷與流通管理系,14,8,6,0,0,1,0,3,0,4,6,0,0,4,4,0,14,8,6
108,私立,技專校院,1071,城市學校財團法人臺北城市科技大學,04199Y26,商管學院,2,1,1,0,0,0,0,1,0,0,1,0,0,1,1,0,2,1,1
108,私立,技專校院,1071,城市學校財團法人臺北城市科技大學,06131012,資訊管理系,2,1,1,0,0,0,0,0,0,1,1,0,0,0,0,0,2,1,1
108,私立,技專校院,1071,城市學校財團法人臺北城市科技大學,06131015,資訊工程系,4,4,0,0,0,0,0,0,0,4,0,0,0,0,0,0,4,4,0
108,私立,技專校院,1071,城市學校財團法人臺北城市科技大學,07141013,電機工程系,10,10,0,0,0,1,0,1,0,8,0,0,0,2,2,0,10,10,0
108,私立,技專校院,1071,城市學校財團法人臺北城市科技大學,07141016,電腦與通訊工程系,1,1,0,0,0,0,0,0,0,1,0,0,0,0,0,0,1,1,0
108,私立,技專校院,1071,城市學校財團法人臺北城市科技大學,07151017,機械工程系,16,15,1,0,0,2,0,1,0,12,1,0,0,3,3,0,16,15,1
108,私立,技專校院,1071,城市學校財團法人臺北城市科技大學,10121028,化妝品應用與管理系,14,3,11,0,0,0,0,1,0,2,11,0,0,1,1,0,14,3,11
108,私立,技專校院,1071,城市學校財團法人臺北城市科技大學,10131021,旅館事業管理學士學位學程,10,4,6,0,0,0,0,2,5,2,1,0,0,7,2,5,10,4,6
108,私立,技專校院,1071,城市學校財團法人臺北城市科技大學,10131022,餐飲管理系,20,12,8,0,0,0,1,3,1,9,6,0,0,5,3,2,20,12,8
108,私立,技專校院,1071,城市學校財團法人臺北城市科技大學,10131023,烘焙創意與經營管理學士學位學程,4,2,2,0,0,0,0,1,0,1,2,0,0,1,1,0,4,2,2
108,私立,技專校院,1071,城市學校財團法人臺北城市科技大學,10151024,觀光事業系,13,9,4,0,0,0,0,1,0,8,4,0,0,1,1,0,13,9,4
108,私立,技專校院,1071,城市學校財團法人臺北城市科技大學,10152027,休閒事業系,23,17,6,0,0,1,2,1,0,15,4,0,0,4,2,2,23,17,6
108,私立,技專校院,1071,城市學校財團法人臺北城市科技大學,10199029,會議展覽服務業(專業人員)學位學程,8,6,2,0,0,0,0,2,1,4,1,0,0,3,2,1,8,6,2
108,私立,技專校院,1071,城市學校財團法人臺北城市科技大學,99999Z01,通識(教育)中心,93,54,39,1,0,5,0,13,5,35,34,0,0,24,19,5,93,54,39
108,私立,技專校院,1072,大華學校財團法人敏實科技大學,04191005,商務與觀光企劃系,6,1,5,0,0,0,4,0,0,1,1,0,0,4,0,4,6,1,5
108,私立,技專校院,1072,大華學校財團法人敏實科技大學,06121010,資訊管理系,13,12,1,0,0,2,0,1,0,9,1,0,0,3,3,0,13,12,1
108,私立,技專校院,1072,大華學校財團法人敏實科技大學,07141012,電機工程系,2,1,1,0,0,0,0,1,1,0,0,0,0,2,1,1,2,1,1
108,私立,技專校院,1072,大華學校財團法人敏實科技大學,07151019,機電工程系,7,7,0,0,0,0,0,1,0,6,0,0,0,1,1,0,7,7,0
108,私立,技專校院,1072,大華學校財團法人敏實科技大學,07191022,工業工程與管理系,8,5,3,0,0,1,2,2,1,2,0,0,0,6,3,3,8,5,3
108,私立,技專校院,1072,大華學校財團法人敏實科技大學,10131023,餐飲管理系,10,7,3,0,1,0,0,1,0,6,2,0,0,2,1,1,10,7,3
108,私立,技專校院,1072,大華學校財團法人敏實科技大學,10141025,運動與健康促進系,6,3,3,0,0,1,1,2,1,0,1,0,0,5,3,2,6,3,3
108,私立,技專校院,1072,大華學校財團法人敏實科技大學,10151024,觀光管理系,15,10,5,0,0,2,1,5,0,3,4,0,0,8,7,1,15,10,5
108,私立,技專校院,1072,大華學校財團法人敏實科技大學,99999Z01,通識中心,8,2,6,0,0,0,1,0,1,2,4,0,0,2,0,2,8,2,6
108,私立,技專校院,1073,醒吾學校財團法人醒吾科技大學,02112004,數位設計系,23,14,9,1,0,1,0,6,1,6,8,0,0,9,8,1,23,14,9
108,私立,技專校院,1073,醒吾學校財團法人醒吾科技大學,02122003,時尚造形設計系,25,10,15,0,0,0,0,2,0,8,15,0,0,2,2,0,25,10,15
108,私立,技專校院,1073,醒吾學校財團法人醒吾科技大學,02123005,商業設計系,17,16,1,0,0,2,0,5,0,9,1,0,0,7,7,0,17,16,1
108,私立,技專校院,1073,醒吾學校財團法人醒吾科技大學,02151032,流行音樂創作學士學位學程,15,11,4,3,1,2,1,5,1,1,1,0,0,13,10,3,15,11,4
108,私立,技專校院,1073,醒吾學校財團法人醒吾科技大學,02152031,表演藝術系,8,4,4,1,0,0,0,2,2,1,2,0,0,5,3,2,8,4,4
108,私立,技專校院,1073,醒吾學校財團法人醒吾科技大學,02311002,應用英語系,2,1,1,0,0,0,0,0,0,1,1,0,0,0,0,0,2,1,1
108,私立,技專校院,1073,醒吾學校財團法人醒吾科技大學,03211007,資訊傳播系,12,10,2,0,0,1,0,3,0,6,2,0,0,4,4,0,12,10,2
108,私立,技專校院,1073,醒吾學校財團法人醒吾科技大學,04111018,理財經營管理系,7,4,3,0,0,0,0,2,1,2,2,0,0,3,2,1,7,4,3
108,私立,技專校院,1073,醒吾學校財團法人醒吾科技大學,04121016,財務金融系,2,1,1,0,0,0,0,0,1,1,0,0,0,1,0,1,2,1,1
108,私立,技專校院,1073,醒吾學校財團法人醒吾科技大學,04132019,行銷(與)流通管理系,38,24,14,1,0,1,0,3,0,19,14,0,0,5,5,0,38,24,14
108,私立,技專校院,1073,醒吾學校財團法人醒吾科技大學,04141015,國際商務系,8,2,6,0,0,0,0,0,4,2,2,0,0,4,0,4,8,2,6
108,私立,技專校院,1073,醒吾學校財團法人醒吾科技大學,04191008,時尚產業經營管理系,9,4,5,0,0,1,1,1,1,2,3,0,0,4,2,2,9,4,5
108,私立,技專校院,1073,醒吾學校財團法人醒吾科技大學,04199011,企業管理系,28,13,15,0,0,0,1,5,7,8,7,0,0,13,5,8,28,13,15
108,私立,技專校院,1073,醒吾學校財團法人醒吾科技大學,06121022,資訊管理系,6,4,2,0,0,0,0,2,0,2,2,0,0,2,2,0,6,4,2
108,私立,技專校院,1073,醒吾學校財團法人醒吾科技大學,06134023,資訊科技應用系,3,1,2,0,0,0,0,1,0,0,2,0,0,1,1,0,3,1,2
108,私立,技專校院,1073,醒吾學校財團法人醒吾科技大學,10131025,餐旅管理系,24,15,9,0,0,0,0,1,0,14,9,0,0,1,1,0,24,15,9
108,私立,技專校院,1073,醒吾學校財團法人醒吾科技大學,10151026,觀光休閒系,26,10,16,0,0,1,0,1,0,8,16,0,0,2,2,0,26,10,16
108,私立,技專校院,1073,醒吾學校財團法人醒吾科技大學,10151030,旅運管理系,11,4,7,0,0,0,0,0,1,4,6,0,0,1,0,1,11,4,7
108,私立,技專校院,1073,醒吾學校財團法人醒吾科技大學,99999Z01,共同科目,85,52,33,0,0,4,0,8,6,40,27,0,0,18,12,6,85,52,33
108,私立,技專校院,1075,文藻學校財團法人文藻外語大學,01131002,外語教學系,2,0,2,0,0,0,0,0,1,0,1,0,0,1,0,1,2,0,2
108,私立,技專校院,1075,文藻學校財團法人文藻外語大學,02311007,英國語文系,25,8,17,0,0,0,0,3,1,5,16,0,0,4,3,1,25,8,17
108,私立,技專校院,1075,文藻學校財團法人文藻外語大學,02311009,法國語文系,14,5,9,0,0,0,0,0,1,5,8,0,0,1,0,1,14,5,9
108,私立,技專校院,1075,文藻學校財團法人文藻外語大學,02311010,德國語文系,17,9,8,0,0,1,0,0,1,8,7,0,0,2,1,1,17,9,8
108,私立,技專校院,1075,文藻學校財團法人文藻外語大學,02311011,西班牙語文系,11,5,6,0,0,0,0,0,2,5,4,0,0,2,0,2,11,5,6
108,私立,技專校院,1075,文藻學校財團法人文藻外語大學,02311012,日本語文系,34,15,19,0,0,0,0,4,2,11,17,0,0,6,4,2,34,15,19
108,私立,技專校院,1075,文藻學校財團法人文藻外語大學,02312013,翻譯系,4,1,3,0,0,0,0,0,0,1,3,0,0,0,0,0,4,1,3
108,私立,技專校院,1075,文藻學校財團法人文藻外語大學,02323004,應用華語文系,22,8,14,1,0,0,0,3,10,4,4,0,0,14,4,10,22,8,14
108,私立,技專校院,1075,文藻學校財團法人文藻外語大學,03122016,國際事務系,2,2,0,0,0,0,0,1,0,1,0,0,0,1,1,0,2,2,0
108,私立,技專校院,1075,文藻學校財團法人文藻外語大學,03191026,東南亞學系,5,3,2,0,0,0,0,0,0,3,2,0,0,0,0,0,5,3,2
108,私立,技專校院,1075,文藻學校財團法人文藻外語大學,03211018,傳播藝術系,10,7,3,0,0,0,0,0,1,7,2,0,0,1,0,1,10,7,3
108,私立,技專校院,1075,文藻學校財團法人文藻外語大學,04131020,國際企業管理系,9,7,2,2,0,0,0,4,1,1,1,0,0,7,6,1,9,7,2
108,私立,技專校院,1075,文藻學校財團法人文藻外語大學,06134024,數位內容應用與管理系,9,7,2,0,0,0,0,1,2,6,0,0,0,3,1,2,9,7,2
108,私立,技專校院,1075,文藻學校財團法人文藻外語大學,10151025,國際觀光與會展學士學位學程,6,2,4,0,0,0,1,0,0,2,3,0,0,1,0,1,6,2,4
108,私立,技專校院,1075,文藻學校財團法人文藻外語大學,99999Z01,吳甦樂教育中心,3,2,1,0,0,0,0,1,1,1,0,0,0,2,1,1,3,2,1
108,私立,技專校院,1075,文藻學校財團法人文藻外語大學,99999Z01,通識教育中心,24,12,12,0,1,1,0,7,1,4,10,0,0,10,8,2,24,12,12
108,私立,技專校院,1075,文藻學校財團法人文藻外語大學,99999Z05,師資培育中心,3,2,1,0,0,0,0,1,0,1,1,0,0,1,1,0,3,2,1
108,私立,技專校院,1075,文藻學校財團法人文藻外語大學,99999Z07,體育教學中心,9,5,4,0,0,0,0,1,0,4,4,0,0,1,1,0,9,5,4
108,私立,技專校院,1075,文藻學校財團法人文藻外語大學,99999Z08,英語教學中心,34,5,29,0,0,0,1,0,2,5,26,0,0,3,0,3,34,5,29
108,私立,技專校院,1076,華夏學校財團法人華夏科技大學,02112002,數位媒體設計系,9,4,5,0,0,0,0,0,0,4,5,0,0,0,0,0,9,4,5
108,私立,技專校院,1076,華夏學校財團法人華夏科技大學,02124003,室內設計系,18,16,2,0,0,0,0,1,1,15,1,0,0,2,1,1,18,16,2
108,私立,技專校院,1076,華夏學校財團法人華夏科技大學,04131004,企業管理系,9,5,4,0,0,0,0,1,0,4,4,0,0,1,1,0,9,5,4
108,私立,技專校院,1076,華夏學校財團法人華夏科技大學,04199005,資產與物業管理系,13,11,2,1,0,0,1,2,0,8,1,0,0,4,3,1,13,11,2
108,私立,技專校院,1076,華夏學校財團法人華夏科技大學,06131009,資訊管理(學)系,13,9,4,0,0,2,0,1,0,6,4,0,0,3,3,0,13,9,4
108,私立,技專校院,1076,華夏學校財團法人華夏科技大學,06131012,資訊工程系,8,7,1,1,0,0,0,0,1,6,0,0,0,2,1,1,8,7,1
108,私立,技專校院,1076,華夏學校財團法人華夏科技大學,07141010,電機工程(學)系,2,2,0,0,0,0,0,1,0,1,0,0,0,1,1,0,2,2,0
108,私立,技專校院,1076,華夏學校財團法人華夏科技大學,07311017,建築(工程)學系,13,12,1,0,0,0,0,2,0,10,1,0,0,2,2,0,13,12,1
108,私立,技專校院,1076,華夏學校財團法人華夏科技大學,10121019,化妝品應用系,12,3,9,0,0,0,0,0,0,3,9,0,0,0,0,0,12,3,9
108,私立,技專校院,1076,華夏學校財團法人華夏科技大學,99999Z01,通識(教育)中心,5,2,3,0,0,1,0,1,1,0,2,0,0,3,2,1,5,2,3
108,私立,技專校院,1076,華夏學校財團法人華夏科技大學,99999Z08,語文中心,7,2,5,0,0,1,1,0,0,1,4,0,0,2,1,1,7,2,5
108,私立,技專校院,1077,慈濟學校財團法人慈濟科技大學,04132003,行銷與流通管理系,3,2,1,0,0,0,0,1,1,1,0,0,0,2,1,1,3,2,1
108,私立,技專校院,1077,慈濟學校財團法人慈濟科技大學,04133012,醫務暨健康管理系,2,2,0,0,0,1,0,0,0,1,0,0,0,1,1,0,2,2,0
108,私立,技專校院,1077,慈濟學校財團法人慈濟科技大學,09131007,護理系,47,15,32,0,0,1,0,9,6,5,26,0,0,16,10,6,47,15,32
108,私立,技專校院,1077,慈濟學校財團法人慈濟科技大學,09131007,護理科,38,14,24,1,0,4,0,1,2,8,22,0,0,8,6,2,38,14,24
108,私立,技專校院,1077,慈濟學校財團法人慈濟科技大學,09141010,醫學影像暨放射科學系,4,4,0,1,0,0,0,1,0,2,0,0,0,2,2,0,4,4,0
108,私立,技專校院,1078,致理學校財團法人致理科技大學,02112012,多媒體設計系,16,10,6,0,0,0,0,1,0,9,6,0,0,1,1,0,16,10,6
108,私立,技專校院,1078,致理學校財團法人致理科技大學,02311010,應用英語系,42,21,21,0,0,1,2,2,1,18,18,0,0,6,3,3,42,21,21
108,私立,技專校院,1078,致理學校財團法人致理科技大學,02311011,應用日語系,20,9,11,0,0,1,0,3,1,5,10,0,0,5,4,1,20,9,11
108,私立,技專校院,1078,致理學校財團法人致理科技大學,04111013,會計資訊系,26,22,4,2,0,1,0,6,0,13,4,0,0,9,9,0,26,22,4
108,私立,技專校院,1078,致理學校財團法人致理科技大學,04121016,財務金融系,31,21,10,0,0,1,0,5,1,15,9,0,0,7,6,1,31,21,10
108,私立,技專校院,1078,致理學校財團法人致理科技大學,04131014,企業管理系、企業管理系服務業經營管理碩士班(含碩士在職專班),40,27,13,5,0,1,0,9,2,12,11,0,0,17,15,2,40,27,13
108,私立,技專校院,1078,致理學校財團法人致理科技大學,04132019,行銷與流通管理系,42,30,12,0,0,5,1,9,4,16,7,0,0,19,14,5,42,30,12
108,私立,技專校院,1078,致理學校財團法人致理科技大學,04141015,國際貿易系、國際貿易系碩士班,30,17,13,0,0,2,0,5,3,10,10,0,0,10,7,3,30,17,13
108,私立,技專校院,1078,致理學校財團法人致理科技大學,04199020,商務科技管理系,4,3,1,0,0,0,0,1,0,2,1,0,0,1,1,0,4,3,1
108,私立,技專校院,1078,致理學校財團法人致理科技大學,06131021,資訊管理系,6,4,2,1,0,0,0,0,0,3,2,0,0,1,1,0,6,4,2
108,私立,技專校院,1078,致理學校財團法人致理科技大學,10151018,休閒遊憩管理系,21,15,6,0,0,0,0,5,0,10,6,0,0,5,5,0,21,15,6
108,私立,技專校院,1078,致理學校財團法人致理科技大學,99999Z01,通識教育中心,124,69,55,3,0,1,1,16,14,49,40,0,0,35,20,15,124,69,55
108,私立,一般大學,1079,康寧學校財團法人康寧大學,02111001,數位影視動畫科,15,10,5,0,0,0,0,1,1,9,4,0,0,2,1,1,15,10,5
108,私立,一般大學,1079,康寧學校財團法人康寧大學,02311003,應用外語科,14,7,7,0,0,0,1,0,0,7,6,0,0,1,0,1,14,7,7
108,私立,一般大學,1079,康寧學校財團法人康寧大學,04131011,企業管理學系,10,7,3,0,0,0,0,1,0,6,3,0,0,1,1,0,10,7,3
108,私立,一般大學,1079,康寧學校財團法人康寧大學,06131032,資訊管理科,5,5,0,0,0,1,0,0,0,4,0,0,0,1,1,0,5,5,0
108,私立,一般大學,1079,康寧學校財團法人康寧大學,06131064,健康數位科技學系,3,2,1,0,0,0,0,1,1,1,0,0,0,2,1,1,3,2,1
108,私立,一般大學,1079,康寧學校財團法人康寧大學,09131042,護理科,15,4,11,0,0,0,0,0,0,4,11,0,0,0,0,0,15,4,11
108,私立,一般大學,1079,康寧學校財團法人康寧大學,09131043,健康照護管理學系,4,2,2,0,0,0,0,0,0,2,2,0,0,0,0,0,4,2,2
108,私立,一般大學,1079,康寧學校財團法人康寧大學,09141045,視光科,8,6,2,0,0,0,0,2,0,4,2,0,0,2,2,0,8,6,2
108,私立,一般大學,1079,康寧學校財團法人康寧大學,09212062,長期照護學系,2,1,1,0,0,0,0,0,0,1,1,0,0,0,0,0,2,1,1
108,私立,一般大學,1079,康寧學校財團法人康寧大學,09221048,嬰幼兒保育學系,13,4,9,0,0,0,0,1,2,3,7,0,0,3,1,2,13,4,9
108,私立,一般大學,1079,康寧學校財團法人康寧大學,10131050,餐飲管理學系,5,3,2,0,0,1,0,0,0,2,2,0,0,1,1,0,5,3,2
108,私立,一般大學,1079,康寧學校財團法人康寧大學,10152055,休閒管理學系,10,7,3,0,0,1,0,0,1,6,2,0,0,2,1,1,10,7,3
108,私立,一般大學,1079,康寧學校財團法人康寧大學,99999Z01,通識教育中心,41,22,19,0,0,1,1,4,1,17,17,0,0,7,5,2,41,22,19
108,私立,技專校院,1080,宏國學校財團法人宏國德霖科技大學,02123004,創意產品設計系,4,4,0,0,0,1,0,0,0,3,0,0,0,1,1,0,4,4,0
108,私立,技專校院,1080,宏國學校財團法人宏國德霖科技大學,02124005,室內設計系,8,8,0,0,0,0,0,0,0,8,0,0,0,0,0,0,8,8,0
108,私立,技專校院,1080,宏國學校財團法人宏國德霖科技大學,02311002,應用英語系,7,1,6,0,0,0,0,1,2,0,4,0,0,3,1,2,7,1,6
108,私立,技專校院,1080,宏國學校財團法人宏國德霖科技大學,04131006,企業管理系,10,8,2,1,0,0,0,2,1,5,1,0,0,4,3,1,10,8,2
108,私立,技專校院,1080,宏國學校財團法人宏國德霖科技大學,04199011,不動產經營系,15,13,2,0,0,5,0,3,1,5,1,0,0,9,8,1,15,13,2
108,私立,技專校院,1080,宏國學校財團法人宏國德霖科技大學,04199025,會展活動管理系,10,9,1,1,0,1,0,2,0,5,1,0,0,4,4,0,10,9,1
108,私立,技專校院,1080,宏國學校財團法人宏國德霖科技大學,06131014,資訊工程系,7,7,0,0,0,0,0,2,0,5,0,0,0,2,2,0,7,7,0
108,私立,技專校院,1080,宏國學校財團法人宏國德霖科技大學,06199015,電腦與通訊工程系,3,3,0,0,0,1,0,0,0,2,0,0,0,1,1,0,3,3,0
108,私立,技專校院,1080,宏國學校財團法人宏國德霖科技大學,07151016,機械工程系,4,4,0,0,0,0,0,1,0,3,0,0,0,1,1,0,4,4,0
108,私立,技專校院,1080,宏國學校財團法人宏國德霖科技大學,07321017,土木工程系,9,8,1,1,0,1,0,2,0,4,1,0,0,4,4,0,9,8,1
108,私立,技專校院,1080,宏國學校財團法人宏國德霖科技大學,10131020,餐旅管理系,27,12,15,0,0,0,0,3,5,9,10,0,0,8,3,5,27,12,15
108,私立,技專校院,1080,宏國學校財團法人宏國德霖科技大學,10131021,餐飲廚藝系,22,20,2,0,0,0,0,13,0,7,2,0,0,13,13,0,22,20,2
108,私立,技專校院,1080,宏國學校財團法人宏國德霖科技大學,10151022,休閒事業管理系,3,2,1,0,0,1,0,0,0,1,1,0,0,1,1,0,3,2,1
108,私立,技專校院,1080,宏國學校財團法人宏國德霖科技大學,99999Z01,通識教育中心,27,10,17,0,0,1,0,3,3,6,14,0,0,7,4,3,27,10,17
108,私立,技專校院,1080,宏國學校財團法人宏國德霖科技大學,99999Z08,語言中心,16,6,10,0,0,0,1,2,1,4,8,0,0,4,2,2,16,6,10
108,私立,技專校院,1081,東方學校財團法人東方設計大學,02111003,影視藝術系,2,1,1,0,0,0,0,0,0,1,1,0,0,0,0,0,2,1,1
108,私立,技專校院,1081,東方學校財團法人東方設計大學,02122014,流行商品設計系,3,0,3,0,0,0,0,0,1,0,2,0,0,1,0,1,3,0,3
108,私立,技專校院,1081,東方學校財團法人東方設計大學,02122018,文化創意設計研究所,3,3,0,3,0,0,0,0,0,0,0,0,0,3,3,0,3,3,0
108,私立,技專校院,1081,東方學校財團法人東方設計大學,02124017,室內設計系,10,8,2,0,0,0,0,1,1,7,1,0,0,2,1,1,10,8,2
108,私立,技專校院,1081,東方學校財團法人東方設計大學,02141002,美術工藝系,18,11,7,1,0,1,0,3,0,6,7,0,0,5,5,0,18,11,7
108,私立,技專校院,1081,東方學校財團法人東方設計大學,02152006,表演藝術學位學程,1,0,1,0,0,0,0,0,0,0,1,0,0,0,0,0,1,0,1
108,私立,技專校院,1081,東方學校財團法人東方設計大學,04143020,設計行銷系,6,5,1,0,0,0,0,2,0,3,1,0,0,2,2,0,6,5,1
108,私立,技專校院,1081,東方學校財團法人東方設計大學,10121032,時尚美妝設計系,20,6,14,0,0,0,0,1,1,5,13,0,0,2,1,1,20,6,14
108,私立,技專校院,1081,東方學校財團法人東方設計大學,10131025,餐飲管理系,6,3,3,0,0,0,0,0,0,3,3,0,0,0,0,0,6,3,3
108,私立,技專校院,1081,東方學校財團法人東方設計大學,10151028,觀光與休閒事業管理系,4,1,3,0,0,0,0,0,0,1,3,0,0,0,0,0,4,1,3
108,私立,技專校院,1081,東方學校財團法人東方設計大學,99999Z08,華語文中心,4,1,3,0,0,0,0,0,1,1,2,0,0,1,0,1,4,1,3
108,私立,技專校院,1082,崇右學校財團法人崇右影藝科技大學,02111009,數位媒體設計系,5,4,1,0,0,0,0,0,0,4,1,0,0,0,0,0,5,4,1
108,私立,技專校院,1082,崇右學校財團法人崇右影藝科技大學,02122007,時尚造型設計系,7,1,6,0,0,0,0,0,0,1,6,0,0,0,0,0,7,1,6
108,私立,技專校院,1082,崇右學校財團法人崇右影藝科技大學,02123011,創意商品設計系,2,2,0,0,0,0,0,0,0,2,0,0,0,0,0,0,2,2,0
108,私立,技專校院,1082,崇右學校財團法人崇右影藝科技大學,02131001,攝影學士學位學程,5,5,0,0,0,0,0,1,0,4,0,0,0,1,1,0,5,5,0
108,私立,技專校院,1082,崇右學校財團法人崇右影藝科技大學,02152002,演藝事業系,8,5,3,0,0,2,0,1,0,2,3,0,0,3,3,0,8,5,3
108,私立,技專校院,1082,崇右學校財團法人崇右影藝科技大學,02152004,表演藝術系,11,7,4,0,0,0,0,6,3,1,1,0,0,9,6,3,11,7,4
108,私立,技專校院,1082,崇右學校財團法人崇右影藝科技大學,03211013,影視傳播系,6,4,2,2,0,0,1,2,1,0,0,0,0,6,4,2,6,4,2
108,私立,技專校院,1082,崇右學校財團法人崇右影藝科技大學,04191018,經營管理系,7,4,3,0,0,0,0,1,1,3,2,0,0,2,1,1,7,4,3
108,私立,技專校院,1082,崇右學校財團法人崇右影藝科技大學,10151032,觀光旅遊管理系,7,4,3,0,0,0,0,0,0,4,3,0,0,0,0,0,7,4,3
108,私立,技專校院,1082,崇右學校財團法人崇右影藝科技大學,99999Z01,通識(教育)中心,7,6,1,0,0,0,0,0,0,6,1,0,0,0,0,0,7,6,1
108,私立,技專校院,1083,台北海洋學校財團法人台北海洋科技大學,02112004,視覺傳達設計系,7,6,1,0,0,2,0,1,0,3,1,0,0,3,3,0,7,6,1
108,私立,技專校院,1083,台北海洋學校財團法人台北海洋科技大學,02122002,時尚造型設計管理系,8,3,5,0,0,1,0,0,0,2,5,0,0,1,1,0,8,3,5
108,私立,技專校院,1083,台北海洋學校財團法人台北海洋科技大學,02122003,數位遊戲與動畫設計系,14,13,1,0,0,1,0,4,0,8,1,0,0,5,5,0,14,13,1
108,私立,技專校院,1083,台北海洋學校財團法人台北海洋科技大學,02191001,表演藝術系,5,3,2,0,0,0,0,2,0,1,2,0,0,2,2,0,5,3,2
108,私立,技專校院,1083,台北海洋學校財團法人台北海洋科技大學,07163012,輪機工程系,22,21,1,0,0,5,0,10,0,6,1,0,0,15,15,0,22,21,1
108,私立,技專校院,1083,台北海洋學校財團法人台北海洋科技大學,09211016,健康促進與銀髮保健系,12,8,4,0,0,0,0,3,2,5,2,0,0,5,3,2,12,8,4
108,私立,技專校院,1083,台北海洋學校財團法人台北海洋科技大學,09231017,健康照顧社會工作系,9,2,7,0,0,0,0,1,1,1,6,0,0,2,1,1,9,2,7
108,私立,技專校院,1083,台北海洋學校財團法人台北海洋科技大學,10131019,餐飲管理系,8,5,3,0,0,0,0,1,1,4,2,0,0,2,1,1,8,5,3
108,私立,技專校院,1083,台北海洋學校財團法人台北海洋科技大學,10151020,旅遊管理系,8,4,4,0,0,0,0,2,1,2,3,0,0,3,2,1,8,4,4
108,私立,技專校院,1083,台北海洋學校財團法人台北海洋科技大學,10151022,海洋休閒觀光系,1,1,0,0,0,0,0,0,0,1,0,0,0,0,0,0,1,1,0
108,私立,技專校院,1083,台北海洋學校財團法人台北海洋科技大學,10152024,海洋運動休閒系,6,4,2,0,0,1,0,0,1,3,1,0,0,2,1,1,6,4,2
108,私立,技專校院,1083,台北海洋學校財團法人台北海洋科技大學,10412028,海空物流與行銷系,20,14,6,0,0,3,0,7,3,4,3,0,0,13,10,3,20,14,6
108,私立,技專校院,1083,台北海洋學校財團法人台北海洋科技大學,10414029,航海系,21,21,0,0,0,8,0,7,0,6,0,0,0,15,15,0,21,21,0
108,私立,技專校院,1083,台北海洋學校財團法人台北海洋科技大學,99999Z01,通識教育中心,30,19,11,0,0,1,0,6,3,12,8,0,0,10,7,3,30,19,11
108,私立,一般大學,1125,中信學校財團法人中信金融管理學院,04121014,財務金融學系,1,1,0,1,0,0,0,0,0,0,0,0,0,1,1,0,1,1,0
108,私立,一般大學,1125,中信學校財團法人中信金融管理學院,04131012,企業管理學系,3,3,0,2,0,0,0,0,0,1,0,0,0,2,2,0,3,3,0
108,私立,一般大學,1125,中信學校財團法人中信金融管理學院,04212022,財經法律學系,5,4,1,0,0,0,0,2,1,2,0,0,0,3,2,1,5,4,1
108,私立,一般大學,1125,中信學校財團法人中信金融管理學院,99999Z01,通識教育中心,9,7,2,0,0,0,0,0,0,7,2,0,0,0,0,0,9,7,2
108,私立,技專校院,1148,大漢技術學院,02122001,珠寶技術系,5,5,0,0,0,0,0,1,0,4,0,0,0,1,1,0,5,5,0
108,私立,技專校院,1148,大漢技術學院,04131005,企業管理系,11,7,4,0,0,0,0,0,1,7,3,0,0,1,0,1,11,7,4
108,私立,技專校院,1148,大漢技術學院,07151017,機械工程系,1,1,0,0,0,0,0,0,0,1,0,0,0,0,0,0,1,1,0
108,私立,技專校院,1148,大漢技術學院,07321019,土木工程與環境資源管理系,3,3,0,0,0,1,0,0,0,2,0,0,0,1,1,0,3,3,0
108,私立,技專校院,1148,大漢技術學院,10152028,休閒遊憩與觀光餐旅管理系,7,3,4,0,0,0,0,0,0,3,4,0,0,0,0,0,7,3,4
108,私立,技專校院,1159,和春技術學院,02112004,多媒體設計系,7,4,3,0,0,0,0,0,0,4,3,0,0,0,0,0,7,4,3
108,私立,技專校院,1159,和春技術學院,02121033,流行時尚造型設計系,1,0,1,0,0,0,0,0,0,0,1,0,0,0,0,0,1,0,1
108,私立,技專校院,1159,和春技術學院,02123006,商品設計系,4,2,2,0,0,0,0,0,0,2,2,0,0,0,0,0,4,2,2
108,私立,技專校院,1159,和春技術學院,02311001,應用外語系,6,5,1,0,0,0,0,0,0,5,1,0,0,0,0,0,6,5,1
108,私立,技專校院,1159,和春技術學院,03211008,傳播藝術系,3,3,0,0,0,0,0,0,0,3,0,0,0,0,0,0,3,3,0
108,私立,技專校院,1159,和春技術學院,04131013,企業管理系,4,2,2,0,0,0,0,0,0,2,2,0,0,0,0,0,4,2,2
108,私立,技專校院,1159,和春技術學院,06131025,資訊管理系,17,12,5,0,0,0,0,0,0,12,5,0,0,0,0,0,17,12,5
108,私立,技專校院,1159,和春技術學院,07141026,電機工程系,8,8,0,0,0,0,0,0,0,8,0,0,0,0,0,0,8,8,0
108,私立,技專校院,1159,和春技術學院,07191030,工業工程與管理系,2,2,0,0,0,0,0,0,0,2,0,0,0,0,0,0,2,2,0
108,私立,技專校院,1159,和春技術學院,10131031,餐飲管理系,3,2,1,0,0,0,0,0,0,2,1,0,0,0,0,0,3,2,1
108,私立,技專校院,1159,和春技術學院,10151032,觀光與休閒事業管理系,1,1,0,0,0,0,0,0,0,1,0,0,0,0,0,0,1,1,0
108,私立,技專校院,1159,和春技術學院,99999Z01,通識教育組,19,11,8,0,0,0,0,0,0,11,8,0,0,0,0,0,19,11,8
108,私立,技專校院,1166,亞東技術學院,02123001,工商業設計系,12,10,2,0,0,1,0,2,0,7,2,0,0,3,3,0,12,10,2
108,私立,技專校院,1166,亞東技術學院,04132003,行銷與流通管理系,9,2,7,0,0,1,1,0,1,1,5,0,0,3,1,2,9,2,7
108,私立,技專校院,1166,亞東技術學院,04133005,醫務管理系,9,6,3,0,0,0,0,5,0,1,3,0,0,5,5,0,9,6,3
108,私立,技專校院,1166,亞東技術學院,04199006,工業管理系,8,6,2,0,0,1,1,4,0,1,1,0,0,6,5,1,8,6,2
108,私立,技專校院,1166,亞東技術學院,06131008,資訊管理系,2,2,0,0,0,1,0,0,0,1,0,0,0,1,1,0,2,2,0
108,私立,技專校院,1166,亞東技術學院,07141010,電子工程系,7,6,1,0,0,1,0,2,1,3,0,0,0,4,3,1,7,6,1
108,私立,技專校院,1166,亞東技術學院,07141012,通訊工程系,5,4,1,1,0,0,0,1,0,2,1,0,0,2,2,0,5,4,1
108,私立,技專校院,1166,亞東技術學院,07151014,機械工程系,8,8,0,0,0,0,0,2,0,6,0,0,0,2,2,0,8,8,0
108,私立,技專校院,1166,亞東技術學院,07192019,材料與纖維系,16,12,4,1,0,4,0,4,2,3,2,0,0,11,9,2,16,12,4
108,私立,技專校院,1166,亞東技術學院,09131021,護理系,22,2,20,0,1,0,0,2,1,0,18,0,0,4,2,2,22,2,20
108,私立,技專校院,1166,亞東技術學院,99999Z01,通識(教育)中心,58,35,23,2,0,4,2,22,13,7,8,0,0,43,28,15,58,35,23
108,私立,技專校院,1168,南亞科技學校財團法人南亞技術學院,02124005,室內設計系,15,9,6,0,0,0,0,0,0,9,6,0,0,0,0,0,15,9,6
108,私立,技專校院,1168,南亞科技學校財團法人南亞技術學院,02125028,創意流行時尚設計系,4,1,3,0,0,0,0,0,2,1,1,0,0,2,0,2,4,1,3
108,私立,技專校院,1168,南亞科技學校財團法人南亞技術學院,04131006,企業管理系,11,8,3,0,0,0,0,2,1,6,2,0,0,3,2,1,11,8,3
108,私立,技專校院,1168,南亞科技學校財團法人南亞技術學院,07121030,環境科技與管理系,3,3,0,0,0,1,0,0,0,2,0,0,0,1,1,0,3,3,0
108,私立,技專校院,1168,南亞科技學校財團法人南亞技術學院,07151012,機械工程系,21,21,0,1,0,7,0,4,0,9,0,0,0,12,12,0,21,21,0
108,私立,技專校院,1168,南亞科技學校財團法人南亞技術學院,09221024,幼兒保育系,9,1,8,0,0,0,0,0,1,1,7,0,0,1,0,1,9,1,8
108,私立,技專校院,1168,南亞科技學校財團法人南亞技術學院,10121031,美容與造型系,12,1,11,0,0,1,0,0,0,0,11,0,0,1,1,0,12,1,11
108,私立,技專校院,1168,南亞科技學校財團法人南亞技術學院,10131025,餐旅管理系,3,0,3,0,0,0,0,0,1,0,2,0,0,1,0,1,3,0,3
108,私立,技專校院,1168,南亞科技學校財團法人南亞技術學院,10131026,餐飲廚藝管理系,2,1,1,0,0,0,0,0,0,1,1,0,0,0,0,0,2,1,1
108,私立,技專校院,1168,南亞科技學校財團法人南亞技術學院,10152032,休閒事業管理系,8,3,5,0,0,0,0,0,1,3,4,0,0,1,0,1,8,3,5
108,私立,技專校院,1168,南亞科技學校財團法人南亞技術學院,99999Z01,通識教育中心,20,13,7,1,0,1,1,4,2,7,4,0,0,9,6,3,20,13,7
108,私立,技專校院,1168,南亞科技學校財團法人南亞技術學院,99999Z08,國際語文教學中心,7,3,4,0,0,0,0,0,0,3,4,0,0,0,0,0,7,3,4
108,私立,一般大學,1176,稻江科技暨管理學院,01121001,幼兒教育學系,1,0,1,0,0,0,0,0,1,0,0,0,0,1,0,1,1,0,1
108,私立,一般大學,1176,稻江科技暨管理學院,02152002,表演藝術學士學位學程,2,1,1,0,0,0,0,0,0,1,1,0,0,0,0,0,2,1,1
108,私立,一般大學,1176,稻江科技暨管理學院,04131015,經營管理學士學位學程,6,4,2,0,0,0,0,1,0,3,2,0,0,1,1,0,6,4,2
108,私立,一般大學,1176,稻江科技暨管理學院,04211022,法律學士學位學程,10,9,1,0,0,0,0,1,0,8,1,0,0,1,1,0,10,9,1
108,私立,一般大學,1176,稻江科技暨管理學院,06134029,行動科技學系,2,1,1,0,0,0,0,0,1,1,0,0,0,1,0,1,2,1,1
108,私立,一般大學,1176,稻江科技暨管理學院,09231048,社會工作學系,6,3,3,0,0,0,0,2,1,1,2,0,0,3,2,1,6,3,3
108,私立,一般大學,1176,稻江科技暨管理學院,10121044,時尚美容藝術與保健管理學士學位學程,2,0,2,0,0,0,0,0,0,0,2,0,0,0,0,0,2,0,2
108,私立,一般大學,1176,稻江科技暨管理學院,10121049,時尚美容藝術管理學系,7,1,6,0,0,0,0,0,0,1,6,0,0,0,0,0,7,1,6
108,私立,一般大學,1176,稻江科技暨管理學院,10131037,餐飲管理學系,3,1,2,0,0,0,0,0,1,1,1,0,0,1,0,1,3,1,2
108,私立,一般大學,1176,稻江科技暨管理學院,10151042,觀光規劃學士學位學程,9,4,5,0,0,0,0,0,0,4,5,0,0,0,0,0,9,4,5
108,私立,一般大學,1176,稻江科技暨管理學院,10152039,休閒遊憩管理學系,5,5,0,1,0,0,0,1,0,3,0,0,0,2,2,0,5,5,0
108,私立,一般大學,1176,稻江科技暨管理學院,99999Z01,通識教育中心,11,5,6,0,0,0,0,1,3,4,3,0,0,4,1,3,11,5,6
108,私立,技專校院,1182,蘭陽技術學院,02124002,建築與室內設計系,2,1,1,0,0,0,0,0,0,1,1,0,0,0,0,0,2,1,1
108,私立,技專校院,1182,蘭陽技術學院,04143010,數位行銷系,2,2,0,0,0,0,0,0,0,2,0,0,0,0,0,0,2,2,0
108,私立,技專校院,1182,蘭陽技術學院,07151021,機電工程系,3,3,0,0,0,0,0,0,0,3,0,0,0,0,0,0,3,3,0
108,私立,技專校院,1182,蘭陽技術學院,10121033,時尚美容設計系,8,2,6,0,0,0,0,0,0,2,6,0,0,0,0,0,8,2,6
108,私立,技專校院,1182,蘭陽技術學院,10131029,餐旅管理系,6,5,1,0,0,0,0,1,1,4,0,0,0,2,1,1,6,5,1
108,私立,技專校院,1182,蘭陽技術學院,10151030,觀光旅遊系,2,0,2,0,0,0,0,0,0,0,2,0,0,0,0,0,2,0,2
108,私立,技專校院,1182,蘭陽技術學院,99999Z08,通識暨語文中心,2,1,1,0,0,0,0,0,0,1,1,0,0,0,0,0,2,1,1
108,私立,技專校院,1183,黎明技術學院,02111027,影視傳播系,4,3,1,0,0,0,0,0,0,3,1,0,0,0,0,0,4,3,1
108,私立,技專校院,1183,黎明技術學院,02123004,創意產品設計系,1,1,0,0,0,0,0,0,0,1,0,0,0,0,0,0,1,1,0
108,私立,技專校院,1183,黎明技術學院,02125007,時尚經營管理系,4,4,0,0,0,0,0,1,0,3,0,0,0,1,1,0,4,4,0
108,私立,技專校院,1183,黎明技術學院,02125029,時尚設計系,10,3,7,0,0,0,0,1,2,2,5,0,0,3,1,2,10,3,7
108,私立,技專校院,1183,黎明技術學院,02125030,服飾設計系,3,0,3,0,0,0,0,0,0,0,3,0,0,0,0,0,3,0,3
108,私立,技專校院,1183,黎明技術學院,02152001,表演藝術系,32,23,9,0,0,2,1,5,2,16,6,0,0,10,7,3,32,23,9
108,私立,技專校院,1183,黎明技術學院,02152028,戲劇系,6,3,3,0,0,0,0,1,1,2,2,0,0,2,1,1,6,3,3
108,私立,技專校院,1183,黎明技術學院,06121009,資訊管理系,2,2,0,0,0,0,0,0,0,2,0,0,0,0,0,0,2,2,0
108,私立,技專校院,1183,黎明技術學院,06131008,資訊科技系,4,4,0,0,0,0,0,0,0,4,0,0,0,0,0,0,4,4,0
108,私立,技專校院,1183,黎明技術學院,06132010,數位多媒體系,13,11,2,0,0,1,0,0,1,10,1,0,0,2,1,1,13,11,2
108,私立,技專校院,1183,黎明技術學院,07141011,電機工程系,27,27,0,0,0,1,0,10,0,16,0,0,0,11,11,0,27,27,0
108,私立,技專校院,1183,黎明技術學院,07151015,機械工程系,14,13,1,0,0,4,0,3,0,6,1,0,0,7,7,0,14,13,1
108,私立,技專校院,1183,黎明技術學院,07161026,車輛工程系,4,4,0,1,0,0,0,1,0,2,0,0,0,2,2,0,4,4,0
108,私立,技專校院,1183,黎明技術學院,10121024,化妝品應用系,31,8,23,0,0,0,0,3,0,5,23,0,0,3,3,0,31,8,23
108,私立,技專校院,1183,黎明技術學院,10131020,旅館管理系,2,2,0,0,0,0,0,0,0,2,0,0,0,0,0,0,2,2,0
108,私立,技專校院,1183,黎明技術學院,10131021,餐飲管理系,26,17,9,0,0,1,0,6,2,10,7,0,0,9,7,2,26,17,9
108,私立,技專校院,1183,黎明技術學院,10151022,觀光休閒系,4,2,2,0,0,0,0,0,0,2,2,0,0,0,0,0,4,2,2
108,私立,技專校院,1183,黎明技術學院,99999Z01,通識(教育)中心,39,22,17,0,0,1,0,3,2,18,15,0,0,6,4,2,39,22,17
108,私立,技專校院,1185,經國管理暨健康學院,06111026,醫護資訊應用系,1,1,0,0,0,0,0,0,0,1,0,0,0,0,0,0,1,1,0
108,私立,技專校院,1185,經國管理暨健康學院,07211007,食品保健系,4,0,4,0,0,0,0,0,0,0,4,0,0,0,0,0,4,0,4
108,私立,技專校院,1185,經國管理暨健康學院,09111021,口腔衛生照護系,6,3,3,0,0,0,0,1,1,2,2,0,0,2,1,1,6,3,3
108,私立,技專校院,1185,經國管理暨健康學院,09131009,護理系,17,6,11,0,0,0,0,0,2,6,9,0,0,2,0,2,17,6,11
108,私立,技專校院,1185,經國管理暨健康學院,09211022,高齡照顧福祉系,3,1,2,0,0,0,0,0,0,1,2,0,0,0,0,0,3,1,2
108,私立,技專校院,1185,經國管理暨健康學院,09221011,幼兒保育系,5,1,4,0,0,0,0,0,0,1,4,0,0,0,0,0,5,1,4
108,私立,技專校院,1185,經國管理暨健康學院,10121016,美容流行設計系,8,1,7,0,0,0,0,0,0,1,7,0,0,0,0,0,8,1,7
108,私立,技專校院,1185,經國管理暨健康學院,10131025,餐旅廚藝管理系,23,13,10,0,0,0,0,3,0,10,10,0,0,3,3,0,23,13,10
108,私立,技專校院,1185,經國管理暨健康學院,10152020,觀光休閒與健康系,3,0,3,0,0,0,1,0,0,0,2,0,0,1,0,1,3,0,3
108,私立,技專校院,1185,經國管理暨健康學院,99999Z01,通識(教育)中心,49,31,18,0,0,1,0,9,3,21,15,0,0,13,10,3,49,31,18
108,私立,技專校院,1188,大同技術學院,04131037,茶文化事業經營管理系,11,5,6,0,0,1,0,0,0,4,6,0,0,1,1,0,11,5,6
108,私立,技專校院,1188,大同技術學院,09231021,社會工作與服務管理系,14,5,9,2,0,1,0,0,1,2,8,0,0,4,3,1,14,5,9
108,私立,技專校院,1188,大同技術學院,10121001,時尚造型設計系,6,0,6,0,0,0,0,0,1,0,5,0,0,1,0,1,6,0,6
108,私立,技專校院,1188,大同技術學院,10131024,餐飲管理系,8,4,4,0,0,1,0,0,0,3,4,0,0,1,1,0,8,4,4
108,私立,技專校院,1188,大同技術學院,10131025,烘焙管理系,10,9,1,0,0,0,0,1,0,8,1,0,0,1,1,0,10,9,1
108,私立,技專校院,1188,大同技術學院,10151029,旅遊與休閒娛樂管理系,1,1,0,0,0,0,0,0,0,1,0,0,0,0,0,0,1,1,0
108,私立,技專校院,1188,大同技術學院,10152030,運動健康與休閒系,3,2,1,0,0,0,0,1,0,1,1,0,0,1,1,0,3,2,1
108,私立,技專校院,1188,大同技術學院,10199034,婚禮企劃與設計系,1,0,1,0,0,0,0,0,0,0,1,0,0,0,0,0,1,0,1
108,私立,技專校院,1192,臺灣觀光學院,10131016,廚藝管理系(科),7,4,3,0,0,1,0,1,0,2,3,0,0,2,2,0,7,4,3
108,私立,技專校院,1192,臺灣觀光學院,10199024,觀光餐旅系(科),38,19,19,0,0,0,0,4,5,15,14,0,0,9,4,5,38,19,19
108,私立,一般大學,1195,馬偕學校財團法人馬偕醫學院,09121002,醫學系,142,120,22,15,1,13,0,43,12,49,9,0,0,84,71,13,142,120,22
108,私立,一般大學,1195,馬偕學校財團法人馬偕醫學院,09131004,護理學系,16,1,15,0,1,0,0,1,2,0,12,0,0,4,1,3,16,1,15
108,私立,一般大學,1195,馬偕學校財團法人馬偕醫學院,09131005,長期照護研究所,3,2,1,1,0,1,1,0,0,0,0,0,0,3,2,1,3,2,1
108,私立,一般大學,1195,馬偕學校財團法人馬偕醫學院,09153003,聽力暨語言治療學系,20,3,17,0,0,0,0,0,4,3,13,0,0,4,0,4,20,3,17
108,私立,一般大學,1195,馬偕學校財團法人馬偕醫學院,99999Z01,全人教育中心,19,11,8,3,1,3,1,2,2,3,4,0,0,12,8,4,19,11,8
108,私立,一般大學,1196,法鼓學校財團法人法鼓文理學院,01199001,生命教育碩士學位學程,2,1,1,1,0,0,0,0,1,0,0,0,0,2,1,1,2,1,1
108,私立,一般大學,1196,法鼓學校財團法人法鼓文理學院,02211002,佛教學系,19,7,12,1,1,1,2,2,7,3,2,0,0,14,4,10,19,7,12
108,私立,一般大學,1196,法鼓學校財團法人法鼓文理學院,04199003,社會企業與創新碩士學位學程,2,1,1,0,0,0,0,1,1,0,0,0,0,2,1,1,2,1,1
108,私立,一般大學,1196,法鼓學校財團法人法鼓文理學院,05211005,環境與發展碩士學位學程,2,2,0,0,0,0,0,2,0,0,0,0,0,2,2,0,2,2,0
108,私立,技專校院,1282,馬偕學校財團法人馬偕醫護管理專科學校,02311001,應用外語科,19,12,7,0,0,0,0,1,0,11,7,0,0,1,1,0,19,12,7
108,私立,技專校院,1282,馬偕學校財團法人馬偕醫護管理專科學校,09131003,護理科,29,12,17,2,0,0,0,4,1,6,16,0,0,7,6,1,29,12,17
108,私立,技專校院,1282,馬偕學校財團法人馬偕醫護管理專科學校,09141004,視光學科,16,12,4,0,0,1,0,2,1,9,3,0,0,4,3,1,16,12,4
108,私立,技專校院,1282,馬偕學校財團法人馬偕醫護管理專科學校,09211006,高齡服務事業科,1,0,1,0,0,0,0,0,0,0,1,0,0,0,0,0,1,0,1
108,私立,技專校院,1282,馬偕學校財團法人馬偕醫護管理專科學校,09221007,幼兒保育科,8,3,5,0,0,1,0,0,0,2,5,0,0,1,1,0,8,3,5
108,私立,技專校院,1282,馬偕學校財團法人馬偕醫護管理專科學校,10121009,化妝品應用與管理科,15,6,9,0,0,1,0,1,1,4,8,0,0,3,2,1,15,6,9
108,私立,技專校院,1282,馬偕學校財團法人馬偕醫護管理專科學校,10131008,餐飲管理科,2,1,1,0,0,0,0,0,1,1,0,0,0,1,0,1,2,1,1
108,私立,技專校院,1282,馬偕學校財團法人馬偕醫護管理專科學校,99999010,生命關懷事業科,6,3,3,0,0,0,0,1,0,2,3,0,0,1,1,0,6,3,3
108,私立,技專校院,1282,馬偕學校財團法人馬偕醫護管理專科學校,99999Z01,通識教育中心,75,37,38,0,0,2,1,5,8,30,29,0,0,16,7,9,75,37,38
108,私立,技專校院,1283,仁德醫護管理專科學校,06134003,行動數位商務科,1,1,0,0,0,0,0,1,0,0,0,0,0,1,1,0,1,1,0
108,私立,技專校院,1283,仁德醫護管理專科學校,09111020,口腔衛生學科,3,2,1,0,0,0,0,0,0,2,1,0,0,0,0,0,3,2,1
108,私立,技專校院,1283,仁德醫護管理專科學校,09131011,護理科,27,13,14,0,0,0,1,8,0,5,13,0,0,9,8,1,27,13,14
108,私立,技專校院,1283,仁德醫護管理專科學校,09141013,視光學科,13,12,1,0,0,0,0,3,0,9,1,0,0,3,3,0,13,12,1
108,私立,技專校院,1283,仁德醫護管理專科學校,09141014,醫事檢驗科,26,20,6,0,0,0,0,3,1,17,5,0,0,4,3,1,26,20,6
108,私立,技專校院,1283,仁德醫護管理專科學校,09159001,復健(技術)科,52,37,15,0,0,2,0,7,1,28,14,0,0,10,9,1,52,37,15
108,私立,技專校院,1283,仁德醫護管理專科學校,09171010,調理保健技術科,29,22,7,0,0,0,0,1,0,21,7,0,0,1,1,0,29,22,7
108,私立,技專校院,1283,仁德醫護管理專科學校,09191008,職業安全衛生科,4,4,0,0,0,0,0,0,0,4,0,0,0,0,0,0,4,4,0
108,私立,技專校院,1283,仁德醫護管理專科學校,09211016,高齡健康促進科,4,3,1,0,0,0,0,0,1,3,0,0,0,1,0,1,4,3,1
108,私立,技專校院,1283,仁德醫護管理專科學校,09221017,幼兒保育科,1,0,1,0,0,0,0,0,0,0,1,0,0,0,0,0,1,0,1
108,私立,技專校院,1283,仁德醫護管理專科學校,09299004,生命關懷事業科,21,14,7,0,0,0,0,0,1,14,6,0,0,1,0,1,21,14,7
108,私立,技專校院,1283,仁德醫護管理專科學校,10131018,餐旅管理科,3,2,1,0,0,0,0,0,0,2,1,0,0,0,0,0,3,2,1
108,私立,技專校院,1283,仁德醫護管理專科學校,10199019,健康美容觀光科,2,1,1,0,0,0,0,1,0,0,1,0,0,1,1,0,2,1,1
108,私立,技專校院,1283,仁德醫護管理專科學校,99999Z01,共同科目,35,21,14,0,0,1,1,6,0,14,13,0,0,8,7,1,35,21,14
108,私立,技專校院,1284,樹人醫護管理專科學校,02311002,應用英語科,4,2,2,0,0,0,0,0,0,2,2,0,0,0,0,0,4,2,2
108,私立,技專校院,1284,樹人醫護管理專科學校,02311003,應用日語科,9,3,6,0,0,0,0,0,0,3,6,0,0,0,0,0,9,3,6
108,私立,技專校院,1284,樹人醫護管理專科學校,06131004,資訊管理科,16,11,5,1,0,0,0,0,0,10,5,0,0,1,1,0,16,11,5
108,私立,技專校院,1284,樹人醫護管理專科學校,09111013,牙體技術科,31,21,10,0,0,3,0,4,0,14,10,0,0,7,7,0,31,21,10
108,私立,技專校院,1284,樹人醫護管理專科學校,09111016,口腔衛生學科,11,4,7,1,0,0,0,1,1,2,6,0,0,3,2,1,11,4,7
108,私立,技專校院,1284,樹人醫護管理專科學校,09131009,護理科,54,19,35,0,0,0,0,7,1,12,34,0,0,8,7,1,54,19,35
108,私立,技專校院,1284,樹人醫護管理專科學校,09141010,視光學科,28,23,5,0,0,0,0,3,0,20,5,0,0,3,3,0,28,23,5
108,私立,技專校院,1284,樹人醫護管理專科學校,09141012,醫學影像暨放射技術科,28,17,11,1,0,1,1,4,2,11,8,0,0,9,6,3,28,17,11
108,私立,技專校院,1284,樹人醫護管理專科學校,09151005,物理治療科,54,29,25,0,0,2,0,2,3,25,22,0,0,7,4,3,54,29,25
108,私立,技專校院,1284,樹人醫護管理專科學校,09152006,職能治療科,28,17,11,0,0,1,0,2,0,14,11,0,0,3,3,0,28,17,11
108,私立,技專校院,1284,樹人醫護管理專科學校,09221014,幼兒保育科,9,3,6,0,0,0,0,0,0,3,6,0,0,0,0,0,9,3,6
108,私立,技專校院,1284,樹人醫護管理專科學校,10121015,美容保健科,18,7,11,0,0,1,0,1,2,5,9,0,0,4,2,2,18,7,11
108,私立,技專校院,1284,樹人醫護管理專科學校,99999Z01,通識(教育)中心,92,46,46,0,0,0,0,8,2,38,44,0,0,10,8,2,92,46,46
108,私立,技專校院,1285,慈惠醫護管理專科學校,02112002,數位媒體創意設計科,11,6,5,0,0,0,0,0,0,6,5,0,0,0,0,0,11,6,5
108,私立,技專校院,1285,慈惠醫護管理專科學校,09131006,護理科,31,4,27,0,0,0,0,0,0,4,27,0,0,0,0,0,31,4,27
108,私立,技專校院,1285,慈惠醫護管理專科學校,09131012,護理助產科,5,1,4,0,0,0,0,0,0,1,4,0,0,0,0,0,5,1,4
108,私立,技專校院,1285,慈惠醫護管理專科學校,09151004,物理治療科,28,17,11,0,0,0,0,2,0,15,11,0,0,2,2,0,28,17,11
108,私立,技專校院,1285,慈惠醫護管理專科學校,09221007,幼兒保育科,19,5,14,0,0,0,0,0,0,5,14,0,0,0,0,0,19,5,14
108,私立,技專校院,1285,慈惠醫護管理專科學校,10121011,美容造型設計科,7,1,6,0,0,0,0,0,0,1,6,0,0,0,0,0,7,1,6
108,私立,技專校院,1285,慈惠醫護管理專科學校,10131008,餐飲管理科,6,6,0,0,0,0,0,0,0,6,0,0,0,0,0,0,6,6,0
108,私立,技專校院,1285,慈惠醫護管理專科學校,10151009,觀光事業科,3,1,2,0,0,0,0,0,0,1,2,0,0,0,0,0,3,1,2
108,私立,技專校院,1285,慈惠醫護管理專科學校,10152010,休閒事業管理科,23,18,5,0,0,0,0,0,0,18,5,0,0,0,0,0,23,18,5
108,私立,技專校院,1285,慈惠醫護管理專科學校,99999Z01,通識教育中心,53,38,15,0,0,0,0,0,0,38,15,0,0,0,0,0,53,38,15
108,私立,技專校院,1286,耕莘健康管理專科學校,02112001,數位媒體設計科,6,5,1,0,0,0,0,0,0,5,1,0,0,0,0,0,6,5,1
108,私立,技專校院,1286,耕莘健康管理專科學校,09111010,口腔衛生與健康照護科,10,4,6,0,0,0,0,0,0,4,6,0,0,0,0,0,10,4,6
108,私立,技專校院,1286,耕莘健康管理專科學校,09131003,護理科,226,78,148,0,1,2,1,18,7,58,139,0,0,29,20,9,226,78,148
108,私立,技專校院,1286,耕莘健康管理專科學校,09221004,嬰幼兒保育科,37,13,24,0,0,0,0,2,3,11,21,0,0,5,2,3,37,13,24
108,私立,技專校院,1286,耕莘健康管理專科學校,10121008,化妝品應用與管理科,33,11,22,0,0,1,1,3,2,7,19,0,0,7,4,3,33,11,22
108,私立,技專校院,1286,耕莘健康管理專科學校,10131006,健康餐旅科,17,13,4,0,0,0,0,2,0,11,4,0,0,2,2,0,17,13,4
108,私立,技專校院,1287,敏惠醫護管理專科學校,09111002,牙體技術科,13,9,4,0,0,0,0,1,0,8,4,0,0,1,1,0,13,9,4
108,私立,技專校院,1287,敏惠醫護管理專科學校,09131001,護理科,45,8,37,1,0,0,0,3,1,4,36,0,0,5,4,1,45,8,37
108,私立,技專校院,1287,敏惠醫護管理專科學校,09199005,長期照顧與健康促進管理科,10,5,5,0,0,0,0,2,1,3,4,0,0,3,2,1,10,5,5
108,私立,技專校院,1287,敏惠醫護管理專科學校,09221003,幼兒保育科,10,5,5,0,0,0,0,0,0,5,5,0,0,0,0,0,10,5,5
108,私立,技專校院,1287,敏惠醫護管理專科學校,10121004,美容保健科,16,8,8,0,0,0,0,0,0,8,8,0,0,0,0,0,16,8,8
108,私立,技專校院,1287,敏惠醫護管理專科學校,99999Z01,通識教育中心,51,33,18,0,0,0,0,10,6,23,12,0,0,16,10,6,51,33,18
108,私立,技專校院,1289,育英醫護管理專科學校,09131001,護理科,8,1,7,0,0,0,0,0,1,1,6,0,0,1,0,1,8,1,7
108,私立,技專校院,1289,育英醫護管理專科學校,09211002,老人服務事業管理科,14,4,10,0,0,0,0,2,1,2,9,0,0,3,2,1,14,4,10
108,私立,技專校院,1289,育英醫護管理專科學校,10121003,化妝品應用與管理科,12,2,10,0,0,0,0,1,0,1,10,0,0,1,1,0,12,2,10
108,私立,技專校院,1289,育英醫護管理專科學校,99999Z01,通識中心,29,10,19,1,0,2,0,1,4,6,15,0,0,8,4,4,29,10,19
108,私立,技專校院,1291,聖母醫護管理專科學校,06131004,資訊管理科,10,8,2,0,0,1,0,0,0,7,2,0,0,1,1,0,10,8,2
108,私立,技專校院,1291,聖母醫護管理專科學校,09131006,護理科,54,16,38,0,0,0,0,4,0,12,38,0,0,4,4,0,54,16,38
108,私立,技專校院,1291,聖母醫護管理專科學校,09221002,幼兒保育科,7,2,5,0,0,0,0,0,0,2,5,0,0,0,0,0,7,2,5
108,私立,技專校院,1291,聖母醫護管理專科學校,10121001,化妝品應用與管理科,10,3,7,0,0,0,0,1,1,2,6,0,0,2,1,1,10,3,7
108,私立,技專校院,1291,聖母醫護管理專科學校,10131005,餐旅管理科,8,5,3,0,0,0,0,2,0,3,3,0,0,2,2,0,8,5,3
108,私立,技專校院,1291,聖母醫護管理專科學校,99999Z01,通識教育中心,42,27,15,1,0,0,1,8,2,18,12,0,0,12,9,3,42,27,15
108,私立,技專校院,1292,新生醫護管理專科學校,02311002,應用英語科,1,1,0,0,0,0,0,0,0,1,0,0,0,0,0,0,1,1,0
108,私立,技專校院,1292,新生醫護管理專科學校,04133006,醫藥保健商務科,13,7,6,0,0,0,0,0,0,7,6,0,0,0,0,0,13,7,6
108,私立,技專校院,1292,新生醫護管理專科學校,04141004,國際商務科,1,1,0,0,0,0,0,0,0,1,0,0,0,0,0,0,1,1,0
108,私立,技專校院,1292,新生醫護管理專科學校,09111010,口腔衛生學科,6,3,3,0,0,0,0,2,0,1,3,0,0,2,2,0,6,3,3
108,私立,技專校院,1292,新生醫護管理專科學校,09131007,護理科,85,15,70,0,0,0,0,4,3,11,67,0,0,7,4,3,85,15,70
108,私立,技專校院,1292,新生醫護管理專科學校,09141009,視光學科,11,7,4,0,0,0,0,0,0,7,4,0,0,0,0,0,11,7,4
108,私立,技專校院,1292,新生醫護管理專科學校,09211008,長期照護科,9,1,8,0,0,0,0,0,0,1,8,0,0,0,0,0,9,1,8
108,私立,技專校院,1292,新生醫護管理專科學校,09221011,幼兒保育科,2,1,1,0,0,0,0,0,0,1,1,0,0,0,0,0,2,1,1
108,私立,技專校院,1292,新生醫護管理專科學校,10121013,美容造型科,8,2,6,0,0,0,0,1,0,1,6,0,0,1,1,0,8,2,6
108,私立,技專校院,1292,新生醫護管理專科學校,10152012,健康休閒管理科,2,0,2,0,0,0,0,0,0,0,2,0,0,0,0,0,2,0,2
108,私立,技專校院,1292,新生醫護管理專科學校,99999Z01,通識教育發展中心,99,56,43,0,0,1,0,11,8,44,35,0,0,20,12,8,99,56,43
108,私立,技專校院,1293,崇仁醫護管理專科學校,04191001,應用外語科,4,2,2,0,0,0,0,0,0,2,2,0,0,0,0,0,4,2,2
108,私立,技專校院,1293,崇仁醫護管理專科學校,09131002,護理科,35,11,24,0,0,1,0,1,2,9,22,0,0,4,2,2,35,11,24
108,私立,技專校院,1293,崇仁醫護管理專科學校,09211003,老人服務事業管理科,9,4,5,0,0,0,0,0,0,4,5,0,0,0,0,0,9,4,5
108,私立,技專校院,1293,崇仁醫護管理專科學校,10121005,美容保健科,10,4,6,0,0,0,0,0,0,4,6,0,0,0,0,0,10,4,6
108,私立,技專校院,1293,崇仁醫護管理專科學校,10131004,餐飲管理科,1,0,1,0,0,0,0,0,1,0,0,0,0,1,0,1,1,0,1
108,私立,技專校院,1293,崇仁醫護管理專科學校,99999Z01,通識教育中心,42,24,18,0,0,0,0,6,4,18,14,0,0,10,6,4,42,24,18
108,私立,宗教研修學院,1R02,學校財團法人中華浸信會基督教台灣浸會神學院,02211001,基督教神學研究所,2,2,0,1,0,0,0,1,0,0,0,0,0,2,2,0,2,2,0
108,私立,宗教研修學院,1R03,臺北基督學院,02299001,基督教博雅學系,42,18,24,0,0,2,1,4,4,12,19,0,0,11,6,5,42,18,24
108,私立,宗教研修學院,1R03,臺北基督學院,99999Z01,基督教博雅核心課程中心,10,6,4,0,0,0,0,2,2,4,2,0,0,4,2,2,10,6,4
108,私立,宗教研修學院,1R04,財團法人一貫道天皇基金會一貫道天皇學院,02211001,一貫道學系,21,10,11,0,0,1,0,1,2,8,9,0,0,4,2,2,21,10,11
108,私立,宗教研修學院,1R05,台神學校財團法人台灣神學研究學院,02211001,基督教研究所,7,0,7,0,3,0,0,0,4,0,0,0,0,7,0,7,7,0,7
108,私立,宗教研修學院,1R05,台神學校財團法人台灣神學研究學院,02211002,神學研究所,2,2,0,0,0,0,0,2,0,0,0,0,0,2,2,0,2,2,0
108,私立,宗教研修學院,1R07,台灣基督長老教會南神神學院,02211001,神學研究所,2,2,0,0,0,0,0,2,0,0,0,0,0,2,2,0,2,2,0
108,私立,宗教研修學院,1R07,台灣基督長老教會南神神學院,02211002,基督教研究所,8,3,5,1,1,0,2,2,2,0,0,0,0,8,3,5,8,3,5
108,公立,一般大學,3002,臺北市立大學,01111001,教育學系,14,8,6,1,1,0,0,1,3,6,2,0,0,6,2,4,14,8,6
108,公立,一般大學,3002,臺北市立大學,01113029,特殊教育學系,5,0,5,0,0,0,0,0,4,0,1,0,0,4,0,4,5,0,5
108,公立,一般大學,3002,臺北市立大學,01114035,教育行政與評鑑研究所,5,4,1,2,0,1,0,1,1,0,0,0,0,5,4,1,5,4,1
108,公立,一般大學,3002,臺北市立大學,01116036,學習與媒材設計學系,12,8,4,2,0,2,0,0,0,4,4,0,0,4,4,0,12,8,4
108,公立,一般大學,3002,臺北市立大學,01121027,幼兒教育學系,16,3,13,0,0,0,0,1,5,2,8,0,0,6,1,5,16,3,13
108,公立,一般大學,3002,臺北市立大學,01131017,英語教學系,8,2,6,0,0,0,0,0,2,2,4,0,0,2,0,2,8,2,6
108,公立,一般大學,3002,臺北市立大學,01141025,體育學系,47,37,10,2,0,0,0,7,2,28,8,0,0,11,9,2,47,37,10
108,公立,一般大學,3002,臺北市立大學,01141026,運動教育研究所,3,3,0,1,0,1,0,1,0,0,0,0,0,3,3,0,3,3,0
108,公立,一般大學,3002,臺北市立大學,02111040,視覺藝術學系,17,8,9,0,0,1,0,3,4,4,5,0,0,8,4,4,17,8,9
108,公立,一般大學,3002,臺北市立大學,02151037,音樂學系,62,20,42,4,6,4,12,5,14,7,10,0,0,45,13,32,62,20,42
108,公立,一般大學,3002,臺北市立大學,02152039,舞蹈學系,25,7,18,0,0,0,2,1,2,6,14,0,0,5,1,4,25,7,18
108,公立,一般大學,3002,臺北市立大學,02221019,歷史與地理學系,1,1,0,0,0,1,0,0,0,0,0,0,0,1,1,0,1,1,0
108,公立,一般大學,3002,臺北市立大學,02322043,中國語文學系,2,2,0,0,0,1,0,1,0,0,0,0,0,2,2,0,2,2,0
108,公立,一般大學,3002,臺北市立大學,03131055,心理與諮商學系,13,4,9,0,0,1,2,2,3,1,4,0,0,8,3,5,13,4,9
108,公立,一般大學,3002,臺北市立大學,04134056,社會暨公共事務學系,12,10,2,3,0,4,0,3,2,0,0,0,0,12,10,2,12,10,2
108,公立,一般大學,3002,臺北市立大學,04199045,都會產業經營與行銷學系,1,1,0,0,0,0,0,1,0,0,0,0,0,1,1,0,1,1,0
108,公立,一般大學,3002,臺北市立大學,05211023,地球環境暨生物資源學系,8,7,1,1,0,1,1,5,0,0,0,0,0,8,7,1,8,7,1
108,公立,一般大學,3002,臺北市立大學,05399011,應用物理暨化學系,6,4,2,0,0,1,0,3,2,0,0,0,0,6,4,2,6,4,2
108,公立,一般大學,3002,臺北市立大學,05411012,數學系,1,1,0,0,0,0,0,0,0,1,0,0,0,0,0,0,1,1,0
108,公立,一般大學,3002,臺北市立大學,06131016,資訊科學系,2,2,0,0,0,1,0,0,0,1,0,0,0,1,1,0,2,2,0
108,公立,一般大學,3002,臺北市立大學,07313058,城市發展學系,8,4,4,0,1,0,0,2,2,2,1,0,0,5,2,3,8,4,4
108,公立,一般大學,3002,臺北市立大學,09191059,衛生福利學系,9,4,5,0,0,0,0,2,1,2,4,0,0,3,2,1,9,4,5
108,公立,一般大學,3002,臺北市立大學,10141046,運動藝術學系,8,6,2,0,0,0,0,2,1,4,1,0,0,3,2,1,8,6,2
108,公立,一般大學,3002,臺北市立大學,10141053,運動科學研究所,3,2,1,0,1,1,0,1,0,0,0,0,0,3,2,1,3,2,1
108,公立,一般大學,3002,臺北市立大學,10141054,競技運動訓練研究所,2,1,1,1,0,0,1,0,0,0,0,0,0,2,1,1,2,1,1
108,公立,一般大學,3002,臺北市立大學,10141060,球類運動學系,26,18,8,2,0,3,2,3,0,10,6,0,0,10,8,2,26,18,8
108,公立,一般大學,3002,臺北市立大學,10141062,陸上運動學系,10,8,2,1,0,0,0,0,0,7,2,0,0,1,1,0,10,8,2
108,公立,一般大學,3002,臺北市立大學,10141063,水上運動學系,4,1,3,0,0,0,0,0,0,1,3,0,0,0,0,0,4,1,3
108,公立,一般大學,3002,臺北市立大學,10141064,技擊運動學系,11,8,3,0,0,0,0,0,0,8,3,0,0,0,0,0,11,8,3
108,公立,一般大學,3002,臺北市立大學,10142052,運動健康科學系,12,8,4,0,0,0,0,3,2,5,2,0,0,5,3,2,12,8,4
108,公立,一般大學,3002,臺北市立大學,10152050,休閒運動管理學系,8,3,5,0,0,0,2,1,0,2,3,0,0,3,1,2,8,3,5
108,公立,一般大學,3002,臺北市立大學,99999Z01,通識教育中心,60,22,38,0,3,1,1,13,19,8,15,0,0,37,14,23,60,22,38
108,公立,一般大學,3002,臺北市立大學,99999Z05,師資培育及職涯發展中心,23,10,13,1,0,0,0,2,6,7,7,0,0,9,3,6,23,10,13
109,公立,一般大學,0001,國立政治大學,01199Y03,教育學院,7,3,4,2,1,1,1,0,1,0,1,0,0,6,3,3,7,3,4
109,公立,一般大學,0001,國立政治大學,02211019,宗教研究所,4,3,1,1,0,0,0,2,1,0,0,0,0,4,3,1,4,3,1
109,公立,一般大學,0001,國立政治大學,02221020,歷史學系,7,5,2,4,0,0,1,1,0,0,1,0,0,6,5,1,7,5,2
109,公立,一般大學,0001,國立政治大學,02221021,台灣史研究所,7,6,1,3,0,2,0,1,1,0,0,0,0,7,6,1,7,6,1
109,公立,一般大學,0001,國立政治大學,02222031,民族學系,9,7,2,2,0,3,0,1,2,1,0,0,0,8,6,2,9,7,2
109,公立,一般大學,0001,國立政治大學,02231022,哲學系,7,6,1,4,0,0,0,2,1,0,0,0,0,7,6,1,7,6,1
109,公立,一般大學,0001,國立政治大學,02311009,英國語文學系,11,4,7,0,0,0,2,2,1,2,4,0,0,5,2,3,11,4,7
109,公立,一般大學,0001,國立政治大學,02311011,日本語文學系,20,4,16,0,3,1,0,0,2,3,11,0,0,6,1,5,20,4,16
109,公立,一般大學,0001,國立政治大學,02311014,韓國語文學系,8,6,2,2,0,0,0,0,0,4,2,0,0,2,2,0,8,6,2
109,公立,一般大學,0001,國立政治大學,02311016,歐洲語文學系,6,2,4,0,0,0,1,1,1,1,2,0,0,3,1,2,6,2,4
109,公立,一般大學,0001,國立政治大學,02311017,斯拉夫語文學系,7,4,3,1,0,0,1,1,1,2,1,0,0,4,2,2,7,4,3
109,公立,一般大學,0001,國立政治大學,02311087,東南亞語言與文化學士學位學程,3,2,1,0,0,1,0,0,0,1,1,0,0,1,1,0,3,2,1
109,公立,一般大學,0001,國立政治大學,02321007,台灣文學研究所,3,3,0,2,0,1,0,0,0,0,0,0,0,3,3,0,3,3,0
109,公立,一般大學,0001,國立政治大學,02322008,中國文學系,18,14,4,2,2,0,1,1,0,11,1,0,0,6,3,3,18,14,4
109,公立,一般大學,0001,國立政治大學,02323002,華語文教學碩士學位學程,2,1,1,0,0,0,0,1,0,0,1,0,0,1,1,0,2,1,1
109,公立,一般大學,0001,國立政治大學,03111024,經濟學系,11,11,0,10,0,1,0,0,0,0,0,0,0,11,11,0,11,11,0
109,公立,一般大學,0001,國立政治大學,03111025,應用經濟與社會發展英語碩士學位學程,1,1,0,0,0,0,0,1,0,0,0,0,0,1,1,0,1,1,0
109,公立,一般大學,0001,國立政治大學,03121026,政治學系,7,6,1,4,0,2,0,0,1,0,0,0,0,7,6,1,7,6,1
109,公立,一般大學,0001,國立政治大學,03122Y18,國際事務學院,19,15,4,10,2,3,1,2,1,0,0,0,0,19,15,4,19,15,4
109,公立,一般大學,0001,國立政治大學,03131032,心理學系,13,12,1,6,0,1,0,1,1,4,0,0,0,9,8,1,13,12,1
109,公立,一般大學,0001,國立政治大學,03141030,社會學系,4,1,3,0,2,1,0,0,1,0,0,0,0,4,1,3,4,1,3
109,公立,一般大學,0001,國立政治大學,03143040,亞太研究英語博士學位學程,2,2,0,2,0,0,0,0,0,0,0,0,0,2,2,0,2,2,0
109,公立,一般大學,0001,國立政治大學,03143043,地政學系,3,1,2,1,2,0,0,0,0,0,0,0,0,3,1,2,3,1,2
109,公立,一般大學,0001,國立政治大學,03191047,國家發展研究所,3,3,0,2,0,1,0,0,0,0,0,0,0,3,3,0,3,3,0
109,公立,一般大學,0001,國立政治大學,03199048,勞工研究所,2,1,1,1,0,0,1,0,0,0,0,0,0,2,1,1,2,1,1
109,公立,一般大學,0001,國立政治大學,03199Y20,社會科學學院,5,5,0,3,0,2,0,0,0,0,0,0,0,5,5,0,5,5,0
109,公立,一般大學,0001,國立政治大學,03213052,廣播電視學系,1,1,0,0,0,0,0,1,0,0,0,0,0,1,1,0,1,1,0
109,公立,一般大學,0001,國立政治大學,03214051,新聞學系,2,0,2,0,2,0,0,0,0,0,0,0,0,2,0,2,2,0,2
109,公立,一般大學,0001,國立政治大學,03222054,圖書資訊與檔案學研究所,1,1,0,1,0,0,0,0,0,0,0,0,0,1,1,0,1,1,0
109,公立,一般大學,0001,國立政治大學,03299Y22,傳播學院,34,23,11,7,2,2,1,7,7,7,1,0,0,26,16,10,34,23,11
109,公立,一般大學,0001,國立政治大學,04111059,會計學系,21,16,5,8,2,6,2,1,1,1,0,0,0,20,15,5,21,16,5
109,公立,一般大學,0001,國立政治大學,04121065,財務管理學系,8,4,4,4,2,0,1,0,1,0,0,0,0,8,4,4,8,4,4
109,公立,一般大學,0001,國立政治大學,04121068,金融學系,3,3,0,2,0,0,0,1,0,0,0,0,0,3,3,0,3,3,0
109,公立,一般大學,0001,國立政治大學,04122070,財政學系,7,6,1,4,0,0,0,2,0,0,1,0,0,6,6,0,7,6,1
109,公立,一般大學,0001,國立政治大學,04123069,風險管理與保險學系,2,2,0,2,0,0,0,0,0,0,0,0,0,2,2,0,2,2,0
109,公立,一般大學,0001,國立政治大學,04131060,企業管理研究所(MBA學位學程),3,3,0,2,0,1,0,0,0,0,0,0,0,3,3,0,3,3,0
109,公立,一般大學,0001,國立政治大學,04131060,企業管理學系,14,9,5,1,1,1,1,1,0,6,3,0,0,5,3,2,14,9,5
109,公立,一般大學,0001,國立政治大學,04131062,經營管理碩士學程,8,8,0,1,0,5,0,2,0,0,0,0,0,8,8,0,8,8,0
109,公立,一般大學,0001,國立政治大學,04131064,國際經營管理英語碩士學位學程,6,5,1,2,1,1,0,2,0,0,0,0,0,6,5,1,6,5,1
109,公立,一般大學,0001,國立政治大學,04131091,創新國際學院,3,3,0,0,0,1,0,2,0,0,0,0,0,3,3,0,3,3,0
109,公立,一般大學,0001,國立政治大學,04134041,公共行政學系,4,3,1,1,0,1,0,1,1,0,0,0,0,4,3,1,4,3,1
109,公立,一般大學,0001,國立政治大學,04134042,行政管理碩士學程,1,1,0,1,0,0,0,0,0,0,0,0,0,1,1,0,1,1,0
109,公立,一般大學,0001,國立政治大學,04141067,國際經營與貿易學系,7,4,3,3,0,1,1,0,1,0,1,0,0,6,4,2,7,4,3
109,公立,一般大學,0001,國立政治大學,04199072,科技管理與智慧財產研究所,5,4,1,2,0,1,0,1,1,0,0,0,0,5,4,1,5,4,1
109,公立,一般大學,0001,國立政治大學,04199Y27,商學院,1,1,0,0,0,0,0,0,0,1,0,0,0,0,0,0,1,1,0
109,公立,一般大學,0001,國立政治大學,04211073,法律學系,5,5,0,4,0,1,0,0,0,0,0,0,0,5,5,0,5,5,0
109,公立,一般大學,0001,國立政治大學,04299Y34,法學院,24,17,7,11,2,3,4,2,0,1,1,0,0,22,16,6,24,17,7
109,公立,一般大學,0001,國立政治大學,05199083,神經科學研究所,8,5,3,0,1,1,1,2,0,2,1,0,0,5,3,2,8,5,3
109,公立,一般大學,0001,國立政治大學,05331077,應用物理研究所,3,3,0,2,0,0,0,1,0,0,0,0,0,3,3,0,3,3,0
109,公立,一般大學,0001,國立政治大學,05399Y37,理學院,3,3,0,0,0,1,0,1,0,1,0,0,0,2,2,0,3,3,0
109,公立,一般大學,0001,國立政治大學,05411078,應用數學系,13,11,2,7,0,1,0,3,2,0,0,0,0,13,11,2,13,11,2
109,公立,一般大學,0001,國立政治大學,05421079,統計學系,3,2,1,2,0,0,0,0,1,0,0,0,0,3,2,1,3,2,1
109,公立,一般大學,0001,國立政治大學,06131080,資訊管理學系,7,6,1,3,0,0,1,0,0,3,0,0,0,4,3,1,7,6,1
109,公立,一般大學,0001,國立政治大學,06131081,資訊科學系,4,2,2,0,0,0,0,2,1,0,1,0,0,3,2,1,4,2,2
109,公立,一般大學,0001,國立政治大學,09231084,社會工作研究所,2,1,1,0,1,0,0,1,0,0,0,0,0,2,1,1,2,1,1
109,公立,一般大學,0001,國立政治大學,99999Z05,師資培育中心,4,1,3,0,1,1,0,0,0,0,2,0,0,2,1,1,4,1,3
109,公立,一般大學,0001,國立政治大學,99999Z07,體育室,14,11,3,1,0,3,0,1,2,6,1,0,0,7,5,2,14,11,3
109,公立,一般大學,0001,國立政治大學,99999Z08,外文中心,14,6,8,0,0,0,0,2,2,4,6,0,0,4,2,2,14,6,8
109,公立,一般大學,0001,國立政治大學,99999Z99,國際關係研究中心,5,4,1,4,1,0,0,0,0,0,0,0,0,5,4,1,5,4,1
109,公立,一般大學,0001,國立政治大學,99999Z99,選舉研究中心,3,3,0,1,0,1,0,1,0,0,0,0,0,3,3,0,3,3,0
109,公立,一般大學,0002,國立清華大學,01111112,竹師教育學院學士班,5,2,3,0,0,0,0,1,1,1,2,0,0,2,1,1,5,2,3
109,公立,一般大學,0002,國立清華大學,01113095,特殊教育學系,8,2,6,0,1,0,0,1,1,1,4,0,0,3,1,2,8,2,6
109,公立,一般大學,0002,國立清華大學,01115124,華德福教育碩士在職學位學程,1,1,0,0,0,0,0,1,0,0,0,0,0,1,1,0,1,1,0
109,公立,一般大學,0002,國立清華大學,01121091,幼兒教育學系,3,0,3,0,0,0,0,0,0,0,3,0,0,0,0,0,3,0,3
109,公立,一般大學,0002,國立清華大學,01131084,教育與學習科技學系,19,13,6,1,1,1,0,5,0,6,5,0,0,8,7,1,19,13,6
109,公立,一般大學,0002,國立清華大學,01131085,數理教育研究所,1,1,0,0,0,1,0,0,0,0,0,0,0,1,1,0,1,1,0
109,公立,一般大學,0002,國立清華大學,01131105,英語教學系,5,2,3,0,0,0,0,0,1,2,2,0,0,1,0,1,5,2,3
109,公立,一般大學,0002,國立清華大學,01141127,運動科學系,11,8,3,2,0,0,0,0,0,6,3,0,0,2,2,0,11,8,3
109,公立,一般大學,0002,國立清華大學,02131098,藝術與設計學系,25,16,9,2,1,1,0,2,4,11,4,0,0,10,5,5,25,16,9
109,公立,一般大學,0002,國立清華大學,02151096,音樂學系,55,14,41,1,1,3,6,8,19,2,15,0,0,38,12,26,55,14,41
109,公立,一般大學,0002,國立清華大學,02191113,藝術學院學士班,10,9,1,1,0,0,0,0,0,8,1,0,0,1,1,0,10,9,1
109,公立,一般大學,0002,國立清華大學,02221006,歷史研究所,7,5,2,1,1,0,1,4,0,0,0,0,0,7,5,2,7,5,2
109,公立,一般大學,0002,國立清華大學,02231008,哲學研究所,1,0,1,0,0,0,0,0,1,0,0,0,0,1,0,1,1,0,1
109,公立,一般大學,0002,國立清華大學,02299010,人文社會學院學士班,7,5,2,0,0,2,1,2,0,1,1,0,0,5,4,1,7,5,2
109,公立,一般大學,0002,國立清華大學,02311002,外國語文學系,29,6,23,0,1,1,3,1,4,4,15,0,0,10,2,8,29,6,23
109,公立,一般大學,0002,國立清華大學,02321001,台灣文學研究所,2,1,1,0,0,0,0,1,1,0,0,0,0,2,1,1,2,1,1
109,公立,一般大學,0002,國立清華大學,02321101,臺灣語言研究與教學研究所,8,4,4,0,0,0,0,2,2,2,2,0,0,4,2,2,8,4,4
109,公立,一般大學,0002,國立清華大學,02322003,中國文學系,25,16,9,2,0,0,0,4,3,10,6,0,0,9,6,3,25,16,9
109,公立,一般大學,0002,國立清華大學,02323114,華文文學研究所,1,0,1,0,0,0,0,0,1,0,0,0,0,1,0,1,1,0,1
109,公立,一般大學,0002,國立清華大學,03111011,經濟學系,10,8,2,1,0,1,0,1,0,5,2,0,0,3,3,0,10,8,2
109,公立,一般大學,0002,國立清華大學,03131077,教育心理與諮商學系,16,8,8,0,0,1,2,1,4,6,2,0,0,8,2,6,16,8,8
109,公立,一般大學,0002,國立清華大學,03141012,社會學研究所,2,2,0,0,0,0,0,2,0,0,0,0,0,2,2,0,2,2,0
109,公立,一般大學,0002,國立清華大學,04121020,計量財務金融學系,14,9,5,2,0,2,0,2,5,3,0,0,0,11,6,5,14,9,5
109,公立,一般大學,0002,國立清華大學,04199017,科技管理研究所,9,7,2,6,0,0,0,0,1,1,1,0,0,7,6,1,9,7,2
109,公立,一般大學,0002,國立清華大學,04199022,服務科學研究所,4,2,2,0,1,0,0,0,1,2,0,0,0,2,0,2,4,2,2
109,公立,一般大學,0002,國立清華大學,04212024,科技法律研究所,6,5,1,0,0,1,0,3,1,1,0,0,0,5,4,1,6,5,1
109,公立,一般大學,0002,國立清華大學,05121026,生物科技研究所,1,1,0,1,0,0,0,0,0,0,0,0,0,1,1,0,1,1,0
109,公立,一般大學,0002,國立清華大學,05121028,分子與細胞生物研究所,1,0,1,0,1,0,0,0,0,0,0,0,0,1,0,1,1,0,1
109,公立,一般大學,0002,國立清華大學,05121072,分子醫學研究所,1,1,0,1,0,0,0,0,0,0,0,0,0,1,1,0,1,1,0
109,公立,一般大學,0002,國立清華大學,05199033,系統神經科學研究所,1,1,0,0,0,0,0,1,0,0,0,0,0,1,1,0,1,1,0
109,公立,一般大學,0002,國立清華大學,05211102,環境與文化資源學系,2,2,0,0,0,0,0,2,0,0,0,0,0,2,2,0,2,2,0
109,公立,一般大學,0002,國立清華大學,05311037,化學系,3,3,0,3,0,0,0,0,0,0,0,0,0,3,3,0,3,3,0
109,公立,一般大學,0002,國立清華大學,05331038,物理學系,3,3,0,2,0,1,0,0,0,0,0,0,0,3,3,0,3,3,0
109,公立,一般大學,0002,國立清華大學,05399040,先進光源科技碩士學位學程,2,1,1,1,1,0,0,0,0,0,0,0,0,2,1,1,2,1,1
109,公立,一般大學,0002,國立清華大學,05411043,數學系,10,10,0,4,0,2,0,3,0,1,0,0,0,9,9,0,10,10,0
109,公立,一般大學,0002,國立清華大學,06131053,資訊工程學系,5,5,0,1,0,0,0,3,0,1,0,0,0,4,4,0,5,5,0
109,公立,一般大學,0002,國立清華大學,06131122,資訊安全研究所,1,1,0,0,0,0,0,1,0,0,0,0,0,1,1,0,1,1,0
109,公立,一般大學,0002,國立清華大學,06134046,資訊系統與應用研究所,1,1,0,0,0,0,0,1,0,0,0,0,0,1,1,0,1,1,0
109,公立,一般大學,0002,國立清華大學,07111057,化學工程學系,3,3,0,2,0,0,0,1,0,0,0,0,0,3,3,0,3,3,0
109,公立,一般大學,0002,國立清華大學,07112058,材料科學工程學系,1,1,0,1,0,0,0,0,0,0,0,0,0,1,1,0,1,1,0
109,公立,一般大學,0002,國立清華大學,07131068,核子工程與科學研究所,4,3,1,2,0,1,1,0,0,0,0,0,0,4,3,1,4,3,1
109,公立,一般大學,0002,國立清華大學,07141049,電機工程學系,5,4,1,1,1,2,0,1,0,0,0,0,0,5,4,1,5,4,1
109,公立,一般大學,0002,國立清華大學,07151056,動力機械工程學系,8,8,0,3,0,3,0,2,0,0,0,0,0,8,8,0,8,8,0
109,公立,一般大學,0002,國立清華大學,07191061,工業工程與工程管理學系,3,3,0,0,0,1,0,2,0,0,0,0,0,3,3,0,3,3,0
109,公立,一般大學,0002,國立清華大學,07191123,智慧製造跨院高階主管碩士在職學位學程,2,2,0,0,0,0,0,1,0,1,0,0,0,1,1,0,2,2,0
109,公立,一般大學,0002,國立清華大學,07193063,生醫工程與環境科學系,5,3,2,2,0,0,1,1,1,0,0,0,0,5,3,2,5,3,2
109,公立,一般大學,0002,國立清華大學,07193065,生物醫學工程研究所,1,1,0,1,0,0,0,0,0,0,0,0,0,1,1,0,1,1,0
109,公立,一般大學,0002,國立清華大學,07194066,工程與系統科學系,4,3,1,2,0,1,0,0,0,0,1,0,0,3,3,0,4,3,1
109,公立,一般大學,0002,國立清華大學,07194069,原子科學院,1,1,0,0,0,0,0,1,0,0,0,0,0,1,1,0,1,1,0
109,公立,一般大學,0002,國立清華大學,09121073,醫學科學系,2,0,2,0,0,0,0,0,2,0,0,0,0,2,0,2,2,0,2
109,公立,一般大學,0002,國立清華大學,99999074,跨院國際博士班學位學程,2,1,1,1,0,0,0,0,1,0,0,0,0,2,1,1,2,1,1
109,公立,一般大學,0002,國立清華大學,99999075,清華學院,9,8,1,3,0,0,0,4,1,1,0,0,0,8,7,1,9,8,1
109,公立,一般大學,0002,國立清華大學,99999075,清華學院學士班,3,1,2,0,0,0,0,0,0,1,2,0,0,0,0,0,3,1,2
109,公立,一般大學,0002,國立清華大學,99999120,清華學院國際學士班,8,4,4,3,0,0,0,0,0,1,4,0,0,3,3,0,8,4,4
109,公立,一般大學,0002,國立清華大學,99999Z01,通識教育中心,69,45,24,8,1,2,3,20,13,15,7,0,0,47,30,17,69,45,24
109,公立,一般大學,0002,國立清華大學,99999Z05,師資培育中心,13,7,6,1,1,0,0,0,2,6,3,0,0,4,1,3,13,7,6
109,公立,一般大學,0002,國立清華大學,99999Z07,體育室,38,27,11,1,0,1,1,4,3,21,7,0,0,10,6,4,38,27,11
109,公立,一般大學,0002,國立清華大學,99999Z08,華語中心,8,1,7,0,0,0,1,0,0,1,6,0,0,1,0,1,8,1,7
109,公立,一般大學,0002,國立清華大學,99999Z08,語文中心,27,6,21,0,0,0,0,1,5,5,16,0,0,6,1,5,27,6,21
109,公立,一般大學,0003,國立臺灣大學,01131001,華語教學碩士學位學程,26,0,26,0,0,0,0,0,1,0,25,0,0,1,0,1,26,0,26
109,公立,一般大學,0003,國立臺灣大學,02151002,音樂學研究所,4,3,1,1,0,1,0,1,1,0,0,0,0,4,3,1,4,3,1
109,公立,一般大學,0003,國立臺灣大學,02152003,戲劇學系,20,9,11,2,1,0,1,2,4,5,5,0,0,10,4,6,20,9,11
109,公立,一般大學,0003,國立臺灣大學,02191004,藝術史研究所,3,1,2,0,2,1,0,0,0,0,0,0,0,3,1,2,3,1,2
109,公立,一般大學,0003,國立臺灣大學,02221012,歷史學系,10,7,3,4,1,1,1,1,0,1,1,0,0,8,6,2,10,7,3
109,公立,一般大學,0003,國立臺灣大學,02222013,人類學系,6,4,2,0,1,1,0,1,1,2,0,0,0,4,2,2,6,4,2
109,公立,一般大學,0003,國立臺灣大學,02231014,哲學系,5,5,0,3,0,1,0,1,0,0,0,0,0,5,5,0,5,5,0
109,公立,一般大學,0003,國立臺灣大學,02299Y15,文學院,8,3,5,0,0,0,0,0,2,3,3,0,0,2,0,2,8,3,5
109,公立,一般大學,0003,國立臺灣大學,02311007,外國語文學系,35,15,20,1,1,1,0,5,6,8,13,0,0,14,7,7,35,15,20
109,公立,一般大學,0003,國立臺灣大學,02311009,日本語文學系,24,6,18,3,1,1,0,0,0,2,17,0,0,5,4,1,24,6,18
109,公立,一般大學,0003,國立臺灣大學,02312010,翻譯碩士學位學程,4,1,3,0,0,0,0,1,1,0,2,0,0,2,1,1,4,1,3
109,公立,一般大學,0003,國立臺灣大學,02321005,臺灣文學研究所,1,1,0,0,0,1,0,0,0,0,0,0,0,1,1,0,1,1,0
109,公立,一般大學,0003,國立臺灣大學,02322006,中國文學系,35,20,15,5,3,1,1,11,10,3,1,0,0,31,17,14,35,20,15
109,公立,一般大學,0003,國立臺灣大學,03111015,經濟學系,11,10,1,6,1,2,0,2,0,0,0,0,0,11,10,1,11,10,1
109,公立,一般大學,0003,國立臺灣大學,03121016,政治學系,9,9,0,4,0,1,0,4,0,0,0,0,0,9,9,0,9,9,0
109,公立,一般大學,0003,國立臺灣大學,03131019,心理學系,9,7,2,6,0,0,1,1,1,0,0,0,0,9,7,2,9,7,2
109,公立,一般大學,0003,國立臺灣大學,03141018,社會學系,3,2,1,2,0,0,0,0,0,0,1,0,0,2,2,0,3,2,1
109,公立,一般大學,0003,國立臺灣大學,03142021,地理環境資源學系,3,3,0,3,0,0,0,0,0,0,0,0,0,3,3,0,3,3,0
109,公立,一般大學,0003,國立臺灣大學,03191023,國家發展研究所,9,8,1,8,0,0,0,0,1,0,0,0,0,9,8,1,9,8,1
109,公立,一般大學,0003,國立臺灣大學,03199Y19,社會科學院,1,0,1,0,0,0,0,0,1,0,0,0,0,1,0,1,1,0,1
109,公立,一般大學,0003,國立臺灣大學,03212024,新聞研究所,6,4,2,0,0,3,0,1,2,0,0,0,0,6,4,2,6,4,2
109,公立,一般大學,0003,國立臺灣大學,03222025,圖書資訊學系,4,0,4,0,2,0,2,0,0,0,0,0,0,4,0,4,4,0,4
109,公立,一般大學,0003,國立臺灣大學,04111027,會計學系,9,8,1,6,1,2,0,0,0,0,0,0,0,9,8,1,9,8,1
109,公立,一般大學,0003,國立臺灣大學,04121032,財務金融學系,11,6,5,4,3,0,0,1,2,1,0,0,0,10,5,5,11,6,5
109,公立,一般大學,0003,國立臺灣大學,04131028,管理學院企業管理碩士專班,7,7,0,2,0,2,0,3,0,0,0,0,0,7,7,0,7,7,0
109,公立,一般大學,0003,國立臺灣大學,04131029,工商管理學系,8,8,0,6,0,1,0,1,0,0,0,0,0,8,8,0,8,8,0
109,公立,一般大學,0003,國立臺灣大學,04131031,國際企業學系,11,7,4,3,0,1,1,2,2,1,1,0,0,9,6,3,11,7,4
109,公立,一般大學,0003,國立臺灣大學,04134022,公共事務研究所,1,1,0,0,0,1,0,0,0,0,0,0,0,1,1,0,1,1,0
109,公立,一般大學,0003,國立臺灣大學,04199146,管理學院碩士在職專班,2,2,0,2,0,0,0,0,0,0,0,0,0,2,2,0,2,2,0
109,公立,一般大學,0003,國立臺灣大學,04199148,管理學院創業創新管理碩士在職專班,1,1,0,1,0,0,0,0,0,0,0,0,0,1,1,0,1,1,0
109,公立,一般大學,0003,國立臺灣大學,04211035,法律學系,15,14,1,13,0,0,1,1,0,0,0,0,0,15,14,1,15,14,1
109,公立,一般大學,0003,國立臺灣大學,05111038,生命科學系,6,5,1,3,0,2,1,0,0,0,0,0,0,6,5,1,6,5,1
109,公立,一般大學,0003,國立臺灣大學,05111040,植物科學研究所,2,2,0,2,0,0,0,0,0,0,0,0,0,2,2,0,2,2,0
109,公立,一般大學,0003,國立臺灣大學,05111041,昆蟲學系,1,0,1,0,1,0,0,0,0,0,0,0,0,1,0,1,1,0,1
109,公立,一般大學,0003,國立臺灣大學,05121044,生物科技研究所,1,1,0,0,0,1,0,0,0,0,0,0,0,1,1,0,1,1,0
109,公立,一般大學,0003,國立臺灣大學,05121045,生化科學研究所,25,21,4,13,1,3,2,4,1,1,0,0,0,24,20,4,25,21,4
109,公立,一般大學,0003,國立臺灣大學,05121046,分子與細胞生物學研究所,6,4,2,3,2,0,0,1,0,0,0,0,0,6,4,2,6,4,2
109,公立,一般大學,0003,國立臺灣大學,05121047,基因體與系統生物學學位學程,30,21,9,6,3,5,2,10,4,0,0,0,0,30,21,9,30,21,9
109,公立,一般大學,0003,國立臺灣大學,05121151,生化科技學系,9,5,4,4,3,1,1,0,0,0,0,0,0,9,5,4,9,5,4
109,公立,一般大學,0003,國立臺灣大學,05123050,生物化學暨分子生物學研究所,3,2,1,2,1,0,0,0,0,0,0,0,0,3,2,1,3,2,1
109,公立,一般大學,0003,國立臺灣大學,05212043,生態學與演化生物學研究所,3,2,1,2,1,0,0,0,0,0,0,0,0,3,2,1,3,2,1
109,公立,一般大學,0003,國立臺灣大學,05311051,化學系,9,7,2,6,1,0,0,1,1,0,0,0,0,9,7,2,9,7,2
109,公立,一般大學,0003,國立臺灣大學,05321052,地質科學系,9,8,1,5,0,3,0,0,1,0,0,0,0,9,8,1,9,8,1
109,公立,一般大學,0003,國立臺灣大學,05321053,氣候變遷與永續發展國際博士學位學程,2,2,0,1,0,1,0,0,0,0,0,0,0,2,2,0,2,2,0
109,公立,一般大學,0003,國立臺灣大學,05322056,大氣科學系,4,3,1,2,1,0,0,1,0,0,0,0,0,4,3,1,4,3,1
109,公立,一般大學,0003,國立臺灣大學,05323057,海洋研究所,3,3,0,1,0,1,0,1,0,0,0,0,0,3,3,0,3,3,0
109,公立,一般大學,0003,國立臺灣大學,05331054,物理學系,15,15,0,12,0,2,0,1,0,0,0,0,0,15,15,0,15,15,0
109,公立,一般大學,0003,國立臺灣大學,05331055,應用物理學研究所,1,0,1,0,0,0,0,0,1,0,0,0,0,1,0,1,1,0,1
109,公立,一般大學,0003,國立臺灣大學,05332058,天文物理研究所,1,0,1,0,1,0,0,0,0,0,0,0,0,1,0,1,1,0,1
109,公立,一般大學,0003,國立臺灣大學,05411059,數學系,24,24,0,16,0,0,0,8,0,0,0,0,0,24,24,0,24,24,0
109,公立,一般大學,0003,國立臺灣大學,06131062,資訊管理學系,4,4,0,0,0,3,0,0,0,1,0,0,0,3,3,0,4,4,0
109,公立,一般大學,0003,國立臺灣大學,06131063,資訊網路與多媒體研究所,2,2,0,1,0,0,0,1,0,0,0,0,0,2,2,0,2,2,0
109,公立,一般大學,0003,國立臺灣大學,06131067,資訊工程學系,3,3,0,3,0,0,0,0,0,0,0,0,0,3,3,0,3,3,0
109,公立,一般大學,0003,國立臺灣大學,06131158,資料科學碩士學位學程,3,2,1,2,1,0,0,0,0,0,0,0,0,3,2,1,3,2,1
109,公立,一般大學,0003,國立臺灣大學,07111076,化學工程學系,3,3,0,3,0,0,0,0,0,0,0,0,0,3,3,0,3,3,0
109,公立,一般大學,0003,國立臺灣大學,07112078,材料科學與工程學系,2,2,0,1,0,1,0,0,0,0,0,0,0,2,2,0,2,2,0
109,公立,一般大學,0003,國立臺灣大學,07112154,分子科學與技術國際研究生博士學位學程,2,1,1,0,0,0,1,1,0,0,0,0,0,2,1,1,2,1,1
109,公立,一般大學,0003,國立臺灣大學,07121080,環境工程學研究所,8,7,1,6,0,1,0,0,1,0,0,0,0,8,7,1,8,7,1
109,公立,一般大學,0003,國立臺灣大學,07141064,電機工程學系,9,7,2,5,1,1,0,1,1,0,0,0,0,9,7,2,9,7,2
109,公立,一般大學,0003,國立臺灣大學,07141065,電子工程學研究所,6,6,0,6,0,0,0,0,0,0,0,0,0,6,6,0,6,6,0
109,公立,一般大學,0003,國立臺灣大學,07141068,電信工程學研究所,5,5,0,3,0,0,0,2,0,0,0,0,0,5,5,0,5,5,0
109,公立,一般大學,0003,國立臺灣大學,07151069,機械工程學系,1,1,0,0,0,1,0,0,0,0,0,0,0,1,1,0,1,1,0
109,公立,一般大學,0003,國立臺灣大學,07151082,工程科學及海洋工程學系,3,3,0,1,0,2,0,0,0,0,0,0,0,3,3,0,3,3,0
109,公立,一般大學,0003,國立臺灣大學,07151161,生物機電工程學系,1,1,0,1,0,0,0,0,0,0,0,0,0,1,1,0,1,1,0
109,公立,一般大學,0003,國立臺灣大學,07191079,工業工程學研究所,2,2,0,1,0,1,0,0,0,0,0,0,0,2,2,0,2,2,0
109,公立,一般大學,0003,國立臺灣大學,07193081,生醫電子與資訊學研究所,3,3,0,1,0,0,0,2,0,0,0,0,0,3,3,0,3,3,0
109,公立,一般大學,0003,國立臺灣大學,07193083,醫學工程學系,1,1,0,0,0,0,0,1,0,0,0,0,0,1,1,0,1,1,0
109,公立,一般大學,0003,國立臺灣大學,07194071,應用力學研究所,1,1,0,1,0,0,0,0,0,0,0,0,0,1,1,0,1,1,0
109,公立,一般大學,0003,國立臺灣大學,07211099,食品科技研究所,7,5,2,3,1,0,0,2,1,0,0,0,0,7,5,2,7,5,2
109,公立,一般大學,0003,國立臺灣大學,07313086,建築與城鄉研究所,3,3,0,2,0,1,0,0,0,0,0,0,0,3,3,0,3,3,0
109,公立,一般大學,0003,國立臺灣大學,07321074,土木工程學系,13,13,0,7,0,4,0,1,0,1,0,0,0,12,12,0,13,13,0
109,公立,一般大學,0003,國立臺灣大學,08111087,農藝學系,9,5,4,4,4,0,0,1,0,0,0,0,0,9,5,4,9,5,4
109,公立,一般大學,0003,國立臺灣大學,08112089,動物科學技術學系,1,1,0,0,0,0,0,1,0,0,0,0,0,1,1,0,1,1,0
109,公立,一般大學,0003,國立臺灣大學,08121091,園藝暨景觀學系,11,9,2,6,1,1,0,1,1,1,0,0,0,10,8,2,11,9,2
109,公立,一般大學,0003,國立臺灣大學,08191100,農業化學系,1,1,0,0,0,1,0,0,0,0,0,0,0,1,1,0,1,1,0
109,公立,一般大學,0003,國立臺灣大學,08193096,農業經濟學系,3,2,1,1,1,1,0,0,0,0,0,0,0,3,2,1,3,2,1
109,公立,一般大學,0003,國立臺灣大學,08193098,生物產業傳播暨發展學系,4,4,0,1,0,0,0,2,0,1,0,0,0,3,3,0,4,4,0
109,公立,一般大學,0003,國立臺灣大學,08194094,植物病理與微生物學系,1,0,1,0,1,0,0,0,0,0,0,0,0,1,0,1,1,0,1
109,公立,一般大學,0003,國立臺灣大學,08194095,植物醫學碩士學位學程,2,2,0,2,0,0,0,0,0,0,0,0,0,2,2,0,2,2,0
109,公立,一般大學,0003,國立臺灣大學,08211102,森林環境暨資源學系,6,5,1,0,0,4,0,1,1,0,0,0,0,6,5,1,6,5,1
109,公立,一般大學,0003,國立臺灣大學,08311103,漁業科學研究所,3,3,0,2,0,1,0,0,0,0,0,0,0,3,3,0,3,3,0
109,公立,一般大學,0003,國立臺灣大學,08411104,獸醫學系,3,3,0,2,0,1,0,0,0,0,0,0,0,3,3,0,3,3,0
109,公立,一般大學,0003,國立臺灣大學,08411105,臨床動物醫學研究所,3,2,1,1,0,0,0,0,1,1,0,0,0,2,1,1,3,2,1
109,公立,一般大學,0003,國立臺灣大學,08411106,分子暨比較病理生物學研究所,3,2,1,2,0,0,0,0,1,0,0,0,0,3,2,1,3,2,1
109,公立,一般大學,0003,國立臺灣大學,09111137,牙醫學系,24,17,7,0,0,6,0,4,3,7,4,0,0,13,10,3,24,17,7
109,公立,一般大學,0003,國立臺灣大學,09111138,臨床牙醫學研究所,2,1,1,0,0,0,0,1,1,0,0,0,0,2,1,1,2,1,1
109,公立,一般大學,0003,國立臺灣大學,09111139,口腔生物科學研究所,2,1,1,1,0,0,0,0,1,0,0,0,0,2,1,1,2,1,1
109,公立,一般大學,0003,國立臺灣大學,09121048,微生物學研究所,3,2,1,1,0,1,1,0,0,0,0,0,0,3,2,1,3,2,1
109,公立,一般大學,0003,國立臺灣大學,09121107,醫學系,518,416,102,55,6,76,20,154,30,131,46,0,0,341,285,56,518,416,102
109,公立,一般大學,0003,國立臺灣大學,09121108,臨床醫學研究所,4,3,1,0,0,2,1,1,0,0,0,0,0,4,3,1,4,3,1
109,公立,一般大學,0003,國立臺灣大學,09121109,分子醫學研究所,8,5,3,5,3,0,0,0,0,0,0,0,0,8,5,3,8,5,3
109,公立,一般大學,0003,國立臺灣大學,09121110,免疫學研究所,6,4,2,4,2,0,0,0,0,0,0,0,0,6,4,2,6,4,2
109,公立,一般大學,0003,國立臺灣大學,09121111,生理學研究所,1,1,0,1,0,0,0,0,0,0,0,0,0,1,1,0,1,1,0
109,公立,一般大學,0003,國立臺灣大學,09121112,病理學研究所,5,5,0,1,0,0,0,3,0,1,0,0,0,4,4,0,5,5,0
109,公立,一般大學,0003,國立臺灣大學,09121114,解剖學暨細胞生物學研究所,2,2,0,2,0,0,0,0,0,0,0,0,0,2,2,0,2,2,0
109,公立,一般大學,0003,國立臺灣大學,09121118,腫瘤醫學研究所,10,9,1,3,0,1,0,4,1,1,0,0,0,9,8,1,10,9,1
109,公立,一般大學,0003,國立臺灣大學,09121120,基因體暨蛋白體醫學研究所,2,2,0,1,0,0,0,1,0,0,0,0,0,2,2,0,2,2,0
109,公立,一般大學,0003,國立臺灣大學,09121121,醫學教育暨生醫倫理研究所,5,4,1,0,0,1,0,2,0,1,1,0,0,3,3,0,5,4,1
109,公立,一般大學,0003,國立臺灣大學,09121130,藥理學研究所,2,1,1,1,1,0,0,0,0,0,0,0,0,2,1,1,2,1,1
109,公立,一般大學,0003,國立臺灣大學,09121140,法醫學研究所,2,2,0,0,0,1,0,0,0,1,0,0,0,1,1,0,2,2,0
109,公立,一般大學,0003,國立臺灣大學,09131134,護理學系,6,0,6,0,1,0,3,0,2,0,0,0,0,6,0,6,6,0,6
109,公立,一般大學,0003,國立臺灣大學,09141136,醫學檢驗暨生物技術學系,6,3,3,2,1,1,0,0,1,0,1,0,0,5,3,2,6,3,3
109,公立,一般大學,0003,國立臺灣大學,09141143,醫療器材與醫學影像研究所,4,3,1,3,0,0,0,0,1,0,0,0,0,4,3,1,4,3,1
109,公立,一般大學,0003,國立臺灣大學,09151132,物理治療學系,9,2,7,0,0,1,4,1,1,0,2,0,0,7,2,5,9,2,7
109,公立,一般大學,0003,國立臺灣大學,09152133,職能治療學系,4,1,3,0,0,0,1,0,0,1,2,0,0,1,0,1,4,1,3
109,公立,一般大學,0003,國立臺灣大學,09161129,藥學系,13,6,7,4,2,1,1,0,3,1,1,0,0,11,5,6,13,6,7
109,公立,一般大學,0003,國立臺灣大學,09161131,臨床藥學研究所,1,0,1,0,1,0,0,0,0,0,0,0,0,1,0,1,1,0,1
109,公立,一般大學,0003,國立臺灣大學,09191122,公共衛生碩士學位學程,4,3,1,0,0,0,1,3,0,0,0,0,0,4,3,1,4,3,1
109,公立,一般大學,0003,國立臺灣大學,09191122,公共衛生學系,1,1,0,0,0,1,0,0,0,0,0,0,0,1,1,0,1,1,0
109,公立,一般大學,0003,國立臺灣大學,09191126,流行病學與預防醫學研究所,10,4,6,1,2,1,1,2,3,0,0,0,0,10,4,6,10,4,6
109,公立,一般大學,0003,國立臺灣大學,09191127,健康政策與管理研究所,6,4,2,3,1,1,1,0,0,0,0,0,0,6,4,2,6,4,2
109,公立,一般大學,0003,國立臺灣大學,09191128,健康行為與社區科學研究所,2,1,1,0,1,1,0,0,0,0,0,0,0,2,1,1,2,1,1
109,公立,一般大學,0003,國立臺灣大學,09191162,環境與職業健康科學研究所,6,5,1,3,0,1,1,1,0,0,0,0,0,6,5,1,6,5,1
109,公立,一般大學,0003,國立臺灣大學,09191163,全球衛生碩士學位學程,1,0,1,0,0,0,1,0,0,0,0,0,0,1,0,1,1,0,1
109,公立,一般大學,0003,國立臺灣大學,09199141,毒理學研究所,2,2,0,1,0,1,0,0,0,0,0,0,0,2,2,0,2,2,0
109,公立,一般大學,0003,國立臺灣大學,09231144,社會工作學系,3,1,2,1,0,0,0,0,2,0,0,0,0,3,1,2,3,1,2
109,公立,一般大學,0003,國立臺灣大學,10152145,運動設施與健康管理碩士學位學程,3,2,1,0,1,1,0,1,0,0,0,0,0,3,2,1,3,2,1
109,公立,一般大學,0003,國立臺灣大學,99999Z01,共同教育中心,50,35,15,9,2,11,1,7,9,8,3,0,0,39,27,12,50,35,15
109,公立,一般大學,0004,國立臺灣師範大學,01111001,教育學系,11,9,2,4,1,2,0,3,1,0,0,0,0,11,9,2,11,9,2
109,公立,一般大學,0004,國立臺灣師範大學,01113018,特殊教育學系,14,7,7,0,3,3,1,3,2,1,1,0,0,12,6,6,14,7,7
109,公立,一般大學,0004,國立臺灣師範大學,01115006,科學教育研究所,1,1,0,0,0,1,0,0,0,0,0,0,0,1,1,0,1,1,0
109,公立,一般大學,0004,國立臺灣師範大學,01131004,公民教育與活動領導學系,10,5,5,1,1,1,0,1,1,2,3,0,0,5,3,2,10,5,5
109,公立,一般大學,0004,國立臺灣師範大學,01131009,社會教育學系,10,4,6,1,2,0,1,1,2,2,1,0,0,7,2,5,10,4,6
109,公立,一般大學,0004,國立臺灣師範大學,01131017,健康促進與衛生教育學系,9,2,7,0,4,1,1,1,2,0,0,0,0,9,2,7,9,2,7
109,公立,一般大學,0004,國立臺灣師範大學,01141007,人類發展與家庭學系,9,1,8,1,1,0,2,0,3,0,2,0,0,7,1,6,9,1,8
109,公立,一般大學,0004,國立臺灣師範大學,01141010,工業教育學系,14,14,0,5,0,4,0,4,0,1,0,0,0,13,13,0,14,14,0
109,公立,一般大學,0004,國立臺灣師範大學,01141013,環境教育研究所,1,1,0,0,0,1,0,0,0,0,0,0,0,1,1,0,1,1,0
109,公立,一般大學,0004,國立臺灣師範大學,01141015,體育學系,12,9,3,5,1,1,1,0,0,3,1,0,0,8,6,2,12,9,3
109,公立,一般大學,0004,國立臺灣師範大學,01199021,教育學院創造力發展碩士在職專班,1,1,0,1,0,0,0,0,0,0,0,0,0,1,1,0,1,1,0
109,公立,一般大學,0004,國立臺灣師範大學,01199022,科技應用與人力資源發展學系,8,7,1,1,0,0,1,3,0,3,0,0,0,5,4,1,8,7,1
109,公立,一般大學,0004,國立臺灣師範大學,01199Y03,教育學院,6,1,5,0,0,0,0,1,5,0,0,0,0,6,1,5,6,1,5
109,公立,一般大學,0004,國立臺灣師範大學,02112037,設計學系,16,15,1,2,1,0,0,3,0,10,0,0,0,6,5,1,16,15,1
109,公立,一般大學,0004,國立臺灣師範大學,02131023,美術學系,36,27,9,12,2,5,3,8,4,2,0,0,0,34,25,9,36,27,9
109,公立,一般大學,0004,國立臺灣師範大學,02151024,音樂學系,87,38,49,7,8,10,14,13,21,8,6,0,0,73,30,43,87,38,49
109,公立,一般大學,0004,國立臺灣師範大學,02151025,民族音樂研究所,6,4,2,2,0,1,0,1,2,0,0,0,0,6,4,2,6,4,2
109,公立,一般大學,0004,國立臺灣師範大學,02152027,表演藝術研究所,15,8,7,0,0,2,0,3,5,3,2,0,0,10,5,5,15,8,7
109,公立,一般大學,0004,國立臺灣師範大學,02191026,藝術史研究所,3,2,1,0,0,1,1,1,0,0,0,0,0,3,2,1,3,2,1
109,公立,一般大學,0004,國立臺灣師範大學,02199Y06,音樂學院,3,3,0,0,0,1,0,2,0,0,0,0,0,3,3,0,3,3,0
109,公立,一般大學,0004,國立臺灣師範大學,02199Y09,藝術學院,1,1,0,1,0,0,0,0,0,0,0,0,0,1,1,0,1,1,0
109,公立,一般大學,0004,國立臺灣師範大學,02221035,歷史學系,8,6,2,4,2,2,0,0,0,0,0,0,0,8,6,2,8,6,2
109,公立,一般大學,0004,國立臺灣師範大學,02221036,臺灣史研究所,3,3,0,2,0,1,0,0,0,0,0,0,0,3,3,0,3,3,0
109,公立,一般大學,0004,國立臺灣師範大學,02299045,歐洲文化與觀光研究所,3,2,1,0,0,1,0,1,1,0,0,0,0,3,2,1,3,2,1
109,公立,一般大學,0004,國立臺灣師範大學,02299Y15,文學院,14,7,7,0,0,2,2,3,1,2,4,0,0,8,5,3,14,7,7
109,公立,一般大學,0004,國立臺灣師範大學,02311033,英語學系,10,4,6,2,0,0,1,0,0,2,5,0,0,3,2,1,10,4,6
109,公立,一般大學,0004,國立臺灣師範大學,02312034,翻譯研究所,9,7,2,2,0,2,0,2,2,1,0,0,0,8,6,2,9,7,2
109,公立,一般大學,0004,國立臺灣師範大學,02313005,華語文教學系,11,4,7,0,0,0,0,2,4,2,3,0,0,6,2,4,11,4,7
109,公立,一般大學,0004,國立臺灣師範大學,02321028,臺灣語文學系,4,3,1,0,0,0,1,2,0,1,0,0,0,3,2,1,4,3,1
109,公立,一般大學,0004,國立臺灣師範大學,02322029,國文學系,11,5,6,4,2,0,3,0,0,1,1,0,0,9,4,5,11,5,6
109,公立,一般大學,0004,國立臺灣師範大學,03131003,教育心理與輔導學系,19,10,9,5,2,3,2,2,3,0,2,0,0,17,10,7,19,10,9
109,公立,一般大學,0004,國立臺灣師範大學,03142041,地理學系,5,2,3,0,0,0,1,2,2,0,0,0,0,5,2,3,5,2,3
109,公立,一般大學,0004,國立臺灣師範大學,03143042,東亞學系,4,3,1,1,0,1,0,1,0,0,1,0,0,3,3,0,4,3,1
109,公立,一般大學,0004,國立臺灣師範大學,03199Y21,國際與社會科學學院,1,0,1,0,0,0,1,0,0,0,0,0,0,1,0,1,1,0,1
109,公立,一般大學,0004,國立臺灣師範大學,03211048,大眾傳播研究所,1,1,0,1,0,0,0,0,0,0,0,0,0,1,1,0,1,1,0
109,公立,一般大學,0004,國立臺灣師範大學,03214050,圖文傳播學系,12,7,5,1,0,1,2,1,0,4,3,0,0,5,3,2,12,7,5
109,公立,一般大學,0004,國立臺灣師範大學,03222049,圖書資訊學研究所,2,1,1,0,1,1,0,0,0,0,0,0,0,2,1,1,2,1,1
109,公立,一般大學,0004,國立臺灣師範大學,04131047,全球經營與策略研究所,2,2,0,0,0,1,0,1,0,0,0,0,0,2,2,0,2,2,0
109,公立,一般大學,0004,國立臺灣師範大學,04131051,企業管理學系,4,3,1,1,1,0,0,1,0,1,0,0,0,3,2,1,4,3,1
109,公立,一般大學,0004,國立臺灣師範大學,04131052,管理研究所,2,2,0,1,0,1,0,0,0,0,0,0,0,2,2,0,2,2,0
109,公立,一般大學,0004,國立臺灣師範大學,04131055,管理學院高階經理人企業管理碩士在職專班,4,4,0,4,0,0,0,0,0,0,0,0,0,4,4,0,4,4,0
109,公立,一般大學,0004,國立臺灣師範大學,04191054,國際人力資源發展研究所,2,2,0,1,0,1,0,0,0,0,0,0,0,2,2,0,2,2,0
109,公立,一般大學,0004,國立臺灣師範大學,05111056,生命科學系,10,9,1,2,0,3,1,4,0,0,0,0,0,10,9,1,10,9,1
109,公立,一般大學,0004,國立臺灣師範大學,05111057,生物多樣性國際研究生博士學位學程,35,31,4,11,2,13,1,7,1,0,0,0,0,35,31,4,35,31,4
109,公立,一般大學,0004,國立臺灣師範大學,05191083,營養科學學士學位學程,1,0,1,0,1,0,0,0,0,0,0,0,0,1,0,1,1,0,1
109,公立,一般大學,0004,國立臺灣師範大學,05311059,化學系,4,4,0,4,0,0,0,0,0,0,0,0,0,4,4,0,4,4,0
109,公立,一般大學,0004,國立臺灣師範大學,05321060,地球科學系,3,2,1,2,0,0,1,0,0,0,0,0,0,3,2,1,3,2,1
109,公立,一般大學,0004,國立臺灣師範大學,05411062,數學系,15,14,1,8,0,1,0,5,1,0,0,0,0,15,14,1,15,14,1
109,公立,一般大學,0004,國立臺灣師範大學,06131065,資訊工程學系,4,4,0,4,0,0,0,0,0,0,0,0,0,4,4,0,4,4,0
109,公立,一般大學,0004,國立臺灣師範大學,07141063,電機工程學系,3,3,0,2,0,1,0,0,0,0,0,0,0,3,3,0,3,3,0
109,公立,一般大學,0004,國立臺灣師範大學,07141080,光電工程研究所,1,1,0,1,0,0,0,0,0,0,0,0,0,1,1,0,1,1,0
109,公立,一般大學,0004,國立臺灣師範大學,07151068,機電工程學系,3,3,0,0,0,1,0,2,0,0,0,0,0,3,3,0,3,3,0
109,公立,一般大學,0004,國立臺灣師範大學,07161081,車輛與能源工程學士學位學程,3,3,0,0,0,0,0,2,0,1,0,0,0,2,2,0,3,3,0
109,公立,一般大學,0004,國立臺灣師範大學,09231071,社會工作學研究所,1,1,0,0,0,0,0,1,0,0,0,0,0,1,1,0,1,1,0
109,公立,一般大學,0004,國立臺灣師範大學,10141074,運動競技學系,8,4,4,0,1,0,0,1,1,3,2,0,0,3,1,2,8,4,4
109,公立,一般大學,0004,國立臺灣師範大學,10152076,運動與休閒學院,4,4,0,1,0,2,0,1,0,0,0,0,0,4,4,0,4,4,0
109,公立,一般大學,0004,國立臺灣師範大學,10152077,運動休閒與餐旅管理研究所,1,0,1,0,0,0,0,0,1,0,0,0,0,1,0,1,1,0,1
109,公立,一般大學,0004,國立臺灣師範大學,99999078,管理學院國際時尚高階管理碩士在職專班,4,3,1,3,0,0,1,0,0,0,0,0,0,4,3,1,4,3,1
109,公立,一般大學,0004,國立臺灣師範大學,99999Y43,師資培育學院,19,8,11,1,0,2,2,4,9,1,0,0,0,18,7,11,19,8,11
109,公立,一般大學,0004,國立臺灣師範大學,99999Z99,教務處,115,58,57,6,0,3,4,21,24,28,29,0,0,58,30,28,115,58,57
109,公立,一般大學,0005,國立成功大學,01111103,教育研究所,6,5,1,4,1,0,0,1,0,0,0,0,0,6,5,1,6,5,1
109,公立,一般大學,0005,國立成功大學,02123113,工業設計學系,13,12,1,2,0,1,0,1,0,8,1,0,0,4,4,0,13,12,1
109,公立,一般大學,0005,國立成功大學,02191104,藝術研究所,3,1,2,1,0,0,1,0,1,0,0,0,0,3,1,2,3,1,2
109,公立,一般大學,0005,國立成功大學,02221110,歷史學系,12,8,4,6,3,1,1,1,0,0,0,0,0,12,8,4,12,8,4
109,公立,一般大學,0005,國立成功大學,02222111,考古學研究所,4,3,1,0,0,2,1,1,0,0,0,0,0,4,3,1,4,3,1
109,公立,一般大學,0005,國立成功大學,02311108,外國語文學系,1,0,1,0,0,0,0,0,0,0,1,0,0,0,0,0,1,0,1
109,公立,一般大學,0005,國立成功大學,02321106,台灣文學系,14,8,6,4,0,2,0,1,1,1,5,0,0,8,7,1,14,8,6
109,公立,一般大學,0005,國立成功大學,02322107,中國文學系,9,7,2,7,2,0,0,0,0,0,0,0,0,9,7,2,9,7,2
109,公立,一般大學,0005,國立成功大學,03111114,經濟學系,3,3,0,2,0,0,0,1,0,0,0,0,0,3,3,0,3,3,0
109,公立,一般大學,0005,國立成功大學,03131117,心理學系,1,1,0,1,0,0,0,0,0,0,0,0,0,1,1,0,1,1,0
109,公立,一般大學,0005,國立成功大學,03131119,行為醫學研究所,4,2,2,0,1,0,0,2,1,0,0,0,0,4,2,2,4,2,2
109,公立,一般大學,0005,國立成功大學,04111120,會計學系,13,11,2,1,0,2,0,5,0,3,2,0,0,8,8,0,13,11,2
109,公立,一般大學,0005,國立成功大學,04131121,企業管理學系,1,1,0,0,0,0,0,1,0,0,0,0,0,1,1,0,1,1,0
109,公立,一般大學,0005,國立成功大學,04131125,國際經營管理研究所(IMBA),2,2,0,1,0,1,0,0,0,0,0,0,0,2,2,0,2,2,0
109,公立,一般大學,0005,國立成功大學,04199Y31,管理學院,1,1,0,1,0,0,0,0,0,0,0,0,0,1,1,0,1,1,0
109,公立,一般大學,0005,國立成功大學,04212001,法律學系,4,4,0,2,0,1,0,1,0,0,0,0,0,4,4,0,4,4,0
109,公立,一般大學,0005,國立成功大學,05111003,生命科學系,13,7,6,5,3,2,2,0,0,0,1,0,0,12,7,5,13,7,6
109,公立,一般大學,0005,國立成功大學,05111132,熱帶植物與微生物科學研究所,12,10,2,4,0,3,1,3,1,0,0,0,0,12,10,2,12,10,2
109,公立,一般大學,0005,國立成功大學,05121008,生物科技與產業科學系,8,8,0,6,0,2,0,0,0,0,0,0,0,8,8,0,8,8,0
109,公立,一般大學,0005,國立成功大學,05122009,微生物及免疫學研究所,3,3,0,1,0,1,0,1,0,0,0,0,0,3,3,0,3,3,0
109,公立,一般大學,0005,國立成功大學,05123010,生物化學暨分子生物學研究所,5,4,1,3,1,0,0,1,0,0,0,0,0,5,4,1,5,4,1
109,公立,一般大學,0005,國立成功大學,05311017,化學系,5,5,0,4,0,1,0,0,0,0,0,0,0,5,5,0,5,5,0
109,公立,一般大學,0005,國立成功大學,05321019,地球科學系,9,9,0,5,0,3,0,1,0,0,0,0,0,9,9,0,9,9,0
109,公立,一般大學,0005,國立成功大學,05331021,物理學系,10,9,1,8,1,0,0,1,0,0,0,0,0,10,9,1,10,9,1
109,公立,一般大學,0005,國立成功大學,05331023,太空與電漿科學研究所,1,1,0,1,0,0,0,0,0,0,0,0,0,1,1,0,1,1,0
109,公立,一般大學,0005,國立成功大學,05399Y37,理學院,3,1,2,0,2,0,0,1,0,0,0,0,0,3,1,2,3,1,2
109,公立,一般大學,0005,國立成功大學,05411027,數學系,3,2,1,0,0,1,0,1,1,0,0,0,0,3,2,1,3,2,1
109,公立,一般大學,0005,國立成功大學,05421029,統計學系,4,4,0,3,0,0,0,1,0,0,0,0,0,4,4,0,4,4,0
109,公立,一般大學,0005,國立成功大學,06131036,資訊工程學系,7,6,1,4,1,1,0,1,0,0,0,0,0,7,6,1,7,6,1
109,公立,一般大學,0005,國立成功大學,07111050,化學工程學系,6,5,1,4,0,1,1,0,0,0,0,0,0,6,5,1,6,5,1
109,公立,一般大學,0005,國立成功大學,07112063,材料科學及工程學系,8,7,1,5,1,1,0,1,0,0,0,0,0,8,7,1,8,7,1
109,公立,一般大學,0005,國立成功大學,07121070,環境工程學系,4,3,1,3,1,0,0,0,0,0,0,0,0,4,3,1,4,3,1
109,公立,一般大學,0005,國立成功大學,07122026,水利及海洋工程學系,23,21,2,7,0,3,0,11,2,0,0,0,0,23,21,2,23,21,2
109,公立,一般大學,0005,國立成功大學,07141032,電機工程學系,28,27,1,18,0,6,1,3,0,0,0,0,0,28,27,1,28,27,1
109,公立,一般大學,0005,國立成功大學,07141035,光電科學與工程學系,10,9,1,7,1,1,0,1,0,0,0,0,0,10,9,1,10,9,1
109,公立,一般大學,0005,國立成功大學,07141041,製造資訊與系統研究所,2,2,0,2,0,0,0,0,0,0,0,0,0,2,2,0,2,2,0
109,公立,一般大學,0005,國立成功大學,07141071,工程科學系,25,24,1,14,1,7,0,3,0,0,0,0,0,25,24,1,25,24,1
109,公立,一般大學,0005,國立成功大學,07151042,機械工程學系,16,16,0,14,0,1,0,1,0,0,0,0,0,16,16,0,16,16,0
109,公立,一般大學,0005,國立成功大學,07162043,航空太空工程學系,13,13,0,4,0,5,0,4,0,0,0,0,0,13,13,0,13,13,0
109,公立,一般大學,0005,國立成功大學,07163044,系統及船舶機電工程學系,5,5,0,4,0,1,0,0,0,0,0,0,0,5,5,0,5,5,0
109,公立,一般大學,0005,國立成功大學,07193061,生物醫學工程學系,13,11,2,6,1,1,0,4,1,0,0,0,0,13,11,2,13,11,2
109,公立,一般大學,0005,國立成功大學,07199Y40,工學院,2,2,0,2,0,0,0,0,0,0,0,0,0,2,2,0,2,2,0
109,公立,一般大學,0005,國立成功大學,07211127,食品安全衛生暨風險管理研究所,1,0,1,0,0,0,0,0,1,0,0,0,0,1,0,1,1,0,1
109,公立,一般大學,0005,國立成功大學,07241064,資源工程學系,4,4,0,3,0,0,0,1,0,0,0,0,0,4,4,0,4,4,0
109,公立,一般大學,0005,國立成功大學,07311075,建築學系,32,27,5,6,0,3,0,9,3,9,2,0,0,21,18,3,32,27,5
109,公立,一般大學,0005,國立成功大學,07313076,都市計劃學系,6,6,0,3,0,2,0,0,0,1,0,0,0,5,5,0,6,6,0
109,公立,一般大學,0005,國立成功大學,07321049,土木工程學系,14,14,0,6,0,6,0,1,0,1,0,0,0,13,13,0,14,14,0
109,公立,一般大學,0005,國立成功大學,07322067,測量及空間資訊學系,1,1,0,0,0,0,0,0,0,1,0,0,0,0,0,0,1,1,0
109,公立,一般大學,0005,國立成功大學,08192039,轉譯農業科學博士學位學程,11,7,4,1,2,5,0,1,2,0,0,0,0,11,7,4,11,7,4
109,公立,一般大學,0005,國立成功大學,09111130,牙醫學系,13,10,3,2,1,1,0,3,0,4,2,0,0,7,6,1,13,10,3
109,公立,一般大學,0005,國立成功大學,09121053,基礎醫學研究所,3,3,0,3,0,0,0,0,0,0,0,0,0,3,3,0,3,3,0
109,公立,一般大學,0005,國立成功大學,09121054,分子醫學研究所,2,1,1,0,0,0,0,1,1,0,0,0,0,2,1,1,2,1,1
109,公立,一般大學,0005,國立成功大學,09121077,醫學系,190,144,46,18,3,30,10,62,20,34,13,0,0,143,110,33,190,144,46
109,公立,一般大學,0005,國立成功大學,09121084,細胞生物與解剖學研究所,2,1,1,0,0,0,1,0,0,1,0,0,0,1,0,1,2,1,1
109,公立,一般大學,0005,國立成功大學,09131090,護理學系,15,0,15,0,1,0,2,0,6,0,6,0,0,9,0,9,15,0,15
109,公立,一般大學,0005,國立成功大學,09141094,醫學檢驗生物技術學系,11,3,8,0,0,0,1,3,4,0,3,0,0,8,3,5,11,3,8
109,公立,一般大學,0005,國立成功大學,09151082,物理治療學系,3,1,2,0,0,0,1,0,0,1,1,0,0,1,0,1,3,1,2
109,公立,一般大學,0005,國立成功大學,09152089,職能治療學系,4,0,4,0,0,0,1,0,0,0,3,0,0,1,0,1,4,0,4
109,公立,一般大學,0005,國立成功大學,09159091,健康照護科學研究所,1,0,1,0,1,0,0,0,0,0,0,0,0,1,0,1,1,0,1
109,公立,一般大學,0005,國立成功大學,09161086,藥學系,30,9,21,2,2,1,4,4,3,2,12,0,0,16,7,9,30,9,21
109,公立,一般大學,0005,國立成功大學,09161087,藥理學研究所,1,1,0,1,0,0,0,0,0,0,0,0,0,1,1,0,1,1,0
109,公立,一般大學,0005,國立成功大學,09161088,臨床藥學與藥物科技研究所,3,3,0,1,0,2,0,0,0,0,0,0,0,3,3,0,3,3,0
109,公立,一般大學,0005,國立成功大學,09191079,公共衛生研究所,4,3,1,2,1,0,0,0,0,1,0,0,0,3,2,1,4,3,1
109,公立,一般大學,0005,國立成功大學,09191085,環境醫學研究所,1,0,1,0,0,0,0,0,1,0,0,0,0,1,0,1,1,0,1
109,公立,一般大學,0005,國立成功大學,09211101,老年學研究所,2,2,0,1,0,1,0,0,0,0,0,0,0,2,2,0,2,2,0
109,公立,一般大學,0005,國立成功大學,10152097,體育健康與休閒研究所,1,1,0,1,0,0,0,0,0,0,0,0,0,1,1,0,1,1,0
109,公立,一般大學,0005,國立成功大學,10411098,交通管理科學系,4,4,0,4,0,0,0,0,0,0,0,0,0,4,4,0,4,4,0
109,公立,一般大學,0005,國立成功大學,99999102,全校不分系學士學位學程,2,0,2,0,1,0,0,0,1,0,0,0,0,2,0,2,2,0,2
109,公立,一般大學,0005,國立成功大學,99999Z01,通識教育中心,16,11,5,1,0,2,1,5,2,3,2,0,0,11,8,3,16,11,5
109,公立,一般大學,0005,國立成功大學,99999Z05,師資培育中心,2,1,1,1,0,0,0,0,1,0,0,0,0,2,1,1,2,1,1
109,公立,一般大學,0005,國立成功大學,99999Z07,體育室,8,5,3,0,0,2,0,1,0,2,3,0,0,3,3,0,8,5,3
109,公立,一般大學,0005,國立成功大學,99999Z08,外語中心,15,0,15,0,0,0,0,0,1,0,14,0,0,1,0,1,15,0,15
109,公立,一般大學,0005,國立成功大學,99999Z08,華語中心,3,0,3,0,0,0,0,0,0,0,3,0,0,0,0,0,3,0,3
109,公立,一般大學,0006,國立中興大學,02221007,歷史學系,6,6,0,2,0,1,0,3,0,0,0,0,0,6,6,0,6,6,0
109,公立,一般大學,0006,國立中興大學,02299008,文化創意產業學士學位學程,17,10,7,0,0,2,0,3,3,5,4,0,0,8,5,3,17,10,7
109,公立,一般大學,0006,國立中興大學,02299Y15,文學院,26,7,19,0,1,0,2,2,1,5,15,0,0,6,2,4,26,7,19
109,公立,一般大學,0006,國立中興大學,02311006,外國語文學系,23,8,15,0,1,0,0,1,0,7,14,0,0,2,1,1,23,8,15
109,公立,一般大學,0006,國立中興大學,02321003,台灣文學與跨國文化研究所,6,4,2,2,0,2,0,0,2,0,0,0,0,6,4,2,6,4,2
109,公立,一般大學,0006,國立中興大學,02322005,中國文學系,17,12,5,2,0,5,0,3,3,2,2,0,0,13,10,3,17,12,5
109,公立,一般大學,0006,國立中興大學,03111009,應用經濟學系,2,1,1,1,0,0,1,0,0,0,0,0,0,2,1,1,2,1,1
109,公立,一般大學,0006,國立中興大學,03222013,圖書資訊學研究所,2,2,0,0,0,1,0,1,0,0,0,0,0,2,2,0,2,2,0
109,公立,一般大學,0006,國立中興大學,04111015,會計學系,6,6,0,2,0,1,0,2,0,1,0,0,0,5,5,0,6,6,0
109,公立,一般大學,0006,國立中興大學,04121019,財務金融學系,5,2,3,1,0,0,0,1,2,0,1,0,0,4,2,2,5,2,3
109,公立,一般大學,0006,國立中興大學,04131018,創新產業經營學士學位學程,5,3,2,1,1,0,0,0,1,2,0,0,0,3,1,2,5,3,2
109,公立,一般大學,0006,國立中興大學,04199022,高階經理人碩士在職專班,8,7,1,3,0,1,0,0,0,3,1,0,0,4,4,0,8,7,1
109,公立,一般大學,0006,國立中興大學,04199Y31,管理學院,3,1,2,0,0,1,0,0,1,0,1,0,0,2,1,1,3,1,2
109,公立,一般大學,0006,國立中興大學,04211023,法律學系,8,8,0,3,0,1,0,3,0,1,0,0,0,7,7,0,8,8,0
109,公立,一般大學,0006,國立中興大學,05111026,生命科學系,6,5,1,2,0,3,1,0,0,0,0,0,0,6,5,1,6,5,1
109,公立,一般大學,0006,國立中興大學,05111029,昆蟲學系,3,3,0,2,0,1,0,0,0,0,0,0,0,3,3,0,3,3,0
109,公立,一般大學,0006,國立中興大學,05121033,分子生物學研究所,1,0,1,0,1,0,0,0,0,0,0,0,0,1,0,1,1,0,1
109,公立,一般大學,0006,國立中興大學,05121035,生物醫學研究所,6,5,1,0,0,1,0,4,1,0,0,0,0,6,5,1,6,5,1
109,公立,一般大學,0006,國立中興大學,05121037,基因體暨生物資訊學研究所,4,4,0,1,0,1,0,2,0,0,0,0,0,4,4,0,4,4,0
109,公立,一般大學,0006,國立中興大學,05123034,生物化學研究所,2,2,0,0,0,1,0,1,0,0,0,0,0,2,2,0,2,2,0
109,公立,一般大學,0006,國立中興大學,05292082,水土保持學系,3,2,1,2,1,0,0,0,0,0,0,0,0,3,2,1,3,2,1
109,公立,一般大學,0006,國立中興大學,05311039,化學系,3,3,0,3,0,0,0,0,0,0,0,0,0,3,3,0,3,3,0
109,公立,一般大學,0006,國立中興大學,05331040,物理學系,11,10,1,8,1,1,0,1,0,0,0,0,0,11,10,1,11,10,1
109,公立,一般大學,0006,國立中興大學,05411041,應用數學系,9,6,3,2,0,4,2,0,1,0,0,0,0,9,6,3,9,6,3
109,公立,一般大學,0006,國立中興大學,06131043,資訊管理學系,1,1,0,1,0,0,0,0,0,0,0,0,0,1,1,0,1,1,0
109,公立,一般大學,0006,國立中興大學,06131048,資訊科學與工程學系,4,4,0,2,0,1,0,1,0,0,0,0,0,4,4,0,4,4,0
109,公立,一般大學,0006,國立中興大學,07111055,化學工程學系,2,2,0,2,0,0,0,0,0,0,0,0,0,2,2,0,2,2,0
109,公立,一般大學,0006,國立中興大學,07112057,材料科學與工程學系,4,4,0,3,0,1,0,0,0,0,0,0,0,4,4,0,4,4,0
109,公立,一般大學,0006,國立中興大學,07121059,環境工程學系,1,1,0,0,0,0,0,1,0,0,0,0,0,1,1,0,1,1,0
109,公立,一般大學,0006,國立中興大學,07141045,電機工程學系,2,1,1,1,0,0,0,0,1,0,0,0,0,2,1,1,2,1,1
109,公立,一般大學,0006,國立中興大學,07141046,光電工程研究所,2,2,0,2,0,0,0,0,0,0,0,0,0,2,2,0,2,2,0
109,公立,一般大學,0006,國立中興大學,07151050,機械工程學系,1,1,0,1,0,0,0,0,0,0,0,0,0,1,1,0,1,1,0
109,公立,一般大學,0006,國立中興大學,07151052,生物產業機電工程學系,2,2,0,2,0,0,0,0,0,0,0,0,0,2,2,0,2,2,0
109,公立,一般大學,0006,國立中興大學,07193060,生醫工程研究所,5,5,0,3,0,2,0,0,0,0,0,0,0,5,5,0,5,5,0
109,公立,一般大學,0006,國立中興大學,07211081,食品暨應用生物科技學系,2,1,1,0,1,0,0,1,0,0,0,0,0,2,1,1,2,1,1
109,公立,一般大學,0006,國立中興大學,07312061,景觀與遊憩學士學位學程,4,4,0,0,0,1,0,0,0,3,0,0,0,1,1,0,4,4,0
109,公立,一般大學,0006,國立中興大學,07321054,土木工程學系,5,5,0,4,0,1,0,0,0,0,0,0,0,5,5,0,5,5,0
109,公立,一般大學,0006,國立中興大學,08111063,農藝學系,2,2,0,1,0,0,0,1,0,0,0,0,0,2,2,0,2,2,0
109,公立,一般大學,0006,國立中興大學,08111064,國際農學碩士學位學程,2,1,1,1,0,0,0,0,1,0,0,0,0,2,1,1,2,1,1
109,公立,一般大學,0006,國立中興大學,08112066,動物科學系,8,7,1,7,1,0,0,0,0,0,0,0,0,8,7,1,8,7,1
109,公立,一般大學,0006,國立中興大學,08121067,園藝學系,7,7,0,3,0,2,0,1,0,1,0,0,0,6,6,0,7,7,0
109,公立,一般大學,0006,國立中興大學,08191083,土壤環境科學系,5,5,0,4,0,1,0,0,0,0,0,0,0,5,5,0,5,5,0
109,公立,一般大學,0006,國立中興大學,08193076,生物產業管理進修學士學位學程,10,9,1,0,0,2,0,4,1,3,0,0,0,7,6,1,10,9,1
109,公立,一般大學,0006,國立中興大學,08193078,國際農企業學士學位學程,2,2,0,0,0,1,0,0,0,1,0,0,0,1,1,0,2,2,0
109,公立,一般大學,0006,國立中興大學,08194068,植物病理學系,4,4,0,3,0,0,0,1,0,0,0,0,0,4,4,0,4,4,0
109,公立,一般大學,0006,國立中興大學,08211086,森林學系,2,2,0,0,0,2,0,0,0,0,0,0,0,2,2,0,2,2,0
109,公立,一般大學,0006,國立中興大學,08411087,獸醫學系,3,3,0,1,0,0,0,0,0,2,0,0,0,1,1,0,3,3,0
109,公立,一般大學,0006,國立中興大學,08411089,獸醫病理生物學研究所,4,4,0,1,0,1,0,2,0,0,0,0,0,4,4,0,4,4,0
109,公立,一般大學,0006,國立中興大學,08411092,微生物暨公共衛生學研究所,1,1,0,1,0,0,0,0,0,0,0,0,0,1,1,0,1,1,0
109,公立,一般大學,0006,國立中興大學,09121093,轉譯醫學博士學位學程,4,3,1,1,0,1,0,1,1,0,0,0,0,4,3,1,4,3,1
109,公立,一般大學,0006,國立中興大學,99999Z01,通識教育中心,23,9,14,1,0,2,0,4,7,2,7,0,0,14,7,7,23,9,14
109,公立,一般大學,0006,國立中興大學,99999Z05,師資培育中心,4,3,1,0,0,1,0,2,1,0,0,0,0,4,3,1,4,3,1
109,公立,一般大學,0006,國立中興大學,99999Z07,體育室,5,3,2,0,0,0,0,0,0,3,2,0,0,0,0,0,5,3,2
109,公立,一般大學,0006,國立中興大學,99999Z99,前瞻理工科技研究中心,3,3,0,3,0,0,0,0,0,0,0,0,0,3,3,0,3,3,0
109,公立,一般大學,0007,國立陽明交通大學,02122004,應用藝術研究所,5,5,0,1,0,0,0,3,0,1,0,0,0,4,4,0,5,5,0
109,公立,一般大學,0007,國立陽明交通大學,02151003,音樂研究所,18,7,11,1,0,3,0,3,5,0,6,0,0,12,7,5,18,7,11
109,公立,一般大學,0007,國立陽明交通大學,02299008,人文社會學系,1,1,0,0,0,0,0,1,0,0,0,0,0,1,1,0,1,1,0
109,公立,一般大學,0007,國立陽明交通大學,02299Y11,人文社會學院,7,5,2,0,0,0,0,1,0,4,2,0,0,1,1,0,7,5,2
109,公立,一般大學,0007,國立陽明交通大學,02311005,外國語文學系,6,2,4,0,0,0,1,0,0,2,3,0,0,1,0,1,6,2,4
109,公立,一般大學,0007,國立陽明交通大學,03211015,傳播與科技學系,1,0,1,0,0,0,1,0,0,0,0,0,0,1,0,1,1,0,1
109,公立,一般大學,0007,國立陽明交通大學,04121020,資訊管理與財務金融學系,5,5,0,3,0,0,0,2,0,0,0,0,0,5,5,0,5,5,0
109,公立,一般大學,0007,國立陽明交通大學,04131017,經營管理研究所,10,9,1,5,1,1,0,3,0,0,0,0,0,10,9,1,10,9,1
109,公立,一般大學,0007,國立陽明交通大學,04131018,管理科學系,3,3,0,0,0,1,0,2,0,0,0,0,0,3,3,0,3,3,0
109,公立,一般大學,0007,國立陽明交通大學,04199023,科技管理研究所,7,7,0,2,0,1,0,4,0,0,0,0,0,7,7,0,7,7,0
109,公立,一般大學,0007,國立陽明交通大學,04199024,高階主管管理碩士學程,9,9,0,5,0,2,0,2,0,0,0,0,0,9,9,0,9,9,0
109,公立,一般大學,0007,國立陽明交通大學,04212027,科技法律研究所,12,8,4,3,1,1,1,2,2,2,0,0,0,10,6,4,12,8,4
109,公立,一般大學,0007,國立陽明交通大學,05121028,生物科技學系,1,1,0,0,0,0,0,0,0,1,0,0,0,0,0,0,1,1,0
109,公立,一般大學,0007,國立陽明交通大學,05121030,分子醫學與生物工程研究所,1,1,0,0,0,1,0,0,0,0,0,0,0,1,1,0,1,1,0
109,公立,一般大學,0007,國立陽明交通大學,05124034,生物資訊及系統生物研究所,1,0,1,0,0,0,0,0,1,0,0,0,0,1,0,1,1,0,1
109,公立,一般大學,0007,國立陽明交通大學,05311036,應用化學系,2,2,0,1,0,1,0,0,0,0,0,0,0,2,2,0,2,2,0
109,公立,一般大學,0007,國立陽明交通大學,05331041,電子物理學系,5,5,0,5,0,0,0,0,0,0,0,0,0,5,5,0,5,5,0
109,公立,一般大學,0007,國立陽明交通大學,05399044,理學院科學學士學位學程,1,1,0,0,0,1,0,0,0,0,0,0,0,1,1,0,1,1,0
109,公立,一般大學,0007,國立陽明交通大學,05411045,應用數學系,2,2,0,2,0,0,0,0,0,0,0,0,0,2,2,0,2,2,0
109,公立,一般大學,0007,國立陽明交通大學,05421047,統計學研究所,1,1,0,0,0,0,0,1,0,0,0,0,0,1,1,0,1,1,0
109,公立,一般大學,0007,國立陽明交通大學,06121060,網路工程研究所,1,1,0,1,0,0,0,0,0,0,0,0,0,1,1,0,1,1,0
109,公立,一般大學,0007,國立陽明交通大學,06131022,資訊管理研究所,1,1,0,1,0,0,0,0,0,0,0,0,0,1,1,0,1,1,0
109,公立,一般大學,0007,國立陽明交通大學,06131058,資訊工程學系,3,3,0,0,0,1,0,0,0,2,0,0,0,1,1,0,3,3,0
109,公立,一般大學,0007,國立陽明交通大學,06131061,資訊科學與工程研究所,1,1,0,1,0,0,0,0,0,0,0,0,0,1,1,0,1,1,0
109,公立,一般大學,0007,國立陽明交通大學,06131092,數據科學與工程研究所,2,2,0,0,0,1,0,1,0,0,0,0,0,2,2,0,2,2,0
109,公立,一般大學,0007,國立陽明交通大學,06131098,國防資安管理碩士在職專班,1,1,0,1,0,0,0,0,0,0,0,0,0,1,1,0,1,1,0
109,公立,一般大學,0007,國立陽明交通大學,06132049,多媒體工程研究所,1,1,0,1,0,0,0,0,0,0,0,0,0,1,1,0,1,1,0
109,公立,一般大學,0007,國立陽明交通大學,07112072,材料科學與工程學系,1,1,0,1,0,0,0,0,0,0,0,0,0,1,1,0,1,1,0
109,公立,一般大學,0007,國立陽明交通大學,07121076,環境工程研究所,1,1,0,1,0,0,0,0,0,0,0,0,0,1,1,0,1,1,0
109,公立,一般大學,0007,國立陽明交通大學,07141050,電機工程學系,3,3,0,2,0,0,0,0,0,1,0,0,0,2,2,0,3,3,0
109,公立,一般大學,0007,國立陽明交通大學,07141053,電子研究所,1,1,0,1,0,0,0,0,0,0,0,0,0,1,1,0,1,1,0
109,公立,一般大學,0007,國立陽明交通大學,07141055,光電工程學系,3,2,1,1,1,1,0,0,0,0,0,0,0,3,2,1,3,2,1
109,公立,一般大學,0007,國立陽明交通大學,07141062,電信工程研究所,2,2,0,2,0,0,0,0,0,0,0,0,0,2,2,0,2,2,0
109,公立,一般大學,0007,國立陽明交通大學,07141064,電控工程研究所,4,4,0,1,0,0,0,3,0,0,0,0,0,4,4,0,4,4,0
109,公立,一般大學,0007,國立陽明交通大學,07141074,奈米科學及工程學士學位學程,1,1,0,0,0,1,0,0,0,0,0,0,0,1,1,0,1,1,0
109,公立,一般大學,0007,國立陽明交通大學,07151070,機械工程學系,9,8,1,2,0,3,0,3,0,0,1,0,0,8,8,0,9,8,1
109,公立,一般大學,0007,國立陽明交通大學,07193077,生醫工程研究所,2,2,0,0,0,0,0,2,0,0,0,0,0,2,2,0,2,2,0
109,公立,一般大學,0007,國立陽明交通大學,07199083,工學院碩士在職專班,7,7,0,1,0,3,0,3,0,0,0,0,0,7,7,0,7,7,0
109,公立,一般大學,0007,國立陽明交通大學,07311085,建築研究所,12,7,5,1,0,2,2,2,1,2,2,0,0,8,5,3,12,7,5
109,公立,一般大學,0007,國立陽明交通大學,07321071,土木工程學系,4,4,0,1,0,1,0,1,0,1,0,0,0,3,3,0,4,4,0
109,公立,一般大學,0007,國立陽明交通大學,10411086,運輸與物流管理學系,5,4,1,3,0,1,0,0,1,0,0,0,0,5,4,1,5,4,1
109,公立,一般大學,0007,國立陽明交通大學,99999096,百川學士學位學程,1,1,0,1,0,0,0,0,0,0,0,0,0,1,1,0,1,1,0
109,公立,一般大學,0007,國立陽明交通大學,99999Z01,共同教育委員會,3,2,1,1,0,0,0,1,1,0,0,0,0,3,2,1,3,2,1
109,公立,一般大學,0007,國立陽明交通大學,99999Z01,通識教育中心,11,9,2,3,0,3,0,3,2,0,0,0,0,11,9,2,11,9,2
109,公立,一般大學,0007,國立陽明交通大學,99999Z05,師資培育中心,1,1,0,0,0,0,0,0,0,1,0,0,0,0,0,0,1,1,0
109,公立,一般大學,0007,國立陽明交通大學,99999Z07,體育室,12,9,3,0,0,0,0,1,1,8,2,0,0,2,1,1,12,9,3
109,公立,一般大學,0007,國立陽明交通大學,99999Z08,語言教學與研究中心,31,3,28,0,0,0,0,0,4,3,24,0,0,4,0,4,31,3,28
109,公立,一般大學,0007,國立陽明交通大學,99999Z99,國際半導體產業學院,4,3,1,0,0,1,0,2,1,0,0,0,0,4,3,1,4,3,1
109,公立,一般大學,0007,國立陽明交通大學,99999Z99,教學發展中心,1,1,0,0,0,0,0,0,0,1,0,0,0,0,0,0,1,1,0
109,公立,一般大學,0008,國立中央大學,01115001,學習與教學研究所,1,1,0,1,0,0,0,0,0,0,0,0,0,1,1,0,1,1,0
109,公立,一般大學,0008,國立中央大學,02191004,藝術學研究所,2,1,1,0,0,0,0,1,0,0,1,0,0,1,1,0,2,1,1
109,公立,一般大學,0008,國立中央大學,02221010,歷史研究所,5,3,2,2,0,0,2,1,0,0,0,0,0,5,3,2,5,3,2
109,公立,一般大學,0008,國立中央大學,02231011,哲學研究所,6,6,0,6,0,0,0,0,0,0,0,0,0,6,6,0,6,6,0
109,公立,一般大學,0008,國立中央大學,02311008,法國語文學系,6,4,2,0,0,2,0,0,0,2,2,0,0,2,2,0,6,4,2
109,公立,一般大學,0008,國立中央大學,02322006,中國文學系,24,9,15,2,2,0,1,2,8,5,4,0,0,15,4,11,24,9,15
109,公立,一般大學,0008,國立中央大學,03111013,經濟學系,7,4,3,1,0,1,1,0,1,2,1,0,0,4,2,2,7,4,3
109,公立,一般大學,0008,國立中央大學,03111014,產業經濟研究所,5,5,0,4,0,0,0,1,0,0,0,0,0,5,5,0,5,5,0
109,公立,一般大學,0008,國立中央大學,03131017,認知神經科學研究所,9,6,3,2,2,4,1,0,0,0,0,0,0,9,6,3,9,6,3
109,公立,一般大學,0008,國立中央大學,03199020,客家語文暨社會科學學系,18,14,4,5,1,4,1,2,1,3,1,0,0,14,11,3,18,14,4
109,公立,一般大學,0008,國立中央大學,04121024,財務金融學系,7,7,0,2,0,1,0,2,0,2,0,0,0,5,5,0,7,7,0
109,公立,一般大學,0008,國立中央大學,04131023,企業管理學系,5,5,0,1,0,2,0,1,0,1,0,0,0,4,4,0,5,5,0
109,公立,一般大學,0008,國立中央大學,04199027,人力資源管理研究所,5,4,1,2,1,1,0,1,0,0,0,0,0,5,4,1,5,4,1
109,公立,一般大學,0008,國立中央大學,04211030,法律與政府研究所,4,3,1,3,0,0,0,0,1,0,0,0,0,4,3,1,4,3,1
109,公立,一般大學,0008,國立中央大學,05121031,生命科學系,13,10,3,4,1,4,0,2,2,0,0,0,0,13,10,3,13,10,3
109,公立,一般大學,0008,國立中央大學,05311035,化學學系,2,2,0,2,0,0,0,0,0,0,0,0,0,2,2,0,2,2,0
109,公立,一般大學,0008,國立中央大學,05321036,地球科學學系,30,26,4,10,2,9,1,7,1,0,0,0,0,30,26,4,30,26,4
109,公立,一般大學,0008,國立中央大學,05321037,應用地質研究所,7,7,0,6,0,1,0,0,0,0,0,0,0,7,7,0,7,7,0
109,公立,一般大學,0008,國立中央大學,05322044,大氣科學學系,35,31,4,20,2,5,2,3,0,3,0,0,0,32,28,4,35,31,4
109,公立,一般大學,0008,國立中央大學,05322079,太空科學與工程學系,11,11,0,6,0,3,0,2,0,0,0,0,0,11,11,0,11,11,0
109,公立,一般大學,0008,國立中央大學,05323039,水文與海洋科學研究所,6,5,1,3,0,1,0,1,1,0,0,0,0,6,5,1,6,5,1
109,公立,一般大學,0008,國立中央大學,05331042,物理學系,14,13,1,8,0,1,1,1,0,3,0,0,0,11,10,1,14,13,1
109,公立,一般大學,0008,國立中央大學,05411051,數學系,13,11,2,8,0,2,1,1,1,0,0,0,0,13,11,2,13,11,2
109,公立,一般大學,0008,國立中央大學,05421052,統計研究所,4,4,0,2,0,2,0,0,0,0,0,0,0,4,4,0,4,4,0
109,公立,一般大學,0008,國立中央大學,06131053,資訊管理學系,6,4,2,1,1,2,1,1,0,0,0,0,0,6,4,2,6,4,2
109,公立,一般大學,0008,國立中央大學,06131059,資訊工程學系,3,3,0,2,0,0,0,1,0,0,0,0,0,3,3,0,3,3,0
109,公立,一般大學,0008,國立中央大學,07111069,化學工程與材料工程學系,5,5,0,3,0,2,0,0,0,0,0,0,0,5,5,0,5,5,0
109,公立,一般大學,0008,國立中央大學,07112070,材料科學與工程研究所,5,5,0,1,0,2,0,2,0,0,0,0,0,5,5,0,5,5,0
109,公立,一般大學,0008,國立中央大學,07121072,環境工程研究所,13,13,0,6,0,4,0,3,0,0,0,0,0,13,13,0,13,13,0
109,公立,一般大學,0008,國立中央大學,07141055,電機工程學系,6,4,2,2,1,0,1,2,0,0,0,0,0,6,4,2,6,4,2
109,公立,一般大學,0008,國立中央大學,07141057,光電科學與工程學系,9,9,0,6,0,1,0,2,0,0,0,0,0,9,9,0,9,9,0
109,公立,一般大學,0008,國立中央大學,07141060,通訊工程學系,1,1,0,1,0,0,0,0,0,0,0,0,0,1,1,0,1,1,0
109,公立,一般大學,0008,國立中央大學,07151064,機械工程學系,2,2,0,1,0,0,0,1,0,0,0,0,0,2,2,0,2,2,0
109,公立,一般大學,0008,國立中央大學,07193074,生醫科學與工程學系,10,10,0,4,0,4,0,1,0,1,0,0,0,9,9,0,10,10,0
109,公立,一般大學,0008,國立中央大學,07321067,土木工程學系,17,17,0,7,0,3,0,7,0,0,0,0,0,17,17,0,17,17,0
109,公立,一般大學,0008,國立中央大學,99999Z01,通識教育中心,29,20,9,4,1,2,1,10,6,4,1,0,0,24,16,8,29,20,9
109,公立,一般大學,0008,國立中央大學,99999Z05,師資培育中心,5,2,3,0,0,0,0,0,1,2,2,0,0,1,0,1,5,2,3
109,公立,一般大學,0008,國立中央大學,99999Z07,體育室,2,2,0,0,0,0,0,1,0,1,0,0,0,1,1,0,2,2,0
109,公立,一般大學,0008,國立中央大學,99999Z08,語言中心,20,3,17,0,0,0,2,0,1,3,14,0,0,3,0,3,20,3,17
109,公立,一般大學,0008,國立中央大學,99999Z99,太空及遙測研究中心,1,1,0,1,0,0,0,0,0,0,0,0,0,1,1,0,1,1,0
109,公立,一般大學,0009,國立中山大學,01111001,教育研究所,3,2,1,2,1,0,0,0,0,0,0,0,0,3,2,1,3,2,1
109,公立,一般大學,0009,國立中山大學,02151002,音樂學系,39,17,22,0,1,1,3,7,7,9,11,0,0,19,8,11,39,17,22
109,公立,一般大學,0009,國立中山大學,02152003,劇場藝術學系,6,3,3,0,0,0,2,1,1,2,0,0,0,4,1,3,6,3,3
109,公立,一般大學,0009,國立中山大學,02311006,外國語文學系,14,4,10,0,1,0,0,1,2,3,7,0,0,4,1,3,14,4,10
109,公立,一般大學,0009,國立中山大學,02322005,中國文學系,8,5,3,2,0,0,1,3,2,0,0,0,0,8,5,3,8,5,3
109,公立,一般大學,0009,國立中山大學,03111009,經濟學研究所,5,3,2,1,1,2,1,0,0,0,0,0,0,5,3,2,5,3,2
109,公立,一般大學,0009,國立中山大學,03121011,政治學研究所,2,2,0,0,0,1,0,1,0,0,0,0,0,2,2,0,2,2,0
109,公立,一般大學,0009,國立中山大學,03121027,海洋事務研究所,2,1,1,0,1,0,0,0,0,1,0,0,0,1,0,1,2,1,1
109,公立,一般大學,0009,國立中山大學,03141013,社會學系,3,3,0,2,0,0,0,0,0,1,0,0,0,2,2,0,3,3,0
109,公立,一般大學,0009,國立中山大學,03143016,中國與亞太區域研究所,3,3,0,1,0,1,0,1,0,0,0,0,0,3,3,0,3,3,0
109,公立,一般大學,0009,國立中山大學,03199Y19,社會科學院,2,1,1,0,0,0,0,1,1,0,0,0,0,2,1,1,2,1,1
109,公立,一般大學,0009,國立中山大學,04121024,財務管理學系,8,6,2,3,0,0,0,0,0,3,2,0,0,3,3,0,8,6,2
109,公立,一般大學,0009,國立中山大學,04131021,企業管理學系,15,14,1,5,0,3,0,4,0,2,1,0,0,12,12,0,15,14,1
109,公立,一般大學,0009,國立中山大學,04131022,管理學院國際經營管理碩士學程,3,2,1,1,0,0,0,1,1,0,0,0,0,3,2,1,3,2,1
109,公立,一般大學,0009,國立中山大學,04131028,人力資源管理研究所,3,2,1,1,0,1,1,0,0,0,0,0,0,3,2,1,3,2,1
109,公立,一般大學,0009,國立中山大學,04134010,政治經濟學系,3,3,0,2,0,0,0,1,0,0,0,0,0,3,3,0,3,3,0
109,公立,一般大學,0009,國立中山大學,04134017,公共事務管理研究所,1,1,0,0,0,1,0,0,0,0,0,0,0,1,1,0,1,1,0
109,公立,一般大學,0009,國立中山大學,04199025,行銷傳播管理研究所,1,0,1,0,0,0,0,0,1,0,0,0,0,1,0,1,1,0,1
109,公立,一般大學,0009,國立中山大學,04199Y31,管理學院,1,0,1,0,0,0,0,0,1,0,0,0,0,1,0,1,1,0,1
109,公立,一般大學,0009,國立中山大學,05111033,生物科學系,3,3,0,1,0,2,0,0,0,0,0,0,0,3,3,0,3,3,0
109,公立,一般大學,0009,國立中山大學,05311037,化學系,3,3,0,2,0,1,0,0,0,0,0,0,0,3,3,0,3,3,0
109,公立,一般大學,0009,國立中山大學,05323044,海洋生物科技暨資源學系,4,4,0,1,0,1,0,0,0,2,0,0,0,2,2,0,4,4,0
109,公立,一般大學,0009,國立中山大學,05323047,海洋科學系,8,5,3,4,1,1,0,0,1,0,1,0,0,7,5,2,8,5,3
109,公立,一般大學,0009,國立中山大學,05331038,物理學系,4,4,0,2,0,1,0,1,0,0,0,0,0,4,4,0,4,4,0
109,公立,一般大學,0009,國立中山大學,05411051,應用數學系,3,2,1,1,0,0,0,0,0,1,1,0,0,1,1,0,3,2,1
109,公立,一般大學,0009,國立中山大學,06111055,資訊工程學系,2,2,0,2,0,0,0,0,0,0,0,0,0,2,2,0,2,2,0
109,公立,一般大學,0009,國立中山大學,06131052,資訊管理學系,9,5,4,3,1,1,0,1,2,0,1,0,0,8,5,3,9,5,4
109,公立,一般大學,0009,國立中山大學,07112063,材料與光電科學學系,1,1,0,0,0,0,0,1,0,0,0,0,0,1,1,0,1,1,0
109,公立,一般大學,0009,國立中山大學,07121064,環境工程研究所,4,4,0,3,0,0,0,1,0,0,0,0,0,4,4,0,4,4,0
109,公立,一般大學,0009,國立中山大學,07122065,海洋環境及工程學系,7,7,0,2,0,1,0,4,0,0,0,0,0,7,7,0,7,7,0
109,公立,一般大學,0009,國立中山大學,07141053,電機工程學系,4,4,0,3,0,1,0,0,0,0,0,0,0,4,4,0,4,4,0
109,公立,一般大學,0009,國立中山大學,07151059,海下科技研究所,1,1,0,0,0,0,0,0,0,1,0,0,0,0,0,0,1,1,0
109,公立,一般大學,0009,國立中山大學,07151061,機械與機電工程學系,6,6,0,6,0,0,0,0,0,0,0,0,0,6,6,0,6,6,0
109,公立,一般大學,0009,國立中山大學,99999Z05,師資培育中心,7,3,4,0,0,1,0,0,2,2,2,0,0,3,1,2,7,3,4
109,公立,一般大學,0009,國立中山大學,99999Z99,西灣學院,4,3,1,0,0,1,0,1,1,1,0,0,0,3,2,1,4,3,1
109,公立,一般大學,0009,國立中山大學,99999Z99,西灣學院服務學習教育中心,2,1,1,0,0,0,0,1,0,0,1,0,0,1,1,0,2,1,1
109,公立,一般大學,0009,國立中山大學,99999Z99,西灣學院博雅教育中心,8,4,4,0,0,0,0,4,4,0,0,0,0,8,4,4,8,4,4
109,公立,一般大學,0009,國立中山大學,99999Z99,西灣學院運動與健康教育中心,8,6,2,0,0,1,1,1,0,4,1,0,0,3,2,1,8,6,2
109,公立,一般大學,0012,國立臺灣海洋大學,01111002,教育研究所,4,3,1,0,0,0,0,1,0,2,1,0,0,1,1,0,4,3,1
109,公立,一般大學,0012,國立臺灣海洋大學,02122005,海洋文創設計產業學士學位學程,2,1,1,0,0,0,1,1,0,0,0,0,0,2,1,1,2,1,1
109,公立,一般大學,0012,國立臺灣海洋大學,02299004,海洋文化研究所,2,1,1,1,0,0,1,0,0,0,0,0,0,2,1,1,2,1,1
109,公立,一般大學,0012,國立臺灣海洋大學,02311003,應用英語研究所,16,6,10,0,0,0,3,1,2,5,5,0,0,6,1,5,16,6,10
109,公立,一般大學,0012,國立臺灣海洋大學,03111006,應用經濟研究所,2,1,1,1,0,0,1,0,0,0,0,0,0,2,1,1,2,1,1
109,公立,一般大學,0012,國立臺灣海洋大學,03121058,海洋政策碩士學位學程,1,1,0,0,0,1,0,0,0,0,0,0,0,1,1,0,1,1,0
109,公立,一般大學,0012,國立臺灣海洋大學,04199055,海洋觀光管理學士學位學程,8,7,1,0,0,2,0,5,1,0,0,0,0,8,7,1,8,7,1
109,公立,一般大學,0012,國立臺灣海洋大學,04199056,海洋經營管理學士學位學程,6,6,0,1,0,3,0,1,0,1,0,0,0,5,5,0,6,6,0
109,公立,一般大學,0012,國立臺灣海洋大學,04212009,海洋法律研究所,4,4,0,4,0,0,0,0,0,0,0,0,0,4,4,0,4,4,0
109,公立,一般大學,0012,國立臺灣海洋大學,04212010,海洋法政學士學位學程,6,4,2,1,0,2,1,1,1,0,0,0,0,6,4,2,6,4,2
109,公立,一般大學,0012,國立臺灣海洋大學,05121014,生命科學暨生物科技學系,17,12,5,4,0,5,3,3,2,0,0,0,0,17,12,5,17,12,5
109,公立,一般大學,0012,國立臺灣海洋大學,05211008,海洋事務與資源管理研究所,1,1,0,1,0,0,0,0,0,0,0,0,0,1,1,0,1,1,0
109,公立,一般大學,0012,國立臺灣海洋大學,05321057,地球科學研究所,4,4,0,2,0,0,0,2,0,0,0,0,0,4,4,0,4,4,0
109,公立,一般大學,0012,國立臺灣海洋大學,05323017,海洋生物研究所,5,4,1,3,0,1,0,0,1,0,0,0,0,5,4,1,5,4,1
109,公立,一般大學,0012,國立臺灣海洋大學,06131028,資訊工程學系,5,5,0,3,0,0,0,1,0,1,0,0,0,4,4,0,5,5,0
109,公立,一般大學,0012,國立臺灣海洋大學,07122040,河海工程學系,4,4,0,1,0,0,0,3,0,0,0,0,0,4,4,0,4,4,0
109,公立,一般大學,0012,國立臺灣海洋大學,07122041,海洋工程科技學士學位學程,4,4,0,0,0,0,0,4,0,0,0,0,0,4,4,0,4,4,0
109,公立,一般大學,0012,國立臺灣海洋大學,07141025,電機工程學系,3,3,0,1,0,1,0,1,0,0,0,0,0,3,3,0,3,3,0
109,公立,一般大學,0012,國立臺灣海洋大學,07141027,光電與材料科技學系,3,3,0,1,0,1,0,1,0,0,0,0,0,3,3,0,3,3,0
109,公立,一般大學,0012,國立臺灣海洋大學,07141030,通訊與導航工程學系,1,1,0,0,0,1,0,0,0,0,0,0,0,1,1,0,1,1,0
109,公立,一般大學,0012,國立臺灣海洋大學,07151036,機械與機電工程學系,4,3,1,1,0,1,0,0,0,1,1,0,0,2,2,0,4,3,1
109,公立,一般大學,0012,國立臺灣海洋大學,07163033,系統工程暨造船學系,5,5,0,1,0,0,0,1,0,3,0,0,0,2,2,0,5,5,0
109,公立,一般大學,0012,國立臺灣海洋大學,07163035,輪機工程學系,8,7,1,1,0,2,0,2,0,2,1,0,0,5,5,0,8,7,1
109,公立,一般大學,0012,國立臺灣海洋大學,07211042,食品科學系,13,10,3,3,0,4,0,2,3,1,0,0,0,12,9,3,13,10,3
109,公立,一般大學,0012,國立臺灣海洋大學,07211059,食品安全與風險管理研究所,1,1,0,0,0,1,0,0,0,0,0,0,0,1,1,0,1,1,0
109,公立,一般大學,0012,國立臺灣海洋大學,08311045,環境生物與漁業科學學系,2,2,0,2,0,0,0,0,0,0,0,0,0,2,2,0,2,2,0
109,公立,一般大學,0012,國立臺灣海洋大學,08312046,水產養殖學系,6,6,0,4,0,0,0,2,0,0,0,0,0,6,6,0,6,6,0
109,公立,一般大學,0012,國立臺灣海洋大學,10411050,運輸科學系,6,5,1,1,0,1,0,3,1,0,0,0,0,6,5,1,6,5,1
109,公立,一般大學,0012,國立臺灣海洋大學,10412048,航運管理學系,36,33,3,6,2,11,0,6,0,10,1,0,0,25,23,2,36,33,3
109,公立,一般大學,0012,國立臺灣海洋大學,10414052,商船學系,12,11,1,2,0,3,0,3,0,3,1,0,0,8,8,0,12,11,1
109,公立,一般大學,0012,國立臺灣海洋大學,99999Z01,共同教育中心,56,32,24,5,0,4,4,13,9,10,11,0,0,35,22,13,56,32,24
109,公立,一般大學,0013,國立中正大學,01111001,教育學研究所,3,1,2,1,0,0,0,0,2,0,0,0,0,3,1,2,3,1,2
109,公立,一般大學,0013,國立中正大學,01112005,成人及繼續教育學系,5,3,2,1,1,0,0,2,1,0,0,0,0,5,3,2,5,3,2
109,公立,一般大學,0013,國立中正大學,01114007,教育領導與管理發展國際碩士學位學程,1,1,0,1,0,0,0,0,0,0,0,0,0,1,1,0,1,1,0
109,公立,一般大學,0013,國立中正大學,02221015,歷史學系,5,5,0,3,0,1,0,1,0,0,0,0,0,5,5,0,5,5,0
109,公立,一般大學,0013,國立中正大學,02231016,哲學系,5,5,0,0,0,0,0,5,0,0,0,0,0,5,5,0,5,5,0
109,公立,一般大學,0013,國立中正大學,02311012,外國語文學系,3,0,3,0,0,0,1,0,0,0,2,0,0,1,0,1,3,0,3
109,公立,一般大學,0013,國立中正大學,02321010,台灣文學與創意應用研究所,3,2,1,0,1,0,0,2,0,0,0,0,0,3,2,1,3,2,1
109,公立,一般大學,0013,國立中正大學,02322011,中國文學系,16,10,6,0,1,0,0,5,4,5,1,0,0,10,5,5,16,10,6
109,公立,一般大學,0013,國立中正大學,02399014,語言學研究所,1,0,1,0,0,0,0,0,1,0,0,0,0,1,0,1,1,0,1
109,公立,一般大學,0013,國立中正大學,03111017,經濟學系,7,6,1,2,1,1,0,2,0,1,0,0,0,6,5,1,7,6,1
109,公立,一般大學,0013,國立中正大學,03122024,戰略暨國際事務研究所,1,1,0,0,0,0,0,1,0,0,0,0,0,1,1,0,1,1,0
109,公立,一般大學,0013,國立中正大學,03131019,心理學系,3,1,2,0,0,0,0,1,2,0,0,0,0,3,1,2,3,1,2
109,公立,一般大學,0013,國立中正大學,03191025,勞工關係學系,1,1,0,0,0,0,0,0,0,1,0,0,0,0,0,0,1,1,0
109,公立,一般大學,0013,國立中正大學,03199026,犯罪防治學系,7,6,1,2,0,1,0,2,1,1,0,0,0,6,5,1,7,6,1
109,公立,一般大學,0013,國立中正大學,03211028,傳播學系,1,0,1,0,0,0,0,0,0,0,1,0,0,0,0,0,1,0,1
109,公立,一般大學,0013,國立中正大學,04111032,會計與資訊科技學系,10,10,0,1,0,2,0,4,0,3,0,0,0,7,7,0,10,10,0
109,公立,一般大學,0013,國立中正大學,04121034,財務金融學系,5,5,0,0,0,0,0,3,0,2,0,0,0,3,3,0,5,5,0
109,公立,一般大學,0013,國立中正大學,04131033,企業管理學系,4,3,1,0,0,0,0,2,0,1,1,0,0,2,2,0,4,3,1
109,公立,一般大學,0013,國立中正大學,04211039,法律學系,3,3,0,1,0,1,0,1,0,0,0,0,0,3,3,0,3,3,0
109,公立,一般大學,0013,國立中正大學,04212040,財經法律學系,11,9,2,4,1,2,0,2,1,1,0,0,0,10,8,2,11,9,2
109,公立,一般大學,0013,國立中正大學,05121075,生物醫學科學系,1,1,0,0,0,0,0,1,0,0,0,0,0,1,1,0,1,1,0
109,公立,一般大學,0013,國立中正大學,05311045,化學暨生物化學系,1,1,0,0,0,0,0,1,0,0,0,0,0,1,1,0,1,1,0
109,公立,一般大學,0013,國立中正大學,05321047,地球與環境科學系,2,1,1,1,0,0,0,0,1,0,0,0,0,2,1,1,2,1,1
109,公立,一般大學,0013,國立中正大學,05331067,物理學系,1,1,0,1,0,0,0,0,0,0,0,0,0,1,1,0,1,1,0
109,公立,一般大學,0013,國立中正大學,05411049,數學系,2,2,0,1,0,1,0,0,0,0,0,0,0,2,2,0,2,2,0
109,公立,一般大學,0013,國立中正大學,06131053,資訊管理學系,7,6,1,4,0,0,0,2,1,0,0,0,0,7,6,1,7,6,1
109,公立,一般大學,0013,國立中正大學,06131055,資訊工程學系,4,4,0,0,0,0,0,2,0,2,0,0,0,2,2,0,4,4,0
109,公立,一般大學,0013,國立中正大學,07111061,化學工程學系,3,2,1,0,0,2,1,0,0,0,0,0,0,3,2,1,3,2,1
109,公立,一般大學,0013,國立中正大學,07141054,電機工程學系,4,4,0,1,0,1,0,2,0,0,0,0,0,4,4,0,4,4,0
109,公立,一般大學,0013,國立中正大學,07151058,機械工程學系,7,7,0,2,0,1,0,2,0,2,0,0,0,5,5,0,7,7,0
109,公立,一般大學,0013,國立中正大學,09231063,社會福利學系,8,3,5,1,0,0,0,1,1,1,4,0,0,3,2,1,8,3,5
109,公立,一般大學,0013,國立中正大學,10141064,運動競技學系,9,9,0,2,0,0,0,1,0,6,0,0,0,3,3,0,9,9,0
109,公立,一般大學,0013,國立中正大學,99999Z01,通識中心,32,21,11,2,0,1,1,13,3,5,7,0,0,20,16,4,32,21,11
109,公立,一般大學,0013,國立中正大學,99999Z05,師資培育中心,1,0,1,0,0,0,1,0,0,0,0,0,0,1,0,1,1,0,1
109,公立,一般大學,0013,國立中正大學,99999Z07,體育中心,13,10,3,0,0,1,0,1,2,8,1,0,0,4,2,2,13,10,3
109,公立,一般大學,0014,國立高雄師範大學,01111001,教育學系,15,9,6,1,0,1,0,6,6,1,0,0,0,14,8,6,15,9,6
109,公立,一般大學,0014,國立高雄師範大學,01112009,成人教育研究所,5,5,0,4,0,1,0,0,0,0,0,0,0,5,5,0,5,5,0
109,公立,一般大學,0014,國立高雄師範大學,01113010,特殊教育學系,7,4,3,2,0,0,0,2,2,0,1,0,0,6,4,2,7,4,3
109,公立,一般大學,0014,國立高雄師範大學,01141003,工業科技教育學系,10,10,0,3,0,3,0,2,0,2,0,0,0,8,8,0,10,10,0
109,公立,一般大學,0014,國立高雄師範大學,01141005,體育學系,25,18,7,0,0,2,0,5,1,11,6,0,0,8,7,1,25,18,7
109,公立,一般大學,0014,國立高雄師範大學,01141006,科學教育暨環境教育研究所,11,8,3,1,0,1,0,6,3,0,0,0,0,11,8,3,11,8,3
109,公立,一般大學,0014,國立高雄師範大學,01199011,性別教育研究所,2,1,1,0,0,1,1,0,0,0,0,0,0,2,1,1,2,1,1
109,公立,一般大學,0014,國立高雄師範大學,02112022,視覺設計學系,7,7,0,0,0,0,0,4,0,3,0,0,0,4,4,0,7,7,0
109,公立,一般大學,0014,國立高雄師範大學,02123024,工業設計學系,9,7,2,0,0,1,0,1,0,5,2,0,0,2,2,0,9,7,2
109,公立,一般大學,0014,國立高雄師範大學,02131012,美術學系,32,21,11,2,0,1,0,4,4,14,7,0,0,11,7,4,32,21,11
109,公立,一般大學,0014,國立高雄師範大學,02141055,藝術產業學士原住民專班,18,11,7,0,0,0,0,4,1,7,6,0,0,5,4,1,18,11,7
109,公立,一般大學,0014,國立高雄師範大學,02151013,音樂學系,48,18,30,1,0,1,5,12,15,4,10,0,0,34,14,20,48,18,30
109,公立,一般大學,0014,國立高雄師範大學,02191014,跨領域藝術研究所,1,0,1,0,0,0,0,0,1,0,0,0,0,1,0,1,1,0,1
109,公立,一般大學,0014,國立高雄師範大學,02191047,表演藝術碩士學位學程,5,1,4,0,0,0,0,1,4,0,0,0,0,5,1,4,5,1,4
109,公立,一般大學,0014,國立高雄師範大學,02299020,經學研究所,4,3,1,0,0,2,0,1,1,0,0,0,0,4,3,1,4,3,1
109,公立,一般大學,0014,國立高雄師範大學,02311021,英語學系,30,9,21,0,1,1,3,3,8,5,9,0,0,16,4,12,30,9,21
109,公立,一般大學,0014,國立高雄師範大學,02313002,華語文教學研究所,1,0,1,0,1,0,0,0,0,0,0,0,0,1,0,1,1,0,1
109,公立,一般大學,0014,國立高雄師範大學,02321057,語言與文化學士原住民專班,7,4,3,0,0,0,1,1,1,3,1,0,0,3,1,2,7,4,3
109,公立,一般大學,0014,國立高雄師範大學,02322019,國文學系,26,8,18,1,1,1,2,2,6,4,9,0,0,13,4,9,26,8,18
109,公立,一般大學,0014,國立高雄師範大學,03131026,諮商心理與復健諮商研究所,2,2,0,0,0,0,0,2,0,0,0,0,0,2,2,0,2,2,0
109,公立,一般大學,0014,國立高雄師範大學,03142030,地理學系,3,2,1,0,1,0,0,1,0,1,0,0,0,2,1,1,3,2,1
109,公立,一般大學,0014,國立高雄師範大學,04131032,事業經營學系,3,3,0,0,0,0,0,2,0,1,0,0,0,2,2,0,3,3,0
109,公立,一般大學,0014,國立高雄師範大學,04199033,人力與知識管理研究所,1,1,0,1,0,0,0,0,0,0,0,0,0,1,1,0,1,1,0
109,公立,一般大學,0014,國立高雄師範大學,05121034,生物科技系,6,3,3,1,0,0,0,2,3,0,0,0,0,6,3,3,6,3,3
109,公立,一般大學,0014,國立高雄師範大學,05311036,化學系,4,3,1,1,0,0,1,2,0,0,0,0,0,4,3,1,4,3,1
109,公立,一般大學,0014,國立高雄師範大學,05331037,物理學系,3,3,0,0,0,0,0,3,0,0,0,0,0,3,3,0,3,3,0
109,公立,一般大學,0014,國立高雄師範大學,05411038,數學系,2,0,2,0,0,0,0,0,2,0,0,0,0,2,0,2,2,0,2
109,公立,一般大學,0014,國立高雄師範大學,07141041,電子工程學系,3,1,2,1,0,0,1,0,1,0,0,0,0,3,1,2,3,1,2
109,公立,一般大學,0014,國立高雄師範大學,07141060,電機工程學系,1,1,0,0,0,0,0,0,0,1,0,0,0,0,0,0,1,1,0
109,公立,一般大學,0014,國立高雄師範大學,10141056,運動競技與產業學士原住民專班,12,9,3,0,0,1,1,3,1,5,1,0,0,6,4,2,12,9,3
109,公立,一般大學,0014,國立高雄師範大學,99999Z01,通識教育中心,29,16,13,0,0,1,2,8,6,7,5,0,0,17,9,8,29,16,13
109,公立,一般大學,0014,國立高雄師範大學,99999Z05,師資培育與就業輔導處,13,9,4,0,0,0,0,5,1,4,3,0,0,6,5,1,13,9,4
109,公立,一般大學,0015,國立彰化師範大學,01113012,特殊教育學系,4,2,2,0,1,0,0,2,1,0,0,0,0,4,2,2,4,2,2
109,公立,一般大學,0015,國立彰化師範大學,01131004,科學教育研究所,2,1,1,1,1,0,0,0,0,0,0,0,0,2,1,1,2,1,1
109,公立,一般大學,0015,國立彰化師範大學,01131006,公共事務與公民教育學系,6,4,2,1,0,2,0,1,2,0,0,0,0,6,4,2,6,4,2
109,公立,一般大學,0015,國立彰化師範大學,01141007,工業教育與技術學系,17,17,0,6,0,1,0,10,0,0,0,0,0,17,17,0,17,17,0
109,公立,一般大學,0015,國立彰化師範大學,01141011,運動學系,19,13,6,2,0,0,1,4,2,7,3,0,0,9,6,3,19,13,6
109,公立,一般大學,0015,國立彰化師範大學,02131017,美術學系,14,8,6,0,0,0,0,2,2,6,4,0,0,4,2,2,14,8,6
109,公立,一般大學,0015,國立彰化師範大學,02221023,歷史學研究所,5,4,1,1,0,2,1,1,0,0,0,0,0,5,4,1,5,4,1
109,公立,一般大學,0015,國立彰化師範大學,02311020,英語學系,17,5,12,1,1,1,0,1,3,2,8,0,0,7,3,4,17,5,12
109,公立,一般大學,0015,國立彰化師範大學,02311021,兒童英語研究所,1,1,0,0,0,1,0,0,0,0,0,0,0,1,1,0,1,1,0
109,公立,一般大學,0015,國立彰化師範大學,02312022,翻譯研究所,3,1,2,0,0,0,1,1,1,0,0,0,0,3,1,2,3,1,2
109,公立,一般大學,0015,國立彰化師範大學,02321018,台灣文學研究所,1,1,0,1,0,0,0,0,0,0,0,0,0,1,1,0,1,1,0
109,公立,一般大學,0015,國立彰化師範大學,02322019,國文學系,11,8,3,4,1,1,1,2,1,1,0,0,0,10,7,3,11,8,3
109,公立,一般大學,0015,國立彰化師範大學,03131025,輔導與諮商學系,9,6,3,1,1,1,0,2,1,2,1,0,0,6,4,2,9,6,3
109,公立,一般大學,0015,國立彰化師範大學,03131055,復健諮商研究所,3,1,2,0,0,0,0,0,0,1,2,0,0,0,0,0,3,1,2
109,公立,一般大學,0015,國立彰化師範大學,03142027,地理學系,2,1,1,0,0,1,0,0,0,0,1,0,0,1,1,0,2,1,1
109,公立,一般大學,0015,國立彰化師範大學,04111028,會計學系,12,10,2,0,0,2,0,5,1,3,1,0,0,8,7,1,12,10,2
109,公立,一般大學,0015,國立彰化師範大學,04121031,財務金融技術學系,8,8,0,1,0,0,0,3,0,4,0,0,0,4,4,0,8,8,0
109,公立,一般大學,0015,國立彰化師範大學,04131029,企業管理學系,9,7,2,2,0,0,1,2,0,3,1,0,0,5,4,1,9,7,2
109,公立,一般大學,0015,國立彰化師範大學,05111034,生物學系,5,1,4,0,2,1,0,0,2,0,0,0,0,5,1,4,5,1,4
109,公立,一般大學,0015,國立彰化師範大學,05331037,物理學系,1,1,0,0,0,1,0,0,0,0,0,0,0,1,1,0,1,1,0
109,公立,一般大學,0015,國立彰化師範大學,05411038,數學系,5,5,0,1,0,2,0,2,0,0,0,0,0,5,5,0,5,5,0
109,公立,一般大學,0015,國立彰化師範大學,06131040,資訊管理學系,8,5,3,1,0,0,0,0,0,4,3,0,0,1,1,0,8,5,3
109,公立,一般大學,0015,國立彰化師範大學,06131050,資訊工程學系,1,1,0,0,0,0,0,0,0,1,0,0,0,0,0,0,1,1,0
109,公立,一般大學,0015,國立彰化師範大學,07141042,電機工程學系,6,6,0,2,0,0,0,4,0,0,0,0,0,6,6,0,6,6,0
109,公立,一般大學,0015,國立彰化師範大學,07151054,機電工程學系,3,3,0,1,0,0,0,2,0,0,0,0,0,3,3,0,3,3,0
109,公立,一般大學,0015,國立彰化師範大學,07161053,車輛科技研究所,1,1,0,1,0,0,0,0,0,0,0,0,0,1,1,0,1,1,0
109,公立,一般大學,0015,國立彰化師範大學,99999Z01,通識教育中心,14,7,7,0,0,1,0,4,3,2,4,0,0,8,5,3,14,7,7
109,公立,一般大學,0015,國立彰化師範大學,99999Z05,師資培育中心,18,15,3,3,0,3,0,9,3,0,0,0,0,18,15,3,18,15,3
109,公立,一般大學,0015,國立彰化師範大學,99999Z08,語文中心,2,0,2,0,0,0,0,0,0,0,2,0,0,0,0,0,2,0,2
109,公立,一般大學,0016,國立陽明大學,02231002,心智哲學研究所,1,1,0,1,0,0,0,0,0,0,0,0,0,1,1,0,1,1,0
109,公立,一般大學,0016,國立陽明大學,04131063,生技醫療經營管理碩士在職學位學程,3,3,0,3,0,0,0,0,0,0,0,0,0,3,3,0,3,3,0
109,公立,一般大學,0016,國立陽明大學,04133005,醫務管理研究所,8,6,2,4,0,2,1,0,1,0,0,0,0,8,6,2,8,6,2
109,公立,一般大學,0016,國立陽明大學,05121007,生命科學系暨基因體科學研究所,7,5,2,2,1,2,0,1,1,0,0,0,0,7,5,2,7,5,2
109,公立,一般大學,0016,國立陽明大學,05122009,微生物及免疫學研究所,5,3,2,2,2,1,0,0,0,0,0,0,0,5,3,2,5,3,2
109,公立,一般大學,0016,國立陽明大學,05123011,生化暨分子生物研究所,4,4,0,1,0,0,0,3,0,0,0,0,0,4,4,0,4,4,0
109,公立,一般大學,0016,國立陽明大學,05124013,生物醫學資訊研究所,3,3,0,2,0,1,0,0,0,0,0,0,0,3,3,0,3,3,0
109,公立,一般大學,0016,國立陽明大學,07193019,生醫光電研究所,3,3,0,1,0,2,0,0,0,0,0,0,0,3,3,0,3,3,0
109,公立,一般大學,0016,國立陽明大學,07193021,生物醫學工程學系,5,5,0,1,0,1,0,3,0,0,0,0,0,5,5,0,5,5,0
109,公立,一般大學,0016,國立陽明大學,09111059,牙醫學系,55,29,26,5,2,5,8,8,6,11,10,0,0,34,18,16,55,29,26
109,公立,一般大學,0016,國立陽明大學,09111061,口腔生物研究所,2,2,0,1,0,1,0,0,0,0,0,0,0,2,2,0,2,2,0
109,公立,一般大學,0016,國立陽明大學,09121024,醫學系,369,295,74,43,5,57,13,105,24,90,32,0,0,247,205,42,369,295,74
109,公立,一般大學,0016,國立陽明大學,09121025,臨床醫學研究所,12,11,1,8,1,2,0,1,0,0,0,0,0,12,11,1,12,11,1
109,公立,一般大學,0016,國立陽明大學,09121028,生理學研究所,1,1,0,1,0,0,0,0,0,0,0,0,0,1,1,0,1,1,0
109,公立,一般大學,0016,國立陽明大學,09121029,神經科學研究所,2,1,1,0,0,0,1,1,0,0,0,0,0,2,1,1,2,1,1
109,公立,一般大學,0016,國立陽明大學,09121032,急重症醫學研究所,3,3,0,0,0,2,0,1,0,0,0,0,0,3,3,0,3,3,0
109,公立,一般大學,0016,國立陽明大學,09121033,腦科學研究所,2,1,1,0,0,1,1,0,0,0,0,0,0,2,1,1,2,1,1
109,公立,一般大學,0016,國立陽明大學,09121043,藥理學研究所,13,10,3,6,0,2,3,2,0,0,0,0,0,13,10,3,13,10,3
109,公立,一般大學,0016,國立陽明大學,09131048,護理學系,31,3,28,0,2,0,1,1,6,2,19,0,0,10,1,9,31,3,28
109,公立,一般大學,0016,國立陽明大學,09131049,臨床護理研究所,3,0,3,0,1,0,1,0,1,0,0,0,0,3,0,3,3,0,3
109,公立,一般大學,0016,國立陽明大學,09141057,醫學生物技術暨檢驗學系,3,2,1,1,0,1,0,0,0,0,1,0,0,2,2,0,3,2,1
109,公立,一般大學,0016,國立陽明大學,09141058,生物醫學影像暨放射科學系,19,16,3,4,1,1,0,4,1,7,1,0,0,11,9,2,19,16,3
109,公立,一般大學,0016,國立陽明大學,09151047,物理治療暨輔助科技學系,20,9,11,1,0,0,1,4,3,4,7,0,0,9,5,4,20,9,11
109,公立,一般大學,0016,國立陽明大學,09161041,藥學系,10,6,4,2,0,0,0,2,3,2,1,0,0,7,4,3,10,6,4
109,公立,一般大學,0016,國立陽明大學,09161044,生物藥學研究所,3,3,0,2,0,1,0,0,0,0,0,0,0,3,3,0,3,3,0
109,公立,一般大學,0016,國立陽明大學,09171042,傳統醫藥研究所,5,2,3,2,1,0,0,0,2,0,0,0,0,5,2,3,5,2,3
109,公立,一般大學,0016,國立陽明大學,09191036,公共衛生研究所,10,6,4,1,1,2,1,3,2,0,0,0,0,10,6,4,10,6,4
109,公立,一般大學,0016,國立陽明大學,09191037,衛生福利研究所,1,1,0,1,0,0,0,0,0,0,0,0,0,1,1,0,1,1,0
109,公立,一般大學,0016,國立陽明大學,09191039,環境與職業衛生研究所,6,4,2,1,1,3,0,0,1,0,0,0,0,6,4,2,6,4,2
109,公立,一般大學,0016,國立陽明大學,09199066,食品安全及健康風險評估研究所,4,3,1,1,0,1,0,1,1,0,0,0,0,4,3,1,4,3,1
109,公立,一般大學,0016,國立陽明大學,99999Z99,人文與社會教育中心,21,15,6,3,1,3,0,5,2,4,3,0,0,14,11,3,21,15,6
109,公立,一般大學,0017,國立臺北大學,02221005,歷史學系,8,5,3,2,0,2,0,1,2,0,1,0,0,7,5,2,8,5,3
109,公立,一般大學,0017,國立臺北大學,02299008,民俗藝術與文化資產研究所,3,2,1,2,1,0,0,0,0,0,0,0,0,3,2,1,3,2,1
109,公立,一般大學,0017,國立臺北大學,02311004,應用外語學系,5,3,2,2,0,0,0,0,1,1,1,0,0,3,2,1,5,3,2
109,公立,一般大學,0017,國立臺北大學,02322002,中國文學系,18,9,9,2,2,1,3,5,4,1,0,0,0,17,8,9,18,9,9
109,公立,一般大學,0017,國立臺北大學,03111009,經濟學系,7,3,4,1,0,1,1,1,2,0,1,0,0,6,3,3,7,3,4
109,公立,一般大學,0017,國立臺北大學,03141011,社會學系,3,2,1,1,0,1,1,0,0,0,0,0,0,3,2,1,3,2,1
109,公立,一般大學,0017,國立臺北大學,03199016,犯罪學研究所,2,2,0,2,0,0,0,0,0,0,0,0,0,2,2,0,2,2,0
109,公立,一般大學,0017,國立臺北大學,04111017,會計學系,12,7,5,0,0,6,0,0,1,1,4,0,0,7,6,1,12,7,5
109,公立,一般大學,0017,國立臺北大學,04121021,商學院國際財務金融碩士在職專班,3,2,1,2,1,0,0,0,0,0,0,0,0,3,2,1,3,2,1
109,公立,一般大學,0017,國立臺北大學,04121022,金融與合作經營學系,5,3,2,1,0,1,0,0,1,1,1,0,0,3,2,1,5,3,2
109,公立,一般大學,0017,國立臺北大學,04122023,財政學系,9,9,0,1,0,3,0,1,0,4,0,0,0,5,5,0,9,9,0
109,公立,一般大學,0017,國立臺北大學,04131018,企業管理學系,24,19,5,6,1,4,0,8,3,1,1,0,0,22,18,4,24,19,5
109,公立,一般大學,0017,國立臺北大學,04131019,國際企業研究所,1,1,0,1,0,0,0,0,0,0,0,0,0,1,1,0,1,1,0
109,公立,一般大學,0017,國立臺北大學,04134013,公共行政暨政策學系,31,25,6,9,1,10,3,4,2,2,0,0,0,29,23,6,31,25,6
109,公立,一般大學,0017,國立臺北大學,04134024,不動產與城鄉環境學系,16,15,1,0,0,8,1,4,0,3,0,0,0,13,12,1,16,15,1
109,公立,一般大學,0017,國立臺北大學,04141026,商學院數位行銷進修學士學位學程,8,5,3,0,0,0,1,4,2,1,0,0,0,7,4,3,8,5,3
109,公立,一般大學,0017,國立臺北大學,04211028,法律學系,32,27,5,14,2,3,2,5,1,5,0,0,0,27,22,5,32,27,5
109,公立,一般大學,0017,國立臺北大學,05211043,自然資源與環境管理研究所,1,1,0,1,0,0,0,0,0,0,0,0,0,1,1,0,1,1,0
109,公立,一般大學,0017,國立臺北大學,05421033,統計學系,16,12,4,2,0,0,2,9,1,1,1,0,0,14,11,3,16,12,4
109,公立,一般大學,0017,國立臺北大學,06131036,資訊工程學系,4,4,0,2,0,2,0,0,0,0,0,0,0,4,4,0,4,4,0
109,公立,一般大學,0017,國立臺北大學,06134034,資訊管理研究所,2,1,1,0,0,1,0,0,1,0,0,0,0,2,1,1,2,1,1
109,公立,一般大學,0017,國立臺北大學,07141035,電機工程學系,1,1,0,1,0,0,0,0,0,0,0,0,0,1,1,0,1,1,0
109,公立,一般大學,0017,國立臺北大學,07313039,都市計劃研究所,2,2,0,2,0,0,0,0,0,0,0,0,0,2,2,0,2,2,0
109,公立,一般大學,0017,國立臺北大學,09231041,社會工作學系,20,12,8,2,1,1,1,3,4,6,2,0,0,12,6,6,20,12,8
109,公立,一般大學,0017,國立臺北大學,10152042,休閒運動管理學系,4,2,2,0,1,0,0,1,0,1,1,0,0,2,1,1,4,2,2
109,公立,一般大學,0017,國立臺北大學,99999Z01,通識教育中心,18,9,9,1,0,0,2,8,5,0,2,0,0,16,9,7,18,9,9
109,公立,一般大學,0017,國立臺北大學,99999Z07,體育室,2,2,0,0,0,0,0,0,0,2,0,0,0,0,0,0,2,2,0
109,公立,一般大學,0017,國立臺北大學,99999Z08,語言中心,19,7,12,0,0,3,0,0,0,4,12,0,0,3,3,0,19,7,12
109,公立,一般大學,0018,國立嘉義大學,01111001,教育學系,9,5,4,3,0,0,0,1,4,1,0,0,0,8,4,4,9,5,4
109,公立,一般大學,0018,國立嘉義大學,01113017,特殊教育學系,1,0,1,0,0,0,0,0,1,0,0,0,0,1,0,1,1,0,1
109,公立,一般大學,0018,國立嘉義大學,01114018,教育行政與政策發展研究所,4,4,0,1,0,0,0,3,0,0,0,0,0,4,4,0,4,4,0
109,公立,一般大學,0018,國立嘉義大學,01116021,數位學習設計與管理學系,3,1,2,0,1,0,0,0,0,1,1,0,0,1,0,1,3,1,2
109,公立,一般大學,0018,國立嘉義大學,01121016,幼兒教育學系,2,0,2,0,0,0,0,0,0,0,2,0,0,0,0,0,2,0,2
109,公立,一般大學,0018,國立嘉義大學,01131010,數理教育研究所,2,1,1,0,0,0,0,1,1,0,0,0,0,2,1,1,2,1,1
109,公立,一般大學,0018,國立嘉義大學,01141113,體育與健康休閒學系,7,5,2,1,0,0,0,0,1,4,1,0,0,2,1,1,7,5,2
109,公立,一般大學,0018,國立嘉義大學,02131025,視覺藝術學系,7,5,2,0,0,1,0,2,1,2,1,0,0,4,3,1,7,5,2
109,公立,一般大學,0018,國立嘉義大學,02151024,音樂學系,43,17,26,0,0,0,1,10,15,7,10,0,0,26,10,16,43,17,26
109,公立,一般大學,0018,國立嘉義大學,02221033,應用歷史學系,2,2,0,0,0,1,0,1,0,0,0,0,0,2,2,0,2,2,0
109,公立,一般大學,0018,國立嘉義大學,02311031,外國語言學系,2,0,2,0,0,0,0,0,1,0,1,0,0,1,0,1,2,0,2
109,公立,一般大學,0018,國立嘉義大學,02322029,中國文學系,14,8,6,0,0,2,0,3,6,3,0,0,0,11,5,6,14,8,6
109,公立,一般大學,0018,國立嘉義大學,03111034,應用經濟學系,1,0,1,0,0,0,0,0,0,0,1,0,0,0,0,0,1,0,1
109,公立,一般大學,0018,國立嘉義大學,03131035,輔導與諮商學系,9,3,6,0,0,0,2,2,1,1,3,0,0,5,2,3,9,3,6
109,公立,一般大學,0018,國立嘉義大學,04121041,財務金融學系,5,4,1,0,0,0,0,0,0,4,1,0,0,0,0,0,5,4,1
109,公立,一般大學,0018,國立嘉義大學,04131038,企業管理學系,3,2,1,0,0,1,0,1,1,0,0,0,0,3,2,1,3,2,1
109,公立,一般大學,0018,國立嘉義大學,04131045,生物事業管理學系,2,2,0,0,0,0,0,2,0,0,0,0,0,2,2,0,2,2,0
109,公立,一般大學,0018,國立嘉義大學,04143044,行銷與觀光管理學系,1,0,1,0,0,0,0,0,0,0,1,0,0,0,0,0,1,0,1
109,公立,一般大學,0018,國立嘉義大學,05121053,生化科技學系,1,1,0,0,0,0,0,1,0,0,0,0,0,1,1,0,1,1,0
109,公立,一般大學,0018,國立嘉義大學,05199058,微生物免疫與生物藥學系,1,1,0,0,0,0,0,0,0,1,0,0,0,0,0,0,1,1,0
109,公立,一般大學,0018,國立嘉義大學,06131063,資訊管理學系,1,1,0,0,0,0,0,1,0,0,0,0,0,1,1,0,1,1,0
109,公立,一般大學,0018,國立嘉義大學,07151067,生物機電工程學系,1,1,0,0,0,0,0,0,0,1,0,0,0,0,0,0,1,1,0
109,公立,一般大學,0018,國立嘉義大學,07211088,食品科學系,2,1,1,1,0,0,0,0,0,0,1,0,0,1,1,0,2,1,1
109,公立,一般大學,0018,國立嘉義大學,07312072,景觀學系,8,5,3,0,0,1,0,0,1,4,2,0,0,2,1,1,8,5,3
109,公立,一般大學,0018,國立嘉義大學,07321070,土木與水資源工程學系,2,2,0,0,0,0,0,2,0,0,0,0,0,2,2,0,2,2,0
109,公立,一般大學,0018,國立嘉義大學,08112079,動物科學系,1,1,0,1,0,0,0,0,0,0,0,0,0,1,1,0,1,1,0
109,公立,一般大學,0018,國立嘉義大學,08121080,園藝學系,5,4,1,2,0,1,0,1,1,0,0,0,0,5,4,1,5,4,1
109,公立,一般大學,0018,國立嘉義大學,08199076,農場管理進修學士學位學程,2,2,0,0,0,0,0,1,0,1,0,0,0,1,1,0,2,2,0
109,公立,一般大學,0018,國立嘉義大學,08211106,木質材料與設計學系,4,3,1,2,0,0,0,1,0,0,1,0,0,3,3,0,4,3,1
109,公立,一般大學,0018,國立嘉義大學,08312047,水生生物科學系,1,1,0,0,0,0,0,0,0,1,0,0,0,0,0,0,1,1,0
109,公立,一般大學,0018,國立嘉義大學,08411108,獸醫學系,5,4,1,2,0,0,0,0,1,2,0,0,0,3,2,1,5,4,1
109,公立,一般大學,0018,國立嘉義大學,99999Z08,語言中心,9,0,9,0,0,0,0,0,2,0,7,0,0,2,0,2,9,0,9
109,公立,一般大學,0019,國立高雄大學,02122036,工藝與創意設計學系,3,3,0,0,0,0,0,1,0,2,0,0,0,1,1,0,3,3,0
109,公立,一般大學,0019,國立高雄大學,02311002,西洋語文學系,2,0,2,0,0,0,0,0,0,0,2,0,0,0,0,0,2,0,2
109,公立,一般大學,0019,國立高雄大學,02311003,東亞語文學系,5,0,5,0,0,0,0,0,0,0,5,0,0,0,0,0,5,0,5
109,公立,一般大學,0019,國立高雄大學,03111006,應用經濟學系,3,2,1,0,0,0,0,1,1,1,0,0,0,2,1,1,3,2,1
109,公立,一般大學,0019,國立高雄大學,04121011,金融管理學系,2,1,1,0,0,0,0,0,0,1,1,0,0,0,0,0,2,1,1
109,公立,一般大學,0019,國立高雄大學,04131009,亞太工商管理學系,2,2,0,2,0,0,0,0,0,0,0,0,0,2,2,0,2,2,0
109,公立,一般大學,0019,國立高雄大學,04199012,高階經營管理碩士在職專班,1,1,0,1,0,0,0,0,0,0,0,0,0,1,1,0,1,1,0
109,公立,一般大學,0019,國立高雄大學,04211015,法律學系,6,4,2,1,0,0,1,1,0,2,1,0,0,3,2,1,6,4,2
109,公立,一般大學,0019,國立高雄大學,04212016,財經法律學系,4,4,0,1,0,0,0,1,0,2,0,0,0,2,2,0,4,4,0
109,公立,一般大學,0019,國立高雄大學,04212017,政治法律學系,8,4,4,0,1,1,0,0,1,3,2,0,0,3,1,2,8,4,4
109,公立,一般大學,0019,國立高雄大學,05331023,應用物理學系,2,0,2,0,0,0,0,0,2,0,0,0,0,2,0,2,2,0,2
109,公立,一般大學,0019,國立高雄大學,05411024,應用數學系,2,2,0,0,0,1,0,0,0,1,0,0,0,1,1,0,2,2,0
109,公立,一般大學,0019,國立高雄大學,06131026,資訊管理學系,1,1,0,0,0,0,0,0,0,1,0,0,0,0,0,0,1,1,0
109,公立,一般大學,0019,國立高雄大學,07111030,化學工程及材料工程學系,1,1,0,0,0,0,0,1,0,0,0,0,0,1,1,0,1,1,0
109,公立,一般大學,0019,國立高雄大學,07141027,電機工程學系,7,6,1,1,0,1,1,3,0,1,0,0,0,6,5,1,7,6,1
109,公立,一般大學,0019,國立高雄大學,07311035,建築學系,11,11,0,0,0,1,0,5,0,5,0,0,0,6,6,0,11,11,0
109,公立,一般大學,0019,國立高雄大學,07321029,土木與環境工程學系,6,3,3,0,0,1,0,2,2,0,1,0,0,5,3,2,6,3,3
109,公立,一般大學,0019,國立高雄大學,10152033,運動健康與休閒學系,8,4,4,0,1,0,0,1,0,3,3,0,0,2,1,1,8,4,4
109,公立,一般大學,0019,國立高雄大學,99999Z01,通識教育中心,84,48,36,0,0,1,1,24,16,23,19,0,0,42,25,17,84,48,36
109,公立,一般大學,0020,國立東華大學,01111001,教育與潛能開發學系,7,4,3,0,0,0,0,1,0,3,3,0,0,1,1,0,7,4,3
109,公立,一般大學,0020,國立東華大學,01114015,教育行政與管理學系,7,1,6,0,0,0,0,0,2,1,4,0,0,2,0,2,7,1,6
109,公立,一般大學,0020,國立東華大學,01121012,幼兒教育學系,5,2,3,0,0,0,1,0,0,2,2,0,0,1,0,1,5,2,3
109,公立,一般大學,0020,國立東華大學,01141010,體育與運動科學系,3,3,0,1,0,0,0,0,0,2,0,0,0,1,1,0,3,3,0
109,公立,一般大學,0020,國立東華大學,02121019,藝術與設計學系,7,6,1,1,0,1,0,1,1,3,0,0,0,4,3,1,7,6,1
109,公立,一般大學,0020,國立東華大學,02151018,音樂學系,22,6,16,0,0,0,0,1,9,5,7,0,0,10,1,9,22,6,16
109,公立,一般大學,0020,國立東華大學,02191022,藝術創意產業學系,6,4,2,1,0,0,0,0,0,3,2,0,0,1,1,0,6,4,2
109,公立,一般大學,0020,國立東華大學,02199109,原住民族樂舞與藝術學士學位學程,4,2,2,0,1,0,0,0,0,2,1,0,0,1,0,1,4,2,2
109,公立,一般大學,0020,國立東華大學,02199Y09,藝術學院,5,3,2,0,0,0,0,2,1,1,1,0,0,3,2,1,5,3,2
109,公立,一般大學,0020,國立東華大學,02221033,歷史學系,2,1,1,0,0,1,0,0,1,0,0,0,0,2,1,1,2,1,1
109,公立,一般大學,0020,國立東華大學,02311029,英美語文學系,2,0,2,0,0,0,0,0,0,0,2,0,0,0,0,0,2,0,2
109,公立,一般大學,0020,國立東華大學,02321028,民族語言與傳播學系,9,7,2,0,0,0,0,1,0,6,2,0,0,1,1,0,9,7,2
109,公立,一般大學,0020,國立東華大學,02322025,中國語文學系,6,6,0,1,0,0,0,0,0,5,0,0,0,1,1,0,6,6,0
109,公立,一般大學,0020,國立東華大學,03131046,諮商與臨床心理學系,2,1,1,0,0,0,0,1,0,0,1,0,0,1,1,0,2,1,1
109,公立,一般大學,0020,國立東華大學,03143051,臺灣文化學系,2,2,0,0,0,1,0,1,0,0,0,0,0,2,2,0,2,2,0
109,公立,一般大學,0020,國立東華大學,04111056,會計學系,2,2,0,0,0,1,0,0,0,1,0,0,0,1,1,0,2,2,0
109,公立,一般大學,0020,國立東華大學,04121061,財務金融學系,3,2,1,0,0,0,1,0,0,2,0,0,0,1,0,1,3,2,1
109,公立,一般大學,0020,國立東華大學,04131059,企業管理學系,5,3,2,0,1,1,0,2,1,0,0,0,0,5,3,2,5,3,2
109,公立,一般大學,0020,國立東華大學,04134054,公共行政學系,1,1,0,1,0,0,0,0,0,0,0,0,0,1,1,0,1,1,0
109,公立,一般大學,0020,國立東華大學,04211067,法律學系,1,1,0,0,0,1,0,0,0,0,0,0,0,1,1,0,1,1,0
109,公立,一般大學,0020,國立東華大學,06134081,資訊管理學系,4,1,3,0,0,0,0,1,0,0,3,0,0,1,1,0,4,1,3
109,公立,一般大學,0020,國立東華大學,07141083,電機工程學系,2,2,0,1,0,0,0,0,0,1,0,0,0,1,1,0,2,2,0
109,公立,一般大學,0020,國立東華大學,99999Z01,通識教育中心,42,22,20,3,0,0,1,1,5,18,14,0,0,10,4,6,42,22,20
109,公立,一般大學,0020,國立東華大學,99999Z05,師資培育中心,10,5,5,0,0,1,0,1,1,3,4,0,0,3,2,1,10,5,5
109,公立,一般大學,0020,國立東華大學,99999Z07,體育中心,4,2,2,0,0,0,0,0,0,2,2,0,0,0,0,0,4,2,2
109,公立,一般大學,0020,國立東華大學,99999Z08,華語文中心,1,0,1,0,0,0,0,0,0,0,1,0,0,0,0,0,1,0,1
109,公立,一般大學,0020,國立東華大學,99999Z08,語言中心,2,1,1,0,0,0,0,1,0,0,1,0,0,1,1,0,2,1,1
109,公立,一般大學,0021,國立暨南國際大學,01111001,國際文教與比較教育學系,6,3,3,0,0,0,1,2,0,1,2,0,0,3,2,1,6,3,3
109,公立,一般大學,0021,國立暨南國際大學,01111004,諮商心理與人力資源發展學系,13,5,8,1,0,1,1,3,5,0,2,0,0,11,5,6,13,5,8
109,公立,一般大學,0021,國立暨南國際大學,01114010,教育政策與行政學系,2,2,0,1,0,0,0,1,0,0,0,0,0,2,2,0,2,2,0
109,公立,一般大學,0021,國立暨南國際大學,01131007,華語文教學碩士學位學程,4,2,2,0,1,2,0,0,0,0,1,0,0,3,2,1,4,2,2
109,公立,一般大學,0021,國立暨南國際大學,02221015,歷史學系,5,3,2,1,0,1,0,0,0,1,2,0,0,2,2,0,5,3,2
109,公立,一般大學,0021,國立暨南國際大學,02311014,外國語文學系,11,2,9,0,0,0,1,0,1,2,7,0,0,2,0,2,11,2,9
109,公立,一般大學,0021,國立暨南國際大學,02322013,中國語文學系,12,6,6,1,0,0,0,1,3,4,3,0,0,5,2,3,12,6,6
109,公立,一般大學,0021,國立暨南國際大學,03111016,經濟學系,2,1,1,0,0,1,0,0,1,0,0,0,0,2,1,1,2,1,1
109,公立,一般大學,0021,國立暨南國際大學,03141045,原住民文化產業與社會工作學士學位學程原住民族專班,25,12,13,0,0,0,0,2,1,10,12,0,0,3,2,1,25,12,13
109,公立,一般大學,0021,國立暨南國際大學,03143019,東南亞學系,7,3,4,0,0,0,0,1,1,2,3,0,0,2,1,1,7,3,4
109,公立,一般大學,0021,國立暨南國際大學,04121025,財務金融學系,3,1,2,0,0,0,0,1,1,0,1,0,0,2,1,1,3,1,2
109,公立,一般大學,0021,國立暨南國際大學,04131022,國際企業學系,7,6,1,2,0,0,0,3,0,1,1,0,0,5,5,0,7,6,1
109,公立,一般大學,0021,國立暨南國際大學,04131026,新興產業策略與發展博士學位學程,2,1,1,0,0,0,0,0,0,1,1,0,0,0,0,0,2,1,1
109,公立,一般大學,0021,國立暨南國際大學,04131048,管理學院學士班,7,6,1,1,0,0,0,3,1,2,0,0,0,5,4,1,7,6,1
109,公立,一般大學,0021,國立暨南國際大學,04134020,公共行政與政策學系,5,4,1,0,0,0,0,0,1,4,0,0,0,1,0,1,5,4,1
109,公立,一般大學,0021,國立暨南國際大學,04134021,非營利組織經營管理碩士學位學程在職專班,1,0,1,0,0,0,1,0,0,0,0,0,0,1,0,1,1,0,1
109,公立,一般大學,0021,國立暨南國際大學,04143052,文化創意與社會行銷碩士學位學程,1,1,0,0,0,0,0,0,0,1,0,0,0,0,0,0,1,1,0
109,公立,一般大學,0021,國立暨南國際大學,05311027,應用化學系,13,10,3,1,0,2,0,6,3,1,0,0,0,12,9,3,13,10,3
109,公立,一般大學,0021,國立暨南國際大學,06131030,資訊管理學系,4,4,0,0,0,2,0,1,0,1,0,0,0,3,3,0,4,4,0
109,公立,一般大學,0021,國立暨南國際大學,06131034,資訊工程學系,8,8,0,4,0,0,0,3,0,1,0,0,0,7,7,0,8,8,0
109,公立,一般大學,0021,國立暨南國際大學,07112037,應用材料及光電工程學系,2,1,1,0,0,0,0,1,1,0,0,0,0,2,1,1,2,1,1
109,公立,一般大學,0021,國立暨南國際大學,07141031,電機工程學系,7,7,0,4,0,0,0,2,0,1,0,0,0,6,6,0,7,7,0
109,公立,一般大學,0021,國立暨南國際大學,07321035,土木工程學系,13,11,2,1,0,2,0,7,2,1,0,0,0,12,10,2,13,11,2
109,公立,一般大學,0021,國立暨南國際大學,09211051,長期照顧經營管理碩士在職學位學程,1,0,1,0,0,0,1,0,0,0,0,0,0,1,0,1,1,0,1
109,公立,一般大學,0021,國立暨南國際大學,09231038,社會政策與社會工作學系,9,6,3,0,0,1,0,1,2,4,1,0,0,4,2,2,9,6,3
109,公立,一般大學,0021,國立暨南國際大學,10151039,觀光休閒與餐旅管理學系,6,5,1,0,0,1,0,1,0,3,1,0,0,2,2,0,6,5,1
109,公立,一般大學,0021,國立暨南國際大學,99999Z01,通識教育中心,63,42,21,1,0,2,1,13,4,26,16,0,0,21,16,5,63,42,21
109,公立,一般大學,0021,國立暨南國際大學,99999Z05,師資培育中心,7,4,3,0,0,0,0,2,1,2,2,0,0,3,2,1,7,4,3
109,公立,一般大學,0021,國立暨南國際大學,99999Z08,語文教學研究中心,4,3,1,0,0,0,0,0,0,3,1,0,0,0,0,0,4,3,1
109,公立,技專校院,0022,國立臺灣科技大學,01116002,數位學習與教育研究所,1,1,0,0,0,1,0,0,0,0,0,0,0,1,1,0,1,1,0
109,公立,技專校院,0022,國立臺灣科技大學,02122004,設計系,53,46,7,6,0,9,1,15,2,16,4,0,0,33,30,3,53,46,7
109,公立,技專校院,0022,國立臺灣科技大學,02199Y10,設計學院,1,1,0,0,0,0,0,0,0,1,0,0,0,0,0,0,1,1,0
109,公立,技專校院,0022,國立臺灣科技大學,02311003,應用外語系,13,8,5,0,0,1,0,1,0,6,5,0,0,2,2,0,13,8,5
109,公立,技專校院,0022,國立臺灣科技大學,04121010,財務金融研究所,10,6,4,2,0,1,0,3,3,0,1,0,0,9,6,3,10,6,4
109,公立,技專校院,0022,國立臺灣科技大學,04131008,企業管理系,23,14,9,2,0,1,2,9,3,2,4,0,0,17,12,5,23,14,9
109,公立,技專校院,0022,國立臺灣科技大學,04191009,管理研究所,8,7,1,5,0,2,0,0,1,0,0,0,0,8,7,1,8,7,1
109,公立,技專校院,0022,國立臺灣科技大學,04199011,科技管理研究所,1,0,1,0,0,0,0,0,1,0,0,0,0,1,0,1,1,0,1
109,公立,技專校院,0022,國立臺灣科技大學,04199013,管理學院,6,5,1,0,1,0,0,4,0,1,0,0,0,5,4,1,6,5,1
109,公立,技專校院,0022,國立臺灣科技大學,04212014,專利研究所,5,4,1,3,1,0,0,1,0,0,0,0,0,5,4,1,5,4,1
109,公立,技專校院,0022,國立臺灣科技大學,05399Y38,應用科技學院,2,2,0,0,0,0,0,1,0,1,0,0,0,1,1,0,2,2,0
109,公立,技專校院,0022,國立臺灣科技大學,06131016,資訊管理系,5,1,4,0,1,1,1,0,2,0,0,0,0,5,1,4,5,1,4
109,公立,技專校院,0022,國立臺灣科技大學,07111026,化學工程系,5,5,0,3,0,1,0,0,0,1,0,0,0,4,4,0,5,5,0
109,公立,技專校院,0022,國立臺灣科技大學,07112028,材料科學與工程系,1,1,0,0,0,1,0,0,0,0,0,0,0,1,1,0,1,1,0
109,公立,技專校院,0022,國立臺灣科技大學,07141017,電機工程系,6,6,0,3,0,1,0,2,0,0,0,0,0,6,6,0,6,6,0
109,公立,技專校院,0022,國立臺灣科技大學,07141018,電子工程系,5,5,0,1,0,0,0,4,0,0,0,0,0,5,5,0,5,5,0
109,公立,技專校院,0022,國立臺灣科技大學,07141019,光電工程研究所,1,1,0,1,0,0,0,0,0,0,0,0,0,1,1,0,1,1,0
109,公立,技專校院,0022,國立臺灣科技大學,07151023,機械工程系,18,16,2,7,0,6,1,3,1,0,0,0,0,18,16,2,18,16,2
109,公立,技專校院,0022,國立臺灣科技大學,07151024,自動化及控制研究所,1,1,0,0,0,0,0,1,0,0,0,0,0,1,1,0,1,1,0
109,公立,技專校院,0022,國立臺灣科技大學,07191012,工業管理系,11,11,0,2,0,1,0,4,0,4,0,0,0,7,7,0,11,11,0
109,公立,技專校院,0022,國立臺灣科技大學,07199033,工程學院,16,12,4,5,2,3,0,3,2,1,0,0,0,15,11,4,16,12,4
109,公立,技專校院,0022,國立臺灣科技大學,07199Y53,電資學院,2,2,0,0,0,2,0,0,0,0,0,0,0,2,2,0,2,2,0
109,公立,技專校院,0022,國立臺灣科技大學,07311038,建築系,51,38,13,15,3,8,2,12,8,3,0,0,0,48,35,13,51,38,13
109,公立,技專校院,0022,國立臺灣科技大學,07321025,營建工程系,8,7,1,3,0,2,0,1,1,1,0,0,0,7,6,1,8,7,1
109,公立,技專校院,0022,國立臺灣科技大學,09171034,醫學工程研究所,1,1,0,0,0,0,0,1,0,0,0,0,0,1,1,0,1,1,0
109,公立,技專校院,0022,國立臺灣科技大學,99999Z01,人文社會學科,32,18,14,1,1,3,3,9,7,5,3,0,0,24,13,11,32,18,14
109,公立,技專校院,0022,國立臺灣科技大學,99999Z01,通識教育中心,38,21,17,5,1,3,2,8,4,5,10,0,0,23,16,7,38,21,17
109,公立,技專校院,0022,國立臺灣科技大學,99999Z05,師資培育中心,7,4,3,0,0,1,0,2,2,1,1,0,0,5,3,2,7,4,3
109,公立,技專校院,0022,國立臺灣科技大學,99999Z07,體育室,22,17,5,3,0,4,0,1,1,9,4,0,0,9,8,1,22,17,5
109,公立,技專校院,0022,國立臺灣科技大學,99999Z08,語言中心,35,4,31,0,0,1,1,0,3,3,27,0,0,5,1,4,35,4,31
109,公立,技專校院,0023,國立雲林科技大學,02112011,視覺傳達設計系,5,3,2,0,0,1,0,0,0,2,2,0,0,1,1,0,5,3,2
109,公立,技專校院,0023,國立雲林科技大學,02112013,數位媒體設計系,5,3,2,0,0,1,0,0,0,2,2,0,0,1,1,0,5,3,2
109,公立,技專校院,0023,國立雲林科技大學,02122007,設計學研究所,2,1,1,0,0,0,0,1,1,0,0,0,0,2,1,1,2,1,1
109,公立,技專校院,0023,國立雲林科技大學,02122009,創意生活設計系,11,8,3,0,0,1,0,2,0,5,3,0,0,3,3,0,11,8,3
109,公立,技專校院,0023,國立雲林科技大學,02123014,工業設計系,8,8,0,1,0,1,0,0,0,6,0,0,0,2,2,0,8,8,0
109,公立,技專校院,0023,國立雲林科技大學,02192002,文化資產維護系,8,7,1,1,0,0,0,1,1,5,0,0,0,3,2,1,8,7,1
109,公立,技專校院,0023,國立雲林科技大學,02311004,應用外語系,29,11,18,0,0,0,1,3,4,8,13,0,0,8,3,5,29,11,18
109,公立,技專校院,0023,國立雲林科技大學,02322003,漢學應用研究所,6,1,5,0,0,0,0,1,3,0,2,0,0,4,1,3,6,1,5
109,公立,技專校院,0023,國立雲林科技大學,04111018,會計系,4,4,0,1,0,1,0,0,0,2,0,0,0,2,2,0,4,4,0
109,公立,技專校院,0023,國立雲林科技大學,04121024,財務金融系,5,5,0,2,0,0,0,0,0,3,0,0,0,2,2,0,5,5,0
109,公立,技專校院,0023,國立雲林科技大學,04131019,企業管理系,14,10,4,0,1,0,0,6,2,4,1,0,0,9,6,3,14,10,4
109,公立,技專校院,0023,國立雲林科技大學,04131022,國際管理學士學位學程,2,1,1,0,0,0,0,1,1,0,0,0,0,2,1,1,2,1,1
109,公立,技專校院,0023,國立雲林科技大學,04131059,工商管理學士學位學程,6,4,2,0,0,0,0,2,2,2,0,0,0,4,2,2,6,4,2
109,公立,技專校院,0023,國立雲林科技大學,04212031,科技法律研究所,5,4,1,0,0,0,1,4,0,0,0,0,0,5,4,1,5,4,1
109,公立,技專校院,0023,國立雲林科技大學,06131032,資訊管理系,2,2,0,0,0,0,0,1,0,1,0,0,0,1,1,0,2,2,0
109,公立,技專校院,0023,國立雲林科技大學,07111045,化學工程與材料工程系,2,2,0,2,0,0,0,0,0,0,0,0,0,2,2,0,2,2,0
109,公立,技專校院,0023,國立雲林科技大學,07112047,材料科技研究所,3,2,1,0,0,1,1,1,0,0,0,0,0,3,2,1,3,2,1
109,公立,技專校院,0023,國立雲林科技大學,07121049,環境與安全衛生工程系,2,2,0,0,0,2,0,0,0,0,0,0,0,2,2,0,2,2,0
109,公立,技專校院,0023,國立雲林科技大學,07141033,電機工程系,9,4,5,1,0,1,0,1,0,1,5,0,0,3,3,0,9,4,5
109,公立,技專校院,0023,國立雲林科技大學,07141034,電子工程系,18,11,7,0,0,1,0,7,1,3,6,0,0,9,8,1,18,11,7
109,公立,技專校院,0023,國立雲林科技大學,07141037,資訊工程系,9,6,3,1,0,1,0,3,0,1,3,0,0,5,5,0,9,6,3
109,公立,技專校院,0023,國立雲林科技大學,07151041,機械工程系,6,6,0,1,0,2,0,1,0,2,0,0,0,4,4,0,6,6,0
109,公立,技專校院,0023,國立雲林科技大學,07191048,工業工程與管理系,5,5,0,2,0,1,0,1,0,1,0,0,0,4,4,0,5,5,0
109,公立,技專校院,0023,國立雲林科技大學,07194063,產業科技學士學位學程,2,1,1,0,0,0,0,1,1,0,0,0,0,2,1,1,2,1,1
109,公立,技專校院,0023,國立雲林科技大學,07311016,建築與室內設計系,11,7,4,0,0,0,0,1,0,6,4,0,0,1,1,0,11,7,4
109,公立,技專校院,0023,國立雲林科技大學,07321043,營建工程系,1,1,0,0,0,0,0,1,0,0,0,0,0,1,1,0,1,1,0
109,公立,技專校院,0023,國立雲林科技大學,10152053,休閒運動研究所,21,16,5,0,0,1,0,3,0,12,5,0,0,4,4,0,21,16,5
109,公立,技專校院,0023,國立雲林科技大學,99999Z01,通識教育中心,13,6,7,1,0,0,1,3,3,2,3,0,0,8,4,4,13,6,7
109,公立,技專校院,0023,國立雲林科技大學,99999Z05,師資培育中心,1,0,1,0,0,0,0,0,0,0,1,0,0,0,0,0,1,0,1
109,公立,技專校院,0024,國立屏東科技大學,01118001,技術及職業教育研究所,1,1,0,0,0,0,0,1,0,0,0,0,0,1,1,0,1,1,0
109,公立,技專校院,0024,國立屏東科技大學,02125003,時尚設計與管理系,1,0,1,0,0,0,0,0,0,0,1,0,0,0,0,0,1,0,1
109,公立,技專校院,0024,國立屏東科技大學,02299Y13,人文暨社會科學院,7,1,6,0,0,0,0,0,1,1,5,0,0,1,0,1,7,1,6
109,公立,技專校院,0024,國立屏東科技大學,04131005,企業管理系,7,5,2,0,0,1,0,2,1,2,1,0,0,4,3,1,7,5,2
109,公立,技專校院,0024,國立屏東科技大學,04199009,工業管理系,5,3,2,0,0,0,1,1,0,2,1,0,0,2,1,1,5,3,2
109,公立,技專校院,0024,國立屏東科技大學,05292040,水土保持系,3,3,0,0,0,0,0,3,0,0,0,0,0,3,3,0,3,3,0
109,公立,技專校院,0024,國立屏東科技大學,06131017,資訊管理系,4,2,2,0,0,1,0,0,2,1,0,0,0,3,1,2,4,2,2
109,公立,技專校院,0024,國立屏東科技大學,07112065,先進材料學士學位學程,3,3,0,0,0,0,0,2,0,1,0,0,0,2,2,0,3,3,0
109,公立,技專校院,0024,國立屏東科技大學,07151018,機械工程系,2,2,0,0,0,0,0,0,0,2,0,0,0,0,0,0,2,2,0
109,公立,技專校院,0024,國立屏東科技大學,07151020,生物機電工程系,8,8,0,0,0,1,0,5,0,2,0,0,0,6,6,0,8,8,0
109,公立,技專校院,0024,國立屏東科技大學,07161019,車輛工程系,2,2,0,0,0,0,0,0,0,2,0,0,0,0,0,0,2,2,0
109,公立,技專校院,0024,國立屏東科技大學,07211037,食品科學系,5,4,1,0,0,0,0,0,1,4,0,0,0,1,0,1,5,4,1
109,公立,技專校院,0024,國立屏東科技大學,07211039,食品生技碩士學位學程在職專班,6,5,1,2,0,0,0,3,1,0,0,0,0,6,5,1,6,5,1
109,公立,技專校院,0024,國立屏東科技大學,07321021,土木工程系,7,6,1,0,0,1,0,1,0,4,1,0,0,2,2,0,7,6,1
109,公立,技專校院,0024,國立屏東科技大學,07321023,環境資源與防災學位學程,7,7,0,0,0,0,0,1,0,6,0,0,0,1,1,0,7,7,0
109,公立,技專校院,0024,國立屏東科技大學,08111029,農園生產系,1,0,1,0,0,0,1,0,0,0,0,0,0,1,0,1,1,0,1
109,公立,技專校院,0024,國立屏東科技大學,08112032,動物科學與畜產系,1,1,0,0,0,1,0,0,0,0,0,0,0,1,1,0,1,1,0
109,公立,技專校院,0024,國立屏東科技大學,08193036,農企業管理系,1,1,0,1,0,0,0,0,0,0,0,0,0,1,1,0,1,1,0
109,公立,技專校院,0024,國立屏東科技大學,08199030,熱帶農業暨國際合作系,4,4,0,2,0,0,0,2,0,0,0,0,0,4,4,0,4,4,0
109,公立,技專校院,0024,國立屏東科技大學,08199067,科技農業學士學位學程,3,3,0,0,0,1,0,1,0,1,0,0,0,2,2,0,3,3,0
109,公立,技專校院,0024,國立屏東科技大學,08199Y41,農學院,1,1,0,0,0,0,0,0,0,1,0,0,0,0,0,0,1,1,0
109,公立,技專校院,0024,國立屏東科技大學,08211041,森林系,1,1,0,1,0,0,0,0,0,0,0,0,0,1,1,0,1,1,0
109,公立,技專校院,0024,國立屏東科技大學,08211043,木材科學與設計系,3,3,0,1,0,1,0,1,0,0,0,0,0,3,3,0,3,3,0
109,公立,技專校院,0024,國立屏東科技大學,08312046,水產養殖系,2,1,1,0,0,0,0,0,0,1,1,0,0,0,0,0,2,1,1
109,公立,技專校院,0024,國立屏東科技大學,08312068,觀賞魚科技及水生動物健康國際學位專班,2,2,0,2,0,0,0,0,0,0,0,0,0,2,2,0,2,2,0
109,公立,技專校院,0024,國立屏東科技大學,08411048,獸醫學系,6,5,1,1,0,1,0,1,1,2,0,0,0,4,3,1,6,5,1
109,公立,技專校院,0024,國立屏東科技大學,08411Y76,獸醫學院,2,1,1,1,0,0,0,0,0,0,1,0,0,1,1,0,2,1,1
109,公立,技專校院,0024,國立屏東科技大學,09231051,社會工作系,8,2,6,0,0,0,0,0,0,2,6,0,0,0,0,0,8,2,6
109,公立,技專校院,0024,國立屏東科技大學,10131054,餐旅管理系,3,0,3,0,0,0,0,0,0,0,3,0,0,0,0,0,3,0,3
109,公立,技專校院,0024,國立屏東科技大學,10152057,休閒運動健康系,6,3,3,0,0,0,0,0,0,3,3,0,0,0,0,0,6,3,3
109,公立,技專校院,0024,國立屏東科技大學,99999Y94,達人學院,1,0,1,0,0,0,0,0,0,0,1,0,0,0,0,0,1,0,1
109,公立,技專校院,0024,國立屏東科技大學,99999Z01,通識(教育)中心,25,17,8,1,0,2,1,10,3,4,4,0,0,17,13,4,25,17,8
109,公立,技專校院,0024,國立屏東科技大學,99999Z05,師資培育中心,5,3,2,0,0,1,0,0,0,2,2,0,0,1,1,0,5,3,2
109,公立,技專校院,0024,國立屏東科技大學,99999Z07,體育室,15,13,2,0,0,0,0,1,1,12,1,0,0,2,1,1,15,13,2
109,公立,技專校院,0024,國立屏東科技大學,99999Z08,語言中心,23,13,10,0,0,0,0,1,0,12,10,0,0,1,1,0,23,13,10
109,公立,技專校院,0025,國立臺北科技大學,01118001,技術及職業教育研究所,5,4,1,3,1,1,0,0,0,0,0,0,0,5,4,1,5,4,1
109,公立,技專校院,0025,國立臺北科技大學,02112007,互動設計系,26,22,4,2,0,1,0,5,0,14,4,0,0,8,8,0,26,22,4
109,公立,技專校院,0025,國立臺北科技大學,02122004,創意設計學士班,6,5,1,0,0,1,0,0,0,4,1,0,0,1,1,0,6,5,1
109,公立,技專校院,0025,國立臺北科技大學,02123009,工業設計系,37,30,7,1,0,3,0,4,1,22,6,0,0,9,8,1,37,30,7
109,公立,技專校院,0025,國立臺北科技大學,02299018,文化事業發展系,4,3,1,0,0,1,0,0,0,2,1,0,0,1,1,0,4,3,1
109,公立,技專校院,0025,國立臺北科技大學,02311002,應用英語(文)系,40,18,22,0,0,2,1,2,4,14,17,0,0,9,4,5,40,18,22
109,公立,技專校院,0025,國立臺北科技大學,04131011,經營管理系,11,9,2,0,0,2,1,6,0,1,1,0,0,9,8,1,11,9,2
109,公立,技專校院,0025,國立臺北科技大學,04131011,管理學院經營管理EMBA專班,3,3,0,0,0,1,0,2,0,0,0,0,0,3,3,0,3,3,0
109,公立,技專校院,0025,國立臺北科技大學,04199Y31,管理學院,6,4,2,0,0,2,0,2,2,0,0,0,0,6,4,2,6,4,2
109,公立,技專校院,0025,國立臺北科技大學,04212024,智慧財產權研究所,5,3,2,0,0,0,1,2,1,1,0,0,0,4,2,2,5,3,2
109,公立,技專校院,0025,國立臺北科技大學,06131016,資訊與財金管理系,19,15,4,1,1,2,1,5,1,7,1,0,0,11,8,3,19,15,4
109,公立,技專校院,0025,國立臺北科技大學,06131016,管理學院資訊與財金管理EMBA專班,3,2,1,1,0,1,1,0,0,0,0,0,0,3,2,1,3,2,1
109,公立,技專校院,0025,國立臺北科技大學,06131034,資訊工程系,2,2,0,0,0,1,0,1,0,0,0,0,0,2,2,0,2,2,0
109,公立,技專校院,0025,國立臺北科技大學,07111048,化學工程與生物科技系,5,5,0,1,0,4,0,0,0,0,0,0,0,5,5,0,5,5,0
109,公立,技專校院,0025,國立臺北科技大學,07111053,分子科學與工程系,4,4,0,0,0,3,0,1,0,0,0,0,0,4,4,0,4,4,0
109,公立,技專校院,0025,國立臺北科技大學,07112057,材料科學與工程研究所,2,2,0,0,0,1,0,1,0,0,0,0,0,2,2,0,2,2,0
109,公立,技專校院,0025,國立臺北科技大學,07112058,材料及資源工程系,4,4,0,2,0,2,0,0,0,0,0,0,0,4,4,0,4,4,0
109,公立,技專校院,0025,國立臺北科技大學,07112059,資源工程研究所,1,1,0,0,0,1,0,0,0,0,0,0,0,1,1,0,1,1,0
109,公立,技專校院,0025,國立臺北科技大學,07121063,環境工程與管理研究所,4,2,2,1,0,0,0,1,2,0,0,0,0,4,2,2,4,2,2
109,公立,技專校院,0025,國立臺北科技大學,07132068,能源與冷凍空調工程系,25,23,2,1,0,2,0,15,0,5,2,0,0,18,18,0,25,23,2
109,公立,技專校院,0025,國立臺北科技大學,07141025,電機工程系,18,15,3,3,0,6,0,5,3,1,0,0,0,17,14,3,18,15,3
109,公立,技專校院,0025,國立臺北科技大學,07141028,電子工程系,18,17,1,4,0,4,0,6,0,3,1,0,0,14,14,0,18,17,1
109,公立,技專校院,0025,國立臺北科技大學,07141032,光電工程系,16,15,1,1,0,4,1,10,0,0,0,0,0,16,15,1,16,15,1
109,公立,技專校院,0025,國立臺北科技大學,07151037,機械工程系,28,24,4,4,0,9,1,9,3,2,0,0,0,26,22,4,28,24,4
109,公立,技專校院,0025,國立臺北科技大學,07151043,製造科技研究所,2,2,0,1,0,0,0,1,0,0,0,0,0,2,2,0,2,2,0
109,公立,技專校院,0025,國立臺北科技大學,07151073,智慧自動化工程科,7,6,1,1,0,2,0,0,0,3,1,0,0,3,3,0,7,6,1
109,公立,技專校院,0025,國立臺北科技大學,07161042,車輛工程系,15,15,0,3,0,2,0,3,0,7,0,0,0,8,8,0,15,15,0
109,公立,技專校院,0025,國立臺北科技大學,07191022,工業工程與管理系,13,11,2,1,0,4,2,6,0,0,0,0,0,13,11,2,13,11,2
109,公立,技專校院,0025,國立臺北科技大學,07191074,管理學院工業與科技管理EMBA專班,1,1,0,0,0,0,0,1,0,0,0,0,0,1,1,0,1,1,0
109,公立,技專校院,0025,國立臺北科技大學,07311071,建築系,49,34,15,1,0,2,0,13,1,18,14,0,0,17,16,1,49,34,15
109,公立,技專校院,0025,國立臺北科技大學,07321045,土木工程系,6,6,0,0,0,2,0,3,0,1,0,0,0,5,5,0,6,6,0
109,公立,技專校院,0025,國立臺北科技大學,99999Z01,通識教育中心,93,44,49,1,2,4,6,20,20,19,21,0,0,53,25,28,93,44,49
109,公立,技專校院,0025,國立臺北科技大學,99999Z05,師資培育中心,2,1,1,0,0,0,0,0,0,1,1,0,0,0,0,0,2,1,1
109,公立,技專校院,0025,國立臺北科技大學,99999Z07,體育室,27,23,4,7,0,3,0,2,1,11,3,0,0,13,12,1,27,23,4
109,公立,一般大學,0028,國立臺北藝術大學,02111018,電影創作學系,22,11,11,1,1,1,0,6,7,3,3,0,0,16,8,8,22,11,11
109,公立,一般大學,0028,國立臺北藝術大學,02111019,動畫學系,8,5,3,0,0,0,0,2,1,3,2,0,0,3,2,1,8,5,3
109,公立,一般大學,0028,國立臺北藝術大學,02131003,美術學系,39,32,7,3,0,3,0,10,2,16,5,0,0,18,16,2,39,32,7
109,公立,一般大學,0028,國立臺北藝術大學,02131020,藝術跨域研究所,3,1,2,0,0,0,1,0,1,1,0,0,0,2,0,2,3,1,2
109,公立,一般大學,0028,國立臺北藝術大學,02151005,音樂學系,75,39,36,10,4,15,9,7,11,7,12,0,0,56,32,24,75,39,36
109,公立,一般大學,0028,國立臺北藝術大學,02151005,音樂學研究所,2,0,2,0,2,0,0,0,0,0,0,0,0,2,0,2,2,0,2
109,公立,一般大學,0028,國立臺北藝術大學,02151006,傳統音樂學系,20,5,15,3,5,0,1,2,4,0,5,0,0,15,5,10,20,5,15
109,公立,一般大學,0028,國立臺北藝術大學,02151007,管絃與擊樂研究所,5,3,2,2,1,0,0,1,1,0,0,0,0,5,3,2,5,3,2
109,公立,一般大學,0028,國立臺北藝術大學,02151B01,學士後跨藝合創音樂學士學位學程,10,7,3,0,0,0,1,0,0,7,2,0,0,1,0,1,10,7,3
109,公立,一般大學,0028,國立臺北藝術大學,02152008,戲劇學系,32,15,17,0,0,2,1,3,6,10,10,0,0,12,5,7,32,15,17
109,公立,一般大學,0028,國立臺北藝術大學,02152010,劇場藝術創作研究所,5,2,3,1,1,0,0,1,2,0,0,0,0,5,2,3,5,2,3
109,公立,一般大學,0028,國立臺北藝術大學,02152011,劇場設計學系,23,12,11,0,0,1,1,2,1,9,9,0,0,5,3,2,23,12,11
109,公立,一般大學,0028,國立臺北藝術大學,02152013,舞蹈學系,39,14,25,0,3,3,1,5,4,6,17,0,0,16,8,8,39,14,25
109,公立,一般大學,0028,國立臺北藝術大學,02191021,文化資源學院文化資產與藝術創新博士班,2,2,0,1,0,0,0,1,0,0,0,0,0,2,2,0,2,2,0
109,公立,一般大學,0028,國立臺北藝術大學,02191023,新媒體藝術學系,18,15,3,0,1,0,0,4,0,11,2,0,0,5,4,1,18,15,3
109,公立,一般大學,0028,國立臺北藝術大學,02191028,博物館研究所,4,3,1,1,0,1,1,1,0,0,0,0,0,4,3,1,4,3,1
109,公立,一般大學,0028,國立臺北藝術大學,02192025,藝術行政與管理研究所,2,2,0,0,0,2,0,0,0,0,0,0,0,2,2,0,2,2,0
109,公立,一般大學,0028,國立臺北藝術大學,02192026,文創產業國際藝術碩士學位學程,1,0,1,0,0,0,0,0,1,0,0,0,0,1,0,1,1,0,1
109,公立,一般大學,0028,國立臺北藝術大學,07311030,建築與文化資產研究所,1,1,0,0,0,1,0,0,0,0,0,0,0,1,1,0,1,1,0
109,公立,一般大學,0028,國立臺北藝術大學,99999Z01,通識教育中心,42,23,19,2,0,0,0,8,10,13,9,0,0,20,10,10,42,23,19
109,公立,一般大學,0028,國立臺北藝術大學,99999Z05,師資培育中心,6,1,5,0,0,0,0,0,0,1,5,0,0,0,0,0,6,1,5
109,公立,一般大學,0028,國立臺北藝術大學,99999Z07,體育中心,5,3,2,0,0,2,0,0,1,1,1,0,0,3,2,1,5,3,2
109,公立,一般大學,0029,國立臺灣藝術大學,02111015,電影學系,17,14,3,0,0,2,0,3,2,9,1,0,0,7,5,2,17,14,3
109,公立,一般大學,0029,國立臺灣藝術大學,02112023,多媒體動畫藝術學系,6,4,2,0,0,0,0,0,0,4,2,0,0,0,0,0,6,4,2
109,公立,一般大學,0029,國立臺灣藝術大學,02112028,視覺傳達設計學系,26,23,3,4,0,2,2,3,0,14,1,0,0,11,9,2,26,23,3
109,公立,一般大學,0029,國立臺灣藝術大學,02131003,美術學系,28,16,12,0,0,4,1,5,7,7,4,0,0,17,9,8,28,16,12
109,公立,一般大學,0029,國立臺灣藝術大學,02131005,書畫藝術學系,29,20,9,0,1,1,1,12,3,7,4,0,0,18,13,5,29,20,9
109,公立,一般大學,0029,國立臺灣藝術大學,02132006,雕塑學系,10,7,3,0,0,0,1,1,1,6,1,0,0,3,1,2,10,7,3
109,公立,一般大學,0029,國立臺灣藝術大學,02141007,工藝設計學系,32,20,12,1,0,2,0,5,2,12,10,0,0,10,8,2,32,20,12
109,公立,一般大學,0029,國立臺灣藝術大學,02151010,音樂學系,142,48,94,6,2,4,19,14,33,24,40,0,0,78,24,54,142,48,94
109,公立,一般大學,0029,國立臺灣藝術大學,02151011,中國音樂學系,86,23,63,0,1,2,4,7,21,14,37,0,0,35,9,26,86,23,63
109,公立,一般大學,0029,國立臺灣藝術大學,02152012,戲劇學系,30,20,10,0,1,2,0,2,3,16,6,0,0,8,4,4,30,20,10
109,公立,一般大學,0029,國立臺灣藝術大學,02152014,舞蹈學系,22,3,19,0,2,0,2,2,3,1,12,0,0,9,2,7,22,3,19
109,公立,一般大學,0029,國立臺灣藝術大學,02191001,藝術與人文教學研究所,1,1,0,0,0,0,0,1,0,0,0,0,0,1,1,0,1,1,0
109,公立,一般大學,0029,國立臺灣藝術大學,02191017,古蹟藝術修護學系,4,4,0,1,0,0,0,0,0,3,0,0,0,1,1,0,4,4,0
109,公立,一般大學,0029,國立臺灣藝術大學,02192026,藝術管理與文化政策研究所,1,1,0,1,0,0,0,0,0,0,0,0,0,1,1,0,1,1,0
109,公立,一般大學,0029,國立臺灣藝術大學,02199030,圖文傳播藝術學系,22,18,4,0,1,1,0,1,1,16,2,0,0,4,2,2,22,18,4
109,公立,一般大學,0029,國立臺灣藝術大學,02199Y04,表演藝術學院,6,1,5,0,2,0,0,0,1,1,2,0,0,3,0,3,6,1,5
109,公立,一般大學,0029,國立臺灣藝術大學,02199Y05,美術學院,5,2,3,0,0,0,0,2,1,0,2,0,0,3,2,1,5,2,3
109,公立,一般大學,0029,國立臺灣藝術大學,02199Y10,設計學院,1,0,1,0,0,0,0,0,0,0,1,0,0,0,0,0,1,0,1
109,公立,一般大學,0029,國立臺灣藝術大學,02299Y14,人文學院,1,1,0,0,0,1,0,0,0,0,0,0,0,1,1,0,1,1,0
109,公立,一般大學,0029,國立臺灣藝術大學,03213029,廣播電視學系,32,23,9,1,0,3,0,2,0,17,9,0,0,6,6,0,32,23,9
109,公立,一般大學,0029,國立臺灣藝術大學,03299Y22,傳播學院,8,5,3,1,0,2,0,2,3,0,0,0,0,8,5,3,8,5,3
109,公立,一般大學,0029,國立臺灣藝術大學,99999Z01,通識教育中心,82,55,27,1,1,5,1,25,9,24,16,0,0,42,31,11,82,55,27
109,公立,一般大學,0029,國立臺灣藝術大學,99999Z05,師資培育中心,15,8,7,0,0,1,0,3,3,4,4,0,0,7,4,3,15,8,7
109,公立,一般大學,0029,國立臺灣藝術大學,99999Z07,體育室,13,9,4,0,0,1,0,4,1,4,3,0,0,6,5,1,13,9,4
109,公立,一般大學,0030,國立臺東大學,01111001,教育學系,8,8,0,0,0,0,0,5,0,3,0,0,0,5,5,0,8,8,0
109,公立,一般大學,0030,國立臺東大學,01121007,幼兒教育學系,8,2,6,0,0,0,0,1,2,1,4,0,0,3,1,2,8,2,6
109,公立,一般大學,0030,國立臺東大學,01141006,體育學系,3,2,1,0,0,0,0,0,0,2,1,0,0,0,0,0,3,2,1
109,公立,一般大學,0030,國立臺東大學,02131009,美術產業學系,3,2,1,1,0,0,0,1,0,0,1,0,0,2,2,0,3,2,1
109,公立,一般大學,0030,國立臺東大學,02151011,音樂學系,32,11,21,1,0,0,0,2,11,8,10,0,0,14,3,11,32,11,21
109,公立,一般大學,0030,國立臺東大學,02311015,英美語文學系,4,3,1,0,0,1,0,0,0,2,1,0,0,1,1,0,4,3,1
109,公立,一般大學,0030,國立臺東大學,02399016,兒童文學研究所,1,1,0,1,0,0,0,0,0,0,0,0,0,1,1,0,1,1,0
109,公立,一般大學,0030,國立臺東大學,03199017,公共與文化事務學系,2,1,1,0,0,0,0,0,1,1,0,0,0,1,0,1,2,1,1
109,公立,一般大學,0030,國立臺東大學,05399021,應用科學系,2,2,0,0,0,0,0,1,0,1,0,0,0,1,1,0,2,2,0
109,公立,一般大學,0030,國立臺東大學,05411024,應用數學系,2,2,0,0,0,1,0,1,0,0,0,0,0,2,2,0,2,2,0
109,公立,一般大學,0030,國立臺東大學,06131028,資訊管理學系,6,3,3,1,0,0,0,0,0,2,3,0,0,1,1,0,6,3,3
109,公立,一般大學,0030,國立臺東大學,07211042,食品生物技術應用二年制在職學位學程,4,2,2,0,0,0,0,0,1,2,1,0,0,1,0,1,4,2,2
109,公立,一般大學,0030,國立臺東大學,09121041,生物醫學碩士學位學程,4,4,0,0,0,0,0,4,0,0,0,0,0,4,4,0,4,4,0
109,公立,一般大學,0030,國立臺東大學,10141034,運動競技學士學位學程,9,6,3,0,0,0,0,0,0,6,3,0,0,0,0,0,9,6,3
109,公立,一般大學,0030,國立臺東大學,10151031,文化資源與休閒產業學系,9,7,2,0,0,1,0,2,0,4,2,0,0,3,3,0,9,7,2
109,公立,一般大學,0030,國立臺東大學,10152035,身心整合與運動休閒產業學系,2,1,1,0,0,0,0,0,0,1,1,0,0,0,0,0,2,1,1
109,公立,一般大學,0030,國立臺東大學,99999Z01,通識教育中心,20,11,9,0,0,2,0,2,2,7,7,0,0,6,4,2,20,11,9
109,公立,一般大學,0030,國立臺東大學,99999Z05,師資培育中心,8,6,2,0,0,0,0,2,0,4,2,0,0,2,2,0,8,6,2
109,公立,一般大學,0031,國立宜蘭大學,02311001,外國語文學系,21,4,17,0,0,0,2,1,3,3,12,0,0,6,1,5,21,4,17
109,公立,一般大學,0031,國立宜蘭大學,03111007,應用經濟與管理學系,11,4,7,1,0,1,1,1,2,1,4,0,0,6,3,3,11,4,7
109,公立,一般大學,0031,國立宜蘭大學,04199006,人文及管理學院高階經營管理碩士在職專班,1,1,0,0,0,1,0,0,0,0,0,0,0,1,1,0,1,1,0
109,公立,一般大學,0031,國立宜蘭大學,07121024,環境工程學系,6,6,0,1,0,2,0,2,0,1,0,0,0,5,5,0,6,6,0
109,公立,一般大學,0031,國立宜蘭大學,07141011,電機工程學系,2,2,0,0,0,2,0,0,0,0,0,0,0,2,2,0,2,2,0
109,公立,一般大學,0031,國立宜蘭大學,07141012,電子工程學系,5,5,0,1,0,0,0,3,0,1,0,0,0,4,4,0,5,5,0
109,公立,一般大學,0031,國立宜蘭大學,07141013,資訊工程學系,1,1,0,0,0,0,0,1,0,0,0,0,0,1,1,0,1,1,0
109,公立,一般大學,0031,國立宜蘭大學,07151017,機械與機電工程學系,3,3,0,2,0,0,0,0,0,1,0,0,0,2,2,0,3,3,0
109,公立,一般大學,0031,國立宜蘭大學,07151019,生物機電工程學系,5,4,1,0,0,1,1,2,0,1,0,0,0,4,3,1,5,4,1
109,公立,一般大學,0031,國立宜蘭大學,07211033,食品科學系,3,3,0,1,0,1,0,1,0,0,0,0,0,3,3,0,3,3,0
109,公立,一般大學,0031,國立宜蘭大學,07311027,建築與永續規劃研究所,3,2,1,1,0,0,1,1,0,0,0,0,0,3,2,1,3,2,1
109,公立,一般大學,0031,國立宜蘭大學,07321021,土木工程學系,6,6,0,0,0,0,0,4,0,2,0,0,0,4,4,0,6,6,0
109,公立,一般大學,0031,國立宜蘭大學,07321021,土木工程學系原住民專班,3,3,0,0,0,1,0,2,0,0,0,0,0,3,3,0,3,3,0
109,公立,一般大學,0031,國立宜蘭大學,08112030,生物技術與動物科學系,7,6,1,1,0,2,0,2,1,1,0,0,0,6,5,1,7,6,1
109,公立,一般大學,0031,國立宜蘭大學,08121031,園藝學系,2,0,2,0,0,0,0,0,2,0,0,0,0,2,0,2,2,0,2
109,公立,一般大學,0031,國立宜蘭大學,08193040,智慧休閒農業進修學士學位學程,1,1,0,0,0,0,0,0,0,1,0,0,0,0,0,0,1,1,0
109,公立,一般大學,0031,國立宜蘭大學,08199037,生物資源學院原住民專班,3,2,1,0,0,0,0,1,0,1,1,0,0,1,1,0,3,2,1
109,公立,一般大學,0031,國立宜蘭大學,08199037,生物資源學院碩士在職專班,1,1,0,0,0,1,0,0,0,0,0,0,0,1,1,0,1,1,0
109,公立,一般大學,0031,國立宜蘭大學,08211036,森林暨自然資源學系,5,5,0,3,0,0,0,0,0,2,0,0,0,3,3,0,5,5,0
109,公立,一般大學,0031,國立宜蘭大學,10152038,休閒產業與健康促進學系,15,9,6,2,0,1,1,3,3,3,2,0,0,10,6,4,15,9,6
109,公立,一般大學,0031,國立宜蘭大學,99999Z01,通識教育中心,34,20,14,3,1,1,2,12,5,4,6,0,0,24,16,8,34,20,14
109,公立,一般大學,0031,國立宜蘭大學,99999Z99,運動教育中心,1,1,0,0,0,0,0,0,0,1,0,0,0,0,0,0,1,1,0
109,公立,一般大學,0032,國立聯合大學,02122005,文化創意與數位行銷學系,17,13,4,0,0,0,0,4,1,9,3,0,0,5,4,1,17,13,4
109,公立,一般大學,0032,國立聯合大學,02123006,工業設計學系,11,10,1,0,0,1,0,3,0,6,1,0,0,4,4,0,11,10,1
109,公立,一般大學,0032,國立聯合大學,02123044,原住民學士學位學程專班,5,2,3,0,0,0,0,0,0,2,3,0,0,0,0,0,5,2,3
109,公立,一般大學,0032,國立聯合大學,02321001,臺灣語文與傳播學系,5,3,2,0,0,0,0,1,2,2,0,0,0,3,1,2,5,3,2
109,公立,一般大學,0032,國立聯合大學,02323002,華語文學系,13,6,7,0,0,0,0,5,2,1,5,0,0,7,5,2,13,6,7
109,公立,一般大學,0032,國立聯合大學,04121014,財務金融學系,8,6,2,0,0,1,0,4,1,1,1,0,0,6,5,1,8,6,2
109,公立,一般大學,0032,國立聯合大學,04131011,經營管理學系,9,7,2,1,0,1,0,3,2,2,0,0,0,7,5,2,9,7,2
109,公立,一般大學,0032,國立聯合大學,06131016,資訊管理學系,1,1,0,0,0,0,0,0,0,1,0,0,0,0,0,0,1,1,0
109,公立,一般大學,0032,國立聯合大學,06131020,資訊工程學系,6,4,2,0,0,0,0,2,1,2,1,0,0,3,2,1,6,4,2
109,公立,一般大學,0032,國立聯合大學,07111028,化學工程學系,1,1,0,1,0,0,0,0,0,0,0,0,0,1,1,0,1,1,0
109,公立,一般大學,0032,國立聯合大學,07112029,材料科學工程學系,2,2,0,1,0,0,0,1,0,0,0,0,0,2,2,0,2,2,0
109,公立,一般大學,0032,國立聯合大學,07132035,能源工程學系,1,0,1,0,0,0,0,0,1,0,0,0,0,1,0,1,1,0,1
109,公立,一般大學,0032,國立聯合大學,07141017,電機工程學系,6,6,0,0,0,0,0,5,0,1,0,0,0,5,5,0,6,6,0
109,公立,一般大學,0032,國立聯合大學,07141018,電子工程學系,4,4,0,1,0,3,0,0,0,0,0,0,0,4,4,0,4,4,0
109,公立,一般大學,0032,國立聯合大學,07141019,光電工程學系,4,3,1,2,0,1,0,0,0,0,1,0,0,3,3,0,4,3,1
109,公立,一般大學,0032,國立聯合大學,07151025,機械工程學系,6,6,0,1,0,4,0,1,0,0,0,0,0,6,6,0,6,6,0
109,公立,一般大學,0032,國立聯合大學,07311040,建築學系,20,19,1,1,0,0,0,3,0,15,1,0,0,4,4,0,20,19,1
109,公立,一般大學,0032,國立聯合大學,07321027,土木與防災工程學系,12,10,2,0,0,0,0,5,1,5,1,0,0,6,5,1,12,10,2
109,公立,一般大學,0032,國立聯合大學,10151042,文化觀光產業學系,13,7,6,1,0,0,0,3,2,3,4,0,0,6,4,2,13,7,6
109,公立,一般大學,0032,國立聯合大學,99999Z01,通識教育中心,62,44,18,3,0,3,2,16,8,22,8,0,0,32,22,10,62,44,18
109,公立,一般大學,0032,國立聯合大學,99999Z08,語文中心,19,9,10,0,0,0,0,2,4,7,6,0,0,6,2,4,19,9,10
109,公立,技專校院,0033,國立虎尾科技大學,02112002,多媒體設計系,8,3,5,0,0,0,0,0,0,3,5,0,0,0,0,0,8,3,5
109,公立,技專校院,0033,國立虎尾科技大學,02311001,應用外語系,8,5,3,0,0,1,1,0,0,4,2,0,0,2,1,1,8,5,3
109,公立,技專校院,0033,國立虎尾科技大學,04121005,財務金融系,11,7,4,0,0,0,0,1,1,6,3,0,0,2,1,1,11,7,4
109,公立,技專校院,0033,國立虎尾科技大學,04131003,企業管理系,11,9,2,0,0,0,1,5,1,4,0,0,0,7,5,2,11,9,2
109,公立,技專校院,0033,國立虎尾科技大學,05121007,生物科技系,4,3,1,0,0,0,0,3,1,0,0,0,0,4,3,1,4,3,1
109,公立,技專校院,0033,國立虎尾科技大學,06131008,資訊管理系,7,6,1,0,0,0,0,3,0,3,1,0,0,3,3,0,7,6,1
109,公立,技專校院,0033,國立虎尾科技大學,07112025,材料科學與工程系,1,1,0,0,0,1,0,0,0,0,0,0,0,1,1,0,1,1,0
109,公立,技專校院,0033,國立虎尾科技大學,07141009,電機工程系,6,6,0,1,0,1,0,1,0,3,0,0,0,3,3,0,6,6,0
109,公立,技專校院,0033,國立虎尾科技大學,07141010,電子工程系,5,2,3,0,0,0,2,2,0,0,1,0,0,4,2,2,5,2,3
109,公立,技專校院,0033,國立虎尾科技大學,07141011,光電工程系,2,2,0,0,0,0,0,1,0,1,0,0,0,1,1,0,2,2,0
109,公立,技專校院,0033,國立虎尾科技大學,07151014,自動化工程系,4,3,1,0,0,0,0,1,0,2,1,0,0,1,1,0,4,3,1
109,公立,技專校院,0033,國立虎尾科技大學,07151016,動力機械工程系,5,5,0,0,0,0,0,3,0,2,0,0,0,3,3,0,5,5,0
109,公立,技專校院,0033,國立虎尾科技大學,07151019,機械設計工程系,2,2,0,0,0,0,0,1,0,1,0,0,0,1,1,0,2,2,0
109,公立,技專校院,0033,國立虎尾科技大學,07151020,機械與電腦輔助工程系,23,21,2,3,0,4,0,7,0,7,2,0,0,14,14,0,23,21,2
109,公立,技專校院,0033,國立虎尾科技大學,07161017,車輛工程系,8,7,1,0,0,1,0,1,0,5,1,0,0,2,2,0,8,7,1
109,公立,技專校院,0033,國立虎尾科技大學,07162018,飛機工程系,8,7,1,1,0,1,0,4,1,1,0,0,0,7,6,1,8,7,1
109,公立,技專校院,0033,國立虎尾科技大學,07191006,工業管理系,7,7,0,0,0,0,0,1,0,6,0,0,0,1,1,0,7,7,0
109,公立,技專校院,0033,國立虎尾科技大學,08111034,農業科技系,1,1,0,0,0,1,0,0,0,0,0,0,0,1,1,0,1,1,0
109,公立,技專校院,0033,國立虎尾科技大學,10199030,休閒遊憩系,2,2,0,1,0,0,0,0,0,1,0,0,0,1,1,0,2,2,0
109,公立,技專校院,0033,國立虎尾科技大學,99999Z01,通識教育中心,55,37,18,0,1,1,1,15,7,21,9,0,0,25,16,9,55,37,18
109,公立,技專校院,0033,國立虎尾科技大學,99999Z07,體育教育中心,10,8,2,0,0,0,0,2,0,6,2,0,0,2,2,0,10,8,2
109,公立,技專校院,0033,國立虎尾科技大學,99999Z08,語言教學中心,37,9,28,0,0,0,1,2,4,7,23,0,0,7,2,5,37,9,28
109,公立,一般大學,0035,國立臺南藝術大學,02111013,動畫藝術與影像美學研究所,3,2,1,2,1,0,0,0,0,0,0,0,0,3,2,1,3,2,1
109,公立,一般大學,0035,國立臺南藝術大學,02131012,造形藝術研究所,1,1,0,0,0,0,0,1,0,0,0,0,0,1,1,0,1,1,0
109,公立,一般大學,0035,國立臺南藝術大學,02141017,應用藝術研究所,2,0,2,0,0,0,0,0,2,0,0,0,0,2,0,2,2,0,2
109,公立,一般大學,0035,國立臺南藝術大學,02141020,材質創作與設計系,6,3,3,0,0,0,0,0,0,3,3,0,0,0,0,0,6,3,3
109,公立,一般大學,0035,國立臺南藝術大學,02151001,音樂學系,28,8,20,0,0,0,1,2,15,6,4,0,0,18,2,16,28,8,20
109,公立,一般大學,0035,國立臺南藝術大學,02151002,中國音樂學系,42,12,30,0,0,1,1,1,4,10,25,0,0,7,2,5,42,12,30
109,公立,一般大學,0035,國立臺南藝術大學,02151003,應用音樂學系,4,3,1,0,0,0,0,1,0,2,1,0,0,1,1,0,4,3,1
109,公立,一般大學,0035,國立臺南藝術大學,02151006,鋼琴合作藝術研究所,6,0,6,0,0,0,0,0,6,0,0,0,0,6,0,6,6,0,6
109,公立,一般大學,0035,國立臺南藝術大學,02191014,藝術史學系,6,6,0,0,0,0,0,3,0,3,0,0,0,3,3,0,6,6,0
109,公立,一般大學,0035,國立臺南藝術大學,02192022,博物館學與古物維護研究所,5,5,0,0,0,0,0,5,0,0,0,0,0,5,5,0,5,5,0
109,公立,一般大學,0035,國立臺南藝術大學,02192024,高階藝術管理碩士在職學位學程,2,0,2,0,1,0,1,0,0,0,0,0,0,2,0,2,2,0,2
109,公立,一般大學,0035,國立臺南藝術大學,02199023,建築藝術研究所,1,1,0,0,0,0,0,1,0,0,0,0,0,1,1,0,1,1,0
109,公立,一般大學,0035,國立臺南藝術大學,99999Z01,通識教育中心,13,6,7,0,0,0,0,3,2,3,5,0,0,5,3,2,13,6,7
109,公立,一般大學,0036,國立臺南大學,01111001,教育學系,18,10,8,0,0,0,0,8,8,2,0,0,0,16,8,8,18,10,8
109,公立,一般大學,0036,國立臺南大學,01113019,特殊教育學系,3,2,1,0,0,1,0,1,1,0,0,0,0,3,2,1,3,2,1
109,公立,一般大學,0036,國立臺南大學,01141017,體育學系,12,10,2,0,0,3,0,2,1,5,1,0,0,6,5,1,12,10,2
109,公立,一般大學,0036,國立臺南大學,01199Y03,教育學院,1,1,0,0,0,0,0,1,0,0,0,0,0,1,1,0,1,1,0
109,公立,一般大學,0036,國立臺南大學,02111030,視覺藝術與設計學系,11,9,2,0,0,3,0,1,0,5,2,0,0,4,4,0,11,9,2
109,公立,一般大學,0036,國立臺南大學,02151027,音樂學系,61,21,40,0,1,1,5,13,21,7,13,0,0,41,14,27,61,21,40
109,公立,一般大學,0036,國立臺南大學,02152029,戲劇創作與應用學系,4,0,4,0,0,0,0,0,0,0,4,0,0,0,0,0,4,0,4
109,公立,一般大學,0036,國立臺南大學,02299Y14,人文學院,1,1,0,0,0,0,0,0,0,1,0,0,0,0,0,0,1,1,0
109,公立,一般大學,0036,國立臺南大學,02311032,英語學系,17,1,16,0,0,0,0,0,2,1,14,0,0,2,0,2,17,1,16
109,公立,一般大學,0036,國立臺南大學,02322031,國語文學系,16,5,11,1,0,0,1,2,7,2,3,0,0,11,3,8,16,5,11
109,公立,一般大學,0036,國立臺南大學,03131036,諮商與輔導學系,6,3,3,1,0,0,1,2,2,0,0,0,0,6,3,3,6,3,3
109,公立,一般大學,0036,國立臺南大學,03143037,文化與自然資源學系,10,9,1,1,0,3,0,3,1,2,0,0,0,8,7,1,10,9,1
109,公立,一般大學,0036,國立臺南大學,04131041,經營與管理學系,4,4,0,1,0,2,0,1,0,0,0,0,0,4,4,0,4,4,0
109,公立,一般大學,0036,國立臺南大學,04134040,行政管理學系,3,3,0,1,0,0,0,1,0,1,0,0,0,2,2,0,3,3,0
109,公立,一般大學,0036,國立臺南大學,05121044,生物科技學系,1,1,0,0,0,0,0,0,0,1,0,0,0,0,0,0,1,1,0
109,公立,一般大學,0036,國立臺南大學,05212063,生態暨環境資源學系,1,1,0,0,0,0,0,0,0,1,0,0,0,0,0,0,1,1,0
109,公立,一般大學,0036,國立臺南大學,05299X07,環境與生態學院,1,1,0,1,0,0,0,0,0,0,0,0,0,1,1,0,1,1,0
109,公立,一般大學,0036,國立臺南大學,05399Y36,理工學院,2,2,0,0,0,0,0,0,0,2,0,0,0,0,0,0,2,2,0
109,公立,一般大學,0036,國立臺南大學,05411047,應用數學系,4,1,3,0,0,0,1,0,1,1,1,0,0,2,0,2,4,1,3
109,公立,一般大學,0036,國立臺南大學,06131052,資訊工程學系,1,1,0,0,0,0,0,1,0,0,0,0,0,1,1,0,1,1,0
109,公立,一般大學,0036,國立臺南大學,06134024,數位學習科技學系,5,3,2,0,0,0,0,1,2,2,0,0,0,3,1,2,5,3,2
109,公立,一般大學,0036,國立臺南大學,07132058,綠色能源科技學系,11,11,0,0,0,2,0,7,0,2,0,0,0,9,9,0,11,11,0
109,公立,一般大學,0036,國立臺南大學,07141049,電機工程學系,1,1,0,0,0,0,0,1,0,0,0,0,0,1,1,0,1,1,0
109,公立,一般大學,0036,國立臺南大學,07151054,機電系統工程研究所,2,2,0,1,0,0,0,1,0,0,0,0,0,2,2,0,2,2,0
109,公立,一般大學,0036,國立臺南大學,99999Z01,通識教育中心,35,25,10,1,0,1,0,16,8,7,2,0,0,26,18,8,35,25,10
109,公立,一般大學,0036,國立臺南大學,99999Z05,師資培育中心,14,8,6,0,0,2,1,5,3,1,2,0,0,11,7,4,14,8,6
109,公立,一般大學,0037,國立臺北教育大學,01113003,特殊教育學系,6,4,2,0,0,1,0,2,2,1,0,0,0,5,3,2,6,4,2
109,公立,一般大學,0037,國立臺北教育大學,01114044,教育經營與管理學系,10,8,2,3,1,3,0,2,1,0,0,0,0,10,8,2,10,8,2
109,公立,一般大學,0037,國立臺北教育大學,01115020,課程與教學傳播科技研究所,4,3,1,1,0,1,0,1,1,0,0,0,0,4,3,1,4,3,1
109,公立,一般大學,0037,國立臺北教育大學,01121035,幼兒與家庭教育學系,3,0,3,0,0,0,0,0,0,0,3,0,0,0,0,0,3,0,3
109,公立,一般大學,0037,國立臺北教育大學,01131001,教育學系,7,4,3,0,0,1,1,1,1,2,1,0,0,4,2,2,7,4,3
109,公立,一般大學,0037,國立臺北教育大學,01131038,數學暨資訊教育學系,4,3,1,1,0,0,0,2,0,0,1,0,0,3,3,0,4,3,1
109,公立,一般大學,0037,國立臺北教育大學,01141002,體育學系,16,11,5,2,0,4,1,3,2,2,2,0,0,12,9,3,16,11,5
109,公立,一般大學,0037,國立臺北教育大學,02121014,藝術與造形設計學系,23,16,7,3,1,3,0,5,3,5,3,0,0,15,11,4,23,16,7
109,公立,一般大學,0037,國立臺北教育大學,02121028,文化創意產業經營學系,11,7,4,0,0,1,0,6,4,0,0,0,0,11,7,4,11,7,4
109,公立,一般大學,0037,國立臺北教育大學,02122011,數位科技設計學系,7,5,2,0,0,1,0,2,0,2,2,0,0,3,3,0,7,5,2
109,公立,一般大學,0037,國立臺北教育大學,02151031,音樂學系,48,21,27,4,5,6,8,6,5,5,9,0,0,34,16,18,48,21,27
109,公立,一般大學,0037,國立臺北教育大學,02299025,臺灣文化研究所,2,2,0,1,0,1,0,0,0,0,0,0,0,2,2,0,2,2,0
109,公立,一般大學,0037,國立臺北教育大學,02311023,兒童英語教育學系,14,7,7,2,0,0,1,0,3,5,3,0,0,6,2,4,14,7,7
109,公立,一般大學,0037,國立臺北教育大學,02322018,語文與創作學系,11,5,6,2,0,1,0,1,6,1,0,0,0,10,4,6,11,5,6
109,公立,一般大學,0037,國立臺北教育大學,03131007,心理與諮商學系,1,0,1,0,0,0,0,0,0,0,1,0,0,0,0,0,1,0,1
109,公立,一般大學,0037,國立臺北教育大學,03143005,社會與區域發展學系,8,8,0,1,0,3,0,4,0,0,0,0,0,8,8,0,8,8,0
109,公立,一般大學,0037,國立臺北教育大學,05399040,自然科學教育學系,4,4,0,1,0,1,0,1,0,1,0,0,0,3,3,0,4,4,0
109,公立,一般大學,0037,國立臺北教育大學,06131004,資訊科學系,2,2,0,0,0,1,0,1,0,0,0,0,0,2,2,0,2,2,0
109,公立,一般大學,0037,國立臺北教育大學,99999Z01,通識教育中心,17,7,10,2,0,0,0,2,6,3,4,0,0,10,4,6,17,7,10
109,公立,一般大學,0037,國立臺北教育大學,99999Z05,師資培育暨就業輔導中心,23,14,9,1,0,0,1,5,3,8,5,0,0,10,6,4,23,14,9
109,公立,一般大學,0039,國立臺中教育大學,01111001,教育學系,13,8,5,2,0,2,2,4,3,0,0,0,0,13,8,5,13,8,5
109,公立,一般大學,0039,國立臺中教育大學,01111005,教師專業碩士學位學程,11,7,4,0,0,0,0,2,1,5,3,0,0,3,2,1,11,7,4
109,公立,一般大學,0039,國立臺中教育大學,01113022,特殊教育學系,9,7,2,1,0,0,0,6,2,0,0,0,0,9,7,2,9,7,2
109,公立,一般大學,0039,國立臺中教育大學,01114025,高等教育經營管理碩士學位學程,3,1,2,0,0,0,0,1,2,0,0,0,0,3,1,2,3,1,2
109,公立,一般大學,0039,國立臺中教育大學,01117028,教育資訊與測驗統計研究所,5,4,1,1,1,0,0,3,0,0,0,0,0,5,4,1,5,4,1
109,公立,一般大學,0039,國立臺中教育大學,01121021,幼兒教育學系,4,3,1,1,0,1,0,0,1,1,0,0,0,3,2,1,4,3,1
109,公立,一般大學,0039,國立臺中教育大學,01131006,語文教育學系,12,4,8,1,1,0,1,3,6,0,0,0,0,12,4,8,12,4,8
109,公立,一般大學,0039,國立臺中教育大學,01131008,科學教育與應用學系,4,2,2,0,0,1,0,0,1,1,1,0,0,2,1,1,4,2,2
109,公立,一般大學,0039,國立臺中教育大學,01131011,數學教育學系,4,4,0,1,0,0,0,1,0,2,0,0,0,2,2,0,4,4,0
109,公立,一般大學,0039,國立臺中教育大學,01131019,體育學系,16,12,4,0,1,1,0,0,1,11,2,0,0,3,1,2,16,12,4
109,公立,一般大學,0039,國立臺中教育大學,02122034,文化創意產業設計與營運學系,8,7,1,0,0,0,0,0,0,7,1,0,0,0,0,0,8,7,1
109,公立,一般大學,0039,國立臺中教育大學,02131029,美術學系,9,5,4,0,0,0,1,0,0,5,3,0,0,1,0,1,9,5,4
109,公立,一般大學,0039,國立臺中教育大學,02151030,音樂學系,88,22,66,2,1,3,8,8,22,9,35,0,0,44,13,31,88,22,66
109,公立,一般大學,0039,國立臺中教育大學,02311032,英語學系,9,0,9,0,0,0,1,0,3,0,5,0,0,4,0,4,9,0,9
109,公立,一般大學,0039,國立臺中教育大學,02321031,臺灣語文學系,3,3,0,0,0,0,0,0,0,3,0,0,0,0,0,0,3,3,0
109,公立,一般大學,0039,國立臺中教育大學,03131035,諮商與應用心理學系,7,4,3,0,0,1,0,3,2,0,1,0,0,6,4,2,7,4,3
109,公立,一般大學,0039,國立臺中教育大學,03191037,區域與社會發展學系,5,2,3,0,0,0,1,0,2,2,0,0,0,3,0,3,5,2,3
109,公立,一般大學,0039,國立臺中教育大學,04131039,國際企業學系,10,7,3,0,0,1,0,2,1,4,2,0,0,4,3,1,10,7,3
109,公立,一般大學,0039,國立臺中教育大學,06131042,資訊工程學系,2,2,0,0,0,0,0,1,0,1,0,0,0,1,1,0,2,2,0
109,公立,一般大學,0039,國立臺中教育大學,06133041,數位內容科技學系,4,4,0,0,0,0,0,0,0,4,0,0,0,0,0,0,4,4,0
109,公立,一般大學,0039,國立臺中教育大學,10151045,永續觀光暨遊憩管理碩士學位學程,1,1,0,0,0,0,0,1,0,0,0,0,0,1,1,0,1,1,0
109,公立,一般大學,0039,國立臺中教育大學,99999Z01,通識教育中心,24,5,19,0,0,0,1,3,3,2,15,0,0,7,3,4,24,5,19
109,公立,一般大學,0039,國立臺中教育大學,99999Z05,師資培育暨就業輔導處,11,8,3,0,0,0,0,4,0,4,3,0,0,4,4,0,11,8,3
109,公立,技專校院,0042,國立澎湖科技大學,07141005,電機工程系,4,4,0,0,0,0,0,1,0,3,0,0,0,1,1,0,4,4,0
109,公立,技專校院,0042,國立澎湖科技大學,07141009,電信工程系,1,1,0,0,0,1,0,0,0,0,0,0,0,1,1,0,1,1,0
109,公立,技專校院,0042,國立澎湖科技大學,07211011,食品科學系,1,0,1,0,0,0,0,0,1,0,0,0,0,1,0,1,1,0,1
109,公立,技專校院,0042,國立澎湖科技大學,08312012,水產養殖系,3,2,1,0,0,0,0,1,1,1,0,0,0,2,1,1,3,2,1
109,公立,技專校院,0042,國立澎湖科技大學,10151016,觀光休閒系,5,3,2,0,0,0,0,0,1,3,1,0,0,1,0,1,5,3,2
109,公立,技專校院,0042,國立澎湖科技大學,10152022,海洋遊憩系,2,2,0,0,0,0,0,0,0,2,0,0,0,0,0,0,2,2,0
109,公立,技專校院,0042,國立澎湖科技大學,99999Z01,基礎能力教學中心,4,3,1,0,0,0,0,1,0,2,1,0,0,1,1,0,4,3,1
109,公立,技專校院,0042,國立澎湖科技大學,99999Z01,通識(教育)中心,22,14,8,0,0,0,0,5,2,9,6,0,0,7,5,2,22,14,8
109,公立,技專校院,0043,國立勤益科技大學,02299005,文化創意事業系,7,7,0,0,0,3,0,2,0,2,0,0,0,5,5,0,7,7,0
109,公立,技專校院,0043,國立勤益科技大學,02311001,應用英語(文)系,25,8,17,0,0,0,1,6,9,2,7,0,0,16,6,10,25,8,17
109,公立,技專校院,0043,國立勤益科技大學,04131002,企業管理(學)系,19,14,5,0,0,1,0,8,4,5,1,0,0,13,9,4,19,14,5
109,公立,技專校院,0043,國立勤益科技大學,04132003,流通(科技)管理系,12,7,5,1,0,1,1,4,2,1,2,0,0,9,6,3,12,7,5
109,公立,技專校院,0043,國立勤益科技大學,06131010,資訊管理(學)系,22,16,6,0,0,2,0,9,3,5,3,0,0,14,11,3,22,16,6
109,公立,技專校院,0043,國立勤益科技大學,07111020,化工與材料工程系,22,20,2,3,0,2,1,13,1,2,0,0,0,20,18,2,22,20,2
109,公立,技專校院,0043,國立勤益科技大學,07132026,冷凍空調與能源系,25,23,2,0,0,2,0,15,2,6,0,0,0,19,17,2,25,23,2
109,公立,技專校院,0043,國立勤益科技大學,07141011,電機工程(學)系,24,22,2,0,0,3,0,10,0,9,2,0,0,13,13,0,24,22,2
109,公立,技專校院,0043,國立勤益科技大學,07141012,電子工程(學)系,18,15,3,1,0,0,0,12,1,2,2,0,0,14,13,1,18,15,3
109,公立,技專校院,0043,國立勤益科技大學,07141035,前瞻電資科技產業博士學位學程,1,1,0,1,0,0,0,0,0,0,0,0,0,1,1,0,1,1,0
109,公立,技專校院,0043,國立勤益科技大學,07151016,機械工程(學)系,18,18,0,3,0,5,0,7,0,3,0,0,0,15,15,0,18,18,0
109,公立,技專校院,0043,國立勤益科技大學,07191022,工業工程與(工程)管理系,51,38,13,7,0,6,1,15,5,10,7,0,0,34,28,6,51,38,13
109,公立,技專校院,0043,國立勤益科技大學,07194024,精密製造科技研究所博士班,1,1,0,0,0,0,0,1,0,0,0,0,0,1,1,0,1,1,0
109,公立,技專校院,0043,國立勤益科技大學,07312029,景觀系,32,24,8,0,0,0,1,7,1,17,6,0,0,9,7,2,32,24,8
109,公立,技專校院,0043,國立勤益科技大學,10152032,休閒產業管理系,22,15,7,3,0,1,0,7,1,4,6,0,0,12,11,1,22,15,7
109,公立,技專校院,0043,國立勤益科技大學,99999Z01,基礎通識教育中心,67,42,25,6,0,3,2,25,12,8,11,0,0,48,34,14,67,42,25
109,公立,技專校院,0043,國立勤益科技大學,99999Z01,博雅通識教育中心,29,16,13,1,0,1,0,10,10,4,3,0,0,22,12,10,29,16,13
109,公立,技專校院,0043,國立勤益科技大學,99999Z07,體育室,26,24,2,3,0,6,0,5,2,10,0,0,0,16,14,2,26,24,2
109,公立,技專校院,0043,國立勤益科技大學,99999Z08,語言中心,37,9,28,0,0,0,1,3,11,6,16,0,0,15,3,12,37,9,28
109,公立,一般大學,0044,國立體育大學,01141001,體育研究所,7,7,0,3,0,1,0,3,0,0,0,0,0,7,7,0,7,7,0
109,公立,一般大學,0044,國立體育大學,10141005,球類運動技術學系,2,0,2,0,1,0,0,0,0,0,1,0,0,1,0,1,2,0,2
109,公立,一般大學,0044,國立體育大學,10141006,陸上運動技術學系,2,0,2,0,0,0,0,0,1,0,1,0,0,1,0,1,2,0,2
109,公立,一般大學,0044,國立體育大學,10141007,技擊運動技術學系,3,1,2,0,0,0,0,0,0,1,2,0,0,0,0,0,3,1,2
109,公立,一般大學,0044,國立體育大學,10141008,競技與教練科學研究所,3,3,0,2,0,0,0,1,0,0,0,0,0,3,3,0,3,3,0
109,公立,一般大學,0044,國立體育大學,10142010,運動科學研究所,1,1,0,1,0,0,0,0,0,0,0,0,0,1,1,0,1,1,0
109,公立,一般大學,0044,國立體育大學,10152014,運動保健學系,9,6,3,0,0,2,0,1,0,3,3,0,0,3,3,0,9,6,3
109,公立,一般大學,0044,國立體育大學,10152015,休閒產業經營學系,7,5,2,0,0,0,0,0,0,5,2,0,0,0,0,0,7,5,2
109,公立,一般大學,0044,國立體育大學,10152016,體育推廣學系,16,11,5,0,0,1,0,5,1,5,4,0,0,7,6,1,16,11,5
109,公立,一般大學,0044,國立體育大學,10152016,體育學院體育推廣原住民專班,6,4,2,2,0,1,0,0,0,1,2,0,0,3,3,0,6,4,2
109,公立,一般大學,0044,國立體育大學,10152017,適應體育學系,7,6,1,0,0,0,0,0,0,6,1,0,0,0,0,0,7,6,1
109,公立,一般大學,0044,國立體育大學,10152020,國際體育事務碩士學位學程,1,1,0,1,0,0,0,0,0,0,0,0,0,1,1,0,1,1,0
109,公立,一般大學,0044,國立體育大學,99999Z01,通識教育中心,16,8,8,0,0,0,0,4,1,4,7,0,0,5,4,1,16,8,8
109,公立,一般大學,0044,國立體育大學,99999Z03,學生事務處,2,2,0,2,0,0,0,0,0,0,0,0,0,2,2,0,2,2,0
109,公立,一般大學,0044,國立體育大學,99999Z05,師資培育中心,2,2,0,0,0,1,0,1,0,0,0,0,0,2,2,0,2,2,0
109,公立,技專校院,0046,國立臺北護理健康大學,01141019,醫護教育暨數位學習系,1,0,1,0,1,0,0,0,0,0,0,0,0,1,0,1,1,0,1
109,公立,技專校院,0046,國立臺北護理健康大學,03131002,生死與健康心理諮商系,10,6,4,0,0,1,0,2,0,3,4,0,0,3,3,0,10,6,4
109,公立,技專校院,0046,國立臺北護理健康大學,04133004,健康事業管理系,34,22,12,0,0,4,0,7,4,11,8,0,0,15,11,4,34,22,12
109,公立,技專校院,0046,國立臺北護理健康大學,06131006,資訊管理系,15,10,5,0,0,3,1,4,0,3,4,0,0,8,7,1,15,10,5
109,公立,技專校院,0046,國立臺北護理健康大學,09131009,護理系,77,22,55,1,2,6,6,8,9,7,38,0,0,32,15,17,77,22,55
109,公立,技專校院,0046,國立臺北護理健康大學,09131021,護理助產及婦女健康系,10,4,6,0,1,2,1,2,2,0,2,0,0,8,4,4,10,4,6
109,公立,技專校院,0046,國立臺北護理健康大學,09153007,語言治療與聽力學系,16,2,14,0,0,0,0,1,1,1,13,0,0,2,1,1,16,2,14
109,公立,技專校院,0046,國立臺北護理健康大學,09211013,長期照護系,2,1,1,1,0,0,0,0,0,0,1,0,0,1,1,0,2,1,1
109,公立,技專校院,0046,國立臺北護理健康大學,09211015,高齡健康照護系,3,2,1,0,0,0,0,1,0,1,1,0,0,1,1,0,3,2,1
109,公立,技專校院,0046,國立臺北護理健康大學,09221014,嬰幼兒保育系,15,8,7,2,0,0,0,4,2,2,5,0,0,8,6,2,15,8,7
109,公立,技專校院,0046,國立臺北護理健康大學,10142017,運動保健系,8,4,4,0,1,1,0,1,1,2,2,0,0,4,2,2,8,4,4
109,公立,技專校院,0046,國立臺北護理健康大學,10151018,休閒產業與健康促進系,8,4,4,1,0,0,0,0,2,3,2,0,0,3,1,2,8,4,4
109,公立,技專校院,0046,國立臺北護理健康大學,99999Z01,通識(教育)中心,63,28,35,1,0,4,2,11,13,12,20,0,0,31,16,15,63,28,35
109,公立,技專校院,0047,國立高雄餐旅大學,02311002,應用英語系,31,10,21,0,0,0,1,0,0,10,20,0,0,1,0,1,31,10,21
109,公立,技專校院,0047,國立高雄餐旅大學,02311003,應用日語系,9,3,6,0,0,0,0,0,0,3,6,0,0,0,0,0,9,3,6
109,公立,技專校院,0047,國立高雄餐旅大學,04199010,餐旅暨會展行銷管理系,6,3,3,0,0,0,0,0,0,3,3,0,0,0,0,0,6,3,3
109,公立,技專校院,0047,國立高雄餐旅大學,10131004,旅館管理系,7,4,3,0,0,0,0,0,1,4,2,0,0,1,0,1,7,4,3
109,公立,技專校院,0047,國立高雄餐旅大學,10131006,西餐廚藝系,1,1,0,0,0,0,0,0,0,1,0,0,0,0,0,0,1,1,0
109,公立,技專校院,0047,國立高雄餐旅大學,10131007,烘焙管理系,3,3,0,0,0,0,0,0,0,3,0,0,0,0,0,0,3,3,0
109,公立,技專校院,0047,國立高雄餐旅大學,10131009,國際廚藝學士學位學程,1,1,0,0,0,0,0,0,0,1,0,0,0,0,0,0,1,1,0
109,公立,技專校院,0047,國立高雄餐旅大學,10131011,飲食文化暨餐飲創新研究所,1,0,1,0,0,0,1,0,0,0,0,0,0,1,0,1,1,0,1
109,公立,技專校院,0047,國立高雄餐旅大學,10131028,餐飲廚藝科,5,3,2,0,0,0,0,0,0,3,2,0,0,0,0,0,5,3,2
109,公立,技專校院,0047,國立高雄餐旅大學,10131030,餐飲管理系,7,6,1,1,0,1,0,2,0,2,1,0,0,4,4,0,7,6,1
109,公立,技專校院,0047,國立高雄餐旅大學,10151013,休閒暨遊憩管理系,3,3,0,0,0,1,0,0,0,2,0,0,0,1,1,0,3,3,0
109,公立,技專校院,0047,國立高雄餐旅大學,10151015,旅運管理系,8,4,4,0,0,0,0,0,0,4,4,0,0,0,0,0,8,4,4
109,公立,技專校院,0047,國立高雄餐旅大學,10151016,國際觀光學士學位學程,2,1,1,0,0,0,0,0,0,1,1,0,0,0,0,0,2,1,1
109,公立,技專校院,0047,國立高雄餐旅大學,10151029,觀光研究所,2,2,0,1,0,1,0,0,0,0,0,0,0,2,2,0,2,2,0
109,公立,技專校院,0047,國立高雄餐旅大學,10499019,航空暨運輸服務管理系,9,5,4,0,0,1,0,2,0,2,4,0,0,3,3,0,9,5,4
109,公立,技專校院,0047,國立高雄餐旅大學,99999Z01,通識教育中心,44,29,15,0,0,1,0,9,6,19,9,0,0,16,10,6,44,29,15
109,公立,技專校院,0047,國立高雄餐旅大學,99999Z05,師資培育中心,2,0,2,0,0,0,0,0,0,0,2,0,0,0,0,0,2,0,2
109,公立,一般大學,0048,國立金門大學,02311002,應用英語學系,6,4,2,0,0,1,0,2,1,1,1,0,0,4,3,1,6,4,2
109,公立,一般大學,0048,國立金門大學,02322001,華語文學系,4,2,2,0,0,0,0,0,0,2,2,0,0,0,0,0,4,2,2
109,公立,一般大學,0048,國立金門大學,03121006,國際暨大陸事務學系,6,5,1,1,0,0,0,4,1,0,0,0,0,6,5,1,6,5,1
109,公立,一般大學,0048,國立金門大學,03143005,閩南文化碩士學位學程,1,1,0,1,0,0,0,0,0,0,0,0,0,1,1,0,1,1,0
109,公立,一般大學,0048,國立金門大學,04131009,企業管理學系,11,8,3,0,0,0,0,4,0,4,3,0,0,4,4,0,11,8,3
109,公立,一般大學,0048,國立金門大學,04212013,海洋與邊境管理學系,9,6,3,0,0,0,0,2,1,4,2,0,0,3,2,1,9,6,3
109,公立,一般大學,0048,國立金門大學,06131019,資訊工程學系,1,1,0,0,0,0,0,1,0,0,0,0,0,1,1,0,1,1,0
109,公立,一般大學,0048,國立金門大學,07191025,工業工程與管理學系,1,1,0,0,0,1,0,0,0,0,0,0,0,1,1,0,1,1,0
109,公立,一般大學,0048,國立金門大學,07311026,建築學系,14,10,4,0,0,0,0,1,1,9,3,0,0,2,1,1,14,10,4
109,公立,一般大學,0048,國立金門大學,07313028,都市計畫與景觀學系,6,5,1,0,0,0,0,0,0,5,1,0,0,0,0,0,6,5,1
109,公立,一般大學,0048,國立金門大學,07321021,土木與工程管理學系,3,3,0,0,0,0,0,1,0,2,0,0,0,1,1,0,3,3,0
109,公立,一般大學,0048,國立金門大學,09131031,護理學系,12,6,6,0,0,0,0,0,0,6,6,0,0,0,0,0,12,6,6
109,公立,一般大學,0048,國立金門大學,09191032,長期照護學系,1,0,1,0,0,0,0,0,0,0,1,0,0,0,0,0,1,0,1
109,公立,一般大學,0048,國立金門大學,09231033,社會工作學系,10,4,6,0,0,0,0,0,0,4,6,0,0,0,0,0,10,4,6
109,公立,一般大學,0048,國立金門大學,10151034,觀光管理學系,10,6,4,0,0,0,0,3,1,3,3,0,0,4,3,1,10,6,4
109,公立,一般大學,0048,國立金門大學,10152011,管理學院事業經營碩士在職專班,1,1,0,0,0,0,0,1,0,0,0,0,0,1,1,0,1,1,0
109,公立,一般大學,0048,國立金門大學,10152036,運動與休閒學系,12,10,2,0,0,0,0,1,0,9,2,0,0,1,1,0,12,10,2
109,公立,一般大學,0048,國立金門大學,99999Z01,通識教育中心,26,22,4,1,0,0,0,7,3,14,1,0,0,11,8,3,26,22,4
109,公立,一般大學,0049,國立臺灣體育運動大學,01141001,體育學系,40,26,14,0,0,0,2,3,0,23,12,0,0,5,3,2,40,26,14
109,公立,一般大學,0049,國立臺灣體育運動大學,02152002,舞蹈學系,17,4,13,0,0,0,0,1,0,3,13,0,0,1,1,0,17,4,13
109,公立,一般大學,0049,國立臺灣體育運動大學,04199010,運動事業管理學系,9,5,4,1,0,0,0,0,1,4,3,0,0,2,1,1,9,5,4
109,公立,一般大學,0049,國立臺灣體育運動大學,10141003,競技運動學系,10,5,5,0,0,0,1,1,0,4,4,0,0,2,1,1,10,5,5
109,公立,一般大學,0049,國立臺灣體育運動大學,10141004,球類運動學系,11,7,4,0,0,0,1,0,0,7,3,0,0,1,0,1,11,7,4
109,公立,一般大學,0049,國立臺灣體育運動大學,10141005,技擊運動學系,10,7,3,0,0,0,0,0,0,7,3,0,0,0,0,0,10,7,3
109,公立,一般大學,0049,國立臺灣體育運動大學,10142006,運動健康科學學系,16,12,4,0,0,2,0,2,2,8,2,0,0,6,4,2,16,12,4
109,公立,一般大學,0049,國立臺灣體育運動大學,10152007,休閒運動學系,15,10,5,0,0,0,0,0,2,10,3,0,0,2,0,2,15,10,5
109,公立,一般大學,0049,國立臺灣體育運動大學,10152012,運動資訊與傳播學系,6,3,3,0,0,0,0,1,1,2,2,0,0,2,1,1,6,3,3
109,公立,一般大學,0049,國立臺灣體育運動大學,99999Z01,通識教育中心,31,18,13,2,0,1,0,2,2,13,11,0,0,7,5,2,31,18,13
109,公立,技專校院,0050,國立臺中科技大學,02112005,多媒體設計系,2,2,0,0,0,0,0,0,0,2,0,0,0,0,0,0,2,2,0
109,公立,技專校院,0050,國立臺中科技大學,02123006,商業設計系,37,22,15,0,0,3,0,2,2,17,13,0,0,7,5,2,37,22,15
109,公立,技專校院,0050,國立臺中科技大學,02123007,創意商品設計系,9,8,1,0,0,0,0,2,0,6,1,0,0,2,2,0,9,8,1
109,公立,技專校院,0050,國立臺中科技大學,02124008,室內設計系,17,13,4,0,0,2,0,4,0,7,4,0,0,6,6,0,17,13,4
109,公立,技專校院,0050,國立臺中科技大學,02311003,應用英語系科,61,21,40,0,1,1,4,3,6,17,29,0,0,15,4,11,61,21,40
109,公立,技專校院,0050,國立臺中科技大學,02311004,應用日語系,30,12,18,2,0,3,2,3,6,4,10,0,0,16,8,8,30,12,18
109,公立,技專校院,0050,國立臺中科技大學,02322001,應用中文系,6,4,2,1,1,0,0,2,0,1,1,0,0,4,3,1,6,4,2
109,公立,技專校院,0050,國立臺中科技大學,04111012,會計資訊系,56,30,26,0,0,4,0,3,6,23,20,0,0,13,7,6,56,30,26
109,公立,技專校院,0050,國立臺中科技大學,04121021,財務金融系,38,23,15,1,0,7,0,3,1,12,14,0,0,12,11,1,38,23,15
109,公立,技專校院,0050,國立臺中科技大學,04122028,財政稅務系,18,12,6,2,0,0,0,3,2,7,4,0,0,7,5,2,18,12,6
109,公立,技專校院,0050,國立臺中科技大學,04123027,保險金融管理系,37,27,10,0,0,3,0,6,3,18,7,0,0,12,9,3,37,27,10
109,公立,技專校院,0050,國立臺中科技大學,04131015,企業管理系,49,33,16,0,1,0,3,9,2,24,10,0,0,15,9,6,49,33,16
109,公立,技專校院,0050,國立臺中科技大學,04132029,流通管理系,2,2,0,0,0,0,0,0,0,2,0,0,0,0,0,0,2,2,0
109,公立,技專校院,0050,國立臺中科技大學,04141020,國際貿易與經營系,47,31,16,0,0,0,1,10,2,21,13,0,0,13,10,3,47,31,16
109,公立,技專校院,0050,國立臺中科技大學,04191009,商業經營系,72,41,31,1,0,3,1,7,7,30,23,0,0,19,11,8,72,41,31
109,公立,技專校院,0050,國立臺中科技大學,05421032,應用統計系,2,2,0,0,0,0,0,1,0,1,0,0,0,1,1,0,2,2,0
109,公立,技專校院,0050,國立臺中科技大學,06131033,資訊管理系,47,35,12,1,0,5,1,10,0,19,11,0,0,17,16,1,47,35,12
109,公立,技專校院,0050,國立臺中科技大學,07141036,資訊工程系,21,18,3,0,0,4,0,1,2,13,1,0,0,7,5,2,21,18,3
109,公立,技專校院,0050,國立臺中科技大學,09131037,護理系(科),31,8,23,0,0,5,4,2,6,1,11,0,2,17,7,10,29,8,21
109,公立,技專校院,0050,國立臺中科技大學,09211038,老人服務事業管理系(科),30,9,21,0,1,1,1,2,2,6,17,0,0,7,3,4,30,9,21
109,公立,技專校院,0050,國立臺中科技大學,10121040,美容系(科),26,9,17,2,0,2,0,2,2,3,15,0,0,8,6,2,26,9,17
109,公立,技專校院,0050,國立臺中科技大學,10151039,休閒事業經營系,48,28,20,3,0,1,3,4,2,20,15,0,0,13,8,5,48,28,20
109,公立,技專校院,0050,國立臺中科技大學,99999Z01,通識教育中心,114,59,55,2,0,4,3,29,26,24,26,0,0,64,35,29,114,59,55
109,公立,技專校院,0050,國立臺中科技大學,99999Z07,體育室,42,33,9,2,0,7,0,7,4,17,5,0,0,20,16,4,42,33,9
109,公立,技專校院,0050,國立臺中科技大學,99999Z08,語言中心,39,10,29,0,0,0,2,0,1,10,26,0,0,3,0,3,39,10,29
109,公立,技專校院,0051,國立臺北商業大學,02112007,數位多媒體設計系,10,9,1,0,0,0,0,2,0,7,1,0,0,2,2,0,10,9,1
109,公立,技專校院,0051,國立臺北商業大學,02122015,商業設計管理系,18,9,9,0,0,0,0,2,0,7,9,0,0,2,2,0,18,9,9
109,公立,技專校院,0051,國立臺北商業大學,02122026,創意科技與產品設計系,8,4,4,0,0,0,0,1,1,3,3,0,0,2,1,1,8,4,4
109,公立,技專校院,0051,國立臺北商業大學,02311006,應用外語系,40,30,10,0,0,2,1,6,2,22,7,0,0,11,8,3,40,30,10
109,公立,技專校院,0051,國立臺北商業大學,04111009,會計資訊系,32,24,8,3,0,4,0,5,1,12,7,0,0,13,12,1,32,24,8
109,公立,技專校院,0051,國立臺北商業大學,04121013,財務金融系,11,8,3,0,0,1,0,1,0,6,3,0,0,2,2,0,11,8,3
109,公立,技專校院,0051,國立臺北商業大學,04122014,財政稅務系,30,16,14,0,1,2,3,5,5,9,5,0,0,16,7,9,30,16,14
109,公立,技專校院,0051,國立臺北商業大學,04131010,企業管理系,101,54,47,3,2,4,3,14,13,33,29,0,0,39,21,18,101,54,47
109,公立,技專校院,0051,國立臺北商業大學,04141012,國際商務系,32,17,15,1,0,1,1,3,4,12,10,0,0,10,5,5,32,17,15
109,公立,技專校院,0051,國立臺北商業大學,06131017,資訊管理系,26,21,5,0,1,4,0,6,1,11,3,0,0,12,10,2,26,21,5
109,公立,技專校院,0051,國立臺北商業大學,06131018,資訊與決策科學研究所,1,1,0,0,0,0,0,1,0,0,0,0,0,1,1,0,1,1,0
109,公立,技專校院,0051,國立臺北商業大學,99999Z01,通識教育中心,47,20,27,0,0,2,2,11,16,7,9,0,0,31,13,18,47,20,27
109,公立,技專校院,0051,國立臺北商業大學,99999Z07,體育室,12,8,4,0,1,1,1,3,1,4,1,0,0,7,4,3,12,8,4
109,公立,一般大學,0052,國立屏東大學,01111001,教育學系,8,3,5,0,0,0,0,3,5,0,0,0,0,8,3,5,8,3,5
109,公立,一般大學,0052,國立屏東大學,01111003,教育心理與輔導學系,3,1,2,0,0,0,0,1,2,0,0,0,0,3,1,2,3,1,2
109,公立,一般大學,0052,國立屏東大學,01113017,特殊教育學系,5,2,3,1,1,0,1,1,1,0,0,0,0,5,2,3,5,2,3
109,公立,一般大學,0052,國立屏東大學,01114018,教育行政研究所,2,2,0,0,0,0,0,2,0,0,0,0,0,2,2,0,2,2,0
109,公立,一般大學,0052,國立屏東大學,01121016,幼兒教育學系,7,0,7,0,0,0,0,0,0,0,7,0,0,0,0,0,7,0,7
109,公立,一般大學,0052,國立屏東大學,01199Y03,教育學院,2,0,2,0,0,0,0,0,0,0,2,0,0,0,0,0,2,0,2
109,公立,一般大學,0052,國立屏東大學,02111025,視覺藝術學系,8,7,1,2,0,0,0,2,1,3,0,0,0,5,4,1,8,7,1
109,公立,一般大學,0052,國立屏東大學,02151024,音樂學系,33,10,23,0,1,0,1,4,9,6,12,0,0,15,4,11,33,10,23
109,公立,一般大學,0052,國立屏東大學,02299033,文化創意產業學系,2,1,1,0,0,0,0,0,0,1,1,0,0,0,0,0,2,1,1
109,公立,一般大學,0052,國立屏東大學,02299034,原住民族健康休閒與文化產業學士學位學程原住民專班,8,5,3,0,0,0,0,3,1,2,2,0,0,4,3,1,8,5,3
109,公立,一般大學,0052,國立屏東大學,02311029,英語學系,1,0,1,0,0,0,0,0,1,0,0,0,0,1,0,1,1,0,1
109,公立,一般大學,0052,國立屏東大學,02311030,應用英語學系,2,0,2,0,0,0,0,0,0,0,2,0,0,0,0,0,2,0,2
109,公立,一般大學,0052,國立屏東大學,04111038,會計學系,2,0,2,0,0,0,0,0,0,0,2,0,0,0,0,0,2,0,2
109,公立,一般大學,0052,國立屏東大學,04121045,財務金融學系,3,3,0,1,0,0,0,2,0,0,0,0,0,3,3,0,3,3,0
109,公立,一般大學,0052,國立屏東大學,04131039,企業管理學系,4,2,2,0,0,0,1,2,0,0,1,0,0,3,2,1,4,2,2
109,公立,一般大學,0052,國立屏東大學,04131042,商業自動化與管理學系,1,1,0,0,0,0,0,1,0,0,0,0,0,1,1,0,1,1,0
109,公立,一般大學,0052,國立屏東大學,04132046,行銷與流通管理學系,7,4,3,0,0,0,0,2,3,2,0,0,0,5,2,3,7,4,3
109,公立,一般大學,0052,國立屏東大學,04141044,國際貿易學系,4,2,2,0,0,0,0,1,0,1,2,0,0,1,1,0,4,2,2
109,公立,一般大學,0052,國立屏東大學,05311050,應用化學系,1,1,0,1,0,0,0,0,0,0,0,0,0,1,1,0,1,1,0
109,公立,一般大學,0052,國立屏東大學,05411055,應用數學系,1,1,0,0,0,0,0,0,0,1,0,0,0,0,0,0,1,1,0
109,公立,一般大學,0052,國立屏東大學,06131057,資訊管理學系,3,2,1,0,0,0,1,0,0,2,0,0,0,1,0,1,3,2,1
109,公立,一般大學,0052,國立屏東大學,06131061,資訊科學系,2,2,0,1,0,0,0,1,0,0,0,0,0,2,2,0,2,2,0
109,公立,一般大學,0052,國立屏東大學,10152014,體育學系,3,2,1,0,0,0,0,0,0,2,1,0,0,0,0,0,3,2,1
109,公立,一般大學,0052,國立屏東大學,99999Z05,師資培育中心,9,4,5,0,0,0,0,4,4,0,1,0,0,8,4,4,9,4,5
109,公立,一般大學,0052,國立屏東大學,99999Z07,體育室,7,6,1,0,0,0,0,1,0,5,1,0,0,1,1,0,7,6,1
109,公立,一般大學,0052,國立屏東大學,99999Z99,大武山學院,39,24,15,2,0,2,1,11,6,9,8,0,0,22,15,7,39,24,15
109,公立,一般大學,0052,國立屏東大學,99999Z99,秘書室,2,2,0,2,0,0,0,0,0,0,0,0,0,2,2,0,2,2,0
109,公立,一般大學,0052,國立屏東大學,99999Z99,國際暨創新學院,1,1,0,1,0,0,0,0,0,0,0,0,0,1,1,0,1,1,0
109,公立,技專校院,0053,國立高雄科技大學,02121006,文化創意產業系,6,5,1,0,0,0,0,0,0,5,1,0,0,0,0,0,6,5,1
109,公立,技專校院,0053,國立高雄科技大學,02123015,工業設計系,3,3,0,0,0,0,0,2,0,1,0,0,0,2,2,0,3,3,0
109,公立,技專校院,0053,國立高雄科技大學,02199Y88,商業智慧學院,2,2,0,2,0,0,0,0,0,0,0,0,0,2,2,0,2,2,0
109,公立,技專校院,0053,國立高雄科技大學,02311002,應用英語系,19,4,15,0,0,0,0,1,3,3,12,0,0,4,1,3,19,4,15
109,公立,技專校院,0053,國立高雄科技大學,02311003,應用德語系,6,2,4,0,0,0,0,0,0,2,4,0,0,0,0,0,6,2,4
109,公立,技專校院,0053,國立高雄科技大學,02311008,應用日語系,9,2,7,0,0,1,0,0,0,1,7,0,0,1,1,0,9,2,7
109,公立,技專校院,0053,國立高雄科技大學,04111020,會計資訊系,18,11,7,1,0,1,0,2,2,7,5,0,0,6,4,2,18,11,7
109,公立,技專校院,0053,國立高雄科技大學,04121034,金融資訊系,10,8,2,0,0,2,1,3,1,3,0,0,0,7,5,2,10,8,2
109,公立,技專校院,0053,國立高雄科技大學,04121040,財務管理系,9,9,0,0,0,2,0,4,0,3,0,0,0,6,6,0,9,9,0
109,公立,技專校院,0053,國立高雄科技大學,04121104,金融系,11,8,3,0,0,1,0,2,1,5,2,0,0,4,3,1,11,8,3
109,公立,技專校院,0053,國立高雄科技大學,04122043,財政稅務系,8,4,4,1,0,0,1,1,0,2,3,0,0,3,2,1,8,4,4
109,公立,技專校院,0053,國立高雄科技大學,04123054,風險管理與保險系,7,5,2,0,0,0,0,1,0,4,2,0,0,1,1,0,7,5,2
109,公立,技專校院,0053,國立高雄科技大學,04131101,企業管理系,10,6,4,1,0,0,0,3,0,2,4,0,0,4,4,0,10,6,4
109,公立,技專校院,0053,國立高雄科技大學,04132004,供應鏈管理系,9,6,3,0,0,0,0,2,2,4,1,0,0,4,2,2,9,6,3
109,公立,技專校院,0053,國立高雄科技大學,04132059,行銷與流通管理系,5,4,1,1,0,2,0,0,1,1,0,0,0,4,3,1,5,4,1
109,公立,技專校院,0053,國立高雄科技大學,04132107,運籌管理系,4,3,1,0,0,0,0,0,0,3,1,0,0,0,0,0,4,3,1
109,公立,技專校院,0053,國立高雄科技大學,04141023,國際企業系,20,14,6,1,0,0,0,6,0,7,6,0,0,7,7,0,20,14,6
109,公立,技專校院,0053,國立高雄科技大學,04212068,科技法律研究所,1,1,0,0,0,1,0,0,0,0,0,0,0,1,1,0,1,1,0
109,公立,技專校院,0053,國立高雄科技大學,06131066,海事資訊科技系,5,5,0,0,0,1,0,2,0,2,0,0,0,3,3,0,5,5,0
109,公立,技專校院,0053,國立高雄科技大學,06131067,資訊工程系,4,4,0,0,0,2,0,1,0,1,0,0,0,3,3,0,4,4,0
109,公立,技專校院,0053,國立高雄科技大學,06131080,商務資訊應用系,3,1,2,0,0,0,0,0,2,1,0,0,0,2,0,2,3,1,2
109,公立,技專校院,0053,國立高雄科技大學,06131100,資訊管理系,6,3,3,0,0,0,0,2,0,1,3,0,0,2,2,0,6,3,3
109,公立,技專校院,0053,國立高雄科技大學,06132005,智慧商務系,6,5,1,0,0,1,0,0,0,4,1,0,0,1,1,0,6,5,1
109,公立,技專校院,0053,國立高雄科技大學,07111085,化學工程與材料工程系,9,7,2,2,0,2,0,3,1,0,1,0,0,8,7,1,9,7,2
109,公立,技專校院,0053,國立高雄科技大學,07121030,海洋環境工程系,13,13,0,2,0,0,0,8,0,3,0,0,0,10,10,0,13,13,0
109,公立,技專校院,0053,國立高雄科技大學,07121086,環境與安全衛生工程系,4,3,1,0,0,1,0,0,1,2,0,0,0,2,1,1,4,3,1
109,公立,技專校院,0053,國立高雄科技大學,07141021,電訊工程系,10,8,2,0,0,0,0,5,1,3,1,0,0,6,5,1,10,8,2
109,公立,技專校院,0053,國立高雄科技大學,07141081,半導體工程系,1,1,0,0,0,0,0,0,0,1,0,0,0,0,0,0,1,1,0
109,公立,技專校院,0053,國立高雄科技大學,07141103,電子工程系(建工/燕巢校區),11,10,1,0,0,6,0,2,1,2,0,0,0,9,8,1,11,10,1
109,公立,技專校院,0053,國立高雄科技大學,07141103,電子工程系(第一校區),6,5,1,0,0,3,0,1,0,1,1,0,0,4,4,0,6,5,1
109,公立,技專校院,0053,國立高雄科技大學,07141105,電機工程系,15,14,1,1,0,7,0,5,0,1,1,0,0,13,13,0,15,14,1
109,公立,技專校院,0053,國立高雄科技大學,07141111,電機與資訊學院,1,1,0,1,0,0,0,0,0,0,0,0,0,1,1,0,1,1,0
109,公立,技專校院,0053,國立高雄科技大學,07151026,輪機工程系,13,12,1,0,0,1,0,3,0,8,1,0,0,4,4,0,13,12,1
109,公立,技專校院,0053,國立高雄科技大學,07151072,機械工程系,9,9,0,2,0,0,0,5,0,2,0,0,0,7,7,0,9,9,0
109,公立,技專校院,0053,國立高雄科技大學,07151074,模具工程系,20,19,1,2,0,1,0,7,0,9,1,0,0,10,10,0,20,19,1
109,公立,技專校院,0053,國立高雄科技大學,07163029,造船及海洋工程系,15,15,0,0,0,0,0,4,0,11,0,0,0,4,4,0,15,15,0
109,公立,技專校院,0053,國立高雄科技大學,07191091,工業工程與管理系,9,8,1,0,0,2,1,4,0,2,0,0,0,7,6,1,9,8,1
109,公立,技專校院,0053,國立高雄科技大學,07194094,海事學院海事科技產學合作博士班,1,1,0,1,0,0,0,0,0,0,0,0,0,1,1,0,1,1,0
109,公立,技專校院,0053,國立高雄科技大學,07211039,水產食品科學系,9,6,3,0,0,0,0,2,1,4,2,0,0,3,2,1,9,6,3
109,公立,技專校院,0053,國立高雄科技大學,07321077,土木工程系,9,8,1,0,0,0,0,3,1,5,0,0,0,4,3,1,9,8,1
109,公立,技專校院,0053,國立高雄科技大學,07321082,營建工程系,3,3,0,0,0,1,0,0,0,2,0,0,0,1,1,0,3,3,0
109,公立,技專校院,0053,國立高雄科技大學,08193007,海洋事務與產業管理研究所,1,1,0,1,0,0,0,0,0,0,0,0,0,1,1,0,1,1,0
109,公立,技專校院,0053,國立高雄科技大學,08311045,漁業生產與管理系,5,4,1,1,0,1,0,0,0,2,1,0,0,2,2,0,5,4,1
109,公立,技專校院,0053,國立高雄科技大學,08312047,水產養殖系,4,3,1,0,0,0,0,1,1,2,0,0,0,2,1,1,4,3,1
109,公立,技專校院,0053,國立高雄科技大學,10151055,海洋休閒管理系,10,8,2,0,0,0,0,3,1,5,1,0,0,4,3,1,10,8,2
109,公立,技專校院,0053,國立高雄科技大學,10151096,觀光管理系,16,8,8,0,0,0,0,1,0,7,8,0,0,1,1,0,16,8,8
109,公立,技專校院,0053,國立高雄科技大學,10412060,航運管理系,22,19,3,0,0,0,0,6,0,13,3,0,0,6,6,0,22,19,3
109,公立,技專校院,0053,國立高雄科技大學,10414061,航運技術系,10,8,2,0,0,1,0,3,0,4,2,0,0,4,4,0,10,8,2
109,公立,技專校院,0053,國立高雄科技大學,99999Z01,基礎教育中心,44,24,20,0,0,5,0,11,7,8,13,0,0,23,16,7,44,24,20
109,公立,技專校院,0053,國立高雄科技大學,99999Z01,博雅教育中心,107,51,56,1,0,2,1,24,18,24,37,0,0,46,27,19,107,51,56
109,公立,技專校院,0053,國立高雄科技大學,99999Z07,體育室,70,52,18,1,0,6,2,7,4,38,12,0,0,20,14,6,70,52,18
109,公立,技專校院,0053,國立高雄科技大學,99999Z08,外語教育中心,94,23,71,0,0,0,1,3,12,20,58,0,0,16,3,13,94,23,71
109,公立,技專校院,0053,國立高雄科技大學,99999Z99,創新創業教育中心,2,2,0,0,0,0,0,0,0,2,0,0,0,0,0,0,2,2,0
109,公立,技專校院,0144,國立臺灣戲曲學院,02151001,戲曲音樂學系,30,11,19,0,0,0,0,0,1,11,18,0,0,1,0,1,30,11,19
109,公立,技專校院,0144,國立臺灣戲曲學院,02152004,歌仔戲學系,17,9,8,0,1,0,2,0,2,9,3,0,0,5,0,5,17,9,8
109,公立,技專校院,0144,國立臺灣戲曲學院,02152005,京劇學系,11,9,2,0,0,2,1,3,0,4,1,0,0,6,5,1,11,9,2
109,公立,技專校院,0144,國立臺灣戲曲學院,02152006,客家戲學系,11,6,5,1,0,2,0,0,0,3,5,0,0,3,3,0,11,6,5
109,公立,技專校院,0144,國立臺灣戲曲學院,02152007,劇場藝術學系,19,16,3,0,0,0,0,1,1,15,2,0,0,2,1,1,19,16,3
109,公立,技專校院,0144,國立臺灣戲曲學院,02152009,民俗技藝學系,21,13,8,0,0,1,0,0,1,12,7,0,0,2,1,1,21,13,8
109,公立,技專校院,0144,國立臺灣戲曲學院,99999Z01,通識教育中心,15,13,2,1,0,2,0,5,0,5,2,0,0,8,8,0,15,13,2
109,公立,技專校院,0221,國立臺南護理專科學校,09131001,護理科,26,7,19,0,0,1,0,1,2,5,17,0,0,4,2,2,26,7,19
109,公立,技專校院,0221,國立臺南護理專科學校,09211003,老人服務事業科,8,6,2,0,0,1,0,1,1,4,1,0,0,3,2,1,8,6,2
109,公立,技專校院,0221,國立臺南護理專科學校,10121004,化妝品應用科,12,4,8,0,0,0,0,1,1,3,7,0,0,2,1,1,12,4,8
109,公立,技專校院,0221,國立臺南護理專科學校,99999Z01,共同科目,39,16,23,1,0,1,1,2,5,12,17,0,0,10,4,6,39,16,23
109,公立,技專校院,0222,國立臺東專科學校,02141017,創意商品設計科,4,2,2,0,0,0,0,0,0,2,2,0,0,0,0,0,4,2,2
109,公立,技專校院,0222,國立臺東專科學校,04131015,行銷與流通管理科,1,1,0,0,0,0,0,0,0,1,0,0,0,0,0,0,1,1,0
109,公立,技專校院,0222,國立臺東專科學校,06131003,資訊管理科,4,3,1,0,0,0,0,0,0,3,1,0,0,0,0,0,4,3,1
109,公立,技專校院,0222,國立臺東專科學校,07141004,電機工程科,1,1,0,0,0,0,0,0,0,1,0,0,0,0,0,0,1,1,0
109,公立,技專校院,0222,國立臺東專科學校,07161005,動力機械科,5,5,0,1,0,0,0,0,0,4,0,0,0,1,1,0,5,5,0
109,公立,技專校院,0222,國立臺東專科學校,07211012,食品科技科,7,3,4,0,0,0,0,1,1,2,3,0,0,2,1,1,7,3,4
109,公立,技專校院,0222,國立臺東專科學校,07311007,建築科,7,5,2,0,0,0,0,0,0,5,2,0,0,0,0,0,7,5,2
109,公立,技專校院,0222,國立臺東專科學校,08121011,園藝暨景觀科,16,10,6,0,0,0,0,3,2,7,4,0,0,5,3,2,16,10,6
109,公立,技專校院,0222,國立臺東專科學校,10131014,餐旅管理科,4,0,4,0,0,0,0,0,0,0,4,0,0,0,0,0,4,0,4
109,公立,技專校院,0222,國立臺東專科學校,99999Z01,通識教育中心,23,17,6,1,0,0,0,6,1,10,5,0,0,8,7,1,23,17,6
109,私立,一般大學,1001,東海大學,01111001,教育研究所,1,1,0,1,0,0,0,0,0,0,0,0,0,1,1,0,1,1,0
109,私立,一般大學,1001,東海大學,02123011,工業設計學系,10,9,1,0,0,0,0,1,0,8,1,0,0,1,1,0,10,9,1
109,私立,一般大學,1001,東海大學,02131002,美術學系,26,21,5,1,1,1,0,7,0,12,4,0,0,10,9,1,26,21,5
109,私立,一般大學,1001,東海大學,02151003,音樂學系,51,18,33,1,1,0,1,11,16,6,15,0,0,30,12,18,51,18,33
109,私立,一般大學,1001,東海大學,02152058,表演藝術與創作碩士學位學程,2,1,1,1,0,0,0,0,1,0,0,0,0,2,1,1,2,1,1
109,私立,一般大學,1001,東海大學,02199Y09,創意設計暨藝術學院,2,2,0,1,0,1,0,0,0,0,0,0,0,2,2,0,2,2,0
109,私立,一般大學,1001,東海大學,02221009,歷史學系,8,6,2,0,1,2,1,3,0,1,0,0,0,7,5,2,8,6,2
109,私立,一般大學,1001,東海大學,02231010,哲學系,3,3,0,0,0,0,0,3,0,0,0,0,0,3,3,0,3,3,0
109,私立,一般大學,1001,東海大學,02311005,外國語文學系,21,3,18,0,0,1,0,0,0,2,18,0,0,1,1,0,21,3,18
109,私立,一般大學,1001,東海大學,02311007,日本語言文化學系,25,9,16,0,1,3,0,1,1,5,14,0,0,6,4,2,25,9,16
109,私立,一般大學,1001,東海大學,02322004,中國文學系,40,19,21,2,0,3,2,9,14,5,5,0,0,30,14,16,40,19,21
109,私立,一般大學,1001,東海大學,03111012,經濟學系,13,7,6,1,0,3,1,3,1,0,4,0,0,9,7,2,13,7,6
109,私立,一般大學,1001,東海大學,03121013,政治學系,11,11,0,3,0,4,0,3,0,1,0,0,0,10,10,0,11,11,0
109,私立,一般大學,1001,東海大學,03141014,社會學系,13,10,3,1,0,0,0,4,2,5,1,0,0,7,5,2,13,10,3
109,私立,一般大學,1001,東海大學,03199Y20,社會科學學院,1,0,1,0,0,0,0,0,0,0,1,0,0,0,0,0,1,0,1
109,私立,一般大學,1001,東海大學,04111018,會計學系,15,12,3,1,0,4,0,4,2,3,1,0,0,11,9,2,15,12,3
109,私立,一般大學,1001,東海大學,04121024,財務金融學系,12,11,1,1,0,2,0,5,1,3,0,0,0,9,8,1,12,11,1
109,私立,一般大學,1001,東海大學,04131019,企業管理學系,11,9,2,1,0,3,0,4,2,1,0,0,0,10,8,2,11,9,2
109,私立,一般大學,1001,東海大學,04131021,國際學院國際經營管理學位學程,1,1,0,0,0,0,0,1,0,0,0,0,0,1,1,0,1,1,0
109,私立,一般大學,1001,東海大學,04131025,高階經營管理碩士在職專班,9,9,0,3,0,3,0,3,0,0,0,0,0,9,9,0,9,9,0
109,私立,一般大學,1001,東海大學,04134016,行政管理暨政策學系,2,1,1,0,0,0,0,0,0,1,1,0,0,0,0,0,2,1,1
109,私立,一般大學,1001,東海大學,04134017,公共事務碩士專班,1,0,1,0,0,0,0,0,1,0,0,0,0,1,0,1,1,0,1
109,私立,一般大學,1001,東海大學,04141023,國際經營與貿易學系,13,13,0,2,0,5,0,5,0,1,0,0,0,12,12,0,13,13,0
109,私立,一般大學,1001,東海大學,04199Y31,管理學院,5,5,0,1,0,1,0,2,0,1,0,0,0,4,4,0,5,5,0
109,私立,一般大學,1001,東海大學,04211027,法律學系,31,25,6,6,1,6,2,5,1,8,2,0,0,21,17,4,31,25,6
109,私立,一般大學,1001,東海大學,05111028,生命科學系,13,10,3,2,0,1,2,7,1,0,0,0,0,13,10,3,13,10,3
109,私立,一般大學,1001,東海大學,05111061,生物多樣性國際研究生博士學位學程,7,6,1,1,0,3,0,2,1,0,0,0,0,7,6,1,7,6,1
109,私立,一般大學,1001,東海大學,05211056,永續科學與工程學士學位學程,3,3,0,1,0,0,0,0,0,2,0,0,0,1,1,0,3,3,0
109,私立,一般大學,1001,東海大學,05311030,化學系,5,5,0,4,0,1,0,0,0,0,0,0,0,5,5,0,5,5,0
109,私立,一般大學,1001,東海大學,05331032,應用物理學系,2,2,0,0,0,0,0,2,0,0,0,0,0,2,2,0,2,2,0
109,私立,一般大學,1001,東海大學,05399Y37,理學院,4,3,1,1,0,1,0,1,0,0,1,0,0,3,3,0,4,3,1
109,私立,一般大學,1001,東海大學,05411034,應用數學系,5,4,1,1,0,0,0,2,1,1,0,0,0,4,3,1,5,4,1
109,私立,一般大學,1001,東海大學,05421035,統計學系,2,2,0,1,0,1,0,0,0,0,0,0,0,2,2,0,2,2,0
109,私立,一般大學,1001,東海大學,06131039,資訊工程學系,10,10,0,1,0,4,0,2,0,3,0,0,0,7,7,0,10,10,0
109,私立,一般大學,1001,東海大學,06134036,資訊管理學系,2,1,1,0,0,0,0,1,0,0,1,0,0,1,1,0,2,1,1
109,私立,一般大學,1001,東海大學,07111042,化學工程與材料工程學系,5,4,1,1,0,0,0,3,0,0,1,0,0,4,4,0,5,4,1
109,私立,一般大學,1001,東海大學,07121045,環境科學與工程學系,4,4,0,0,0,1,0,2,0,1,0,0,0,3,3,0,4,4,0
109,私立,一般大學,1001,東海大學,07141037,電機工程學系,3,3,0,1,0,0,0,2,0,0,0,0,0,3,3,0,3,3,0
109,私立,一般大學,1001,東海大學,07191044,工業工程與經營資訊學系,26,21,5,3,0,8,1,9,2,1,2,0,0,23,20,3,26,21,5
109,私立,一般大學,1001,東海大學,07199Y40,工學院,2,1,1,0,0,0,0,1,0,0,1,0,0,1,1,0,2,1,1
109,私立,一般大學,1001,東海大學,07211052,食品科學系,9,6,3,2,0,1,0,3,2,0,1,0,0,8,6,2,9,6,3
109,私立,一般大學,1001,東海大學,07311048,建築學系,22,17,5,1,0,6,1,4,0,6,4,0,0,12,11,1,22,17,5
109,私立,一般大學,1001,東海大學,07312049,景觀學系,26,18,8,0,1,5,1,4,2,9,4,0,0,13,9,4,26,18,8
109,私立,一般大學,1001,東海大學,08112051,畜產與生物科技學系,4,3,1,2,0,0,1,0,0,1,0,0,0,3,2,1,4,3,1
109,私立,一般大學,1001,東海大學,08199Y41,農學院,16,9,7,4,1,1,1,4,5,0,0,0,0,16,9,7,16,9,7
109,私立,一般大學,1001,東海大學,09231053,社會工作學系,24,8,16,0,0,0,0,2,3,6,13,0,0,5,2,3,24,8,16
109,私立,一般大學,1001,東海大學,10131054,餐旅管理學系,4,3,1,2,0,0,0,1,1,0,0,0,0,4,3,1,4,3,1
109,私立,一般大學,1001,東海大學,10152055,運動休閒與健康管理學位學程,8,7,1,0,0,1,0,3,0,3,1,0,0,4,4,0,8,7,1
109,私立,一般大學,1001,東海大學,99999Z01,共同學科暨通識教育中心,71,51,20,11,2,9,2,18,7,13,9,0,0,49,38,11,71,51,20
109,私立,一般大學,1001,東海大學,99999Z05,師資培育中心,3,3,0,0,0,1,0,0,0,2,0,0,0,1,1,0,3,3,0
109,私立,一般大學,1001,東海大學,99999Z07,體育室,26,18,8,4,0,3,4,4,0,7,4,0,0,15,11,4,26,18,8
109,私立,一般大學,1001,東海大學,99999Z08,英語中心,42,7,35,0,1,0,0,1,3,6,31,0,0,5,1,4,42,7,35
109,私立,一般大學,1002,輔仁大學,01114046,教育領導與科技發展學士學位學程,5,2,3,0,0,0,0,1,2,1,1,0,0,3,1,2,5,2,3
109,私立,一般大學,1002,輔仁大學,01114047,教育領導與發展研究所,1,1,0,0,0,1,0,0,0,0,0,0,0,1,1,0,1,1,0
109,私立,一般大學,1002,輔仁大學,02122029,品牌與時尚經營管理碩士學位學程,1,0,1,0,0,0,0,0,1,0,0,0,0,1,0,1,1,0,1
109,私立,一般大學,1002,輔仁大學,02122078,應用美術學系,24,20,4,2,0,2,0,4,0,12,4,0,0,8,8,0,24,20,4
109,私立,一般大學,1002,輔仁大學,02122087,藝術與文化創意學士學位學程,16,9,7,0,0,0,0,1,2,8,5,0,0,3,1,2,16,9,7
109,私立,一般大學,1002,輔仁大學,02124095,室內設計進修學士學位學程,2,1,1,0,0,0,0,0,1,1,0,0,0,1,0,1,2,1,1
109,私立,一般大學,1002,輔仁大學,02125082,織品服裝學系,30,15,15,1,1,2,4,5,3,7,7,0,0,16,8,8,30,15,15
109,私立,一般大學,1002,輔仁大學,02151034,音樂學系,59,25,34,3,0,2,6,11,21,9,7,0,0,43,16,27,59,25,34
109,私立,一般大學,1002,輔仁大學,02199Y09,藝術學院,1,1,0,0,0,0,0,0,0,1,0,0,0,0,0,0,1,1,0
109,私立,一般大學,1002,輔仁大學,02211006,天主教研修學士學位學程,8,4,4,1,0,1,1,1,1,1,2,0,0,5,3,2,8,4,4
109,私立,一般大學,1002,輔仁大學,02211019,宗教學系,19,8,11,0,1,1,3,2,3,5,4,0,0,10,3,7,19,8,11
109,私立,一般大學,1002,輔仁大學,02221074,歷史學系,26,16,10,10,3,2,4,4,2,0,1,0,0,25,16,9,26,16,10
109,私立,一般大學,1002,輔仁大學,02231037,哲學系,20,12,8,5,2,2,4,4,1,1,1,0,0,18,11,7,20,12,8
109,私立,一般大學,1002,輔仁大學,02299060,跨文化研究所,23,18,5,5,0,3,1,5,1,5,3,0,0,15,13,2,23,18,5
109,私立,一般大學,1002,輔仁大學,02299093,人文社會服務進修學士學位學程,5,2,3,0,0,1,0,0,0,1,3,0,0,1,1,0,5,2,3
109,私立,一般大學,1002,輔仁大學,02311009,日本語文學系,27,6,21,0,0,1,0,0,4,5,17,0,0,5,1,4,27,6,21
109,私立,一般大學,1002,輔仁大學,02311016,西班牙語文學系,9,4,5,1,0,1,2,1,1,1,2,0,0,6,3,3,9,4,5
109,私立,一般大學,1002,輔仁大學,02311021,法國語文學系,10,3,7,0,1,0,3,1,0,2,3,0,0,5,1,4,10,3,7
109,私立,一般大學,1002,輔仁大學,02311033,英國語文學系,23,10,13,0,0,1,0,1,3,8,10,0,0,5,2,3,23,10,13
109,私立,一般大學,1002,輔仁大學,02311057,義大利語文學系,5,3,2,0,0,0,0,1,0,2,2,0,0,1,1,0,5,3,2
109,私立,一般大學,1002,輔仁大學,02311072,德語語文學系,8,3,5,0,1,2,0,0,2,1,2,0,0,5,2,3,8,3,5
109,私立,一般大學,1002,輔仁大學,02322003,中國文學系,19,12,7,4,0,3,1,1,3,4,3,0,0,12,8,4,19,12,7
109,私立,一般大學,1002,輔仁大學,02399Y16,外國語文學院,3,1,2,0,0,1,1,0,1,0,0,0,0,3,1,2,3,1,2
109,私立,一般大學,1002,輔仁大學,03111055,經濟學系,16,13,3,1,1,4,0,4,1,4,1,0,0,11,9,2,16,13,3
109,私立,一般大學,1002,輔仁大學,03131007,心理學系,8,8,0,1,0,3,0,2,0,2,0,0,0,6,6,0,8,8,0
109,私立,一般大學,1002,輔仁大學,03131081,臨床心理學系,11,5,6,1,0,0,2,2,2,2,2,0,0,7,3,4,11,5,6
109,私立,一般大學,1002,輔仁大學,03141023,社會學系,7,3,4,0,1,0,0,3,3,0,0,0,0,7,3,4,7,3,4
109,私立,一般大學,1002,輔仁大學,03199Y19,社會科學院,2,2,0,0,0,1,0,1,0,0,0,0,0,2,2,0,2,2,0
109,私立,一般大學,1002,輔仁大學,03211001,大眾傳播學士學位學程,19,13,6,0,0,3,0,2,3,8,3,0,0,8,5,3,19,13,6
109,私立,一般大學,1002,輔仁大學,03212053,新聞傳播學系,6,4,2,0,0,1,0,1,2,2,0,0,0,4,2,2,6,4,2
109,私立,一般大學,1002,輔仁大學,03213070,影像傳播學系,6,4,2,0,0,1,1,0,0,3,1,0,0,2,1,1,6,4,2
109,私立,一般大學,1002,輔仁大學,03221051,博物館學研究所,1,0,1,0,1,0,0,0,0,0,0,0,0,1,0,1,1,0,1
109,私立,一般大學,1002,輔仁大學,03222065,圖書資訊學系,20,11,9,0,2,1,2,5,2,5,3,0,0,12,6,6,20,11,9
109,私立,一般大學,1002,輔仁大學,04111054,會計學系,6,5,1,1,0,1,1,2,0,1,0,0,0,5,4,1,6,5,1
109,私立,一般大學,1002,輔仁大學,04121027,金融與國際企業學系,7,7,0,2,0,3,0,1,0,1,0,0,0,6,6,0,7,7,0
109,私立,一般大學,1002,輔仁大學,04131015,企業管理學系,13,9,4,2,0,3,2,4,2,0,0,0,0,13,9,4,13,9,4
109,私立,一般大學,1002,輔仁大學,04131025,社會企業碩士在職學位學程,1,1,0,0,0,0,0,1,0,0,0,0,0,1,1,0,1,1,0
109,私立,一般大學,1002,輔仁大學,04131025,社會企業碩士學位學程,1,1,0,0,0,0,0,1,0,0,0,0,0,1,1,0,1,1,0
109,私立,一般大學,1002,輔仁大學,04131039,商業管理學士學位學程,21,14,7,0,2,0,1,11,2,3,2,0,0,16,11,5,21,14,7
109,私立,一般大學,1002,輔仁大學,04131041,國際創業與經營管理碩士學位學程,3,3,0,1,0,2,0,0,0,0,0,0,0,3,3,0,3,3,0
109,私立,一般大學,1002,輔仁大學,04131044,國際經營管理碩士學位學程,2,2,0,0,0,0,0,2,0,0,0,0,0,2,2,0,2,2,0
109,私立,一般大學,1002,輔仁大學,04143069,廣告傳播學系,7,7,0,0,0,0,0,3,0,4,0,0,0,3,3,0,7,7,0
109,私立,一般大學,1002,輔仁大學,04191040,商學研究所,2,2,0,1,0,1,0,0,0,0,0,0,0,2,2,0,2,2,0
109,私立,一般大學,1002,輔仁大學,04199028,非營利組織管理碩士學位學程,3,3,0,1,0,2,0,0,0,0,0,0,0,3,3,0,3,3,0
109,私立,一般大學,1002,輔仁大學,04199032,科技管理碩士學位學程,1,1,0,1,0,0,0,0,0,0,0,0,0,1,1,0,1,1,0
109,私立,一般大學,1002,輔仁大學,04211020,法律學系,21,20,1,10,0,6,0,2,1,2,0,0,0,19,18,1,21,20,1
109,私立,一般大學,1002,輔仁大學,04211038,財經法律學系,7,6,1,0,0,3,0,2,1,1,0,0,0,6,5,1,7,6,1
109,私立,一般大學,1002,輔仁大學,05111011,生命科學系,4,2,2,0,1,1,1,1,0,0,0,0,0,4,2,2,4,2,2
109,私立,一般大學,1002,輔仁大學,05191080,營養科學系,3,2,1,1,1,0,0,1,0,0,0,0,0,3,2,1,3,2,1
109,私立,一般大學,1002,輔仁大學,05311005,化學系,7,7,0,5,0,1,0,1,0,0,0,0,0,7,7,0,7,7,0
109,私立,一般大學,1002,輔仁大學,05331022,物理學系,2,2,0,1,0,1,0,0,0,0,0,0,0,2,2,0,2,2,0
109,私立,一般大學,1002,輔仁大學,05399Y36,理工學院,1,1,0,0,0,0,0,0,0,1,0,0,0,0,0,0,1,1,0
109,私立,一般大學,1002,輔仁大學,05411073,數學系,6,4,2,1,0,0,1,2,1,1,0,0,0,5,3,2,6,4,2
109,私立,一般大學,1002,輔仁大學,05421049,統計資訊學系,6,4,2,1,0,1,0,2,1,0,1,0,0,5,4,1,6,4,2
109,私立,一般大學,1002,輔仁大學,06131058,資訊工程學系,2,1,1,1,0,0,1,0,0,0,0,0,0,2,1,1,2,1,1
109,私立,一般大學,1002,輔仁大學,06131059,資訊管理學系,4,4,0,1,0,1,0,2,0,0,0,0,0,4,4,0,4,4,0
109,私立,一般大學,1002,輔仁大學,06131077,應用科學與工程研究所,1,1,0,0,0,1,0,0,0,0,0,0,0,1,1,0,1,1,0
109,私立,一般大學,1002,輔仁大學,06132050,軟體工程與數位創意學士學位學程,8,8,0,0,0,1,0,4,0,3,0,0,0,5,5,0,8,8,0
109,私立,一般大學,1002,輔仁大學,06132097,醫學資訊與健康科技進修學士學位學程,1,1,0,0,0,0,0,0,0,1,0,0,0,0,0,0,1,1,0
109,私立,一般大學,1002,輔仁大學,06199086,醫學資訊與創新應用學士學位學程,9,8,1,1,0,1,0,5,1,1,0,0,0,8,7,1,9,8,1
109,私立,一般大學,1002,輔仁大學,07141064,電機工程學系,3,3,0,1,0,1,0,1,0,0,0,0,0,3,3,0,3,3,0
109,私立,一般大學,1002,輔仁大學,07211035,食品科學系,10,8,2,2,0,0,0,3,2,3,0,0,0,7,5,2,10,8,2
109,私立,一般大學,1002,輔仁大學,07312052,景觀設計學系,15,9,6,0,0,0,0,2,2,7,4,0,0,4,2,2,15,9,6
109,私立,一般大學,1002,輔仁大學,09121013,生物醫學暨藥學研究所,1,1,0,0,0,0,0,0,0,1,0,0,0,0,0,0,1,1,0
109,私立,一般大學,1002,輔仁大學,09121085,醫學系,237,191,46,23,2,31,6,57,11,80,27,0,0,130,111,19,237,191,46
109,私立,一般大學,1002,輔仁大學,09121090,生物醫學海量資料分析碩士學位學程,1,1,0,1,0,0,0,0,0,0,0,0,0,1,1,0,1,1,0
109,私立,一般大學,1002,輔仁大學,09131088,護理學系,54,2,52,0,2,0,0,0,2,2,48,0,0,4,0,4,54,2,52
109,私立,一般大學,1002,輔仁大學,09152084,職能治療學系,5,2,3,0,0,0,0,1,0,1,3,0,0,1,1,0,5,2,3
109,私立,一般大學,1002,輔仁大學,09191004,公共衛生學系,7,6,1,0,0,2,1,4,0,0,0,0,0,7,6,1,7,6,1
109,私立,一般大學,1002,輔仁大學,09199018,呼吸治療學系,6,0,6,0,0,0,1,0,0,0,5,0,0,1,0,1,6,0,6
109,私立,一般大學,1002,輔仁大學,09199Y42,醫學院,3,1,2,0,0,0,0,0,1,1,1,0,0,1,0,1,3,1,2
109,私立,一般大學,1002,輔仁大學,09211061,跨專業長期照護碩士學位學程,4,2,2,1,0,1,1,0,1,0,0,0,0,4,2,2,4,2,2
109,私立,一般大學,1002,輔仁大學,09211094,長期照護與健康管理進修學士學位學程,7,5,2,0,0,0,0,0,1,5,1,0,0,1,0,1,7,5,2
109,私立,一般大學,1002,輔仁大學,09221017,兒童與家庭學系,10,2,8,0,0,0,2,1,1,1,5,0,0,4,1,3,10,2,8
109,私立,一般大學,1002,輔仁大學,09231024,社會工作學系,3,3,0,0,0,1,0,0,0,2,0,0,0,1,1,0,3,3,0
109,私立,一般大學,1002,輔仁大學,10131075,餐旅管理學系,16,9,7,2,0,1,0,2,0,4,7,0,0,5,5,0,16,9,7
109,私立,一般大學,1002,輔仁大學,10141089,體育學系,8,7,1,1,0,0,0,3,1,3,0,0,0,5,4,1,8,7,1
109,私立,一般大學,1002,輔仁大學,10152062,運動休閒管理學士學位學程,9,6,3,0,0,1,1,0,1,5,1,0,0,3,1,2,9,6,3
109,私立,一般大學,1002,輔仁大學,99999Z05,師資培育中心,4,1,3,0,0,0,0,0,1,1,2,0,0,1,0,1,4,1,3
109,私立,一般大學,1002,輔仁大學,99999Z99,全人教育課程中心,218,117,101,8,6,20,8,35,27,54,60,0,0,104,63,41,218,117,101
109,私立,一般大學,1003,東吳大學,02151001,音樂學系,99,40,59,6,3,7,13,12,20,15,23,0,0,61,25,36,99,40,59
109,私立,一般大學,1003,東吳大學,02221006,歷史學系,16,9,7,2,0,2,0,5,5,0,2,0,0,14,9,5,16,9,7
109,私立,一般大學,1003,東吳大學,02231007,哲學系,15,12,3,5,1,0,0,4,2,3,0,0,0,12,9,3,15,12,3
109,私立,一般大學,1003,東吳大學,02311004,英文學系,40,17,23,2,0,3,3,6,5,6,15,0,0,19,11,8,40,17,23
109,私立,一般大學,1003,東吳大學,02311005,日本語文學系,65,22,43,4,0,0,1,5,8,13,34,0,0,18,9,9,65,22,43
109,私立,一般大學,1003,東吳大學,02311012,德國文化學系,13,5,8,0,1,2,0,0,0,3,7,0,0,3,2,1,13,5,8
109,私立,一般大學,1003,東吳大學,02322002,中國文學系,78,47,31,11,3,4,3,14,14,18,11,0,0,49,29,20,78,47,31
109,私立,一般大學,1003,東吳大學,03111008,經濟學系,30,25,5,6,0,5,5,8,0,6,0,0,0,24,19,5,30,25,5
109,私立,一般大學,1003,東吳大學,03121009,政治學系,17,13,4,4,1,0,0,5,1,4,2,0,0,11,9,2,17,13,4
109,私立,一般大學,1003,東吳大學,03131011,心理學系,33,12,21,1,1,3,1,3,6,5,13,0,0,15,7,8,33,12,21
109,私立,一般大學,1003,東吳大學,03141010,社會學系,8,6,2,2,0,2,0,2,2,0,0,0,0,8,6,2,8,6,2
109,私立,一般大學,1003,東吳大學,03199013,人權碩士學位學程,3,3,0,2,0,1,0,0,0,0,0,0,0,3,3,0,3,3,0
109,私立,一般大學,1003,東吳大學,04111015,會計學系,59,32,27,7,1,1,0,10,5,14,21,0,0,24,18,6,59,32,27
109,私立,一般大學,1003,東吳大學,04121027,財務工程與精算數學系,23,17,6,1,1,3,2,3,2,10,1,0,0,12,7,5,23,17,6
109,私立,一般大學,1003,東吳大學,04131016,企業管理學系,44,38,6,2,0,9,1,14,3,13,2,0,0,29,25,4,44,38,6
109,私立,一般大學,1003,東吳大學,04131020,商學院EMBA高階經營碩士在職專班,6,3,3,0,0,1,1,2,2,0,0,0,0,6,3,3,6,3,3
109,私立,一般大學,1003,東吳大學,04141019,國際經營與貿易學系,27,17,10,4,1,2,2,6,5,5,2,0,0,20,12,8,27,17,10
109,私立,一般大學,1003,東吳大學,04191014,商學進修學士班,1,1,0,0,0,0,0,0,0,1,0,0,0,0,0,0,1,1,0
109,私立,一般大學,1003,東吳大學,04199031,巨量資料管理學院,14,8,6,0,1,0,0,3,3,5,2,0,0,7,3,4,14,8,6
109,私立,一般大學,1003,東吳大學,04211021,法律學系,147,124,23,41,7,23,5,36,8,24,3,0,0,120,100,20,147,124,23
109,私立,一般大學,1003,東吳大學,05122022,微生物學系,12,10,2,2,0,4,0,4,2,0,0,0,0,12,10,2,12,10,2
109,私立,一般大學,1003,東吳大學,05311023,化學系,5,3,2,1,0,1,0,0,1,1,1,0,0,3,2,1,5,3,2
109,私立,一般大學,1003,東吳大學,05331024,物理學系,6,6,0,2,0,2,0,1,0,1,0,0,0,5,5,0,6,6,0
109,私立,一般大學,1003,東吳大學,05399Y37,理學院,4,4,0,1,0,2,0,1,0,0,0,0,0,4,4,0,4,4,0
109,私立,一般大學,1003,東吳大學,05411025,數學系,2,2,0,2,0,0,0,0,0,0,0,0,0,2,2,0,2,2,0
109,私立,一般大學,1003,東吳大學,06131028,資訊管理學系,13,8,5,1,1,0,2,3,0,4,2,0,0,7,4,3,13,8,5
109,私立,一般大學,1003,東吳大學,09231030,社會工作學系,32,8,24,0,0,1,1,4,5,3,18,0,0,11,5,6,32,8,24
109,私立,一般大學,1003,東吳大學,99999Z01,通識教育中心,19,13,6,3,0,0,0,4,2,6,4,0,0,9,7,2,19,13,6
109,私立,一般大學,1003,東吳大學,99999Z05,師資培育中心,6,1,5,0,0,0,0,1,1,0,4,0,0,2,1,1,6,1,5
109,私立,一般大學,1003,東吳大學,99999Z07,體育室,25,18,7,1,0,2,0,1,2,14,5,0,0,6,4,2,25,18,7
109,私立,一般大學,1003,東吳大學,99999Z08,語言教學中心,38,5,33,0,0,0,0,1,7,4,26,0,0,8,1,7,38,5,33
109,私立,一般大學,1004,中原大學,01113002,特殊教育學系,11,4,7,0,0,0,0,1,2,3,5,0,0,3,1,2,11,4,7
109,私立,一般大學,1004,中原大學,02112008,商業設計學系,34,26,8,0,0,4,1,5,2,17,5,0,0,12,9,3,34,26,8
109,私立,一般大學,1004,中原大學,02122048,設計學院設計學士原住民專班,9,7,2,0,0,1,0,2,0,4,2,0,0,3,3,0,9,7,2
109,私立,一般大學,1004,中原大學,02124009,室內設計學系,60,46,14,0,0,4,0,7,1,35,13,0,0,12,11,1,60,46,14
109,私立,一般大學,1004,中原大學,02151058,音樂產業碩士學位學程,2,2,0,0,0,1,0,1,0,0,0,0,0,2,2,0,2,2,0
109,私立,一般大學,1004,中原大學,02299053,人文與教育學院學士學位學程,2,2,0,0,0,2,0,0,0,0,0,0,0,2,2,0,2,2,0
109,私立,一般大學,1004,中原大學,02311005,應用外國語文學系,61,12,49,0,0,0,1,0,2,12,46,0,0,3,0,3,61,12,49
109,私立,一般大學,1004,中原大學,02323004,應用華語文學系,22,10,12,3,0,0,1,2,2,5,9,0,0,8,5,3,22,10,12
109,私立,一般大學,1004,中原大學,03131011,心理學系,17,7,10,1,0,0,0,1,6,5,4,0,0,8,2,6,17,7,10
109,私立,一般大學,1004,中原大學,04111013,會計學系,21,8,13,0,0,1,2,0,1,7,10,0,0,4,1,3,21,8,13
109,私立,一般大學,1004,中原大學,04121019,財務金融學系,4,4,0,0,0,0,0,2,0,2,0,0,0,2,2,0,4,4,0
109,私立,一般大學,1004,中原大學,04131014,企業管理學系,29,19,10,4,1,1,0,3,1,11,8,0,0,10,8,2,29,19,10
109,私立,一般大學,1004,中原大學,04141018,國際經營與貿易學系,10,7,3,1,0,1,0,2,3,3,0,0,0,7,4,3,10,7,3
109,私立,一般大學,1004,中原大學,04212021,財經法律學系,26,21,5,3,0,6,0,4,1,8,4,0,0,14,13,1,26,21,5
109,私立,一般大學,1004,中原大學,05121022,生物科技學系,8,7,1,0,0,1,0,6,0,0,1,0,0,7,7,0,8,7,1
109,私立,一般大學,1004,中原大學,05311023,化學系,5,4,1,1,1,2,0,1,0,0,0,0,0,5,4,1,5,4,1
109,私立,一般大學,1004,中原大學,05331024,物理學系,6,6,0,2,0,1,0,2,0,1,0,0,0,5,5,0,6,6,0
109,私立,一般大學,1004,中原大學,05411027,應用數學系,10,9,1,4,0,1,0,3,1,1,0,0,0,9,8,1,10,9,1
109,私立,一般大學,1004,中原大學,06131028,資訊管理學系,8,5,3,1,0,1,0,1,1,2,2,0,0,4,3,1,8,5,3
109,私立,一般大學,1004,中原大學,07111037,化學工程學系,9,8,1,1,0,2,0,4,0,1,1,0,0,7,7,0,9,8,1
109,私立,一般大學,1004,中原大學,07121042,環境工程學系,17,16,1,1,0,2,0,12,1,1,0,0,0,16,15,1,17,16,1
109,私立,一般大學,1004,中原大學,07141029,電機工程學系,13,12,1,6,0,0,0,4,1,2,0,0,0,11,10,1,13,12,1
109,私立,一般大學,1004,中原大學,07141030,電子工程學系,11,11,0,2,0,1,0,5,0,3,0,0,0,8,8,0,11,11,0
109,私立,一般大學,1004,中原大學,07141031,資訊工程學系,4,4,0,2,0,1,0,0,0,1,0,0,0,3,3,0,4,4,0
109,私立,一般大學,1004,中原大學,07151034,機械工程學系,26,25,1,5,0,2,0,16,1,2,0,0,0,24,23,1,26,25,1
109,私立,一般大學,1004,中原大學,07191041,工業與系統工程學系,12,10,2,2,0,0,0,6,2,2,0,0,0,10,8,2,12,10,2
109,私立,一般大學,1004,中原大學,07193043,生物醫學工程學系,10,9,1,1,0,2,0,5,1,1,0,0,0,9,8,1,10,9,1
109,私立,一般大學,1004,中原大學,07311046,建築學系,48,39,9,3,0,1,1,3,0,32,8,0,0,8,7,1,48,39,9
109,私立,一般大學,1004,中原大學,07312047,景觀學系,30,18,12,0,0,2,0,3,4,13,8,0,0,9,5,4,30,18,12
109,私立,一般大學,1004,中原大學,07321035,土木工程學系,5,5,0,2,0,1,0,2,0,0,0,0,0,5,5,0,5,5,0
109,私立,一般大學,1004,中原大學,99999Z01,通識教育中心,113,65,48,4,0,10,3,45,29,6,16,0,0,91,59,32,113,65,48
109,私立,一般大學,1004,中原大學,99999Z05,師資培育中心,4,2,2,0,0,0,0,1,0,1,2,0,0,1,1,0,4,2,2
109,私立,一般大學,1004,中原大學,99999Z07,體育室,28,24,4,0,0,1,0,5,0,18,4,0,0,6,6,0,28,24,4
109,私立,一般大學,1005,淡江大學學校財團法人淡江大學,01115097,課程與教學研究所,1,1,0,0,0,1,0,0,0,0,0,0,0,1,1,0,1,1,0
109,私立,一般大學,1005,淡江大學學校財團法人淡江大學,01116092,教育科技學系,4,1,3,0,0,0,0,0,1,1,2,0,0,1,0,1,4,1,3
109,私立,一般大學,1005,淡江大學學校財團法人淡江大學,02221078,歷史學系,22,19,3,3,0,3,1,10,1,3,1,0,0,18,16,2,22,19,3
109,私立,一般大學,1005,淡江大學學校財團法人淡江大學,02311079,英美語言文化學系,3,1,2,0,0,0,0,0,0,1,2,0,0,0,0,0,3,1,2
109,私立,一般大學,1005,淡江大學學校財團法人淡江大學,02311081,俄國語文學系,5,3,2,1,0,0,0,1,0,1,2,0,0,2,2,0,5,3,2
109,私立,一般大學,1005,淡江大學學校財團法人淡江大學,02311082,日本語文學系,39,12,27,0,0,0,3,1,1,11,23,0,0,5,1,4,39,12,27
109,私立,一般大學,1005,淡江大學學校財團法人淡江大學,02311084,西班牙語文學系,11,7,4,1,0,0,1,1,0,5,3,0,0,3,2,1,11,7,4
109,私立,一般大學,1005,淡江大學學校財團法人淡江大學,02311085,德國語文學系,11,2,9,0,0,0,0,0,1,2,8,0,0,1,0,1,11,2,9
109,私立,一般大學,1005,淡江大學學校財團法人淡江大學,02311086,法國語文學系,20,10,10,1,0,3,1,1,3,5,6,0,0,9,5,4,20,10,10
109,私立,一般大學,1005,淡江大學學校財團法人淡江大學,02311088,英文學系,81,29,52,1,0,3,4,5,11,20,37,0,0,24,9,15,81,29,52
109,私立,一般大學,1005,淡江大學學校財團法人淡江大學,02322090,中國文學學系,34,14,20,4,1,1,1,2,10,7,8,0,0,19,7,12,34,14,20
109,私立,一般大學,1005,淡江大學學校財團法人淡江大學,03111075,產業經濟學系,13,10,3,0,1,2,1,4,1,4,0,0,0,9,6,3,13,10,3
109,私立,一般大學,1005,淡江大學學校財團法人淡江大學,03111076,經濟學系,16,12,4,1,1,1,0,4,0,6,3,0,0,7,6,1,16,12,4
109,私立,一般大學,1005,淡江大學學校財團法人淡江大學,03121074,全球政治經濟學系,1,1,0,0,0,0,0,1,0,0,0,0,0,1,1,0,1,1,0
109,私立,一般大學,1005,淡江大學學校財團法人淡江大學,03122059,外交與國際關係學系,4,3,1,0,1,0,0,1,0,2,0,0,0,2,1,1,4,3,1
109,私立,一般大學,1005,淡江大學學校財團法人淡江大學,03122060,國際事務與戰略研究所,5,5,0,3,0,1,0,1,0,0,0,0,0,5,5,0,5,5,0
109,私立,一般大學,1005,淡江大學學校財團法人淡江大學,03131096,教育心理與諮商研究所,1,0,1,0,0,0,0,0,1,0,0,0,0,1,0,1,1,0,1
109,私立,一般大學,1005,淡江大學學校財團法人淡江大學,03143064,拉丁美洲研究所,1,0,1,0,0,0,0,0,1,0,0,0,0,1,0,1,1,0,1
109,私立,一般大學,1005,淡江大學學校財團法人淡江大學,03143067,中國大陸研究所,3,3,0,1,0,1,0,1,0,0,0,0,0,3,3,0,3,3,0
109,私立,一般大學,1005,淡江大學學校財團法人淡江大學,03143068,歐洲研究所,2,2,0,1,0,0,0,1,0,0,0,0,0,2,2,0,2,2,0
109,私立,一般大學,1005,淡江大學學校財團法人淡江大學,03143073,日本政經研究所,1,1,0,1,0,0,0,0,0,0,0,0,0,1,1,0,1,1,0
109,私立,一般大學,1005,淡江大學學校財團法人淡江大學,03191057,未來學研究所,3,2,1,0,0,0,0,2,1,0,0,0,0,3,2,1,3,2,1
109,私立,一般大學,1005,淡江大學學校財團法人淡江大學,03211055,大眾傳播學系,10,6,4,1,0,0,0,1,2,4,2,0,0,4,2,2,10,6,4
109,私立,一般大學,1005,淡江大學學校財團法人淡江大學,03214054,資訊傳播學系,7,4,3,0,0,1,0,3,0,0,3,0,0,4,4,0,7,4,3
109,私立,一般大學,1005,淡江大學學校財團法人淡江大學,03222052,資訊與圖書館學系,13,4,9,1,1,0,0,2,2,1,6,0,0,6,3,3,13,4,9
109,私立,一般大學,1005,淡江大學學校財團法人淡江大學,04111051,會計學系,21,7,14,1,0,0,2,3,9,3,3,0,0,15,4,11,21,7,14
109,私立,一般大學,1005,淡江大學學校財團法人淡江大學,04121037,財務金融學系,24,14,10,0,0,4,1,4,1,6,8,0,0,10,8,2,24,14,10
109,私立,一般大學,1005,淡江大學學校財團法人淡江大學,04123104,風險管理與保險學系,14,11,3,1,0,0,0,4,2,6,1,0,0,7,5,2,14,11,3
109,私立,一般大學,1005,淡江大學學校財團法人淡江大學,04131040,國際企業學系,18,8,10,2,0,0,1,2,1,4,8,0,0,6,4,2,18,8,10
109,私立,一般大學,1005,淡江大學學校財團法人淡江大學,04131047,管理科學學系,14,5,9,0,2,1,2,2,4,2,1,0,0,11,3,8,14,5,9
109,私立,一般大學,1005,淡江大學學校財團法人淡江大學,04131049,企業管理學系,23,18,5,1,0,1,2,6,2,10,1,0,0,12,8,4,23,18,5
109,私立,一般大學,1005,淡江大學學校財團法人淡江大學,04134061,公共行政學系,15,12,3,1,0,1,0,4,0,6,3,0,0,6,6,0,15,12,3
109,私立,一般大學,1005,淡江大學學校財團法人淡江大學,05311031,化學學系,3,2,1,1,0,0,0,1,1,0,0,0,0,3,2,1,3,2,1
109,私立,一般大學,1005,淡江大學學校財團法人淡江大學,05331030,物理學系,4,4,0,1,0,2,0,1,0,0,0,0,0,4,4,0,4,4,0
109,私立,一般大學,1005,淡江大學學校財團法人淡江大學,05411026,數學學系,15,14,1,4,1,3,0,5,0,2,0,0,0,13,12,1,15,14,1
109,私立,一般大學,1005,淡江大學學校財團法人淡江大學,05421024,統計學系,13,9,4,2,0,4,1,1,1,2,2,0,0,9,7,2,13,9,4
109,私立,一般大學,1005,淡江大學學校財團法人淡江大學,06131018,資訊工程學系,31,31,0,3,0,3,0,18,0,7,0,0,0,24,24,0,31,31,0
109,私立,一般大學,1005,淡江大學學校財團法人淡江大學,06131023,資訊管理學系,19,16,3,0,0,4,0,4,2,8,1,0,0,10,8,2,19,16,3
109,私立,一般大學,1005,淡江大學學校財團法人淡江大學,07111010,化學工程與材料工程學系,2,2,0,2,0,0,0,0,0,0,0,0,0,2,2,0,2,2,0
109,私立,一般大學,1005,淡江大學學校財團法人淡江大學,07122009,水資源及環境工程學系,6,5,1,1,0,0,0,3,1,1,0,0,0,5,4,1,6,5,1
109,私立,一般大學,1005,淡江大學學校財團法人淡江大學,07141019,電機工程學系,23,21,2,1,0,2,0,11,1,7,1,0,0,15,14,1,23,21,2
109,私立,一般大學,1005,淡江大學學校財團法人淡江大學,07151015,機械與機電工程學系,8,8,0,4,0,0,0,1,0,3,0,0,0,5,5,0,8,8,0
109,私立,一般大學,1005,淡江大學學校財團法人淡江大學,07162017,航空太空工程學系,5,5,0,2,0,1,0,0,0,2,0,0,0,3,3,0,5,5,0
109,私立,一般大學,1005,淡江大學學校財團法人淡江大學,07311007,建築學系,43,32,11,0,0,2,0,3,0,27,11,0,0,5,5,0,43,32,11
109,私立,一般大學,1005,淡江大學學校財團法人淡江大學,07321012,土木工程學系,15,13,2,1,0,2,0,6,1,4,1,0,0,10,9,1,15,13,2
109,私立,一般大學,1005,淡江大學學校財團法人淡江大學,10151005,國際觀光管理學系,3,1,2,0,0,0,0,0,0,1,2,0,0,0,0,0,3,1,2
109,私立,一般大學,1005,淡江大學學校財團法人淡江大學,10411002,運輸管理學系,9,7,2,0,0,1,0,2,1,4,1,0,0,4,3,1,9,7,2
109,私立,一般大學,1005,淡江大學學校財團法人淡江大學,99999Z01,通識與核心課程中心,10,6,4,0,0,0,0,4,2,2,2,0,0,6,4,2,10,6,4
109,私立,一般大學,1005,淡江大學學校財團法人淡江大學,99999Z05,師資培育中心,3,0,3,0,0,0,0,0,1,0,2,0,0,1,0,1,3,0,3
109,私立,一般大學,1005,淡江大學學校財團法人淡江大學,99999Z07,體育事務處,32,26,6,4,1,4,2,4,1,14,2,0,0,16,12,4,32,26,6
109,私立,一般大學,1006,中國文化大學,01111046,教育學系,1,1,0,1,0,0,0,0,0,0,0,0,0,1,1,0,1,1,0
109,私立,一般大學,1006,中國文化大學,01141023,體育學系,28,19,9,3,1,7,3,3,0,6,5,0,0,17,13,4,28,19,9
109,私立,一般大學,1006,中國文化大學,02111121,科技藝術碩士學位學程,3,3,0,0,0,2,0,1,0,0,0,0,0,3,3,0,3,3,0
109,私立,一般大學,1006,中國文化大學,02112060,數位媒體學士學位學程,16,10,6,0,0,1,0,3,0,6,6,0,0,4,4,0,16,10,6
109,私立,一般大學,1006,中國文化大學,02131059,美術學系,10,6,4,2,1,0,1,1,1,3,1,0,0,6,3,3,10,6,4
109,私立,一般大學,1006,中國文化大學,02151007,中國音樂學系,65,27,38,0,1,3,3,9,18,15,16,0,0,34,12,22,65,27,38
109,私立,一般大學,1006,中國文化大學,02151040,音樂學系,93,32,61,3,3,7,14,12,20,10,24,0,0,59,22,37,93,32,61
109,私立,一般大學,1006,中國文化大學,02152008,中國戲劇學系,12,7,5,0,0,1,1,4,4,2,0,0,0,10,5,5,12,7,5
109,私立,一般大學,1006,中國文化大學,02152009,舞蹈學系,11,4,7,0,2,0,2,2,1,2,2,0,0,7,2,5,11,4,7
109,私立,一般大學,1006,中國文化大學,02152043,戲劇學系,9,6,3,2,0,0,0,2,1,2,2,0,0,5,4,1,9,6,3
109,私立,一般大學,1006,中國文化大學,02221098,史學系,10,8,2,3,1,4,0,1,1,0,0,0,0,10,8,2,10,8,2
109,私立,一般大學,1006,中國文化大學,02231081,哲學系,8,6,2,2,0,1,0,3,2,0,0,0,0,8,6,2,8,6,2
109,私立,一般大學,1006,中國文化大學,02311010,韓國語文學系,6,2,4,2,0,0,0,0,2,0,2,0,0,4,2,2,6,2,4
109,私立,一般大學,1006,中國文化大學,02311047,俄國語文學系,3,1,2,1,0,0,0,0,2,0,0,0,0,3,1,2,3,1,2
109,私立,一般大學,1006,中國文化大學,02311052,英國語文學系,14,6,8,1,0,1,2,3,4,1,2,0,0,11,5,6,14,6,8
109,私立,一般大學,1006,中國文化大學,02311077,日本語文學系,14,7,7,0,1,5,0,0,1,2,5,0,0,7,5,2,14,7,7
109,私立,一般大學,1006,中國文化大學,02311079,德國語文學系,3,0,3,0,0,0,1,0,2,0,0,0,0,3,0,3,3,0,3
109,私立,一般大學,1006,中國文化大學,02311089,法國語文學系,8,3,5,0,0,1,0,2,3,0,2,0,0,6,3,3,8,3,5
109,私立,一般大學,1006,中國文化大學,02322001,中國文學系,41,9,32,4,4,1,3,3,21,1,4,0,0,36,8,28,41,9,32
109,私立,一般大學,1006,中國文化大學,03111099,經濟學系,12,10,2,4,0,1,0,5,2,0,0,0,0,12,10,2,12,10,2
109,私立,一般大學,1006,中國文化大學,03121011,國家發展與中國大陸研究所,3,2,1,2,0,0,0,0,1,0,0,0,0,3,2,1,3,2,1
109,私立,一般大學,1006,中國文化大學,03121061,政治學系,10,8,2,2,0,1,2,4,0,1,0,0,0,9,7,2,10,8,2
109,私立,一般大學,1006,中國文化大學,03131004,心理輔導學系,3,2,1,1,1,0,0,0,0,1,0,0,0,2,1,1,3,2,1
109,私立,一般大學,1006,中國文化大學,03142087,地學研究所,3,1,2,1,0,0,0,0,2,0,0,0,0,3,1,2,3,1,2
109,私立,一般大學,1006,中國文化大學,03199051,勞動暨人力資源學系,8,6,2,0,0,1,0,2,2,3,0,0,0,5,3,2,8,6,2
109,私立,一般大學,1006,中國文化大學,03211036,大眾傳播學系,5,3,2,0,0,0,0,2,0,1,2,0,0,2,2,0,5,3,2
109,私立,一般大學,1006,中國文化大學,03212033,新聞學系,16,14,2,2,0,4,1,3,1,5,0,0,0,11,9,2,16,14,2
109,私立,一般大學,1006,中國文化大學,03214101,資訊傳播學系,8,6,2,0,1,2,0,3,0,1,1,0,0,6,5,1,8,6,2
109,私立,一般大學,1006,中國文化大學,04111065,會計學系,13,9,4,3,0,1,2,2,0,3,2,0,0,8,6,2,13,9,4
109,私立,一般大學,1006,中國文化大學,04121037,財務金融學系,31,26,5,3,0,5,0,8,2,10,3,0,0,18,16,2,31,26,5
109,私立,一般大學,1006,中國文化大學,04131015,國際企業管理學系,51,19,32,3,1,3,2,6,7,7,22,0,0,22,12,10,51,19,32
109,私立,一般大學,1006,中國文化大學,04131066,商學院企業實務管理數位碩士在職專班,2,1,1,1,1,0,0,0,0,0,0,0,0,2,1,1,2,1,1
109,私立,一般大學,1006,中國文化大學,04134012,行政管理學系,5,5,0,1,0,1,0,3,0,0,0,0,0,5,5,0,5,5,0
109,私立,一般大學,1006,中國文化大學,04134062,社會企業管理碩士在職學位學程,3,1,2,0,0,0,2,1,0,0,0,0,0,3,1,2,3,1,2
109,私立,一般大學,1006,中國文化大學,04141041,國際貿易學系,20,15,5,4,0,1,0,5,2,5,3,0,0,12,10,2,20,15,5
109,私立,一般大學,1006,中國文化大學,04143013,廣告學系,16,8,8,0,0,3,1,3,3,2,4,0,0,10,6,4,16,8,8
109,私立,一般大學,1006,中國文化大學,04143027,行銷碩士學位學程,2,2,0,1,0,0,0,1,0,0,0,0,0,2,2,0,2,2,0
109,私立,一般大學,1006,中國文化大學,04191014,全球商務學士學位學程,2,2,0,0,0,1,0,1,0,0,0,0,0,2,2,0,2,2,0
109,私立,一般大學,1006,中國文化大學,04199064,時尚與創意產業品牌建構及經營進修學士學位學程,16,5,11,0,0,0,2,2,4,3,5,0,0,8,2,6,16,5,11
109,私立,一般大學,1006,中國文化大學,04211020,法律學系,61,49,12,11,0,10,3,10,2,18,7,0,0,36,31,5,61,49,12
109,私立,一般大學,1006,中國文化大學,05111091,生命科學系,5,2,3,1,1,0,0,1,2,0,0,0,0,5,2,3,5,2,3
109,私立,一般大學,1006,中國文化大學,05191057,保健營養學系,1,0,1,0,0,0,0,0,0,0,1,0,0,0,0,0,1,0,1
109,私立,一般大學,1006,中國文化大學,05311026,化學系,4,4,0,1,0,1,0,2,0,0,0,0,0,4,4,0,4,4,0
109,私立,一般大學,1006,中國文化大學,05321083,土地資源學系,4,4,0,1,0,0,0,2,0,1,0,0,0,3,3,0,4,4,0
109,私立,一般大學,1006,中國文化大學,05321112,地質學系,2,2,0,0,0,1,0,1,0,0,0,0,0,2,2,0,2,2,0
109,私立,一般大學,1006,中國文化大學,05322097,大氣科學系,4,4,0,2,0,1,0,1,0,0,0,0,0,4,4,0,4,4,0
109,私立,一般大學,1006,中國文化大學,05331115,光電物理學系,6,5,1,1,0,1,0,2,1,1,0,0,0,5,4,1,6,5,1
109,私立,一般大學,1006,中國文化大學,05411114,應用數學系,9,8,1,0,0,3,0,2,1,3,0,0,0,6,5,1,9,8,1
109,私立,一般大學,1006,中國文化大學,06131021,資訊工程學系,9,9,0,0,0,3,0,4,0,2,0,0,0,7,7,0,9,9,0
109,私立,一般大學,1006,中國文化大學,06132006,資訊管理學系,19,14,5,1,0,2,0,9,2,2,3,0,0,14,12,2,19,14,5
109,私立,一般大學,1006,中國文化大學,07111028,化學工程與材料工程學系,6,6,0,1,0,2,0,2,0,1,0,0,0,5,5,0,6,6,0
109,私立,一般大學,1006,中國文化大學,07112C01,紡織產業碩士專班,4,4,0,0,0,0,0,4,0,0,0,0,0,4,4,0,4,4,0
109,私立,一般大學,1006,中國文化大學,07141085,電機工程學系,5,5,0,0,0,1,0,4,0,0,0,0,0,5,5,0,5,5,0
109,私立,一般大學,1006,中國文化大學,07151107,機械工程學系,7,7,0,0,0,2,0,4,0,1,0,0,0,6,6,0,7,7,0
109,私立,一般大學,1006,中國文化大學,07192108,紡織工程學系,4,2,2,0,0,0,1,2,1,0,0,0,0,4,2,2,4,2,2
109,私立,一般大學,1006,中國文化大學,07311068,建築及都市設計學系,43,37,6,2,0,6,0,13,3,16,3,0,0,24,21,3,43,37,6
109,私立,一般大學,1006,中國文化大學,07312103,景觀學系,22,12,10,1,0,3,4,3,4,5,2,0,0,15,7,8,22,12,10
109,私立,一般大學,1006,中國文化大學,07313118,都市計劃與開發管理學系,14,11,3,2,0,1,0,5,0,3,3,0,0,8,8,0,14,11,3
109,私立,一般大學,1006,中國文化大學,08112116,動物科學系,1,1,0,0,0,1,0,0,0,0,0,0,0,1,1,0,1,1,0
109,私立,一般大學,1006,中國文化大學,08121106,園藝暨生物技術學系,4,4,0,2,0,1,0,0,0,1,0,0,0,3,3,0,4,4,0
109,私立,一般大學,1006,中國文化大學,08211054,森林暨自然保育學系,1,1,0,0,0,1,0,0,0,0,0,0,0,1,1,0,1,1,0
109,私立,一般大學,1006,中國文化大學,09221069,青少年兒童福利碩士學位學程,1,0,1,0,1,0,0,0,0,0,0,0,0,1,0,1,1,0,1
109,私立,一般大學,1006,中國文化大學,09299082,社會福利學系,6,2,4,0,0,1,1,0,0,1,3,0,0,2,1,1,6,2,4
109,私立,一般大學,1006,中國文化大學,10111090,生活應用科學系,5,2,3,1,0,0,2,0,0,1,1,0,0,3,1,2,5,2,3
109,私立,一般大學,1006,中國文化大學,10141002,技擊運動暨國術學系,10,8,2,1,0,1,0,2,1,4,1,0,0,5,4,1,10,8,2
109,私立,一般大學,1006,中國文化大學,10142093,運動與健康促進學系,15,11,4,0,0,4,0,5,1,2,3,0,0,10,9,1,15,11,4
109,私立,一般大學,1006,中國文化大學,10151005,觀光事業學系,2,1,1,0,0,1,1,0,0,0,0,0,0,2,1,1,2,1,1
109,私立,一般大學,1006,中國文化大學,10151070,休閒事業管理學士學位學程,9,5,4,0,0,2,0,1,3,2,1,0,0,6,3,3,9,5,4
109,私立,一般大學,1006,中國文化大學,99999Z08,語文教學中心,34,10,24,0,0,0,1,1,2,9,21,0,0,4,1,3,34,10,24
109,私立,一般大學,1007,逢甲大學,02221003,歷史與文物研究所,2,1,1,0,0,0,1,1,0,0,0,0,0,2,1,1,2,1,1
109,私立,一般大學,1007,逢甲大學,02299Y11,人文社會學院,2,1,1,1,0,0,1,0,0,0,0,0,0,2,1,1,2,1,1
109,私立,一般大學,1007,逢甲大學,02311002,外國語文學系,4,1,3,0,0,0,0,1,3,0,0,0,0,4,1,3,4,1,3
109,私立,一般大學,1007,逢甲大學,02322001,中國文學系,2,2,0,2,0,0,0,0,0,0,0,0,0,2,2,0,2,2,0
109,私立,一般大學,1007,逢甲大學,03111009,經濟學系,6,5,1,2,0,2,1,1,0,0,0,0,0,6,5,1,6,5,1
109,私立,一般大學,1007,逢甲大學,03111012,合作經濟暨社會事業經營學系,4,4,0,1,0,3,0,0,0,0,0,0,0,4,4,0,4,4,0
109,私立,一般大學,1007,逢甲大學,04111017,會計學系,14,9,5,2,0,1,0,5,5,1,0,0,0,13,8,5,14,9,5
109,私立,一般大學,1007,逢甲大學,04121025,財務金融學系,4,2,2,1,0,0,0,0,1,1,1,0,0,2,1,1,4,2,2
109,私立,一般大學,1007,逢甲大學,04121026,金融碩士在職學位學程,1,1,0,0,0,1,0,0,0,0,0,0,0,1,1,0,1,1,0
109,私立,一般大學,1007,逢甲大學,04122032,財稅學系,3,1,2,0,0,1,0,0,0,0,2,0,0,1,1,0,3,1,2
109,私立,一般大學,1007,逢甲大學,04123029,風險管理與保險學系,8,8,0,2,0,3,0,2,0,1,0,0,0,7,7,0,8,8,0
109,私立,一般大學,1007,逢甲大學,04131019,企業管理學系,9,6,3,0,0,1,0,4,3,1,0,0,0,8,5,3,9,6,3
109,私立,一般大學,1007,逢甲大學,04134086,土地管理學系,9,9,0,3,0,3,0,3,0,0,0,0,0,9,9,0,9,9,0
109,私立,一般大學,1007,逢甲大學,04141024,國際經營與貿易學系,10,7,3,2,0,0,0,5,2,0,1,0,0,9,7,2,10,7,3
109,私立,一般大學,1007,逢甲大學,04143033,行銷學系,6,5,1,0,0,0,0,5,1,0,0,0,0,6,5,1,6,5,1
109,私立,一般大學,1007,逢甲大學,04191014,商學博士學位學程,1,1,0,0,0,0,0,1,0,0,0,0,0,1,1,0,1,1,0
109,私立,一般大學,1007,逢甲大學,04191014,商學進修學士學位學程,5,4,1,1,0,0,0,2,1,1,0,0,0,4,3,1,5,4,1
109,私立,一般大學,1007,逢甲大學,04191016,商學專業碩士在職學位學程,1,1,0,0,0,0,0,1,0,0,0,0,0,1,1,0,1,1,0
109,私立,一般大學,1007,逢甲大學,04199035,澳洲墨爾本皇家理工大學商學與創新雙學士學位學程,2,2,0,0,0,1,0,1,0,0,0,0,0,2,2,0,2,2,0
109,私立,一般大學,1007,逢甲大學,04199037,專案管理碩士在職學位學程,2,2,0,0,0,0,0,2,0,0,0,0,0,2,2,0,2,2,0
109,私立,一般大學,1007,逢甲大學,04199092,美國加州聖荷西州立大學商學大數據分析雙學士學位學程,1,0,1,0,0,0,0,0,0,0,1,0,0,0,0,0,1,0,1
109,私立,一般大學,1007,逢甲大學,04199096,建設碩士在職學位學程,6,2,4,0,0,0,1,2,3,0,0,0,0,6,2,4,6,2,4
109,私立,一般大學,1007,逢甲大學,04199Y27,商學院,1,1,0,1,0,0,0,0,0,0,0,0,0,1,1,0,1,1,0
109,私立,一般大學,1007,逢甲大學,04199Y28,國際科技與管理學院,4,2,2,2,0,0,1,0,1,0,0,0,0,4,2,2,4,2,2
109,私立,一般大學,1007,逢甲大學,04199Y29,經營管理學院,12,10,2,8,1,2,1,0,0,0,0,0,0,12,10,2,12,10,2
109,私立,一般大學,1007,逢甲大學,04212038,財經法律研究所,7,7,0,1,0,3,0,2,0,1,0,0,0,6,6,0,7,7,0
109,私立,一般大學,1007,逢甲大學,05411039,應用數學系,8,6,2,0,0,1,1,3,1,2,0,0,0,6,4,2,8,6,2
109,私立,一般大學,1007,逢甲大學,05421040,統計學系,11,10,1,2,0,5,1,3,0,0,0,0,0,11,10,1,11,10,1
109,私立,一般大學,1007,逢甲大學,06131048,資訊工程學系,2,2,0,1,0,0,0,1,0,0,0,0,0,2,2,0,2,2,0
109,私立,一般大學,1007,逢甲大學,07111068,化學工程學系,5,4,1,1,0,2,0,1,1,0,0,0,0,5,4,1,5,4,1
109,私立,一般大學,1007,逢甲大學,07112069,材料科學與工程學系,2,2,0,0,0,1,0,1,0,0,0,0,0,2,2,0,2,2,0
109,私立,一般大學,1007,逢甲大學,07121075,環境工程與科學學系,7,5,2,2,0,0,0,3,2,0,0,0,0,7,5,2,7,5,2
109,私立,一般大學,1007,逢甲大學,07122077,水利工程與資源保育學系,4,4,0,1,0,0,0,3,0,0,0,0,0,4,4,0,4,4,0
109,私立,一般大學,1007,逢甲大學,07132079,綠色能源科技碩士學位學程,1,1,0,0,0,0,0,1,0,0,0,0,0,1,1,0,1,1,0
109,私立,一般大學,1007,逢甲大學,07141044,電機工程學系,4,4,0,2,0,1,0,1,0,0,0,0,0,4,4,0,4,4,0
109,私立,一般大學,1007,逢甲大學,07141050,通訊工程學系,1,1,0,1,0,0,0,0,0,0,0,0,0,1,1,0,1,1,0
109,私立,一般大學,1007,逢甲大學,07141052,自動控制工程學系,5,5,0,0,0,0,0,5,0,0,0,0,0,5,5,0,5,5,0
109,私立,一般大學,1007,逢甲大學,07141107,美國加州聖荷西州立大學工程雙學士學位學程,1,1,0,0,0,0,0,0,0,1,0,0,0,0,0,0,1,1,0
109,私立,一般大學,1007,逢甲大學,07151061,機械與電腦輔助工程學系,6,6,0,2,0,1,0,3,0,0,0,0,0,6,6,0,6,6,0
109,私立,一般大學,1007,逢甲大學,07151062,精密系統設計學士學位學程,7,7,0,0,0,3,0,4,0,0,0,0,0,7,7,0,7,7,0
109,私立,一般大學,1007,逢甲大學,07162059,航太與系統工程學系,10,10,0,3,0,2,0,4,0,1,0,0,0,9,9,0,10,10,0
109,私立,一般大學,1007,逢甲大學,07191072,工業工程與系統管理學系,1,1,0,0,0,1,0,0,0,0,0,0,0,1,1,0,1,1,0
109,私立,一般大學,1007,逢甲大學,07192074,纖維與複合材料學系,12,7,5,1,1,2,1,4,3,0,0,0,0,12,7,5,12,7,5
109,私立,一般大學,1007,逢甲大學,07193078,生醫資訊暨生醫工程碩士學位學程,4,4,0,0,0,1,0,3,0,0,0,0,0,4,4,0,4,4,0
109,私立,一般大學,1007,逢甲大學,07199080,電聲碩士學位學程,5,5,0,1,0,2,0,2,0,0,0,0,0,5,5,0,5,5,0
109,私立,一般大學,1007,逢甲大學,07199098,智能製造與工程管理碩士在職學位學程,1,1,0,1,0,0,0,0,0,0,0,0,0,1,1,0,1,1,0
109,私立,一般大學,1007,逢甲大學,07311083,建築專業學院,89,75,14,2,0,6,1,25,3,42,10,0,0,37,33,4,89,75,14
109,私立,一般大學,1007,逢甲大學,07313087,都市計畫與空間資訊學系,10,7,3,0,1,1,0,5,2,1,0,0,0,9,6,3,10,7,3
109,私立,一般大學,1007,逢甲大學,07321063,土木工程學系,17,15,2,4,0,1,0,8,2,2,0,0,0,15,13,2,17,15,2
109,私立,一般大學,1007,逢甲大學,10411093,運輸與物流學系,8,8,0,1,0,1,0,4,0,2,0,0,0,6,6,0,8,8,0
109,私立,一般大學,1007,逢甲大學,99999Z01,通識教育中心,86,54,32,3,0,5,5,38,21,8,6,0,0,72,46,26,86,54,32
109,私立,一般大學,1007,逢甲大學,99999Z07,體育教學中心,15,9,6,0,1,4,1,5,4,0,0,0,0,15,9,6,15,9,6
109,私立,一般大學,1007,逢甲大學,99999Z08,外語教學中心,47,9,38,0,1,0,1,2,5,7,31,0,0,9,2,7,47,9,38
109,私立,一般大學,1007,逢甲大學,99999Z08,國語文教學中心,31,13,18,0,0,0,0,12,14,1,4,0,0,26,12,14,31,13,18
109,私立,一般大學,1007,逢甲大學,99999Z99,物理教學研究中心,4,3,1,0,0,2,1,1,0,0,0,0,0,4,3,1,4,3,1
109,私立,一般大學,1007,逢甲大學,99999Z99,創能學院,2,2,0,0,0,0,0,2,0,0,0,0,0,2,2,0,2,2,0
109,私立,一般大學,1008,靜宜大學,02299040,原住民族文化碩士學位學程,9,5,4,2,1,2,1,1,2,0,0,0,0,9,5,4,9,5,4
109,私立,一般大學,1008,靜宜大學,02299Y13,人文暨社會科學院,6,5,1,1,0,0,0,2,0,2,1,0,0,3,3,0,6,5,1
109,私立,一般大學,1008,靜宜大學,02311004,英國語文學系,21,8,13,1,1,0,2,0,2,7,8,0,0,6,1,5,21,8,13
109,私立,一般大學,1008,靜宜大學,02311005,西班牙語文學系,17,4,13,0,0,1,0,0,2,3,11,0,0,3,1,2,17,4,13
109,私立,一般大學,1008,靜宜大學,02311006,日本語文學系,26,5,21,0,0,1,0,0,4,4,17,0,0,5,1,4,26,5,21
109,私立,一般大學,1008,靜宜大學,02311007,寰宇外語教育學士學位學程,4,1,3,0,0,0,0,0,0,1,3,0,0,0,0,0,4,1,3
109,私立,一般大學,1008,靜宜大學,02321002,台灣文學系,8,5,3,0,0,1,0,1,0,3,3,0,0,2,2,0,8,5,3
109,私立,一般大學,1008,靜宜大學,02322003,中國文學系,10,5,5,1,0,1,0,1,2,2,3,0,0,5,3,2,10,5,5
109,私立,一般大學,1008,靜宜大學,03141038,犯罪防治碩士學位學程,4,4,0,2,0,1,0,1,0,0,0,0,0,4,4,0,4,4,0
109,私立,一般大學,1008,靜宜大學,03211008,大眾傳播學系,8,3,5,0,0,0,0,1,1,2,4,0,0,2,1,1,8,3,5
109,私立,一般大學,1008,靜宜大學,04111011,會計學系,16,7,9,1,0,0,3,3,3,3,3,0,0,10,4,6,16,7,9
109,私立,一般大學,1008,靜宜大學,04121019,財務金融學系,13,10,3,1,0,1,0,4,1,4,2,0,0,7,6,1,13,10,3
109,私立,一般大學,1008,靜宜大學,04131010,寰宇管理碩士學位學程,1,0,1,0,1,0,0,0,0,0,0,0,0,1,0,1,1,0,1
109,私立,一般大學,1008,靜宜大學,04131012,企業管理學系,6,4,2,1,0,0,0,1,1,2,1,0,0,3,2,1,6,4,2
109,私立,一般大學,1008,靜宜大學,04131014,管理碩士在職專班,4,3,1,2,0,0,0,1,1,0,0,0,0,4,3,1,4,3,1
109,私立,一般大學,1008,靜宜大學,04131015,國際企業學系,7,5,2,1,0,0,0,2,0,2,2,0,0,3,3,0,7,5,2
109,私立,一般大學,1008,靜宜大學,04131018,創新與創業管理碩士學位學程,1,1,0,0,0,0,0,1,0,0,0,0,0,1,1,0,1,1,0
109,私立,一般大學,1008,靜宜大學,04191010,寰宇管理學士學位學程,2,0,2,0,0,0,0,0,1,0,1,0,0,1,0,1,2,0,2
109,私立,一般大學,1008,靜宜大學,04211020,法律學系,20,17,3,0,0,0,0,5,0,12,3,0,0,5,5,0,20,17,3
109,私立,一般大學,1008,靜宜大學,05191031,食品營養學系,11,9,2,4,2,0,0,4,0,1,0,0,0,10,8,2,11,9,2
109,私立,一般大學,1008,靜宜大學,05212021,生態人文學系,4,3,1,0,0,0,0,2,0,1,1,0,0,2,2,0,4,3,1
109,私立,一般大學,1008,靜宜大學,05311023,應用化學系,5,5,0,3,0,1,0,1,0,0,0,0,0,5,5,0,5,5,0
109,私立,一般大學,1008,靜宜大學,05499036,財務工程學系,4,4,0,1,0,1,0,1,0,1,0,0,0,3,3,0,4,4,0
109,私立,一般大學,1008,靜宜大學,05499037,資料科學暨大數據分析與應用學系,9,8,1,1,0,1,0,4,0,2,1,0,0,6,6,0,9,8,1
109,私立,一般大學,1008,靜宜大學,06131027,資訊管理學系,9,9,0,2,0,0,0,1,0,6,0,0,0,3,3,0,9,9,0
109,私立,一般大學,1008,靜宜大學,06132009,資訊傳播工程學系,8,4,4,1,0,0,0,0,0,3,4,0,0,1,1,0,8,4,4
109,私立,一般大學,1008,靜宜大學,06199Y39,資訊學院,9,6,3,1,0,0,0,2,0,3,3,0,0,3,3,0,9,6,3
109,私立,一般大學,1008,靜宜大學,07141030,資訊工程學系,4,3,1,2,0,0,0,0,0,1,1,0,0,2,2,0,4,3,1
109,私立,一般大學,1008,靜宜大學,09161035,化粧品科學系,23,16,7,3,0,4,1,6,2,3,4,0,0,16,13,3,23,16,7
109,私立,一般大學,1008,靜宜大學,09231032,社會工作與兒童少年福利學系,34,16,18,0,0,2,0,5,5,9,13,0,0,12,7,5,34,16,18
109,私立,一般大學,1008,靜宜大學,09299039,社會企業與文化創意碩士學位學程,2,2,0,1,0,0,0,1,0,0,0,0,0,2,2,0,2,2,0
109,私立,一般大學,1008,靜宜大學,10151034,觀光事業學系,21,14,7,1,0,3,0,4,2,6,5,0,0,10,8,2,21,14,7
109,私立,一般大學,1008,靜宜大學,99999Y45,國際學院,4,0,4,0,0,0,0,0,1,0,3,0,0,1,0,1,4,0,4
109,私立,一般大學,1008,靜宜大學,99999Z01,通識教育中心,62,39,23,2,0,2,2,17,8,18,13,0,0,31,21,10,62,39,23
109,私立,一般大學,1008,靜宜大學,99999Z05,師資培育中心,8,5,3,0,0,0,0,3,0,2,3,0,0,3,3,0,8,5,3
109,私立,一般大學,1008,靜宜大學,99999Z07,體育室,30,23,7,0,0,1,0,6,0,16,7,0,0,7,7,0,30,23,7
109,私立,一般大學,1008,靜宜大學,99999Z08,外語教學中心,36,9,27,0,0,0,1,2,2,7,24,0,0,5,2,3,36,9,27
109,私立,一般大學,1008,靜宜大學,99999Z99,閱讀書寫暨素養課程研發中心,19,11,8,1,0,0,1,6,4,4,3,0,0,12,7,5,19,11,8
109,私立,一般大學,1009,長庚大學,02122001,工業設計學系,4,4,0,0,0,0,0,1,0,3,0,0,0,1,1,0,4,4,0
109,私立,一般大學,1009,長庚大學,04131005,工商管理學系,3,2,1,0,0,2,0,0,0,0,1,0,0,2,2,0,3,2,1
109,私立,一般大學,1009,長庚大學,04131008,商管專業學院碩士學位學程,2,2,0,0,0,0,0,2,0,0,0,0,0,2,2,0,2,2,0
109,私立,一般大學,1009,長庚大學,05123012,生物醫學研究所,3,2,1,0,0,0,0,2,1,0,0,0,0,3,2,1,3,2,1
109,私立,一般大學,1009,長庚大學,06131013,資訊管理學系,1,1,0,0,0,0,0,1,0,0,0,0,0,1,1,0,1,1,0
109,私立,一般大學,1009,長庚大學,06132054,人工智慧學士學位學程,1,1,0,0,0,1,0,0,0,0,0,0,0,1,1,0,1,1,0
109,私立,一般大學,1009,長庚大學,07141016,電子工程學系,1,1,0,0,0,1,0,0,0,0,0,0,0,1,1,0,1,1,0
109,私立,一般大學,1009,長庚大學,07193027,生物醫學工程研究所,1,1,0,0,0,0,0,1,0,0,0,0,0,1,1,0,1,1,0
109,私立,一般大學,1009,長庚大學,09111049,顱顏口腔醫學研究所,3,3,0,1,0,2,0,0,0,0,0,0,0,3,3,0,3,3,0
109,私立,一般大學,1009,長庚大學,09121028,醫學系,444,388,56,81,6,113,11,152,33,42,6,0,0,396,346,50,444,388,56
109,私立,一般大學,1009,長庚大學,09121029,臨床醫學研究所,2,2,0,2,0,0,0,0,0,0,0,0,0,2,2,0,2,2,0
109,私立,一般大學,1009,長庚大學,09131040,護理學系,42,1,41,0,0,0,2,0,1,1,38,0,0,3,0,3,42,1,41
109,私立,一般大學,1009,長庚大學,09141046,醫學生物技術暨檢驗學系,20,6,14,0,0,1,0,1,5,4,9,0,0,7,2,5,20,6,14
109,私立,一般大學,1009,長庚大學,09141048,醫學影像暨放射科學系,32,24,8,3,1,5,0,7,4,9,3,0,0,20,15,5,32,24,8
109,私立,一般大學,1009,長庚大學,09151037,物理治療學系,5,1,4,0,0,0,0,1,2,0,2,0,0,3,1,2,5,1,4
109,私立,一般大學,1009,長庚大學,09171031,中醫學系,47,44,3,15,1,13,0,9,1,7,1,0,0,39,37,2,47,44,3
109,私立,一般大學,1009,長庚大學,09199042,呼吸治療學系,7,3,4,1,0,1,0,1,0,0,4,0,0,3,3,0,7,3,4
109,私立,一般大學,1009,長庚大學,99999Z01,通識教育中心,5,2,3,0,0,0,0,0,0,2,3,0,0,0,0,0,5,2,3
109,私立,一般大學,1010,元智大學,02191001,藝術與設計學系,13,10,3,0,0,0,0,2,0,8,3,0,0,2,2,0,13,10,3
109,私立,一般大學,1010,元智大學,02299049,人文社會學院英語學士班,3,3,0,0,0,0,0,1,0,2,0,0,0,1,1,0,3,3,0
109,私立,一般大學,1010,元智大學,02311007,應用外語學系,10,4,6,0,0,1,1,1,1,2,4,0,0,4,2,2,10,4,6
109,私立,一般大學,1010,元智大學,02322004,中國語文學系,5,3,2,1,0,0,0,1,1,1,1,0,0,3,2,1,5,3,2
109,私立,一般大學,1010,元智大學,03141009,社會暨政策科學學系,10,6,4,2,0,1,0,1,3,2,1,0,0,7,4,3,10,6,4
109,私立,一般大學,1010,元智大學,04199Y31,管理學院,34,24,10,2,0,5,0,15,5,2,5,0,0,27,22,5,34,24,10
109,私立,一般大學,1010,元智大學,05121025,生物科技與工程研究所,2,2,0,2,0,0,0,0,0,0,0,0,0,2,2,0,2,2,0
109,私立,一般大學,1010,元智大學,05124027,生物與醫學資訊碩士學位學程,2,2,0,0,0,0,0,2,0,0,0,0,0,2,2,0,2,2,0
109,私立,一般大學,1010,元智大學,06131011,資訊管理學系,1,1,0,0,0,1,0,0,0,0,0,0,0,1,1,0,1,1,0
109,私立,一般大學,1010,元智大學,06131028,資訊工程學系,12,12,0,1,0,1,0,7,0,3,0,0,0,9,9,0,12,12,0
109,私立,一般大學,1010,元智大學,06131051,資訊學院英語學士班,2,2,0,1,0,1,0,0,0,0,0,0,0,2,2,0,2,2,0
109,私立,一般大學,1010,元智大學,06133013,資訊傳播學系,4,3,1,0,0,0,0,1,0,2,1,0,0,1,1,0,4,3,1
109,私立,一般大學,1010,元智大學,07111041,化學工程與材料科學學系,11,9,2,2,1,0,0,6,1,1,0,0,0,10,8,2,11,9,2
109,私立,一般大學,1010,元智大學,07141033,電機工程學系,25,23,2,5,0,5,0,12,2,1,0,0,0,24,22,2,25,23,2
109,私立,一般大學,1010,元智大學,07151037,機械工程學系,14,14,0,3,0,3,0,8,0,0,0,0,0,14,14,0,14,14,0
109,私立,一般大學,1010,元智大學,07191043,工業工程與管理學系,10,6,4,0,0,2,2,4,2,0,0,0,0,10,6,4,10,6,4
109,私立,一般大學,1010,元智大學,99999Z01,通識教學部,57,33,24,5,1,5,3,15,13,8,7,0,0,42,25,17,57,33,24
109,私立,一般大學,1010,元智大學,99999Z07,體育室,19,13,6,0,0,0,0,5,0,8,6,0,0,5,5,0,19,13,6
109,私立,一般大學,1010,元智大學,99999Z08,國際語言文化中心,41,9,32,0,0,0,0,0,3,9,29,0,0,3,0,3,41,9,32
109,私立,一般大學,1011,中華大學學校財團法人中華大學,02123004,工業產品設計學系,5,4,1,1,0,0,0,0,0,3,1,0,0,1,1,0,5,4,1
109,私立,一般大學,1011,中華大學學校財團法人中華大學,02124005,建築與設計學院,11,6,5,0,0,0,0,3,1,3,4,0,0,4,3,1,11,6,5
109,私立,一般大學,1011,中華大學學校財團法人中華大學,02311002,應用日語學系,7,2,5,0,0,0,0,0,0,2,5,0,0,0,0,0,7,2,5
109,私立,一般大學,1011,中華大學學校財團法人中華大學,04121012,財務管理學系,4,2,2,0,0,0,0,1,1,1,1,0,0,2,1,1,4,2,2
109,私立,一般大學,1011,中華大學學校財團法人中華大學,04131007,企業管理學系,4,3,1,0,0,0,0,1,0,2,1,0,0,1,1,0,4,3,1
109,私立,一般大學,1011,中華大學學校財團法人中華大學,04131007,英國西英格蘭大學企業管理雙學士學位學程,2,1,1,0,0,0,1,1,0,0,0,0,0,2,1,1,2,1,1
109,私立,一般大學,1011,中華大學學校財團法人中華大學,04131017,管理學院,4,3,1,0,0,0,0,3,1,0,0,0,0,4,3,1,4,3,1
109,私立,一般大學,1011,中華大學學校財團法人中華大學,04134006,行政管理學系,1,1,0,0,0,0,0,0,0,1,0,0,0,0,0,0,1,1,0
109,私立,一般大學,1011,中華大學學校財團法人中華大學,04199Y31,管理學院,1,1,0,1,0,0,0,0,0,0,0,0,0,1,1,0,1,1,0
109,私立,一般大學,1011,中華大學學校財團法人中華大學,06131025,資訊工程學系,2,2,0,0,0,0,0,1,0,1,0,0,0,1,1,0,2,2,0
109,私立,一般大學,1011,中華大學學校財團法人中華大學,07141022,電機工程學系,4,4,0,0,0,0,0,1,0,3,0,0,0,1,1,0,4,4,0
109,私立,一般大學,1011,中華大學學校財團法人中華大學,07141024,電子工程學系,4,4,0,0,0,2,0,2,0,0,0,0,0,4,4,0,4,4,0
109,私立,一般大學,1011,中華大學學校財團法人中華大學,07151028,機械工程學系,1,1,0,0,0,0,0,1,0,0,0,0,0,1,1,0,1,1,0
109,私立,一般大學,1011,中華大學學校財團法人中華大學,07191015,工業管理學系,1,1,0,0,0,0,0,1,0,0,0,0,0,1,1,0,1,1,0
109,私立,一般大學,1011,中華大學學校財團法人中華大學,07311038,建築與都市計畫學系,38,32,6,0,0,2,0,4,2,26,4,0,0,8,6,2,38,32,6
109,私立,一般大學,1011,中華大學學校財團法人中華大學,07312039,景觀建築學系,10,7,3,0,0,2,0,2,0,3,3,0,0,4,4,0,10,7,3
109,私立,一般大學,1011,中華大學學校財團法人中華大學,07321032,土木工程學系,3,3,0,0,0,0,0,3,0,0,0,0,0,3,3,0,3,3,0
109,私立,一般大學,1011,中華大學學校財團法人中華大學,10131041,餐旅管理學系,6,5,1,1,0,0,0,1,0,3,1,0,0,2,2,0,6,5,1
109,私立,一般大學,1011,中華大學學校財團法人中華大學,10151056,國際觀光與酒店管理雙學士學位學程,1,1,0,1,0,0,0,0,0,0,0,0,0,1,1,0,1,1,0
109,私立,一般大學,1011,中華大學學校財團法人中華大學,99999Z01,通識教育中心,19,13,6,1,0,3,0,4,2,5,4,0,0,10,8,2,19,13,6
109,私立,一般大學,1011,中華大學學校財團法人中華大學,99999Z07,體育室,1,1,0,0,0,0,0,0,0,1,0,0,0,0,0,0,1,1,0
109,私立,一般大學,1011,中華大學學校財團法人中華大學,99999Z08,語言中心,1,1,0,0,0,0,0,0,0,1,0,0,0,0,0,0,1,1,0
109,私立,一般大學,1012,大葉大學,02112011,視覺傳達設計學系,20,12,8,0,0,2,0,1,0,9,8,0,0,3,3,0,20,12,8
109,私立,一般大學,1012,大葉大學,02112037,多媒體數位內容學士學位學程,4,3,1,0,0,0,0,0,0,3,1,0,0,0,0,0,4,3,1
109,私立,一般大學,1012,大葉大學,02121002,造形藝術學系,15,8,7,0,0,0,0,1,1,7,6,0,0,2,1,1,15,8,7
109,私立,一般大學,1012,大葉大學,02122015,設計暨藝術學院,2,2,0,0,0,2,0,0,0,0,0,0,0,2,2,0,2,2,0
109,私立,一般大學,1012,大葉大學,02123012,工業設計學系,8,7,1,0,0,0,0,2,0,5,1,0,0,2,2,0,8,7,1
109,私立,一般大學,1012,大葉大學,02123013,綠色產品設計學士學位學程,1,1,0,0,0,0,0,0,0,1,0,0,0,0,0,0,1,1,0
109,私立,一般大學,1012,大葉大學,02124014,空間設計學系,40,28,12,0,0,0,0,5,1,23,11,0,0,6,5,1,40,28,12
109,私立,一般大學,1012,大葉大學,02311004,英語學系,1,1,0,1,0,0,0,0,0,0,0,0,0,1,1,0,1,1,0
109,私立,一般大學,1012,大葉大學,02311006,應用日語學系,12,4,8,0,0,1,0,1,3,2,5,0,0,5,2,3,12,4,8
109,私立,一般大學,1012,大葉大學,02311016,歐洲文化與旅遊學士學位學程,2,1,1,0,0,0,0,0,0,1,1,0,0,0,0,0,2,1,1
109,私立,一般大學,1012,大葉大學,02399Y17,外語學院,3,1,2,0,0,1,0,0,0,0,2,0,0,1,1,0,3,1,2
109,私立,一般大學,1012,大葉大學,03211018,傳播藝術學士學位學程,7,4,3,0,0,1,0,1,0,2,3,0,0,2,2,0,7,4,3
109,私立,一般大學,1012,大葉大學,04111020,會計資訊學系,2,1,1,0,0,0,0,0,1,1,0,0,0,1,0,1,2,1,1
109,私立,一般大學,1012,大葉大學,04121025,財務金融學系,9,8,1,0,0,0,0,2,0,6,1,0,0,2,2,0,9,8,1
109,私立,一般大學,1012,大葉大學,04131021,企業管理學系,13,11,2,1,0,2,0,5,0,3,2,0,0,8,8,0,13,11,2
109,私立,一般大學,1012,大葉大學,04131024,國際企業管理學系,3,2,1,0,0,1,0,1,1,0,0,0,0,3,2,1,3,2,1
109,私立,一般大學,1012,大葉大學,04142028,人力資源暨公共關係學系,1,1,0,0,0,0,0,0,0,1,0,0,0,0,0,0,1,1,0
109,私立,一般大學,1012,大葉大學,04199029,管理學院博士班,1,1,0,1,0,0,0,0,0,0,0,0,0,1,1,0,1,1,0
109,私立,一般大學,1012,大葉大學,04199029,管理學院碩士在職專班,1,1,0,1,0,0,0,0,0,0,0,0,0,1,1,0,1,1,0
109,私立,一般大學,1012,大葉大學,05121033,生物資源學系,1,1,0,0,0,0,0,1,0,0,0,0,0,1,1,0,1,1,0
109,私立,一般大學,1012,大葉大學,05121080,生物醫學系,4,4,0,1,0,1,0,1,0,1,0,0,0,3,3,0,4,4,0
109,私立,一般大學,1012,大葉大學,06131036,資訊管理學系,1,1,0,0,0,0,0,1,0,0,0,0,0,1,1,0,1,1,0
109,私立,一般大學,1012,大葉大學,06131039,資訊工程學系,2,2,0,0,0,1,0,1,0,0,0,0,0,2,2,0,2,2,0
109,私立,一般大學,1012,大葉大學,07121054,環境工程學系,5,5,0,2,0,1,0,2,0,0,0,0,0,5,5,0,5,5,0
109,私立,一般大學,1012,大葉大學,07141038,電機工程學系,3,3,0,0,0,0,0,2,0,1,0,0,0,2,2,0,3,3,0
109,私立,一般大學,1012,大葉大學,07151046,機械與自動化工程學系,3,3,0,0,0,0,0,3,0,0,0,0,0,3,3,0,3,3,0
109,私立,一般大學,1012,大葉大學,07191053,工業工程與管理學系,2,2,0,0,0,0,0,1,0,1,0,0,0,1,1,0,2,2,0
109,私立,一般大學,1012,大葉大學,07193055,醫療器材設計與材料學士學位學程,7,6,1,0,0,1,0,4,0,1,1,0,0,5,5,0,7,6,1
109,私立,一般大學,1012,大葉大學,07211078,食品暨應用生物科技學系,5,4,1,2,0,1,1,1,0,0,0,0,0,5,4,1,5,4,1
109,私立,一般大學,1012,大葉大學,09131065,護理學系,26,9,17,1,0,1,0,4,7,3,10,0,0,13,6,7,26,9,17
109,私立,一般大學,1012,大葉大學,09131Y55,護理暨健康學院,6,2,4,0,0,1,0,1,1,0,3,0,0,3,2,1,6,2,4
109,私立,一般大學,1012,大葉大學,09141066,視光學系,2,0,2,0,0,0,1,0,1,0,0,0,0,2,0,2,2,0,2
109,私立,一般大學,1012,大葉大學,09161064,藥用植物與保健學系,7,3,4,1,0,0,0,1,2,1,2,0,0,4,2,2,7,3,4
109,私立,一般大學,1012,大葉大學,10131067,餐旅管理學系,7,4,3,0,0,0,0,1,2,3,1,0,0,3,1,2,7,4,3
109,私立,一般大學,1012,大葉大學,10151069,觀光旅遊學系,5,1,4,0,0,0,0,0,1,1,3,0,0,1,0,1,5,1,4
109,私立,一般大學,1012,大葉大學,10152070,休閒事業管理學系,7,3,4,0,0,0,0,1,2,2,2,0,0,3,1,2,7,3,4
109,私立,一般大學,1012,大葉大學,10152072,運動健康管理學系,14,5,9,0,0,3,1,0,2,2,6,0,0,6,3,3,14,5,9
109,私立,一般大學,1012,大葉大學,10199074,烘焙暨飲料調製學士學位學程,5,4,1,0,0,0,0,0,0,4,1,0,0,0,0,0,5,4,1
109,私立,一般大學,1012,大葉大學,10199075,婚禮企劃暨節慶管理學士學位學程,2,0,2,0,0,0,0,0,0,0,2,0,0,0,0,0,2,0,2
109,私立,一般大學,1012,大葉大學,10321076,消防安全學士學位學程,4,4,0,1,0,0,0,1,0,2,0,0,0,2,2,0,4,4,0
109,私立,一般大學,1012,大葉大學,99999Z01,通識教育中心,40,23,17,1,0,1,1,15,8,6,8,0,0,26,17,9,40,23,17
109,私立,一般大學,1012,大葉大學,99999Z07,體育室,3,2,1,0,0,0,0,2,0,0,1,0,0,2,2,0,3,2,1
109,私立,一般大學,1012,大葉大學,99999Z08,國際語言中心,21,3,18,0,0,0,0,0,2,3,16,0,0,2,0,2,21,3,18
109,私立,一般大學,1013,華梵大學,02112024,攝影與VR設計學系,3,3,0,1,0,1,0,0,0,1,0,0,0,2,2,0,3,3,0
109,私立,一般大學,1013,華梵大學,02122023,智慧生活設計學系,12,9,3,0,0,0,0,0,0,9,3,0,0,0,0,0,12,9,3
109,私立,一般大學,1013,華梵大學,02131002,美術與文創學系,11,9,2,1,0,1,0,2,1,5,1,0,0,5,4,1,11,9,2
109,私立,一般大學,1013,華梵大學,02131025,佛教藝術學系,10,4,6,2,2,0,1,1,3,1,0,0,0,9,3,6,10,4,6
109,私立,一般大學,1013,華梵大學,02299009,東方人文思想研究所,3,3,0,3,0,0,0,0,0,0,0,0,0,3,3,0,3,3,0
109,私立,一般大學,1013,華梵大學,02299X05,人文與藝術學院,10,9,1,0,0,1,0,4,1,4,0,0,0,6,5,1,10,9,1
109,私立,一般大學,1013,華梵大學,99999Z99,人文教育研究中心,14,8,6,1,1,0,0,1,4,6,1,0,0,7,2,5,14,8,6
109,私立,一般大學,1014,義守大學,02111001,電影與電視學系,4,1,3,0,0,0,0,0,0,1,3,0,0,0,0,0,4,1,3
109,私立,一般大學,1014,義守大學,02112005,數位多媒體設計學系,2,1,1,0,0,0,0,0,0,1,1,0,0,0,0,0,2,1,1
109,私立,一般大學,1014,義守大學,02122004,傳播與設計學院原住民專班,6,4,2,0,0,0,0,0,0,4,2,0,0,0,0,0,6,4,2
109,私立,一般大學,1014,義守大學,02123006,創意商品設計學系,4,3,1,0,0,0,0,0,0,3,1,0,0,0,0,0,4,3,1
109,私立,一般大學,1014,義守大學,02311002,應用英語學系,3,2,1,0,0,0,0,1,0,1,1,0,0,1,1,0,3,2,1
109,私立,一般大學,1014,義守大學,02311003,應用日語學系,2,1,1,0,0,0,0,0,0,1,1,0,0,0,0,0,2,1,1
109,私立,一般大學,1014,義守大學,02311065,語文學院,15,3,12,0,0,0,0,0,1,3,11,0,0,1,0,1,15,3,12
109,私立,一般大學,1014,義守大學,03211008,大眾傳播學系,8,5,3,0,0,0,0,1,0,4,3,0,0,1,1,0,8,5,3
109,私立,一般大學,1014,義守大學,03214063,傳播產製英語學士學位學程,2,0,2,0,0,0,0,0,0,0,2,0,0,0,0,0,2,0,2
109,私立,一般大學,1014,義守大學,04111009,會計學系,1,1,0,0,0,0,0,0,0,1,0,0,0,0,0,0,1,1,0
109,私立,一般大學,1014,義守大學,04121017,國際財務金融學系,1,0,1,0,0,0,0,0,0,0,1,0,0,0,0,0,1,0,1
109,私立,一般大學,1014,義守大學,04121066,財務金融管理學系,5,4,1,0,0,0,0,3,0,1,1,0,0,3,3,0,5,4,1
109,私立,一般大學,1014,義守大學,04131010,企業管理學系,31,20,11,1,0,0,0,9,4,10,7,0,0,14,10,4,31,20,11
109,私立,一般大學,1014,義守大學,04131012,管理學院管理博士班,1,1,0,1,0,0,0,0,0,0,0,0,0,1,1,0,1,1,0
109,私立,一般大學,1014,義守大學,04131013,國際企業經營學系,2,2,0,0,0,0,0,0,0,2,0,0,0,0,0,0,2,2,0
109,私立,一般大學,1014,義守大學,04133018,醫務管理學系,7,4,3,0,0,0,0,1,1,3,2,0,0,2,1,1,7,4,3
109,私立,一般大學,1014,義守大學,04134007,公共政策與管理學系,4,4,0,1,0,0,0,1,0,2,0,0,0,2,2,0,4,4,0
109,私立,一般大學,1014,義守大學,04141015,國際商務學系,2,1,1,0,0,0,0,1,0,0,1,0,0,1,1,0,2,1,1
109,私立,一般大學,1014,義守大學,04199019,工業管理學系,7,3,4,0,0,0,1,2,1,1,2,0,0,4,2,2,7,3,4
109,私立,一般大學,1014,義守大學,05191044,營養學系,4,2,2,0,0,0,0,0,0,2,2,0,0,0,0,0,4,2,2
109,私立,一般大學,1014,義守大學,06131024,資訊管理學系,11,8,3,0,0,0,0,4,2,4,1,0,0,6,4,2,11,8,3
109,私立,一般大學,1014,義守大學,07141025,電機工程學系,5,4,1,0,0,0,0,3,1,1,0,0,0,4,3,1,5,4,1
109,私立,一般大學,1014,義守大學,07151030,機械與自動化工程學系,4,4,0,0,0,1,0,3,0,0,0,0,0,4,4,0,4,4,0
109,私立,一般大學,1014,義守大學,07193037,生物醫學工程學系,3,2,1,0,0,0,0,1,0,1,1,0,0,1,1,0,3,2,1
109,私立,一般大學,1014,義守大學,07321032,土木與生態工程學系,1,1,0,0,0,0,0,0,0,1,0,0,0,0,0,0,1,1,0
109,私立,一般大學,1014,義守大學,09121011,學士後醫學系外國學生專班,65,50,15,0,0,3,0,4,1,43,14,0,0,8,7,1,65,50,15
109,私立,一般大學,1014,義守大學,09121040,學士後中醫學系,55,46,9,3,0,0,0,12,3,31,6,0,0,18,15,3,55,46,9
109,私立,一般大學,1014,義守大學,09131046,護理學系,10,4,6,0,0,0,0,1,0,3,6,0,0,1,1,0,10,4,6
109,私立,一般大學,1014,義守大學,09141050,醫學影像暨放射科學系,12,8,4,0,0,1,0,1,0,6,4,0,0,2,2,0,12,8,4
109,私立,一般大學,1014,義守大學,09141061,醫學檢驗技術學系,8,4,4,0,0,0,0,0,0,4,4,0,0,0,0,0,8,4,4
109,私立,一般大學,1014,義守大學,09151042,物理治療學系,5,4,1,0,0,0,0,0,0,4,1,0,0,0,0,0,5,4,1
109,私立,一般大學,1014,義守大學,09152043,職能治療學系,11,8,3,0,0,0,0,0,0,8,3,0,0,0,0,0,11,8,3
109,私立,一般大學,1014,義守大學,09191041,健康管理學系,1,1,0,0,0,1,0,0,0,0,0,0,0,1,1,0,1,1,0
109,私立,一般大學,1014,義守大學,09211047,醫學院長期照護原住民專班,4,2,2,0,0,0,0,1,0,1,2,0,0,1,1,0,4,2,2
109,私立,一般大學,1014,義守大學,10131051,餐旅管理學系,15,9,6,0,0,0,0,1,2,8,4,0,0,3,1,2,15,9,6
109,私立,一般大學,1014,義守大學,10131052,廚藝學系,7,7,0,0,0,0,0,1,0,6,0,0,0,1,1,0,7,7,0
109,私立,一般大學,1014,義守大學,10151053,觀光學系,5,3,2,0,0,0,0,0,1,3,1,0,0,1,0,1,5,3,2
109,私立,一般大學,1014,義守大學,10151055,國際觀光餐旅學系,1,1,0,1,0,0,0,0,0,0,0,0,0,1,1,0,1,1,0
109,私立,一般大學,1014,義守大學,10151057,休閒事業管理學系,13,11,2,0,0,0,0,3,1,8,1,0,0,4,3,1,13,11,2
109,私立,一般大學,1014,義守大學,10199059,觀光餐旅學院原住民專班,3,2,1,0,0,0,0,0,0,2,1,0,0,0,0,0,3,2,1
109,私立,一般大學,1014,義守大學,99999Z01,通識教育中心,48,24,24,0,0,2,1,6,5,16,18,0,0,14,8,6,48,24,24
109,私立,一般大學,1015,世新大學,02111018,廣播電視電影學系,43,31,12,1,0,6,1,8,6,16,5,0,0,22,15,7,43,31,12
109,私立,一般大學,1015,世新大學,02112004,數位多媒體設計學系,10,8,2,0,0,1,0,0,0,7,2,0,0,1,1,0,10,8,2
109,私立,一般大學,1015,世新大學,02311002,英語學系,20,9,11,0,0,0,0,3,2,6,9,0,0,5,3,2,20,9,11
109,私立,一般大學,1015,世新大學,02311003,日本語文學系,10,3,7,0,0,0,1,0,0,3,6,0,0,1,0,1,10,3,7
109,私立,一般大學,1015,世新大學,02322001,中國文學系,37,10,27,2,2,0,0,2,13,6,12,0,0,19,4,15,37,10,27
109,私立,一般大學,1015,世新大學,03111005,經濟學系,2,2,0,2,0,0,0,0,0,0,0,0,0,2,2,0,2,2,0
109,私立,一般大學,1015,世新大學,03141008,社會心理學系,7,0,7,0,0,0,0,0,3,0,4,0,0,3,0,3,7,0,7
109,私立,一般大學,1015,世新大學,03212017,新聞學系,19,14,5,2,1,1,1,4,1,7,2,0,0,10,7,3,19,14,5
109,私立,一般大學,1015,世新大學,03214012,傳播博士學位學程,1,1,0,0,0,1,0,0,0,0,0,0,0,1,1,0,1,1,0
109,私立,一般大學,1015,世新大學,03214013,資訊傳播學系,18,15,3,0,0,2,1,1,0,12,2,0,0,4,3,1,18,15,3
109,私立,一般大學,1015,世新大學,03214014,口語傳播暨社群媒體學系,8,7,1,0,0,2,0,1,1,4,0,0,0,4,3,1,8,7,1
109,私立,一般大學,1015,世新大學,03214020,圖文傳播暨數位出版學系,14,10,4,0,0,1,0,1,0,8,4,0,0,2,2,0,14,10,4
109,私立,一般大學,1015,世新大學,04121024,財務金融學系,6,4,2,0,0,1,1,1,0,2,1,0,0,3,2,1,6,4,2
109,私立,一般大學,1015,世新大學,04131023,企業管理學系,9,7,2,0,0,0,0,5,1,2,1,0,0,6,5,1,9,7,2
109,私立,一般大學,1015,世新大學,04134009,行政管理學系,13,9,4,4,0,1,0,2,3,2,1,0,0,10,7,3,13,9,4
109,私立,一般大學,1015,世新大學,04143019,公共關係暨廣告學系,10,6,4,0,0,1,1,2,0,3,3,0,0,4,3,1,10,6,4
109,私立,一般大學,1015,世新大學,04199025,傳播管理學系,7,4,3,2,0,0,0,0,1,2,2,0,0,3,2,1,7,4,3
109,私立,一般大學,1015,世新大學,04211026,法律學系,43,38,5,10,2,6,1,4,1,18,1,0,0,24,20,4,43,38,5
109,私立,一般大學,1015,世新大學,04212039,智慧財產暨傳播科技法律研究所,3,3,0,0,0,1,0,2,0,0,0,0,0,3,3,0,3,3,0
109,私立,一般大學,1015,世新大學,06131028,資訊管理學系,10,8,2,1,0,1,0,3,0,3,2,0,0,5,5,0,10,8,2
109,私立,一般大學,1015,世新大學,10151029,觀光學系,5,3,2,0,0,0,0,1,2,2,0,0,0,3,1,2,5,3,2
109,私立,一般大學,1015,世新大學,99999Z01,通識教育中心,53,35,18,6,4,10,3,12,5,7,6,0,0,40,28,12,53,35,18
109,私立,一般大學,1015,世新大學,99999Z07,體育室,16,9,7,1,0,2,0,2,1,4,6,0,0,6,5,1,16,9,7
109,私立,一般大學,1015,世新大學,99999Z08,外語教學中心,8,5,3,0,0,0,0,0,0,5,3,0,0,0,0,0,8,5,3
109,私立,一般大學,1016,銘傳大學,01111052,教育研究所,8,6,2,2,0,2,0,2,2,0,0,0,0,8,6,2,8,6,2
109,私立,一般大學,1016,銘傳大學,01131042,華語文教學學系,8,4,4,0,0,0,1,2,0,2,3,0,0,3,2,1,8,4,4
109,私立,一般大學,1016,銘傳大學,02112012,數位媒體設計學系,16,7,9,0,0,0,0,1,1,6,8,0,0,2,1,1,16,7,9
109,私立,一般大學,1016,銘傳大學,02112072,商業設計學系,22,16,6,1,0,1,0,0,2,14,4,0,0,4,2,2,22,16,6
109,私立,一般大學,1016,銘傳大學,02121090,動漫文創設計學士學位學程,7,5,2,0,0,0,0,0,0,5,2,0,0,0,0,0,7,5,2
109,私立,一般大學,1016,銘傳大學,02123073,商品設計學系,24,20,4,0,0,1,0,3,1,16,3,0,0,5,4,1,24,20,4
109,私立,一般大學,1016,銘傳大學,02125095,時尚與創新管理學士學位學程,7,3,4,0,1,1,0,0,1,2,2,0,0,3,1,2,7,3,4
109,私立,一般大學,1016,銘傳大學,02311010,應用日語學系,24,5,19,0,0,1,0,0,2,4,17,0,0,3,1,2,24,5,19
109,私立,一般大學,1016,銘傳大學,02311031,應用英語學系,31,19,12,1,0,2,0,2,2,14,10,0,0,7,5,2,31,19,12
109,私立,一般大學,1016,銘傳大學,02322002,應用中國文學系,33,9,24,1,2,0,2,3,12,5,8,0,0,20,4,16,33,9,24
109,私立,一般大學,1016,銘傳大學,03122005,國際事務與外交學士學位學程,10,10,0,2,0,2,0,6,0,0,0,0,0,10,10,0,10,10,0
109,私立,一般大學,1016,銘傳大學,03131054,諮商與工商心理學系,12,5,7,0,0,0,0,2,3,3,4,0,0,5,2,3,12,5,7
109,私立,一般大學,1016,銘傳大學,03141088,犯罪防治學系,17,14,3,4,0,3,0,5,2,2,1,0,0,14,12,2,17,14,3
109,私立,一般大學,1016,銘傳大學,03211063,新聞與大眾傳播學士學位學程,6,3,3,0,0,1,0,0,0,2,3,0,0,1,1,0,6,3,3
109,私立,一般大學,1016,銘傳大學,03212046,新聞學系,14,5,9,0,0,0,0,2,5,3,4,0,0,7,2,5,14,5,9
109,私立,一般大學,1016,銘傳大學,03213047,廣播電視學系,18,11,7,0,0,3,0,6,4,2,3,0,0,13,9,4,18,11,7
109,私立,一般大學,1016,銘傳大學,03213064,新媒體暨傳播管理學系,14,9,5,0,2,1,0,4,1,4,2,0,0,8,5,3,14,9,5
109,私立,一般大學,1016,銘傳大學,04111032,會計學系,14,8,6,0,0,2,2,4,2,2,2,0,0,10,6,4,14,8,6
109,私立,一般大學,1016,銘傳大學,04121020,財務金融學系,11,9,2,1,0,3,0,3,1,2,1,0,0,8,7,1,11,9,2
109,私立,一般大學,1016,銘傳大學,04121059,經濟與金融學系,6,4,2,0,1,0,0,2,0,2,1,0,0,3,2,1,6,4,2
109,私立,一般大學,1016,銘傳大學,04123056,風險管理與保險學系,9,4,5,0,0,2,1,1,2,1,2,0,0,6,3,3,9,4,5
109,私立,一般大學,1016,銘傳大學,04131017,國際企業與貿易學士學位學程,4,3,1,0,0,1,0,1,0,1,1,0,0,2,2,0,4,3,1
109,私立,一般大學,1016,銘傳大學,04131036,企業管理學系,17,12,5,0,2,1,0,6,2,5,1,0,0,11,7,4,17,12,5
109,私立,一般大學,1016,銘傳大學,04131061,國際企業學系,11,5,6,1,0,1,1,0,0,3,5,0,0,3,2,1,11,5,6
109,私立,一般大學,1016,銘傳大學,04133022,醫療資訊與管理學系,20,15,5,2,0,1,1,6,2,6,2,0,0,12,9,3,20,15,5
109,私立,一般大學,1016,銘傳大學,04134006,公共事務學系,11,10,1,2,0,3,0,4,1,1,0,0,0,10,9,1,11,10,1
109,私立,一般大學,1016,銘傳大學,04143015,廣告暨策略行銷學系,8,4,4,0,1,0,0,1,1,3,2,0,0,3,1,2,8,4,4
109,私立,一般大學,1016,銘傳大學,04199089,金融科技應用學士學位學程,5,3,2,0,0,0,1,0,0,3,1,0,0,1,0,1,5,3,2
109,私立,一般大學,1016,銘傳大學,04199094,金融科技碩士學位學程,4,3,1,0,0,0,0,1,1,2,0,0,0,2,1,1,4,3,1
109,私立,一般大學,1016,銘傳大學,04211039,法律學系,31,25,6,4,1,0,1,4,1,17,3,0,0,11,8,3,31,25,6
109,私立,一般大學,1016,銘傳大學,04212024,財金法律學系,10,3,7,0,1,1,0,1,3,1,3,0,0,6,2,4,10,3,7
109,私立,一般大學,1016,銘傳大學,05121009,生物科技學系,16,12,4,1,0,0,0,7,2,4,2,0,0,10,8,2,16,12,4
109,私立,一般大學,1016,銘傳大學,05421079,應用統計與資料科學學系,6,4,2,0,0,2,0,2,1,0,1,0,0,5,4,1,6,4,2
109,私立,一般大學,1016,銘傳大學,06131045,資訊管理學系,5,4,1,1,0,1,0,2,1,0,0,0,0,5,4,1,5,4,1
109,私立,一般大學,1016,銘傳大學,06132078,資訊傳播工程學系,8,7,1,0,0,1,0,3,0,3,1,0,0,4,4,0,8,7,1
109,私立,一般大學,1016,銘傳大學,06134050,電腦與通訊工程學系,12,8,4,0,0,0,0,3,1,5,3,0,0,4,3,1,12,8,4
109,私立,一般大學,1016,銘傳大學,06134096,資訊科技應用與管理學士學位學程,2,2,0,2,0,0,0,0,0,0,0,0,0,2,2,0,2,2,0
109,私立,一般大學,1016,銘傳大學,07141025,電子工程學系,10,9,1,1,0,3,0,3,1,2,0,0,0,8,7,1,10,9,1
109,私立,一般大學,1016,銘傳大學,07141029,資訊工程學系,5,5,0,0,0,0,0,1,0,4,0,0,0,1,1,0,5,5,0
109,私立,一般大學,1016,銘傳大學,07193043,生物醫學工程學系,9,6,3,1,0,1,0,2,2,2,1,0,0,6,4,2,9,6,3
109,私立,一般大學,1016,銘傳大學,07311026,建築學系,27,22,5,0,0,0,0,2,1,20,4,0,0,3,2,1,27,22,5
109,私立,一般大學,1016,銘傳大學,07313048,都市規劃與防災學系,15,13,2,1,0,1,0,5,1,6,1,0,0,8,7,1,15,13,2
109,私立,一般大學,1016,銘傳大學,10131044,餐旅管理學系,8,6,2,0,0,0,0,0,1,6,1,0,0,1,0,1,8,6,2
109,私立,一般大學,1016,銘傳大學,10151008,旅遊與觀光學士學位學程,5,2,3,0,0,0,0,0,1,2,2,0,0,1,0,1,5,2,3
109,私立,一般大學,1016,銘傳大學,10151033,觀光事業學系,8,5,3,1,0,0,0,2,0,2,3,0,0,3,3,0,8,5,3
109,私立,一般大學,1016,銘傳大學,10152076,休閒遊憩管理學系,5,4,1,1,0,2,0,0,0,1,1,0,0,3,3,0,5,4,1
109,私立,一般大學,1016,銘傳大學,99999Z01,通識教育中心,34,17,17,0,0,4,0,7,9,6,8,0,0,20,11,9,34,17,17
109,私立,一般大學,1016,銘傳大學,99999Z05,師資培育中心,4,3,1,0,0,0,0,0,1,3,0,0,0,1,0,1,4,3,1
109,私立,一般大學,1016,銘傳大學,99999Z07,體育室,23,20,3,0,0,3,0,3,1,14,2,0,0,7,6,1,23,20,3
109,私立,一般大學,1016,銘傳大學,99999Z08,英語教學中心,58,20,38,0,0,0,0,3,5,17,33,0,0,8,3,5,58,20,38
109,私立,一般大學,1017,實踐大學,02112012,媒體傳達設計學系,29,23,6,1,0,0,0,6,1,16,5,0,0,8,7,1,29,23,6
109,私立,一般大學,1017,實踐大學,02112013,電腦動畫學士學位學程,4,2,2,0,0,0,0,2,1,0,1,0,0,3,2,1,4,2,2
109,私立,一般大學,1017,實踐大學,02112039,資訊模擬與設計學系,3,2,1,0,0,0,0,1,0,1,1,0,0,1,1,0,3,2,1
109,私立,一般大學,1017,實踐大學,02122009,時尚設計學系,21,9,12,0,0,0,0,1,1,8,11,0,0,2,1,1,21,9,12
109,私立,一般大學,1017,實踐大學,02123014,工業產品設計學系,26,21,5,1,0,3,1,3,1,14,3,0,0,9,7,2,26,21,5
109,私立,一般大學,1017,實踐大學,02125051,服裝設計學系,43,21,22,0,1,2,1,2,3,17,17,0,0,9,4,5,43,21,22
109,私立,一般大學,1017,實踐大學,02125053,服飾設計與經營學系,21,9,12,1,0,0,1,1,2,7,9,0,0,5,2,3,21,9,12
109,私立,一般大學,1017,實踐大學,02151001,音樂學系,72,30,42,0,2,2,12,8,9,20,19,0,0,33,10,23,72,30,42
109,私立,一般大學,1017,實踐大學,02311004,應用外語學系,16,8,8,0,0,1,0,2,0,5,8,0,0,3,3,0,16,8,8
109,私立,一般大學,1017,實踐大學,02311005,應用英語學系,2,1,1,0,0,0,0,0,1,1,0,0,0,1,0,1,2,1,1
109,私立,一般大學,1017,實踐大學,02311006,應用日文學系,6,2,4,0,0,0,0,0,0,2,4,0,0,0,0,0,6,2,4
109,私立,一般大學,1017,實踐大學,02322002,應用中文學系,4,3,1,0,0,1,0,1,0,1,1,0,0,2,2,0,4,3,1
109,私立,一般大學,1017,實踐大學,04111019,會計學系,10,7,3,0,0,1,0,3,1,3,2,0,0,5,4,1,10,7,3
109,私立,一般大學,1017,實踐大學,04111020,會計暨稅務學系,3,2,1,0,0,0,0,1,1,1,0,0,0,2,1,1,3,2,1
109,私立,一般大學,1017,實踐大學,04121029,財務金融學系,14,12,2,2,0,4,0,4,2,2,0,0,0,12,10,2,14,12,2
109,私立,一般大學,1017,實踐大學,04121032,金融管理學系,6,2,4,0,0,0,1,1,1,1,2,0,0,3,1,2,6,2,4
109,私立,一般大學,1017,實踐大學,04123033,風險管理與保險學系,5,2,3,0,0,1,0,1,1,0,2,0,0,3,2,1,5,2,3
109,私立,一般大學,1017,實踐大學,04131021,企業管理學系,25,21,4,1,0,2,0,8,1,10,3,0,0,12,11,1,25,21,4
109,私立,一般大學,1017,實踐大學,04131022,國際企業管理學系,4,4,0,0,0,0,0,2,0,2,0,0,0,2,2,0,4,4,0
109,私立,一般大學,1017,實踐大學,04131023,國際企業英語碩士學位學程,3,2,1,0,0,0,0,2,1,0,0,0,0,3,2,1,3,2,1
109,私立,一般大學,1017,實踐大學,04131023,國際企業英語學士學位學程,15,9,6,1,0,1,0,4,0,3,6,0,0,6,6,0,15,9,6
109,私立,一般大學,1017,實踐大學,04141026,國際貿易學系,4,2,2,0,0,0,0,0,0,2,2,0,0,0,0,0,4,2,2
109,私立,一般大學,1017,實踐大學,04141028,國際經營與貿易學系,8,6,2,0,0,3,1,0,1,3,0,0,0,5,3,2,8,6,2
109,私立,一般大學,1017,實踐大學,04143035,行銷管理學系,5,3,2,0,0,0,0,0,1,3,1,0,0,1,0,1,5,3,2
109,私立,一般大學,1017,實踐大學,04199036,管理學院創意產業博士班,5,3,2,2,1,1,0,0,1,0,0,0,0,5,3,2,5,3,2
109,私立,一般大學,1017,實踐大學,05191043,食品營養與保健生技學系,12,6,6,3,0,0,0,0,1,3,5,0,0,4,3,1,12,6,6
109,私立,一般大學,1017,實踐大學,06131037,資訊科技與管理學系,9,7,2,0,0,2,0,4,0,1,2,0,0,6,6,0,9,7,2
109,私立,一般大學,1017,實踐大學,06131038,資訊管理學系,4,4,0,0,0,1,0,1,0,2,0,0,0,2,2,0,4,4,0
109,私立,一般大學,1017,實踐大學,06131040,資訊科技與通訊學系,4,4,0,0,0,1,0,1,0,2,0,0,0,2,2,0,4,4,0
109,私立,一般大學,1017,實踐大學,07311041,建築設計學系,32,26,6,2,1,4,0,4,0,16,5,0,0,11,10,1,32,26,6
109,私立,一般大學,1017,實踐大學,09221045,家庭研究與兒童發展學系,16,4,12,1,0,0,1,2,5,1,6,0,0,9,3,6,16,4,12
109,私立,一般大學,1017,實踐大學,09231044,社會工作學系,34,16,18,2,1,1,1,2,0,11,16,0,0,7,5,2,34,16,18
109,私立,一般大學,1017,實踐大學,10131046,餐飲管理學系,12,8,4,2,1,1,0,2,1,3,2,0,0,7,5,2,12,8,4
109,私立,一般大學,1017,實踐大學,10131054,智慧服務管理英語學士學位學程,5,2,3,0,0,0,0,1,1,1,2,0,0,2,1,1,5,2,3
109,私立,一般大學,1017,實踐大學,10151047,觀光管理學系,9,6,3,0,0,0,0,4,0,2,3,0,0,4,4,0,9,6,3
109,私立,一般大學,1017,實踐大學,10152049,休閒產業管理學系,5,4,1,1,0,0,0,0,1,3,0,0,0,2,1,1,5,4,1
109,私立,一般大學,1017,實踐大學,99999Z01,博雅學部,111,57,54,2,0,4,1,19,15,32,38,0,0,41,25,16,111,57,54
109,私立,一般大學,1017,實踐大學,99999Z07,體育教育委員會,41,28,13,3,2,4,0,6,2,15,9,0,0,17,13,4,41,28,13
109,私立,技專校院,1018,朝陽科技大學,02112003,視覺傳達設計系,28,21,7,0,0,0,0,3,0,18,7,0,0,3,3,0,28,21,7
109,私立,技專校院,1018,朝陽科技大學,02123004,工業設計系,28,20,8,0,0,2,0,1,1,17,7,0,0,4,3,1,28,20,8
109,私立,技專校院,1018,朝陽科技大學,02311001,應用英語系,9,3,6,0,0,0,0,1,0,2,6,0,0,1,1,0,9,3,6
109,私立,技專校院,1018,朝陽科技大學,03211006,傳播藝術系,11,10,1,0,0,1,0,1,0,8,1,0,0,2,2,0,11,10,1
109,私立,技專校院,1018,朝陽科技大學,04111007,會計系,16,12,4,1,0,2,1,3,1,6,2,0,0,8,6,2,16,12,4
109,私立,技專校院,1018,朝陽科技大學,04121010,財務金融系,16,10,6,0,0,1,0,1,1,8,5,0,0,3,2,1,16,10,6
109,私立,技專校院,1018,朝陽科技大學,04123011,保險金融管理系,16,12,4,1,0,1,0,1,2,9,2,0,0,5,3,2,16,12,4
109,私立,技專校院,1018,朝陽科技大學,04131008,企業管理系,33,22,11,1,0,3,0,6,3,12,8,0,0,13,10,3,33,22,11
109,私立,技專校院,1018,朝陽科技大學,04132012,行銷與流通管理系,18,13,5,0,0,0,0,3,2,10,3,0,0,5,3,2,18,13,5
109,私立,技專校院,1018,朝陽科技大學,04199014,銀髮產業管理系,10,7,3,0,0,0,0,4,0,3,3,0,0,4,4,0,10,7,3
109,私立,技專校院,1018,朝陽科技大學,05311017,應用化學系,3,3,0,1,0,0,0,0,0,2,0,0,0,1,1,0,3,3,0
109,私立,技專校院,1018,朝陽科技大學,06111023,資訊與通訊系,3,3,0,0,0,1,0,2,0,0,0,0,0,3,3,0,3,3,0
109,私立,技專校院,1018,朝陽科技大學,06131019,資訊管理系,15,7,8,1,0,0,0,2,2,4,6,0,0,5,3,2,15,7,8
109,私立,技專校院,1018,朝陽科技大學,07121027,環境工程與管理系,13,10,3,0,0,0,0,3,2,7,1,0,0,5,3,2,13,10,3
109,私立,技專校院,1018,朝陽科技大學,07141020,資訊工程系,11,11,0,1,0,1,0,2,0,7,0,0,0,4,4,0,11,11,0
109,私立,技專校院,1018,朝陽科技大學,07191026,工業工程與管理系,16,11,5,0,0,1,0,1,1,9,4,0,0,3,2,1,16,11,5
109,私立,技專校院,1018,朝陽科技大學,07311028,建築系,32,29,3,0,0,0,0,7,0,22,3,0,0,7,7,0,32,29,3
109,私立,技專校院,1018,朝陽科技大學,07312031,景觀及都市設計系,22,13,9,0,0,0,0,2,1,11,8,0,0,3,2,1,22,13,9
109,私立,技專校院,1018,朝陽科技大學,07321025,營建工程系,11,11,0,1,0,1,0,4,0,5,0,0,0,6,6,0,11,11,0
109,私立,技專校院,1018,朝陽科技大學,09221035,幼兒保育系,14,4,10,0,0,0,0,0,1,4,9,0,0,1,0,1,14,4,10
109,私立,技專校院,1018,朝陽科技大學,09231034,社會工作系,24,9,15,0,0,0,0,2,1,7,14,0,0,3,2,1,24,9,15
109,私立,技專校院,1018,朝陽科技大學,10152036,休閒事業管理系,35,20,15,1,2,0,0,4,1,15,12,0,0,8,5,3,35,20,15
109,私立,技專校院,1018,朝陽科技大學,99999Z01,通識教育中心,104,70,34,3,0,8,2,15,17,44,15,0,0,45,26,19,104,70,34
109,私立,技專校院,1018,朝陽科技大學,99999Z05,師資培育中心,7,4,3,1,0,0,0,2,1,1,2,0,0,4,3,1,7,4,3
109,私立,技專校院,1018,朝陽科技大學,99999Z08,華語中心,9,1,8,0,0,0,0,0,0,1,8,0,0,0,0,0,9,1,8
109,私立,技專校院,1018,朝陽科技大學,99999Z08,語言中心,50,12,38,0,0,2,1,0,6,10,31,0,0,9,2,7,50,12,38
109,私立,一般大學,1019,高雄醫學大學,03131002,心理學系,1,0,1,0,0,0,0,0,0,0,1,0,0,0,0,0,1,0,1
109,私立,一般大學,1019,高雄醫學大學,04133003,醫務管理暨醫療資訊學系,9,8,1,2,0,2,0,1,1,3,0,0,0,6,5,1,9,8,1
109,私立,一般大學,1019,高雄醫學大學,05111016,生物醫學暨環境生物學系,2,1,1,0,0,0,1,1,0,0,0,0,0,2,1,1,2,1,1
109,私立,一般大學,1019,高雄醫學大學,09121011,醫學系,50,35,15,3,0,7,3,23,12,2,0,0,0,48,33,15,50,35,15
109,私立,一般大學,1019,高雄醫學大學,09121011,醫學研究所,1,0,1,0,0,0,0,0,1,0,0,0,0,1,0,1,1,0,1
109,私立,一般大學,1019,高雄醫學大學,09121018,臨床醫學研究所,1,1,0,0,0,0,0,1,0,0,0,0,0,1,1,0,1,1,0
109,私立,一般大學,1019,高雄醫學大學,09131032,護理學系,2,1,1,0,0,1,0,0,0,0,1,0,0,1,1,0,2,1,1
109,私立,一般大學,1019,高雄醫學大學,09141036,醫學檢驗生物技術學系,3,2,1,0,0,0,0,1,0,1,1,0,0,1,1,0,3,2,1
109,私立,一般大學,1019,高雄醫學大學,09141037,醫學影像暨放射科學系,3,3,0,0,0,0,0,0,0,3,0,0,0,0,0,0,3,3,0
109,私立,一般大學,1019,高雄醫學大學,09151028,物理治療學系,5,2,3,0,0,0,0,0,0,2,3,0,0,0,0,0,5,2,3
109,私立,一般大學,1019,高雄醫學大學,09152029,職能治療學系,1,1,0,0,0,0,0,0,0,1,0,0,0,0,0,0,1,1,0
109,私立,一般大學,1019,高雄醫學大學,09161024,藥學系,15,7,8,2,0,1,1,1,1,3,6,0,0,6,4,2,15,7,8
109,私立,一般大學,1019,高雄醫學大學,09161027,香粧品學系,5,2,3,0,0,0,0,1,0,1,3,0,0,1,1,0,5,2,3
109,私立,一般大學,1019,高雄醫學大學,09191021,公共衛生學系,2,1,1,0,1,0,0,0,0,1,0,0,0,1,0,1,2,1,1
109,私立,一般大學,1019,高雄醫學大學,09231049,醫學社會學與社會工作學系,8,2,6,0,0,1,0,0,0,1,6,0,0,1,1,0,8,2,6
109,私立,一般大學,1019,高雄醫學大學,99999Z01,通識教育中心,44,23,21,2,0,2,0,11,9,8,12,0,0,24,15,9,44,23,21
109,私立,一般大學,1020,南華大學,02111059,視覺藝術與設計學系,3,1,2,0,0,0,0,0,1,1,1,0,0,1,0,1,3,1,2
109,私立,一般大學,1020,南華大學,02122062,產品與室內設計學系,8,5,3,0,0,0,0,1,0,4,3,0,0,1,1,0,8,5,3
109,私立,一般大學,1020,南華大學,02151003,民族音樂學系,58,28,30,0,0,2,0,11,12,15,18,0,0,25,13,12,58,28,30
109,私立,一般大學,1020,南華大學,02211010,宗教學研究所,3,0,3,0,1,0,0,0,2,0,0,0,0,3,0,3,3,0,3
109,私立,一般大學,1020,南華大學,02299011,生死學系,17,8,9,1,1,0,0,2,3,5,5,0,0,7,3,4,17,8,9
109,私立,一般大學,1020,南華大學,02299Y14,人文學院,15,11,4,1,0,2,0,0,1,8,3,0,0,4,3,1,15,11,4
109,私立,一般大學,1020,南華大學,02322009,文學系,1,1,0,0,0,1,0,0,0,0,0,0,0,1,1,0,1,1,0
109,私立,一般大學,1020,南華大學,03122019,國際事務與企業學系,1,1,0,1,0,0,0,0,0,0,0,0,0,1,1,0,1,1,0
109,私立,一般大學,1020,南華大學,03141017,應用社會學系,11,5,6,0,0,0,0,3,2,2,4,0,0,5,3,2,11,5,6
109,私立,一般大學,1020,南華大學,03214026,傳播學系,7,6,1,0,0,0,0,0,0,6,1,0,0,0,0,0,7,6,1
109,私立,一般大學,1020,南華大學,04121031,財務金融學系,3,2,1,0,0,0,0,0,0,2,1,0,0,0,0,0,3,2,1
109,私立,一般大學,1020,南華大學,04131029,企業管理學系,15,11,4,1,0,0,0,4,2,6,2,0,0,7,5,2,15,11,4
109,私立,一般大學,1020,南華大學,04141030,管理學院國際企業學士學位學程,3,2,1,0,0,0,0,1,0,1,1,0,0,1,1,0,3,2,1
109,私立,一般大學,1020,南華大學,04199033,文化創意事業管理學系,2,2,0,0,0,0,0,0,0,2,0,0,0,0,0,0,2,2,0
109,私立,一般大學,1020,南華大學,04199Y31,管理學院,1,0,1,0,0,0,0,0,1,0,0,0,0,1,0,1,1,0,1
109,私立,一般大學,1020,南華大學,05121040,自然生物科技學系,15,11,4,0,0,0,0,9,4,2,0,0,0,13,9,4,15,11,4
109,私立,一般大學,1020,南華大學,06121043,科技學院資訊科技進修學士班,4,3,1,0,0,0,0,2,0,1,1,0,0,2,2,0,4,3,1
109,私立,一般大學,1020,南華大學,06131042,資訊管理學系,6,5,1,0,0,2,0,1,0,2,1,0,0,3,3,0,6,5,1
109,私立,一般大學,1020,南華大學,07141044,資訊工程學系,7,6,1,0,0,0,0,0,0,6,1,0,0,0,0,0,7,6,1
109,私立,一般大學,1020,南華大學,07311045,建築與景觀學系,19,14,5,0,0,0,0,3,0,11,5,0,0,3,3,0,19,14,5
109,私立,一般大學,1020,南華大學,10141061,運動與健康促進學士學位學程,8,5,3,0,0,0,0,0,0,5,3,0,0,0,0,0,8,5,3
109,私立,一般大學,1020,南華大學,10151048,旅遊管理學系,7,4,3,0,0,0,0,3,0,1,3,0,0,3,3,0,7,4,3
109,私立,一般大學,1020,南華大學,99999Z01,通識教育中心,26,13,13,0,0,0,0,5,2,8,11,0,0,7,5,2,26,13,13
109,私立,一般大學,1020,南華大學,99999Z08,語文教學中心,27,6,21,0,0,0,0,1,7,5,14,0,0,8,1,7,27,6,21
109,私立,一般大學,1021,真理大學,02151001,音樂應用學系,50,20,30,0,0,0,1,6,9,14,20,0,0,16,6,10,50,20,30
109,私立,一般大學,1021,真理大學,02211064,宗教文化與資訊管理學系,3,2,1,0,0,0,0,1,1,1,0,0,0,2,1,1,3,2,1
109,私立,一般大學,1021,真理大學,02299013,人文與資訊學系,4,3,1,0,0,0,0,3,0,0,1,0,0,3,3,0,4,3,1
109,私立,一般大學,1021,真理大學,02311006,英美語文學系,4,2,2,0,0,0,1,0,0,2,1,0,0,1,0,1,4,2,2
109,私立,一般大學,1021,真理大學,02311009,應用日語學系,6,2,4,0,0,0,0,0,1,2,3,0,0,1,0,1,6,2,4
109,私立,一般大學,1021,真理大學,02321002,台灣文學系,4,4,0,0,0,0,0,0,0,4,0,0,0,0,0,0,4,4,0
109,私立,一般大學,1021,真理大學,03214058,運動資訊傳播學系,3,1,2,0,0,0,0,0,1,1,1,0,0,1,0,1,3,1,2
109,私立,一般大學,1021,真理大學,04111019,會計資訊學系,2,2,0,0,0,0,0,0,0,2,0,0,0,0,0,0,2,2,0
109,私立,一般大學,1021,真理大學,04141023,國際貿易學系,1,1,0,0,0,1,0,0,0,0,0,0,0,1,1,0,1,1,0
109,私立,一般大學,1021,真理大學,04199057,運動管理學系,2,2,0,0,0,0,0,2,0,0,0,0,0,2,2,0,2,2,0
109,私立,一般大學,1021,真理大學,04199062,航空事業學系,1,0,1,0,0,0,0,0,0,0,1,0,0,0,0,0,1,0,1
109,私立,一般大學,1021,真理大學,04211031,法律學系,12,12,0,0,0,1,0,4,0,7,0,0,0,5,5,0,12,12,0
109,私立,一般大學,1021,真理大學,10151044,觀光事業學系,5,2,3,0,0,0,0,1,0,1,3,0,0,1,1,0,5,2,3
109,私立,一般大學,1021,真理大學,99999Z01,通識教育中心,16,7,9,0,0,2,0,3,1,2,8,0,0,6,5,1,16,7,9
109,私立,一般大學,1022,大同大學,02112004,媒體設計學系,22,13,9,0,0,0,0,2,4,11,5,0,0,6,2,4,22,13,9
109,私立,一般大學,1022,大同大學,02122003,設計科學研究所,1,1,0,1,0,0,0,0,0,0,0,0,0,1,1,0,1,1,0
109,私立,一般大學,1022,大同大學,02123005,工業設計學系,29,25,4,1,0,1,0,9,3,14,1,0,0,14,11,3,29,25,4
109,私立,一般大學,1022,大同大學,02311001,應用外語學系,5,2,3,0,0,0,0,1,0,1,3,0,0,1,1,0,5,2,3
109,私立,一般大學,1022,大同大學,04131007,事業經營學系,6,5,1,1,0,0,0,2,0,2,1,0,0,3,3,0,6,5,1
109,私立,一般大學,1022,大同大學,06131006,資訊經營學系,10,9,1,3,0,1,0,3,1,2,0,0,0,8,7,1,10,9,1
109,私立,一般大學,1022,大同大學,06131012,資訊工程學系,6,6,0,3,0,2,0,1,0,0,0,0,0,6,6,0,6,6,0
109,私立,一般大學,1022,大同大學,07111021,化學工程與生物科技學系,9,8,1,6,0,0,0,0,0,2,1,0,0,6,6,0,9,8,1
109,私立,一般大學,1022,大同大學,07112016,材料工程學系,7,7,0,2,0,2,0,2,0,1,0,0,0,6,6,0,7,7,0
109,私立,一般大學,1022,大同大學,07141010,電機工程學系,10,10,0,4,0,1,0,4,0,1,0,0,0,9,9,0,10,10,0
109,私立,一般大學,1022,大同大學,07151014,機械工程學系,13,13,0,2,0,0,0,7,0,4,0,0,0,9,9,0,13,13,0
109,私立,一般大學,1022,大同大學,07194019,工程管理學位學程碩士在職專班,1,1,0,0,0,0,0,1,0,0,0,0,0,1,1,0,1,1,0
109,私立,一般大學,1022,大同大學,99999Z01,通識教育中心,33,17,16,1,0,3,2,7,7,6,7,0,0,20,11,9,33,17,16
109,私立,一般大學,1022,大同大學,99999Z07,體育室,8,5,3,0,0,1,0,0,2,4,1,0,0,3,1,2,8,5,3
109,私立,一般大學,1022,大同大學,99999Z08,外語教育中心,17,7,10,0,0,0,0,2,1,5,9,0,0,3,2,1,17,7,10
109,私立,技專校院,1023,南臺學校財團法人南臺科技大學,01114002,教育領導與評鑑研究所,1,1,0,0,0,0,0,1,0,0,0,0,0,1,1,0,1,1,0
109,私立,技專校院,1023,南臺學校財團法人南臺科技大學,02112008,視覺傳達設計系,16,11,5,0,0,0,0,3,0,8,5,0,0,3,3,0,16,11,5
109,私立,技專校院,1023,南臺學校財團法人南臺科技大學,02123010,創新產品設計系,12,7,5,0,0,0,0,0,1,7,4,0,0,1,0,1,12,7,5
109,私立,技專校院,1023,南臺學校財團法人南臺科技大學,02151003,流行音樂產業系,21,15,6,2,1,3,1,4,0,6,4,0,0,11,9,2,21,15,6
109,私立,技專校院,1023,南臺學校財團法人南臺科技大學,02311005,應用英語系,12,1,11,0,0,1,0,0,1,0,10,0,0,2,1,1,12,1,11
109,私立,技專校院,1023,南臺學校財團法人南臺科技大學,02311006,應用日語系,11,3,8,0,0,0,0,0,0,3,8,0,0,0,0,0,11,3,8
109,私立,技專校院,1023,南臺學校財團法人南臺科技大學,03214011,資訊傳播系,7,5,2,0,0,0,0,1,0,4,2,0,0,1,1,0,7,5,2
109,私立,技專校院,1023,南臺學校財團法人南臺科技大學,04111013,會計資訊系,8,5,3,0,0,0,0,1,2,4,1,0,0,3,1,2,8,5,3
109,私立,技專校院,1023,南臺學校財團法人南臺科技大學,04121021,財務金融系,11,5,6,0,0,1,0,3,2,1,4,0,0,6,4,2,11,5,6
109,私立,技專校院,1023,南臺學校財團法人南臺科技大學,04131015,企業管理系,17,10,7,0,1,0,1,3,1,7,4,0,0,6,3,3,17,10,7
109,私立,技專校院,1023,南臺學校財團法人南臺科技大學,04131017,國際企業系,2,2,0,0,0,0,0,1,0,1,0,0,0,1,1,0,2,2,0
109,私立,技專校院,1023,南臺學校財團法人南臺科技大學,04132024,行銷與流通管理系,17,15,2,2,0,0,0,3,1,10,1,0,0,6,5,1,17,15,2
109,私立,技專校院,1023,南臺學校財團法人南臺科技大學,04199060,工業管理與資訊系,4,3,1,0,0,0,0,1,0,2,1,0,0,1,1,0,4,3,1
109,私立,技專校院,1023,南臺學校財團法人南臺科技大學,04212033,財經法律研究所,12,9,3,1,0,3,0,4,2,1,1,0,0,10,8,2,12,9,3
109,私立,技專校院,1023,南臺學校財團法人南臺科技大學,05121063,生物與食品科技系,1,1,0,0,0,0,0,1,0,0,0,0,0,1,1,0,1,1,0
109,私立,技專校院,1023,南臺學校財團法人南臺科技大學,06131036,資訊管理系,11,6,5,0,0,0,1,1,0,5,4,0,0,2,1,1,11,6,5
109,私立,技專校院,1023,南臺學校財團法人南臺科技大學,06131043,資訊工程系,4,3,1,0,0,0,0,1,0,2,1,0,0,1,1,0,4,3,1
109,私立,技專校院,1023,南臺學校財團法人南臺科技大學,06132038,多媒體與電腦娛樂科學系,8,7,1,0,0,0,0,0,0,7,1,0,0,0,0,0,8,7,1
109,私立,技專校院,1023,南臺學校財團法人南臺科技大學,07141039,電機工程系,8,8,0,0,0,1,0,6,0,1,0,0,0,7,7,0,8,8,0
109,私立,技專校院,1023,南臺學校財團法人南臺科技大學,07141040,電子工程系,2,2,0,0,0,0,0,0,0,2,0,0,0,0,0,0,2,2,0
109,私立,技專校院,1023,南臺學校財團法人南臺科技大學,07151045,機械工程系,13,13,0,0,0,1,0,2,0,10,0,0,0,3,3,0,13,13,0
109,私立,技專校院,1023,南臺學校財團法人南臺科技大學,09211062,高齡福祉服務系,11,6,5,0,0,0,0,4,1,2,4,0,0,5,4,1,11,6,5
109,私立,技專校院,1023,南臺學校財團法人南臺科技大學,09221055,幼兒保育系,7,0,7,0,1,0,0,0,1,0,5,0,0,2,0,2,7,0,7
109,私立,技專校院,1023,南臺學校財團法人南臺科技大學,10131056,餐旅管理系,12,6,6,0,0,1,1,2,2,3,3,0,0,6,3,3,12,6,6
109,私立,技專校院,1023,南臺學校財團法人南臺科技大學,10152058,休閒事業管理系,14,9,5,1,0,0,0,2,1,6,4,0,0,4,3,1,14,9,5
109,私立,技專校院,1023,南臺學校財團法人南臺科技大學,99999Z01,通識(教育)中心,33,14,19,2,0,2,3,7,6,3,10,0,0,20,11,9,33,14,19
109,私立,技專校院,1023,南臺學校財團法人南臺科技大學,99999Z05,師資培育中心,6,6,0,1,0,1,0,4,0,0,0,0,0,6,6,0,6,6,0
109,私立,技專校院,1023,南臺學校財團法人南臺科技大學,99999Z07,體育教育中心,16,12,4,0,0,1,0,2,1,9,3,0,0,4,3,1,16,12,4
109,私立,技專校院,1023,南臺學校財團法人南臺科技大學,99999Z08,語言中心,30,6,24,0,0,0,1,0,1,6,22,0,0,2,0,2,30,6,24
109,私立,技專校院,1024,崑山科技大學,02111009,視訊傳播設計系,14,9,5,1,0,0,0,0,0,8,5,0,0,1,1,0,14,9,5
109,私立,技專校院,1024,崑山科技大學,02112004,視覺傳達設計系,14,11,3,0,0,0,0,0,0,11,3,0,0,0,0,0,14,11,3
109,私立,技專校院,1024,崑山科技大學,02124007,空間設計系,33,28,5,0,0,1,0,2,2,25,3,0,0,5,3,2,33,28,5
109,私立,技專校院,1024,崑山科技大學,04131015,企業管理系,18,14,4,1,0,3,0,6,1,4,3,0,0,11,10,1,18,14,4
109,私立,技專校院,1024,崑山科技大學,04141049,全球商務與行銷系,3,3,0,0,0,0,0,1,0,2,0,0,0,1,1,0,3,3,0
109,私立,技專校院,1024,崑山科技大學,04143012,公共關係暨廣告系,13,9,4,0,0,0,0,2,0,7,4,0,0,2,2,0,13,9,4
109,私立,技專校院,1024,崑山科技大學,04199022,房地產開發與管理系,15,13,2,0,0,3,0,5,1,5,1,0,0,9,8,1,15,13,2
109,私立,技專校院,1024,崑山科技大學,06131008,資訊傳播系,6,4,2,0,0,0,0,1,0,3,2,0,0,1,1,0,6,4,2
109,私立,技專校院,1024,崑山科技大學,06131023,資訊管理系,7,5,2,0,0,0,0,1,0,4,2,0,0,1,1,0,7,5,2
109,私立,技專校院,1024,崑山科技大學,06131028,資訊工程系,5,4,1,0,0,0,0,1,0,3,1,0,0,1,1,0,5,4,1
109,私立,技專校院,1024,崑山科技大學,07112034,材料工程系,8,7,1,1,0,2,0,3,1,1,0,0,0,7,6,1,8,7,1
109,私立,技專校院,1024,崑山科技大學,07121038,環境工程系,3,3,0,0,0,2,0,1,0,0,0,0,0,3,3,0,3,3,0
109,私立,技專校院,1024,崑山科技大學,07141025,電機工程系,5,4,1,0,0,1,0,1,0,2,1,0,0,2,2,0,5,4,1
109,私立,技專校院,1024,崑山科技大學,07141026,電子工程系,2,2,0,0,0,1,0,0,0,1,0,0,0,1,1,0,2,2,0
109,私立,技專校院,1024,崑山科技大學,07141051,智慧機器人工程系,3,3,0,0,0,1,0,0,0,2,0,0,0,1,1,0,3,3,0
109,私立,技專校院,1024,崑山科技大學,07151030,機械工程系,31,27,4,5,0,0,1,14,2,8,1,0,0,22,19,3,31,27,4
109,私立,技專校院,1024,崑山科技大學,10131040,餐飲管理及廚藝系,22,17,5,1,0,0,0,2,0,14,5,0,0,3,3,0,22,17,5
109,私立,技專校院,1024,崑山科技大學,10151048,旅遊文化系,12,8,4,1,0,0,1,1,2,6,1,0,0,5,2,3,12,8,4
109,私立,技專校院,1024,崑山科技大學,10152044,休閒遊憩與運動管理系,9,7,2,0,0,0,0,1,0,6,2,0,0,1,1,0,9,7,2
109,私立,技專校院,1024,崑山科技大學,10199046,時尚展演事業學士學位學程,9,2,7,0,0,0,0,0,1,2,6,0,0,1,0,1,9,2,7
109,私立,技專校院,1024,崑山科技大學,99999Z01,通識教育中心,36,10,26,0,0,1,0,1,3,8,23,0,0,5,2,3,36,10,26
109,私立,技專校院,1024,崑山科技大學,99999Z07,體育室,4,4,0,1,0,0,0,0,0,3,0,0,0,1,1,0,4,4,0
109,私立,技專校院,1024,崑山科技大學,99999Z08,華語中心,6,1,5,0,0,0,0,0,1,1,4,0,0,1,0,1,6,1,5
109,私立,技專校院,1025,嘉藥學校財團法人嘉南藥理大學,02299001,儒學研究所,2,0,2,0,0,0,0,0,0,0,2,0,0,0,0,0,2,0,2
109,私立,技專校院,1025,嘉藥學校財團法人嘉南藥理大學,02311002,應用外語系,8,5,3,0,0,0,0,2,0,3,3,0,0,2,2,0,8,5,3
109,私立,技專校院,1025,嘉藥學校財團法人嘉南藥理大學,04133003,醫務管理系(含碩士班),2,2,0,0,0,0,0,0,0,2,0,0,0,0,0,0,2,2,0
109,私立,技專校院,1025,嘉藥學校財團法人嘉南藥理大學,05191015,保健營養系(含碩士班),19,8,11,1,0,0,0,0,1,7,10,0,0,2,1,1,19,8,11
109,私立,技專校院,1025,嘉藥學校財團法人嘉南藥理大學,05211027,環境資源管理系(含碩士班),4,3,1,0,0,0,1,0,0,3,0,0,0,1,0,1,4,3,1
109,私立,技專校院,1025,嘉藥學校財團法人嘉南藥理大學,06111006,資訊管理系,20,15,5,1,0,0,0,3,0,11,5,0,0,4,4,0,20,15,5
109,私立,技專校院,1025,嘉藥學校財團法人嘉南藥理大學,06133008,資訊多媒體應用系,8,5,3,0,0,0,0,1,0,4,3,0,0,1,1,0,8,5,3
109,私立,技專校院,1025,嘉藥學校財團法人嘉南藥理大學,06134007,應用空間資訊系(含碩士班),3,3,0,0,0,0,0,2,0,1,0,0,0,2,2,0,3,3,0
109,私立,技專校院,1025,嘉藥學校財團法人嘉南藥理大學,07121009,環境工程與科學系(含碩士班),8,7,1,1,0,0,1,3,0,3,0,0,0,5,4,1,8,7,1
109,私立,技專校院,1025,嘉藥學校財團法人嘉南藥理大學,07211010,食品科技系,3,3,0,0,0,1,0,0,0,2,0,0,0,1,1,0,3,3,0
109,私立,技專校院,1025,嘉藥學校財團法人嘉南藥理大學,07321043,公共安全及消防學士學位學程,15,13,2,0,0,0,0,2,0,11,2,0,0,2,2,0,15,13,2
109,私立,技專校院,1025,嘉藥學校財團法人嘉南藥理大學,09161012,藥學系(含碩士班),12,8,4,0,0,1,0,2,4,5,0,0,0,7,3,4,12,8,4
109,私立,技專校院,1025,嘉藥學校財團法人嘉南藥理大學,09161014,藥用植物與保健應用學士學位學程,1,1,0,0,0,0,0,1,0,0,0,0,0,1,1,0,1,1,0
109,私立,技專校院,1025,嘉藥學校財團法人嘉南藥理大學,09199013,醫藥化學系,3,2,1,0,0,1,1,1,0,0,0,0,0,3,2,1,3,2,1
109,私立,技專校院,1025,嘉藥學校財團法人嘉南藥理大學,09211016,老人服務事業管理系,2,0,2,0,0,0,0,0,0,0,2,0,0,0,0,0,2,0,2
109,私立,技專校院,1025,嘉藥學校財團法人嘉南藥理大學,09221018,嬰幼兒保育系,4,1,3,0,0,0,1,1,0,0,2,0,0,2,1,1,4,1,3
109,私立,技專校院,1025,嘉藥學校財團法人嘉南藥理大學,09231017,社會工作系,12,7,5,0,0,0,1,0,1,7,3,0,0,2,0,2,12,7,5
109,私立,技專校院,1025,嘉藥學校財團法人嘉南藥理大學,10111023,生活應用與保健系,13,8,5,0,0,0,0,1,0,7,5,0,0,1,1,0,13,8,5
109,私立,技專校院,1025,嘉藥學校財團法人嘉南藥理大學,10121024,化粧品應用與管理系(含化粧品科技碩士班),24,7,17,0,0,1,0,0,1,6,16,0,0,2,1,1,24,7,17
109,私立,技專校院,1025,嘉藥學校財團法人嘉南藥理大學,10121025,藥粧生技產業學士學位學程,1,0,1,0,0,0,0,0,0,0,1,0,0,0,0,0,1,0,1
109,私立,技專校院,1025,嘉藥學校財團法人嘉南藥理大學,10131019,餐旅管理系,19,11,8,0,0,0,0,2,1,9,7,0,0,3,2,1,19,11,8
109,私立,技專校院,1025,嘉藥學校財團法人嘉南藥理大學,10151020,觀光事業管理系(含溫泉產業碩士班),5,2,3,0,0,0,0,0,0,2,3,0,0,0,0,0,5,2,3
109,私立,技專校院,1025,嘉藥學校財團法人嘉南藥理大學,10152021,休閒保健管理系(含碩士班),5,3,2,0,0,0,0,3,1,0,1,0,0,4,3,1,5,3,2
109,私立,技專校院,1025,嘉藥學校財團法人嘉南藥理大學,10152022,運動管理系,8,8,0,0,0,0,0,2,0,6,0,0,0,2,2,0,8,8,0
109,私立,技專校院,1025,嘉藥學校財團法人嘉南藥理大學,10221011,職業安全衛生系(含產業安全衛生與防災碩士班),6,5,1,0,0,4,0,0,0,1,1,0,0,4,4,0,6,5,1
109,私立,技專校院,1025,嘉藥學校財團法人嘉南藥理大學,99999Z01,通識教育中心,5,3,2,0,0,0,0,0,0,3,2,0,0,0,0,0,5,3,2
109,私立,技專校院,1026,樹德科技大學,02112009,視覺傳達設計系,18,9,9,1,0,0,0,0,0,8,9,0,0,1,1,0,18,9,9
109,私立,技專校院,1026,樹德科技大學,02122004,流行設計系,18,6,12,0,0,0,0,1,0,5,12,0,0,1,1,0,18,6,12
109,私立,技專校院,1026,樹德科技大學,02122006,動畫與遊戲設計系,17,9,8,0,0,0,0,2,2,7,6,0,0,4,2,2,17,9,8
109,私立,技專校院,1026,樹德科技大學,02123010,生活產品設計系,12,4,8,0,0,0,0,1,0,3,8,0,0,1,1,0,12,4,8
109,私立,技專校院,1026,樹德科技大學,02124011,室內設計系,26,22,4,0,0,2,0,9,2,11,2,0,0,13,11,2,26,22,4
109,私立,技專校院,1026,樹德科技大學,02124012,建築與室內設計研究所,3,2,1,0,0,1,1,1,0,0,0,0,0,3,2,1,3,2,1
109,私立,技專校院,1026,樹德科技大學,02152001,表演藝術系,18,7,11,0,0,0,0,1,2,6,9,0,0,3,1,2,18,7,11
109,私立,技專校院,1026,樹德科技大學,02192002,藝術管理與藝術經紀系,13,6,7,0,0,0,0,2,0,4,7,0,0,2,2,0,13,6,7
109,私立,技專校院,1026,樹德科技大學,02311003,應用外語系,15,4,11,1,1,0,1,0,0,3,9,0,0,3,1,2,15,4,11
109,私立,技專校院,1026,樹德科技大學,04121026,金融管理系,26,13,13,0,0,0,0,5,6,8,7,0,0,11,5,6,26,13,13
109,私立,技專校院,1026,樹德科技大學,04131016,企業管理系,23,11,12,0,0,0,0,2,1,9,11,0,0,3,2,1,23,11,12
109,私立,技專校院,1026,樹德科技大學,04132029,流通管理系,24,18,6,0,0,0,1,8,0,10,5,0,0,9,8,1,24,18,6
109,私立,技專校院,1026,樹德科技大學,04143027,行銷管理系,30,12,18,0,0,1,0,1,4,10,14,0,0,6,2,4,30,12,18
109,私立,技專校院,1026,樹德科技大學,04199048,會展行銷與活動管理系,16,7,9,0,0,0,2,2,1,5,6,0,0,5,2,3,16,7,9
109,私立,技專校院,1026,樹德科技大學,06121032,資訊管理系,16,13,3,1,0,1,0,2,0,9,3,0,0,4,4,0,16,13,3
109,私立,技專校院,1026,樹德科技大學,06131033,資訊工程系,20,15,5,2,0,1,0,2,1,10,4,0,0,6,5,1,20,15,5
109,私立,技專校院,1026,樹德科技大學,07141034,電腦與通訊系,18,11,7,0,0,0,0,2,0,9,7,0,0,2,2,0,18,11,7
109,私立,技專校院,1026,樹德科技大學,09221038,兒童與家庭服務系,24,6,18,0,0,0,0,4,6,2,12,0,0,10,4,6,24,6,18
109,私立,技專校院,1026,樹德科技大學,10131046,餐旅與烘焙管理系,15,7,8,0,0,1,0,3,0,3,8,0,0,4,4,0,15,7,8
109,私立,技專校院,1026,樹德科技大學,10151041,休閒與觀光管理系,24,14,10,0,0,0,0,3,1,11,9,0,0,4,3,1,24,14,10
109,私立,技專校院,1026,樹德科技大學,10152044,休閒遊憩與運動管理系,29,19,10,1,0,0,0,3,3,15,7,0,0,7,4,3,29,19,10
109,私立,技專校院,1026,樹德科技大學,99999045,人類性學研究所,4,3,1,1,0,1,0,1,1,0,0,0,0,4,3,1,4,3,1
109,私立,一般大學,1027,慈濟學校財團法人慈濟大學,01111001,教育研究所,1,0,1,0,0,0,0,0,1,0,0,0,0,1,0,1,1,0,1
109,私立,一般大學,1027,慈濟學校財團法人慈濟大學,02211005,宗教與人文研究所,1,1,0,0,0,1,0,0,0,0,0,0,0,1,1,0,1,1,0
109,私立,一般大學,1027,慈濟學校財團法人慈濟大學,02299Y11,人文社會學院,1,1,0,0,0,0,0,1,0,0,0,0,0,1,1,0,1,1,0
109,私立,一般大學,1027,慈濟學校財團法人慈濟大學,02311003,英美語文學系,3,2,1,0,0,0,0,1,1,1,0,0,0,2,1,1,3,2,1
109,私立,一般大學,1027,慈濟學校財團法人慈濟大學,02322004,東方語文學系,2,2,0,0,0,1,0,0,0,1,0,0,0,1,1,0,2,2,0
109,私立,一般大學,1027,慈濟學校財團法人慈濟大學,03131008,人類發展與心理學系,3,1,2,1,0,0,0,0,0,0,2,0,0,1,1,0,3,1,2
109,私立,一般大學,1027,慈濟學校財團法人慈濟大學,03214009,傳播學系,3,2,1,0,0,0,0,0,0,2,1,0,0,0,0,0,3,2,1
109,私立,一般大學,1027,慈濟學校財團法人慈濟大學,04131035,國際服務產業管理學士學位學程,2,0,2,0,0,0,0,0,0,0,2,0,0,0,0,0,2,0,2
109,私立,一般大學,1027,慈濟學校財團法人慈濟大學,05111010,生命科學系,4,3,1,2,0,1,1,0,0,0,0,0,0,4,3,1,4,3,1
109,私立,一般大學,1027,慈濟學校財團法人慈濟大學,05121012,分子生物暨人類遺傳學系,2,1,1,1,0,0,0,0,1,0,0,0,0,2,1,1,2,1,1
109,私立,一般大學,1027,慈濟學校財團法人慈濟大學,06133032,醫學資訊學系,1,1,0,0,0,1,0,0,0,0,0,0,0,1,1,0,1,1,0
109,私立,一般大學,1027,慈濟學校財團法人慈濟大學,09121015,醫學系,322,282,40,40,1,60,1,86,20,96,18,0,0,208,186,22,322,282,40
109,私立,一般大學,1027,慈濟學校財團法人慈濟大學,09121019,醫學科學研究所,8,6,2,4,0,2,1,0,1,0,0,0,0,8,6,2,8,6,2
109,私立,一般大學,1027,慈濟學校財團法人慈濟大學,09121023,學士後中醫學系,40,35,5,2,0,3,0,13,1,17,4,0,0,19,18,1,40,35,5
109,私立,一般大學,1027,慈濟學校財團法人慈濟大學,09131028,護理學系,6,0,6,0,0,0,0,0,1,0,5,0,0,1,0,1,6,0,6
109,私立,一般大學,1027,慈濟學校財團法人慈濟大學,09141031,醫學檢驗生物技術學系,5,1,4,0,0,1,0,0,3,0,1,0,0,4,1,3,5,1,4
109,私立,一般大學,1027,慈濟學校財團法人慈濟大學,09151027,物理治療學系,1,1,0,0,0,1,0,0,0,0,0,0,0,1,1,0,1,1,0
109,私立,一般大學,1027,慈濟學校財團法人慈濟大學,09191024,公共衛生學系,2,2,0,0,0,1,0,0,0,1,0,0,0,1,1,0,2,2,0
109,私立,一般大學,1027,慈濟學校財團法人慈濟大學,09221002,兒童發展與家庭教育學系,3,0,3,0,0,0,0,0,1,0,2,0,0,1,0,1,3,0,3
109,私立,一般大學,1027,慈濟學校財團法人慈濟大學,09231034,社會工作學系,3,0,3,0,0,0,1,0,0,0,2,0,0,1,0,1,3,0,3
109,私立,一般大學,1027,慈濟學校財團法人慈濟大學,99999Z01,通識教育中心,14,4,10,0,0,0,0,2,2,2,8,0,0,4,2,2,14,4,10
109,私立,一般大學,1027,慈濟學校財團法人慈濟大學,99999Z05,師資培育中心,5,2,3,0,1,0,0,0,1,2,1,0,0,2,0,2,5,2,3
109,私立,一般大學,1027,慈濟學校財團法人慈濟大學,99999Z07,體育教學中心,2,2,0,2,0,0,0,0,0,0,0,0,0,2,2,0,2,2,0
109,私立,一般大學,1027,慈濟學校財團法人慈濟大學,99999Z08,外語教學中心,4,0,4,0,0,0,0,0,0,0,4,0,0,0,0,0,4,0,4
109,私立,一般大學,1027,慈濟學校財團法人慈濟大學,99999Z99,國際暨跨領域學院,1,0,1,0,0,0,0,0,0,0,1,0,0,0,0,0,1,0,1
109,私立,一般大學,1027,慈濟學校財團法人慈濟大學,99999Z99,媒體製作暨教學中心,9,6,3,0,0,0,0,4,3,2,0,0,0,7,4,3,9,6,3
109,私立,一般大學,1028,臺北醫學大學,03131057,心智意識與腦科學研究所,1,1,0,0,0,1,0,0,0,0,0,0,0,1,1,0,1,1,0
109,私立,一般大學,1028,臺北醫學大學,03199001,醫學人文研究所,1,0,1,0,0,0,0,0,1,0,0,0,0,1,0,1,1,0,1
109,私立,一般大學,1028,臺北醫學大學,04133002,醫務管理學系,5,2,3,0,0,0,0,1,1,1,2,0,0,2,1,1,5,2,3
109,私立,一般大學,1028,臺北醫學大學,04199050,管理學院生物科技高階管理碩士在職專班,4,4,0,0,0,0,0,3,0,1,0,0,0,3,3,0,4,4,0
109,私立,一般大學,1028,臺北醫學大學,04212003,醫療暨生物科技法律研究所,1,1,0,0,0,0,0,1,0,0,0,0,0,1,1,0,1,1,0
109,私立,一般大學,1028,臺北醫學大學,05121016,醫學科學研究所,6,2,4,2,2,0,2,0,0,0,0,0,0,6,2,4,6,2,4
109,私立,一般大學,1028,臺北醫學大學,05191032,保健營養學系,13,3,10,0,1,0,0,3,4,0,5,0,0,8,3,5,13,3,10
109,私立,一般大學,1028,臺北醫學大學,06131042,醫學資訊研究所,3,2,1,1,0,0,0,1,1,0,0,0,0,3,2,1,3,2,1
109,私立,一般大學,1028,臺北醫學大學,06199051,大數據科技及管理研究所,3,2,1,1,0,0,0,1,1,0,0,0,0,3,2,1,3,2,1
109,私立,一般大學,1028,臺北醫學大學,07193008,生醫材料暨組織工程研究所,1,1,0,0,0,1,0,0,0,0,0,0,0,1,1,0,1,1,0
109,私立,一般大學,1028,臺北醫學大學,07193009,生物醫學工程學系,10,10,0,1,0,1,0,3,0,5,0,0,0,5,5,0,10,10,0
109,私立,一般大學,1028,臺北醫學大學,09111044,牙醫學系,34,24,10,0,0,4,0,9,2,11,8,0,0,15,13,2,34,24,10
109,私立,一般大學,1028,臺北醫學大學,09111045,牙體技術學系,7,7,0,1,0,0,0,1,0,5,0,0,0,2,2,0,7,7,0
109,私立,一般大學,1028,臺北醫學大學,09111046,口腔衛生學系,13,4,9,0,1,0,0,0,0,4,8,0,0,1,0,1,13,4,9
109,私立,一般大學,1028,臺北醫學大學,09121013,醫學系,119,83,36,10,2,8,3,27,6,38,25,0,0,56,45,11,119,83,36
109,私立,一般大學,1028,臺北醫學大學,09121014,臨床醫學研究所,4,4,0,3,0,0,0,1,0,0,0,0,0,4,4,0,4,4,0
109,私立,一般大學,1028,臺北醫學大學,09121017,轉譯醫學博士學位學程,1,1,0,1,0,0,0,0,0,0,0,0,0,1,1,0,1,1,0
109,私立,一般大學,1028,臺北醫學大學,09121018,神經再生醫學博士學位學程,7,6,1,3,0,2,1,1,0,0,0,0,0,7,6,1,7,6,1
109,私立,一般大學,1028,臺北醫學大學,09121054,細胞治療與再生醫學國際博士學位學程,4,4,0,1,0,1,0,2,0,0,0,0,0,4,4,0,4,4,0
109,私立,一般大學,1028,臺北醫學大學,09131037,學士後護理學系,6,0,6,0,0,0,0,0,2,0,4,0,0,2,0,2,6,0,6
109,私立,一般大學,1028,臺北醫學大學,09131037,護理學系,19,1,18,0,0,0,1,0,2,1,15,0,0,3,0,3,19,1,18
109,私立,一般大學,1028,臺北醫學大學,09141040,醫學生物科技博士學位學程,2,2,0,0,0,2,0,0,0,0,0,0,0,2,2,0,2,2,0
109,私立,一般大學,1028,臺北醫學大學,09141041,醫學檢驗暨生物技術學系,10,5,5,1,0,1,0,1,1,2,4,0,0,4,3,1,10,5,5
109,私立,一般大學,1028,臺北醫學大學,09161024,藥學系,43,11,32,1,0,1,1,2,3,7,28,0,0,8,4,4,43,11,32
109,私立,一般大學,1028,臺北醫學大學,09161026,生藥學研究所,9,6,3,2,2,1,1,3,0,0,0,0,0,9,6,3,9,6,3
109,私立,一般大學,1028,臺北醫學大學,09161028,癌症生物學與藥物研發研究所,1,1,0,0,0,0,0,1,0,0,0,0,0,1,1,0,1,1,0
109,私立,一般大學,1028,臺北醫學大學,09161028,癌症生物學與藥物研發博士學位學程,10,7,3,4,1,2,0,1,2,0,0,0,0,10,7,3,10,7,3
109,私立,一般大學,1028,臺北醫學大學,09161029,臨床藥物基因體學暨蛋白質體學碩士學位學程,3,2,1,2,1,0,0,0,0,0,0,0,0,3,2,1,3,2,1
109,私立,一般大學,1028,臺北醫學大學,09161030,中草藥臨床藥物研發博士學位學程,3,3,0,1,0,1,0,1,0,0,0,0,0,3,3,0,3,3,0
109,私立,一般大學,1028,臺北醫學大學,09161060,新藥研發產業博士學位學程,2,2,0,0,0,2,0,0,0,0,0,0,0,2,2,0,2,2,0
109,私立,一般大學,1028,臺北醫學大學,09191020,公共衛生學系,1,0,1,0,0,0,0,0,1,0,0,0,0,1,0,1,1,0,1
109,私立,一般大學,1028,臺北醫學大學,09191022,傷害防治學研究所,5,4,1,0,0,0,0,4,1,0,0,0,0,5,4,1,5,4,1
109,私立,一般大學,1028,臺北醫學大學,09191023,全球衛生暨發展碩士學位學程,1,1,0,1,0,0,0,0,0,0,0,0,0,1,1,0,1,1,0
109,私立,一般大學,1028,臺北醫學大學,09199035,呼吸治療學系,11,2,9,0,0,0,2,0,3,2,4,0,0,5,0,5,11,2,9
109,私立,一般大學,1028,臺北醫學大學,09199052,代謝與肥胖科學研究所,1,1,0,1,0,0,0,0,0,0,0,0,0,1,1,0,1,1,0
109,私立,一般大學,1028,臺北醫學大學,09211049,高齡健康管理學系,6,2,4,0,0,0,0,1,1,1,3,0,0,2,1,1,6,2,4
109,私立,一般大學,1028,臺北醫學大學,09212034,長期照護碩士學位學程,1,0,1,0,1,0,0,0,0,0,0,0,0,1,0,1,1,0,1
109,私立,一般大學,1028,臺北醫學大學,99999Z01,通識教育中心,32,20,12,2,0,2,2,9,1,7,9,0,0,16,13,3,32,20,12
109,私立,一般大學,1029,中山醫學大學,02311003,應用外國語言學系,3,1,2,0,0,0,1,0,0,1,1,0,0,1,0,1,3,1,2
109,私立,一般大學,1029,中山醫學大學,03131004,心理學系,3,1,2,0,0,0,0,0,1,1,1,0,0,1,0,1,3,1,2
109,私立,一般大學,1029,中山醫學大學,04133006,醫療產業科技管理學系,6,6,0,2,0,0,0,2,0,2,0,0,0,4,4,0,6,6,0
109,私立,一般大學,1029,中山醫學大學,05121012,生物醫學科學學系,5,3,2,1,1,1,0,1,0,0,1,0,0,4,3,1,5,3,2
109,私立,一般大學,1029,中山醫學大學,05191026,營養學系,2,1,1,1,0,0,0,0,0,0,1,0,0,1,1,0,2,1,1
109,私立,一般大學,1029,中山醫學大學,05399015,醫學應用化學系,1,1,0,1,0,0,0,0,0,0,0,0,0,1,1,0,1,1,0
109,私立,一般大學,1029,中山醫學大學,06131033,醫學資訊學系,2,2,0,0,0,0,0,0,0,2,0,0,0,0,0,0,2,2,0
109,私立,一般大學,1029,中山醫學大學,09111038,牙醫學系,21,17,4,4,3,3,1,7,0,3,0,0,0,18,14,4,21,17,4
109,私立,一般大學,1029,中山醫學大學,09121018,醫學系,96,85,11,17,0,11,2,21,4,36,5,0,0,55,49,6,96,85,11
109,私立,一般大學,1029,中山醫學大學,09121018,醫學研究所,15,15,0,11,0,1,0,3,0,0,0,0,0,15,15,0,15,15,0
109,私立,一般大學,1029,中山醫學大學,09131028,護理學系,34,0,34,0,3,0,1,0,3,0,27,0,0,7,0,7,34,0,34
109,私立,一般大學,1029,中山醫學大學,09141030,醫學檢驗暨生物技術學系,4,1,3,0,0,1,0,0,0,0,3,0,0,1,1,0,4,1,3
109,私立,一般大學,1029,中山醫學大學,09141031,醫學影像暨放射科學系,8,6,2,1,0,1,0,1,1,3,1,0,0,4,3,1,8,6,2
109,私立,一般大學,1029,中山醫學大學,09141032,視光學系,6,4,2,0,0,0,0,2,1,2,1,0,0,3,2,1,6,4,2
109,私立,一般大學,1029,中山醫學大學,09151022,物理治療學系,6,5,1,0,0,1,0,2,0,2,1,0,0,3,3,0,6,5,1
109,私立,一般大學,1029,中山醫學大學,09153024,語言治療與聽力學系,12,3,9,0,0,0,0,1,0,2,9,0,0,1,1,0,12,3,9
109,私立,一般大學,1029,中山醫學大學,09231045,醫學社會暨社會工作學系,7,3,4,1,0,1,0,0,1,1,3,0,0,3,2,1,7,3,4
109,私立,一般大學,1029,中山醫學大學,10131046,健康餐飲暨產業管理學系,4,1,3,0,0,0,0,0,1,1,2,0,0,1,0,1,4,1,3
109,私立,一般大學,1029,中山醫學大學,10221021,職業安全衛生學系,3,3,0,0,0,0,0,3,0,0,0,0,0,3,3,0,3,3,0
109,私立,一般大學,1029,中山醫學大學,99999Z01,通識教育中心,22,9,13,0,0,1,2,3,2,5,9,0,0,8,4,4,22,9,13
109,私立,一般大學,1029,中山醫學大學,99999Z07,體育中心,14,9,5,0,0,0,0,3,0,6,5,0,0,3,3,0,14,9,5
109,私立,技專校院,1030,龍華科技大學,02112011,多媒體與遊戲發展科學系,13,10,3,0,0,0,0,0,0,10,3,0,0,0,0,0,13,10,3
109,私立,技專校院,1030,龍華科技大學,02122002,文化創意與數位媒體設計系,8,4,4,0,0,0,0,0,0,4,4,0,0,0,0,0,8,4,4
109,私立,技專校院,1030,龍華科技大學,02311001,應用外語系,11,5,6,0,0,0,0,0,1,5,5,0,0,1,0,1,11,5,6
109,私立,技專校院,1030,龍華科技大學,04121007,財務金融(學)系,6,5,1,0,0,1,0,2,0,2,1,0,0,3,3,0,6,5,1
109,私立,技專校院,1030,龍華科技大學,04131004,企業管理(學)系,9,7,2,1,0,1,0,1,0,4,2,0,0,3,3,0,9,7,2
109,私立,技專校院,1030,龍華科技大學,04141005,國際企業系,3,3,0,0,0,0,0,1,0,2,0,0,0,1,1,0,3,3,0
109,私立,技專校院,1030,龍華科技大學,04199008,工業管理(學)系,14,10,4,0,0,0,0,3,1,7,3,0,0,4,3,1,14,10,4
109,私立,技專校院,1030,龍華科技大學,06131009,資訊管理(學)系,4,4,0,0,0,1,0,1,0,2,0,0,0,2,2,0,4,4,0
109,私立,技專校院,1030,龍華科技大學,06131015,資訊網路工程系,16,15,1,1,0,0,0,4,0,10,1,0,0,5,5,0,16,15,1
109,私立,技專校院,1030,龍華科技大學,07111018,化工與材料工程系,23,20,3,1,0,2,1,8,0,9,2,0,0,12,11,1,23,20,3
109,私立,技專校院,1030,龍華科技大學,07141013,電機工程(學)系,28,28,0,1,0,3,0,7,0,17,0,0,0,11,11,0,28,28,0
109,私立,技專校院,1030,龍華科技大學,07141014,電子工程(學)系,17,16,1,1,0,1,1,4,0,10,0,0,0,7,6,1,17,16,1
109,私立,技專校院,1030,龍華科技大學,07151016,機械工程(學)系,31,26,5,0,0,4,0,6,0,16,5,0,0,10,10,0,31,26,5
109,私立,技專校院,1030,龍華科技大學,10151021,觀光休閒系,24,17,7,0,0,0,0,2,0,15,7,0,0,2,2,0,24,17,7
109,私立,技專校院,1030,龍華科技大學,99999Z01,通識(教育)中心,167,99,68,2,0,3,4,28,13,66,51,0,0,50,33,17,167,99,68
109,私立,技專校院,1031,輔英科技大學,01121035,幼兒保育暨產業系,4,1,3,0,0,0,0,0,1,1,2,0,0,1,0,1,4,1,3
109,私立,技專校院,1031,輔英科技大學,02311001,應用外語系,7,5,2,0,0,0,0,0,1,5,1,0,0,1,0,1,7,5,2
109,私立,技專校院,1031,輔英科技大學,04133003,健康事業管理系,6,3,3,0,0,0,0,0,1,3,2,0,0,1,0,1,6,3,3
109,私立,技專校院,1031,輔英科技大學,05191018,保健營養系,11,3,8,0,0,0,0,0,2,3,6,0,0,2,0,2,11,3,8
109,私立,技專校院,1031,輔英科技大學,06131034,資訊科技與管理系,5,3,2,0,0,0,0,2,0,1,2,0,0,2,2,0,5,3,2
109,私立,技專校院,1031,輔英科技大學,07111008,應用化學及材料科學系,1,1,0,0,0,1,0,0,0,0,0,0,0,1,1,0,1,1,0
109,私立,技專校院,1031,輔英科技大學,07121012,環境工程與科學系,5,4,1,0,0,0,0,3,1,1,0,0,0,4,3,1,5,4,1
109,私立,技專校院,1031,輔英科技大學,09131019,護理系,47,16,31,0,0,6,0,6,6,4,25,0,0,18,12,6,47,16,31
109,私立,技專校院,1031,輔英科技大學,09131019,護理科,26,6,20,0,0,2,0,2,2,2,18,0,0,6,4,2,26,6,20
109,私立,技專校院,1031,輔英科技大學,09141024,醫學檢驗生物技術系,12,8,4,0,0,1,2,3,0,4,2,0,0,6,4,2,12,8,4
109,私立,技專校院,1031,輔英科技大學,09151016,物理治療系,4,4,0,0,0,2,0,0,0,2,0,0,0,2,2,0,4,4,0
109,私立,技專校院,1031,輔英科技大學,09211027,高齡及長期照護事業系,15,4,11,0,1,1,0,1,0,2,10,0,0,3,2,1,15,4,11
109,私立,技專校院,1031,輔英科技大學,10121032,健康美容系,8,1,7,0,0,0,0,1,1,0,6,0,0,2,1,1,8,1,7
109,私立,技專校院,1031,輔英科技大學,10199029,休閒與遊憩事業管理系,10,5,5,1,0,0,0,1,0,3,5,0,0,2,2,0,10,5,5
109,私立,技專校院,1031,輔英科技大學,10221015,職業安全衛生系,12,10,2,0,0,0,0,4,0,6,2,0,0,4,4,0,12,10,2
109,私立,技專校院,1031,輔英科技大學,99999Z01,基本能力教育組,39,17,22,0,0,0,1,4,5,13,16,0,0,10,4,6,39,17,22
109,私立,技專校院,1031,輔英科技大學,99999Z01,博雅教育組,22,12,10,0,0,1,0,5,3,6,7,0,0,9,6,3,22,12,10
109,私立,技專校院,1032,明新學校財團法人明新科技大學,02112036,多媒體與遊戲發展系,2,0,2,0,0,0,1,0,0,0,1,0,0,1,0,1,2,0,2
109,私立,技專校院,1032,明新學校財團法人明新科技大學,02311001,應用外語系,9,7,2,0,0,0,0,1,1,6,1,0,0,2,1,1,9,7,2
109,私立,技專校院,1032,明新學校財團法人明新科技大學,04121007,財務金融(學)系,9,6,3,0,0,1,0,2,0,3,3,0,0,3,3,0,9,6,3
109,私立,技專校院,1032,明新學校財團法人明新科技大學,04131002,企業管理(學)系,40,26,14,0,0,0,0,11,4,15,10,0,0,15,11,4,40,26,14
109,私立,技專校院,1032,明新學校財團法人明新科技大學,04131003,管理研究所,3,1,2,0,0,1,1,0,1,0,0,0,0,3,1,2,3,1,2
109,私立,技專校院,1032,明新學校財團法人明新科技大學,04143008,行銷與流通管理系,7,5,2,0,0,0,0,0,0,5,2,0,0,0,0,0,7,5,2
109,私立,技專校院,1032,明新學校財團法人明新科技大學,06131009,資訊管理(學)系,12,6,6,0,0,0,0,0,0,6,6,0,0,0,0,0,12,6,6
109,私立,技專校院,1032,明新學校財團法人明新科技大學,07111022,化學工程與材料科技系,11,9,2,3,0,1,2,3,0,2,0,0,0,9,7,2,11,9,2
109,私立,技專校院,1032,明新學校財團法人明新科技大學,07141011,電機工程(學)系,19,17,2,0,0,0,1,3,0,14,1,0,0,4,3,1,19,17,2
109,私立,技專校院,1032,明新學校財團法人明新科技大學,07141012,電子工程(學)系,16,15,1,1,0,2,0,6,0,6,1,0,0,9,9,0,16,15,1
109,私立,技專校院,1032,明新學校財團法人明新科技大學,07141013,資訊工程學系,7,6,1,0,0,0,0,1,0,5,1,0,0,1,1,0,7,6,1
109,私立,技專校院,1032,明新學校財團法人明新科技大學,07141037,光電工程系,17,16,1,0,0,1,0,7,0,8,1,0,0,8,8,0,17,16,1
109,私立,技專校院,1032,明新學校財團法人明新科技大學,07151016,機械工程(學)系,13,13,0,0,0,2,0,6,0,5,0,0,0,8,8,0,13,13,0
109,私立,技專校院,1032,明新學校財團法人明新科技大學,07191024,工業工程與(工程)管理系,19,13,6,0,0,0,0,1,1,12,5,0,0,2,1,1,19,13,6
109,私立,技專校院,1032,明新學校財團法人明新科技大學,07321020,土木工程與環境資源管理系,5,5,0,0,0,1,0,4,0,0,0,0,0,5,5,0,5,5,0
109,私立,技專校院,1032,明新學校財團法人明新科技大學,09211038,樂齡服務產業管理系,13,6,7,0,0,0,0,3,0,3,7,0,0,3,3,0,13,6,7
109,私立,技專校院,1032,明新學校財團法人明新科技大學,09221027,(嬰)幼兒保育系,23,3,20,0,0,0,0,0,2,3,18,0,0,2,0,2,23,3,20
109,私立,技專校院,1032,明新學校財團法人明新科技大學,10121040,時尚造型與設計系,8,2,6,0,0,0,0,0,0,2,6,0,0,0,0,0,8,2,6
109,私立,技專校院,1032,明新學校財團法人明新科技大學,10131039,旅館管理與廚藝創意系,13,8,5,0,0,0,0,3,2,5,3,0,0,5,3,2,13,8,5
109,私立,技專校院,1032,明新學校財團法人明新科技大學,10152030,休閒事業管理系,17,13,4,0,0,2,0,1,0,10,4,0,0,3,3,0,17,13,4
109,私立,技專校院,1032,明新學校財團法人明新科技大學,10152031,運動管理系,4,4,0,0,0,0,0,0,0,4,0,0,0,0,0,0,4,4,0
109,私立,技專校院,1032,明新學校財團法人明新科技大學,99999Z07,體育教育中心,9,5,4,0,0,0,0,0,0,5,4,0,0,0,0,0,9,5,4
109,私立,技專校院,1032,明新學校財團法人明新科技大學,99999Z08,華語文教學中心,1,0,1,0,0,0,0,0,0,0,1,0,0,0,0,0,1,0,1
109,私立,技專校院,1032,明新學校財團法人明新科技大學,99999Z08,語言教學中心,18,6,12,0,0,0,0,0,0,6,12,0,0,0,0,0,18,6,12
109,私立,技專校院,1032,明新學校財團法人明新科技大學,99999Z99,人文藝術教學中心,27,9,18,0,0,2,0,4,5,3,13,0,0,11,6,5,27,9,18
109,私立,技專校院,1032,明新學校財團法人明新科技大學,99999Z99,自然科學教學中心,12,7,5,0,0,1,0,1,1,5,4,0,0,3,2,1,12,7,5
109,私立,技專校院,1032,明新學校財團法人明新科技大學,99999Z99,社會科學教學中心,16,12,4,0,0,1,0,3,1,8,3,0,0,5,4,1,16,12,4
109,私立,一般大學,1033,長榮大學,02111015,媒體設計科技學系,2,1,1,0,0,0,0,0,0,1,1,0,0,0,0,0,2,1,1
109,私立,一般大學,1033,長榮大學,02112016,數位內容設計學系,1,1,0,0,0,0,0,0,0,1,0,0,0,0,0,0,1,1,0
109,私立,一般大學,1033,長榮大學,02131001,美術學系,9,4,5,1,0,0,1,0,1,3,3,0,0,3,1,2,9,4,5
109,私立,一般大學,1033,長榮大學,02131002,書畫藝術學系,6,6,0,1,0,0,0,3,0,2,0,0,0,4,4,0,6,6,0
109,私立,一般大學,1033,長榮大學,02141004,台灣文化創意產業學士學位學程,11,6,5,0,0,2,0,2,0,2,5,0,0,4,4,0,11,6,5
109,私立,一般大學,1033,長榮大學,02211011,神學系,1,1,0,1,0,0,0,0,0,0,0,0,0,1,1,0,1,1,0
109,私立,一般大學,1033,長榮大學,02231012,應用哲學系,3,2,1,0,0,0,0,1,1,1,0,0,0,2,1,1,3,2,1
109,私立,一般大學,1033,長榮大學,02299066,東南亞文化與產業學士學位學程,5,0,5,0,0,0,0,0,0,0,5,0,0,0,0,0,5,0,5
109,私立,一般大學,1033,長榮大學,02311005,應用日語學系,9,3,6,1,0,0,1,2,1,0,4,0,0,5,3,2,9,3,6
109,私立,一般大學,1033,長榮大學,02311076,日語進修學士學位學程,2,0,2,0,0,0,0,0,1,0,1,0,0,1,0,1,2,0,2
109,私立,一般大學,1033,長榮大學,02312007,翻譯學系,12,5,7,1,0,0,0,0,0,4,7,0,0,1,1,0,12,5,7
109,私立,一般大學,1033,長榮大學,03211021,大眾傳播學系,7,3,4,0,0,0,0,1,0,2,4,0,0,1,1,0,7,3,4
109,私立,一般大學,1033,長榮大學,04131025,企業管理學系,1,1,0,0,0,0,0,1,0,0,0,0,0,1,1,0,1,1,0
109,私立,一般大學,1033,長榮大學,04131026,管理學院經營管理博士班,2,2,0,1,0,0,0,1,0,0,0,0,0,2,2,0,2,2,0
109,私立,一般大學,1033,長榮大學,04131026,管理學院經營管理碩士班,3,2,1,1,0,0,0,1,1,0,0,0,0,3,2,1,3,2,1
109,私立,一般大學,1033,長榮大學,04131028,國際企業學系,7,5,2,1,1,0,0,2,1,2,0,0,0,5,3,2,7,5,2
109,私立,一般大學,1033,長榮大學,04131033,高階管理碩士在職專班,3,3,0,2,0,0,0,1,0,0,0,0,0,3,3,0,3,3,0
109,私立,一般大學,1033,長榮大學,04133031,醫務管理學系,7,4,3,0,0,0,1,1,0,3,2,0,0,2,1,1,7,4,3
109,私立,一般大學,1033,長榮大學,04141029,國際會展管理學士學位學程,1,0,1,0,0,0,0,0,1,0,0,0,0,1,0,1,1,0,1
109,私立,一般大學,1033,長榮大學,04191022,國際財務與商務管理學士學位學程,2,2,0,1,0,0,0,1,0,0,0,0,0,2,2,0,2,2,0
109,私立,一般大學,1033,長榮大學,04199027,管理進修學士學位學程,16,14,2,0,0,2,0,6,2,6,0,0,0,10,8,2,16,14,2
109,私立,一般大學,1033,長榮大學,04199067,創新應用管理學系,2,2,0,0,0,1,0,1,0,0,0,0,0,2,2,0,2,2,0
109,私立,一般大學,1033,長榮大學,05121035,生物科技學系,1,1,0,0,0,0,0,0,0,1,0,0,0,0,0,0,1,1,0
109,私立,一般大學,1033,長榮大學,05191048,保健營養學系,1,1,0,0,0,0,0,1,0,0,0,0,0,1,1,0,1,1,0
109,私立,一般大學,1033,長榮大學,05211065,永續發展國際學士學位學程,5,4,1,0,0,0,0,1,0,3,1,0,0,1,1,0,5,4,1
109,私立,一般大學,1033,長榮大學,05211078,綠能與環境資源學系,8,4,4,1,0,0,0,1,1,2,3,0,0,3,2,1,8,4,4
109,私立,一般大學,1033,長榮大學,06134068,智慧生活應用學士學位學程,1,1,0,0,0,0,0,0,0,1,0,0,0,0,0,0,1,1,0
109,私立,一般大學,1033,長榮大學,07162069,無人機應用學士學位學程,5,4,1,0,0,0,0,3,0,1,1,0,0,3,3,0,5,4,1
109,私立,一般大學,1033,長榮大學,07211053,環境與食品安全檢驗學士學位學程,2,2,0,1,0,0,0,0,0,1,0,0,0,1,1,0,2,2,0
109,私立,一般大學,1033,長榮大學,08193075,蘭花產業應用學士學位學程,3,3,0,0,0,0,0,0,0,3,0,0,0,0,0,0,3,3,0
109,私立,一般大學,1033,長榮大學,09121044,醫學研究所,1,1,0,1,0,0,0,0,0,0,0,0,0,1,1,0,1,1,0
109,私立,一般大學,1033,長榮大學,09131049,護理學系,10,1,9,0,0,0,0,0,2,1,7,0,0,2,0,2,10,1,9
109,私立,一般大學,1033,長榮大學,09199071,醫藥科學產業學系,4,4,0,0,0,1,0,3,0,0,0,0,0,4,4,0,4,4,0
109,私立,一般大學,1033,長榮大學,09231055,社會工作學系,2,1,1,0,0,1,0,0,1,0,0,0,0,2,1,1,2,1,1
109,私立,一般大學,1033,長榮大學,09299070,醫學社會暨健康照護學士學位學程,3,1,2,0,0,0,0,1,1,0,1,0,0,2,1,1,3,1,2
109,私立,一般大學,1033,長榮大學,10141058,運動競技學系,10,7,3,0,0,2,0,0,0,5,3,0,0,2,2,0,10,7,3
109,私立,一般大學,1033,長榮大學,10151056,觀光與餐飲服務事業進修學士學位學程,7,4,3,0,0,0,0,0,0,4,3,0,0,0,0,0,7,4,3
109,私立,一般大學,1033,長榮大學,10151057,觀光與餐飲管理學系,5,3,2,0,0,0,0,1,0,2,2,0,0,1,1,0,5,3,2
109,私立,一般大學,1033,長榮大學,10221045,職業安全與衛生學系,8,6,2,0,0,0,0,4,0,2,2,0,0,4,4,0,8,6,2
109,私立,一般大學,1033,長榮大學,10321062,消防安全學士學位學程,3,3,0,0,0,0,0,1,0,2,0,0,0,1,1,0,3,3,0
109,私立,一般大學,1033,長榮大學,10412061,航運管理學系,3,3,0,0,0,1,0,2,0,0,0,0,0,3,3,0,3,3,0
109,私立,一般大學,1033,長榮大學,99999Z01,共同教育中心,19,18,1,1,0,5,0,1,0,11,1,0,0,7,7,0,19,18,1
109,私立,一般大學,1033,長榮大學,99999Z01,通識教育中心,15,7,8,0,0,0,1,5,5,2,2,0,0,11,5,6,15,7,8
109,私立,一般大學,1033,長榮大學,99999Z08,華語文教育中心,2,0,2,0,0,0,0,0,0,0,2,0,0,0,0,0,2,0,2
109,私立,一般大學,1033,長榮大學,99999Z08,語文教育中心,23,6,17,0,0,0,0,4,5,2,12,0,0,9,4,5,23,6,17
109,私立,技專校院,1034,弘光科技大學,02122003,文化創意產業系,18,14,4,0,0,1,0,2,1,11,3,0,0,4,3,1,18,14,4
109,私立,技專校院,1034,弘光科技大學,02311038,國際溝通英語系,38,12,26,0,0,0,0,1,3,11,23,0,0,4,1,3,38,12,26
109,私立,技專校院,1034,弘光科技大學,04133005,健康事業管理系,23,13,10,0,0,2,2,3,3,8,5,0,0,10,5,5,23,13,10
109,私立,技專校院,1034,弘光科技大學,05111007,動物保健學士學位學程,3,2,1,0,0,0,0,1,0,1,1,0,0,1,1,0,3,2,1
109,私立,技專校院,1034,弘光科技大學,05121008,生物科技系,5,2,3,0,0,0,0,2,2,0,1,0,0,4,2,2,5,2,3
109,私立,技專校院,1034,弘光科技大學,05191023,營養系暨營養醫學研究所,24,12,12,1,0,4,0,6,1,1,11,0,0,12,11,1,24,12,12
109,私立,技專校院,1034,弘光科技大學,06131010,資訊管理系,10,9,1,0,0,0,0,6,0,3,1,0,0,6,6,0,10,9,1
109,私立,技專校院,1034,弘光科技大學,06131011,資訊工程系,19,19,0,0,0,0,0,8,0,11,0,0,0,8,8,0,19,19,0
109,私立,技專校院,1034,弘光科技大學,07121014,環境與安全衛生工程系,26,21,5,0,0,0,1,6,1,15,3,0,0,8,6,2,26,21,5
109,私立,技專校院,1034,弘光科技大學,07193015,生物醫學工程系,5,5,0,1,0,1,0,3,0,0,0,0,0,5,5,0,5,5,0
109,私立,技專校院,1034,弘光科技大學,07211017,食品科技系,30,19,11,3,1,2,0,7,1,7,9,0,0,14,12,2,30,19,11
109,私立,技專校院,1034,弘光科技大學,09131025,護理系,47,15,32,1,0,2,4,6,5,6,23,0,0,18,9,9,47,15,32
109,私立,技專校院,1034,弘光科技大學,09151020,物理治療系,10,5,5,0,0,1,0,1,3,3,2,0,0,5,2,3,10,5,5
109,私立,技專校院,1034,弘光科技大學,09153021,語言治療與聽力學系,6,3,3,1,0,0,0,2,2,0,1,0,0,5,3,2,6,3,3
109,私立,技專校院,1034,弘光科技大學,09211037,老人福利與長期照顧事業系,13,7,6,0,0,0,1,3,0,4,5,0,0,4,3,1,13,7,6
109,私立,技專校院,1034,弘光科技大學,09221028,幼兒保育系,12,2,10,0,0,0,3,0,0,2,7,0,0,3,0,3,12,2,10
109,私立,技專校院,1034,弘光科技大學,10121031,化妝品應用系,22,16,6,1,0,0,1,5,1,10,4,0,0,8,6,2,22,16,6
109,私立,技專校院,1034,弘光科技大學,10121034,美髮造型設計系,8,5,3,0,0,1,0,0,0,4,3,0,0,1,1,0,8,5,3
109,私立,技專校院,1034,弘光科技大學,10131029,餐旅管理系,19,12,7,0,0,1,1,4,2,7,4,0,0,8,5,3,19,12,7
109,私立,技專校院,1034,弘光科技大學,10152030,運動休閒系,19,13,6,0,0,0,0,2,2,11,4,0,0,4,2,2,19,13,6
109,私立,技專校院,1034,弘光科技大學,99999Z01,通識教育中心,95,59,36,2,0,1,1,21,11,35,24,0,0,36,24,12,95,59,36
109,私立,一般大學,1035,中國醫藥大學,04133029,醫務管理學系,9,5,4,2,0,3,2,0,1,0,1,0,0,8,5,3,9,5,4
109,私立,一般大學,1035,中國醫藥大學,04212057,科技法律碩士學位學程,1,1,0,1,0,0,0,0,0,0,0,0,0,1,1,0,1,1,0
109,私立,一般大學,1035,中國醫藥大學,05121043,生物科技學系,2,1,1,1,0,0,0,0,1,0,0,0,0,2,1,1,2,1,1
109,私立,一般大學,1035,中國醫藥大學,05191021,營養學系,6,1,5,1,1,0,0,0,3,0,1,0,0,5,1,4,6,1,5
109,私立,一般大學,1035,中國醫藥大學,08411012,中獸醫碩士學位學程,2,2,0,2,0,0,0,0,0,0,0,0,0,2,2,0,2,2,0
109,私立,一般大學,1035,中國醫藥大學,09111019,牙醫學系,19,15,4,3,0,2,0,3,0,7,4,0,0,8,8,0,19,15,4
109,私立,一般大學,1035,中國醫藥大學,09121003,生物醫學研究所,21,17,4,10,0,5,1,2,3,0,0,0,0,21,17,4,21,17,4
109,私立,一般大學,1035,中國醫藥大學,09121014,中醫學系,35,27,8,3,0,8,1,11,4,5,3,0,0,27,22,5,35,27,8
109,私立,一般大學,1035,中國醫藥大學,09121014,學士後中醫學系,20,15,5,0,0,2,1,9,2,4,2,0,0,14,11,3,20,15,5
109,私立,一般大學,1035,中國醫藥大學,09121016,醫學系,56,38,18,7,0,7,4,15,10,9,4,0,0,43,29,14,56,38,18
109,私立,一般大學,1035,中國醫藥大學,09121046,中西醫結合研究所,3,3,0,0,0,3,0,0,0,0,0,0,0,3,3,0,3,3,0
109,私立,一般大學,1035,中國醫藥大學,09131045,護理學系,10,1,9,0,1,0,0,0,2,1,6,0,0,3,0,3,10,1,9
109,私立,一般大學,1035,中國醫藥大學,09141017,醫學檢驗生物技術學系,7,1,6,0,0,0,0,1,3,0,3,0,0,4,1,3,7,1,6
109,私立,一般大學,1035,中國醫藥大學,09141032,生物醫學影像暨放射科學學系,9,7,2,1,0,0,0,3,2,3,0,0,0,6,4,2,9,7,2
109,私立,一般大學,1035,中國醫藥大學,09151010,物理治療學系,1,1,0,0,0,1,0,0,0,0,0,0,0,1,1,0,1,1,0
109,私立,一般大學,1035,中國醫藥大學,09159047,運動醫學系,4,2,2,0,0,0,0,2,1,0,1,0,0,3,2,1,4,2,2
109,私立,一般大學,1035,中國醫藥大學,09161015,新藥開發研究所,1,0,1,0,1,0,0,0,0,0,0,0,0,1,0,1,1,0,1
109,私立,一般大學,1035,中國醫藥大學,09161034,藥學系,12,9,3,2,0,1,0,3,2,3,1,0,0,8,6,2,12,9,3
109,私立,一般大學,1035,中國醫藥大學,09161039,中國藥學暨中藥資源學系,14,13,1,3,0,1,1,6,0,3,0,0,0,11,10,1,14,13,1
109,私立,一般大學,1035,中國醫藥大學,09161042,藥用化妝品學系,3,2,1,0,0,0,0,0,0,2,1,0,0,0,0,0,3,2,1
109,私立,一般大學,1035,中國醫藥大學,09191026,公共衛生學系,7,6,1,4,0,0,1,2,0,0,0,0,0,7,6,1,7,6,1
109,私立,一般大學,1035,中國醫藥大學,10221038,職業安全與衛生學系,3,2,1,1,1,0,0,1,0,0,0,0,0,3,2,1,3,2,1
109,私立,一般大學,1035,中國醫藥大學,99999Z01,通識教育中心,35,23,12,3,2,2,4,10,5,8,1,0,0,26,15,11,35,23,12
109,私立,技專校院,1036,健行學校財團法人健行科技大學,02112002,數位多媒體設計系,6,5,1,0,0,0,0,1,0,4,1,0,0,1,1,0,6,5,1
109,私立,技專校院,1036,健行學校財團法人健行科技大學,02124028,室內設計與管理系,9,5,4,0,0,0,0,0,2,5,2,0,0,2,0,2,9,5,4
109,私立,技專校院,1036,健行學校財團法人健行科技大學,02311001,應用外語系,17,4,13,0,0,0,0,0,2,4,11,0,0,2,0,2,17,4,13
109,私立,技專校院,1036,健行學校財團法人健行科技大學,04121009,財務金融系,9,5,4,0,0,0,0,0,0,5,4,0,0,0,0,0,9,5,4
109,私立,技專校院,1036,健行學校財團法人健行科技大學,04131004,企業管理系,19,12,7,0,0,0,0,2,0,10,7,0,0,2,2,0,19,12,7
109,私立,技專校院,1036,健行學校財團法人健行科技大學,04131006,國際企業經營系,14,10,4,0,0,1,0,2,1,7,3,0,0,4,3,1,14,10,4
109,私立,技專校院,1036,健行學校財團法人健行科技大學,04143010,行銷與流通管理系,14,12,2,0,0,1,0,1,1,10,1,0,0,3,2,1,14,12,2
109,私立,技專校院,1036,健行學校財團法人健行科技大學,06111014,資訊管理系,8,7,1,0,0,3,0,1,0,3,1,0,0,4,4,0,8,7,1
109,私立,技專校院,1036,健行學校財團法人健行科技大學,07112023,材料製造科技學位學程,2,2,0,0,0,1,0,1,0,0,0,0,0,2,2,0,2,2,0
109,私立,技專校院,1036,健行學校財團法人健行科技大學,07141018,資訊工程系,10,9,1,1,0,2,0,4,1,2,0,0,0,8,7,1,10,9,1
109,私立,技專校院,1036,健行學校財團法人健行科技大學,07151020,機械工程系,12,12,0,0,0,1,0,5,0,6,0,0,0,6,6,0,12,12,0
109,私立,技專校院,1036,健行學校財團法人健行科技大學,07191011,工業管理系,8,7,1,0,0,0,0,2,0,5,1,0,0,2,2,0,8,7,1
109,私立,技專校院,1036,健行學校財團法人健行科技大學,07321021,土木工程(學)系,8,8,0,0,0,0,0,5,0,3,0,0,0,5,5,0,8,8,0
109,私立,技專校院,1036,健行學校財團法人健行科技大學,07322015,應用空間資訊系,8,6,2,0,0,2,0,2,0,2,2,0,0,4,4,0,8,6,2
109,私立,技專校院,1036,健行學校財團法人健行科技大學,10131025,餐旅管理系,31,15,16,0,0,1,0,8,3,6,13,0,0,12,9,3,31,15,16
109,私立,技專校院,1036,健行學校財團法人健行科技大學,99999Z01,通識(教育)中心,53,23,30,0,0,2,1,5,3,16,26,0,0,11,7,4,53,23,30
109,私立,技專校院,1036,健行學校財團法人健行科技大學,99999Z07,體育教育中心,17,12,5,0,0,1,1,5,0,6,4,0,0,7,6,1,17,12,5
109,私立,技專校院,1037,正修學校財團法人正修科技大學,02112003,數位多媒體設計系,8,6,2,0,0,0,0,2,0,4,2,0,0,2,2,0,8,6,2
109,私立,技專校院,1037,正修學校財團法人正修科技大學,02122042,視覺傳達設計系,17,11,6,0,0,1,0,1,2,9,4,0,0,4,2,2,17,11,6
109,私立,技專校院,1037,正修學校財團法人正修科技大學,02311001,應用外語系,48,18,30,0,1,0,0,0,1,18,28,0,0,2,0,2,48,18,30
109,私立,技專校院,1037,正修學校財團法人正修科技大學,04121008,金融管理系,4,2,2,0,0,0,0,0,1,2,1,0,0,1,0,1,4,2,2
109,私立,技專校院,1037,正修學校財團法人正修科技大學,04131005,企業管理系,89,51,38,0,0,2,0,17,7,32,31,0,0,26,19,7,89,51,38
109,私立,技專校院,1037,正修學校財團法人正修科技大學,04131006,國際企業系,1,0,1,0,0,0,0,0,0,0,1,0,0,0,0,0,1,0,1
109,私立,技專校院,1037,正修學校財團法人正修科技大學,06131010,資訊管理系,22,15,7,1,0,0,0,6,2,8,5,0,0,9,7,2,22,15,7
109,私立,技專校院,1037,正修學校財團法人正修科技大學,07141011,電機工程系,14,13,1,0,0,3,0,5,1,5,0,0,0,9,8,1,14,13,1
109,私立,技專校院,1037,正修學校財團法人正修科技大學,07141012,電子工程系,7,5,2,1,0,1,0,1,0,2,2,0,0,3,3,0,7,5,2
109,私立,技專校院,1037,正修學校財團法人正修科技大學,07141013,資訊工程系,22,18,4,1,0,0,1,9,2,8,1,0,0,13,10,3,22,18,4
109,私立,技專校院,1037,正修學校財團法人正修科技大學,07151015,機械工程系,18,17,1,2,0,3,0,7,1,5,0,0,0,13,12,1,18,17,1
109,私立,技專校院,1037,正修學校財團法人正修科技大學,07191018,工業工程與管理系,14,11,3,0,1,1,0,5,0,5,2,0,0,7,6,1,14,11,3
109,私立,技專校院,1037,正修學校財團法人正修科技大學,07311004,建築與室內設計系,47,36,11,1,0,1,0,3,0,31,11,0,0,5,5,0,47,36,11
109,私立,技專校院,1037,正修學校財團法人正修科技大學,07321016,土木與空間資訊系,18,18,0,2,0,2,0,5,0,9,0,0,0,9,9,0,18,18,0
109,私立,技專校院,1037,正修學校財團法人正修科技大學,09221021,幼兒保育系,29,6,23,1,0,0,1,4,5,1,17,0,0,11,5,6,29,6,23
109,私立,技專校院,1037,正修學校財團法人正修科技大學,10121026,化妝品與時尚彩妝系,17,5,12,0,0,0,0,1,0,4,12,0,0,1,1,0,17,5,12
109,私立,技專校院,1037,正修學校財團法人正修科技大學,10131022,餐飲管理系,29,15,14,0,0,1,0,0,0,14,14,0,0,1,1,0,29,15,14
109,私立,技專校院,1037,正修學校財團法人正修科技大學,10151023,觀光遊憩系,22,12,10,1,0,1,0,2,0,8,10,0,0,4,4,0,22,12,10
109,私立,技專校院,1037,正修學校財團法人正修科技大學,10152025,休閒與運動管理系,90,61,29,1,0,1,1,16,4,43,24,0,0,23,18,5,90,61,29
109,私立,技專校院,1037,正修學校財團法人正修科技大學,99999Z01,通識教育中心,148,98,50,6,0,7,1,40,20,45,29,0,0,74,53,21,148,98,50
109,私立,技專校院,1037,正修學校財團法人正修科技大學,99999Z05,師資培育中心,1,1,0,0,0,0,0,0,0,1,0,0,0,0,0,0,1,1,0
109,私立,技專校院,1038,萬能學校財團法人萬能科技大學,02123002,商業設計系,5,5,0,0,0,0,0,0,0,5,0,0,0,0,0,0,5,5,0
109,私立,技專校院,1038,萬能學校財團法人萬能科技大學,02123003,商品設計系,2,2,0,0,0,0,0,0,0,2,0,0,0,0,0,0,2,2,0
109,私立,技專校院,1038,萬能學校財團法人萬能科技大學,04131004,企業管理系,27,18,9,0,0,0,0,3,0,15,9,0,0,3,3,0,27,18,9
109,私立,技專校院,1038,萬能學校財團法人萬能科技大學,04132010,行銷與流通管理系,13,6,7,0,0,0,0,1,0,5,7,0,0,1,1,0,13,6,7
109,私立,技專校院,1038,萬能學校財團法人萬能科技大學,06131015,資訊管理系,1,1,0,0,0,0,0,0,0,1,0,0,0,0,0,0,1,1,0
109,私立,技專校院,1038,萬能學校財團法人萬能科技大學,07121034,環境工程系,9,7,2,0,0,0,0,0,0,7,2,0,0,0,0,0,9,7,2
109,私立,技專校院,1038,萬能學校財團法人萬能科技大學,07141019,資訊工程系,10,9,1,0,0,0,0,4,0,5,1,0,0,4,4,0,10,9,1
109,私立,技專校院,1038,萬能學校財團法人萬能科技大學,07162022,航空光機電系,4,4,0,0,0,0,0,2,0,2,0,0,0,2,2,0,4,4,0
109,私立,技專校院,1038,萬能學校財團法人萬能科技大學,07191011,工業管理系,24,19,5,0,0,2,0,6,1,11,4,0,0,9,8,1,24,19,5
109,私立,技專校院,1038,萬能學校財團法人萬能科技大學,07321024,營建科技系,13,10,3,1,0,0,0,0,0,9,3,0,0,1,1,0,13,10,3
109,私立,技專校院,1038,萬能學校財團法人萬能科技大學,10121041,化妝品應用與管理系,35,13,22,1,0,0,0,5,0,7,22,0,0,6,6,0,35,13,22
109,私立,技專校院,1038,萬能學校財團法人萬能科技大學,10121044,時尚造型設計系,14,5,9,0,0,0,0,1,1,4,8,0,0,2,1,1,14,5,9
109,私立,技專校院,1038,萬能學校財團法人萬能科技大學,10131036,旅館管理系,6,3,3,0,0,0,0,0,0,3,3,0,0,0,0,0,6,3,3
109,私立,技專校院,1038,萬能學校財團法人萬能科技大學,10131037,餐飲管理系,24,18,6,1,0,0,0,3,0,14,6,0,0,4,4,0,24,18,6
109,私立,技專校院,1038,萬能學校財團法人萬能科技大學,10151038,觀光與休閒事業管理系,53,30,23,1,0,0,0,5,1,24,22,0,0,7,6,1,53,30,23
109,私立,技專校院,1038,萬能學校財團法人萬能科技大學,10413043,航空暨運輸服務管理系,3,2,1,0,0,0,0,1,0,1,1,0,0,1,1,0,3,2,1
109,私立,技專校院,1038,萬能學校財團法人萬能科技大學,99999Z01,通識教育中心,103,58,45,0,0,3,1,11,5,44,39,0,0,20,14,6,103,58,45
109,私立,一般大學,1039,玄奘大學,02112013,視覺傳達設計學系,1,0,1,0,0,0,0,0,0,0,1,0,0,0,0,0,1,0,1
109,私立,一般大學,1039,玄奘大學,02152004,影劇藝術學系,2,2,0,0,0,0,0,0,0,2,0,0,0,0,0,0,2,2,0
109,私立,一般大學,1039,玄奘大學,02199005,藝術與創意設計學系,4,3,1,0,0,0,0,1,1,2,0,0,0,2,1,1,4,3,1
109,私立,一般大學,1039,玄奘大學,02211010,宗教與文化學系,8,5,3,0,0,1,1,3,1,1,1,0,0,6,4,2,8,5,3
109,私立,一般大學,1039,玄奘大學,03131016,應用心理學系,6,3,3,0,0,0,0,1,2,2,1,0,0,3,1,2,6,3,3
109,私立,一般大學,1039,玄奘大學,03212021,廣播與電視新聞學系,3,2,1,0,0,0,0,0,1,2,0,0,0,1,0,1,3,2,1
109,私立,一般大學,1039,玄奘大學,04131024,企業管理學系,1,1,0,0,0,0,0,0,0,1,0,0,0,0,0,0,1,1,0
109,私立,一般大學,1039,玄奘大學,04211032,法律學系,7,6,1,0,0,3,0,2,0,1,1,0,0,5,5,0,7,6,1
109,私立,一般大學,1039,玄奘大學,06134034,資訊管理學系,2,2,0,0,0,0,0,2,0,0,0,0,0,2,2,0,2,2,0
109,私立,一般大學,1039,玄奘大學,09231036,社會工作學系,3,0,3,0,0,0,0,0,1,0,2,0,0,1,0,1,3,0,3
109,私立,一般大學,1039,玄奘大學,10131040,餐旅管理學系,3,3,0,0,0,0,0,1,0,2,0,0,0,1,1,0,3,3,0
109,私立,一般大學,1039,玄奘大學,99999Z01,通識教育中心,20,12,8,0,0,1,0,6,3,5,5,0,0,10,7,3,20,12,8
109,私立,技專校院,1040,建國科技大學,02112004,數位媒體設計系暨碩士班,1,0,1,0,0,0,0,0,0,0,1,0,0,0,0,0,1,0,1
109,私立,技專校院,1040,建國科技大學,02112005,商業設計系,2,2,0,0,0,0,0,0,0,2,0,0,0,0,0,0,2,2,0
109,私立,技專校院,1040,建國科技大學,02122003,創意產品與遊戲設計系,14,10,4,0,0,0,0,1,0,9,4,0,0,1,1,0,14,10,4
109,私立,技專校院,1040,建國科技大學,02124007,空間設計系,15,12,3,0,0,1,0,1,0,10,3,0,0,2,2,0,15,12,3
109,私立,技專校院,1040,建國科技大學,02311001,應用外語系,4,3,1,0,0,0,0,1,0,2,1,0,0,1,1,0,4,3,1
109,私立,技專校院,1040,建國科技大學,04131009,國際企業管理系,17,13,4,0,0,1,0,1,0,11,4,0,0,2,2,0,17,13,4
109,私立,技專校院,1040,建國科技大學,04143010,行銷與服務管理系,14,7,7,0,0,0,0,2,0,5,7,0,0,2,2,0,14,7,7
109,私立,技專校院,1040,建國科技大學,04199011,服務與科技管理研究所,2,1,1,0,0,1,1,0,0,0,0,0,0,2,1,1,2,1,1
109,私立,技專校院,1040,建國科技大學,06131012,資訊管理系,5,3,2,0,0,0,0,1,1,2,1,0,0,2,1,1,5,3,2
109,私立,技專校院,1040,建國科技大學,06199017,資訊與網路通訊系,1,1,0,0,0,0,0,0,0,1,0,0,0,0,0,0,1,1,0
109,私立,技專校院,1040,建國科技大學,07141013,電機工程系所,6,5,1,0,0,2,0,1,1,2,0,0,0,4,3,1,6,5,1
109,私立,技專校院,1040,建國科技大學,07141014,電子工程系所,1,1,0,0,0,0,0,0,0,1,0,0,0,0,0,0,1,1,0
109,私立,技專校院,1040,建國科技大學,07141015,自動化工程系暨機電光系統研究所,10,7,3,1,0,2,0,1,1,3,2,0,0,5,4,1,10,7,3
109,私立,技專校院,1040,建國科技大學,07151018,機械工程系暨製造科技研究所,23,21,2,1,0,1,0,3,0,16,2,0,0,5,5,0,23,21,2
109,私立,技專校院,1040,建國科技大學,07321021,土木工程系暨土木與防災研究所,8,7,1,0,0,1,0,0,0,6,1,0,0,1,1,0,8,7,1
109,私立,技專校院,1040,建國科技大學,10121027,美容系暨美容科技研究所,20,5,15,0,0,1,0,1,2,3,13,0,0,4,2,2,20,5,15
109,私立,技專校院,1040,建國科技大學,10151025,觀光系,10,7,3,0,0,0,0,1,1,6,2,0,0,2,1,1,10,7,3
109,私立,技專校院,1040,建國科技大學,10152026,運動健康與休閒系,27,19,8,0,0,0,0,8,1,11,7,0,0,9,8,1,27,19,8
109,私立,技專校院,1040,建國科技大學,99999Z01,通識教育中心,15,7,8,0,0,0,0,5,2,2,6,0,0,7,5,2,15,7,8
109,私立,技專校院,1041,明志科技大學,02112003,視覺傳達設計系,6,5,1,0,0,0,0,0,0,5,1,0,0,0,0,0,6,5,1
109,私立,技專校院,1041,明志科技大學,02123004,工業設計系,5,5,0,0,0,2,0,1,0,2,0,0,0,3,3,0,5,5,0
109,私立,技專校院,1041,明志科技大學,04131005,經營管理系,11,8,3,0,0,1,0,5,1,2,2,0,0,7,6,1,11,8,3
109,私立,技專校院,1041,明志科技大學,05211Y83,環境資源學院,1,1,0,0,0,0,0,1,0,0,0,0,0,1,1,0,1,1,0
109,私立,技專校院,1041,明志科技大學,07111018,化學工程系,6,6,0,0,0,2,0,2,0,2,0,0,0,4,4,0,6,6,0
109,私立,技專校院,1041,明志科技大學,07112022,材料工程系,3,3,0,1,0,0,0,2,0,0,0,0,0,3,3,0,3,3,0
109,私立,技專校院,1041,明志科技大學,07121025,環境與安全衛生工程系,6,6,0,0,0,0,0,1,0,5,0,0,0,1,1,0,6,6,0
109,私立,技專校院,1041,明志科技大學,07132021,能源電池科技博士學位學程,2,2,0,1,0,0,0,1,0,0,0,0,0,2,2,0,2,2,0
109,私立,技專校院,1041,明志科技大學,07141010,電機工程系,5,5,0,0,0,3,0,1,0,1,0,0,0,4,4,0,5,5,0
109,私立,技專校院,1041,明志科技大學,07141011,電子工程系,20,17,3,3,0,3,1,6,0,5,2,0,0,13,12,1,20,17,3
109,私立,技專校院,1041,明志科技大學,07151014,機械工程系,15,14,1,1,0,2,0,4,0,7,1,0,0,7,7,0,15,14,1
109,私立,技專校院,1041,明志科技大學,07191024,工業工程與管理系,8,5,3,0,0,0,0,4,0,1,3,0,0,4,4,0,8,5,3
109,私立,技專校院,1041,明志科技大學,07193031,創新科技應用於生物醫學暨醫療照護產品研發國際博士學位學程,6,2,4,0,1,1,1,1,2,0,0,0,0,6,2,4,6,2,4
109,私立,技專校院,1041,明志科技大學,99999Z01,通識教育中心,76,30,46,0,0,2,2,11,14,17,30,0,0,29,13,16,76,30,46
109,私立,技專校院,1042,高苑科技大學,02112044,電競與動畫遊戲學位學程,5,3,2,0,0,0,0,1,1,2,1,0,0,2,1,1,5,3,2
109,私立,技專校院,1042,高苑科技大學,02122002,文化創意設計與數位整合學位學程,1,1,0,0,0,0,0,0,0,1,0,0,0,0,0,0,1,1,0
109,私立,技專校院,1042,高苑科技大學,02311001,應用外語系,16,4,12,0,0,0,0,1,0,3,12,0,0,1,1,0,16,4,12
109,私立,技專校院,1042,高苑科技大學,03214046,資訊傳播與行銷系,3,2,1,0,0,0,0,0,0,2,1,0,0,0,0,0,3,2,1
109,私立,技專校院,1042,高苑科技大學,04131045,數位經營管理系,12,8,4,0,0,2,0,3,0,3,4,0,0,5,5,0,12,8,4
109,私立,技專校院,1042,高苑科技大學,04199Y25,商業暨管理學院,1,0,1,0,0,0,0,0,0,0,1,0,0,0,0,0,1,0,1
109,私立,技專校院,1042,高苑科技大學,05299034,綠環境設計學位學程,2,2,0,0,0,0,0,0,0,2,0,0,0,0,0,0,2,2,0
109,私立,技專校院,1042,高苑科技大學,07141018,電機工程系,6,6,0,0,0,1,0,3,0,2,0,0,0,4,4,0,6,6,0
109,私立,技專校院,1042,高苑科技大學,07151022,機械與自動化工程系,14,14,0,0,0,2,0,6,0,6,0,0,0,8,8,0,14,14,0
109,私立,技專校院,1042,高苑科技大學,07311033,建築系,8,6,2,2,0,2,0,1,0,1,2,0,0,5,5,0,8,6,2
109,私立,技專校院,1042,高苑科技大學,07321024,土木工程系,10,9,1,0,0,4,1,3,0,2,0,0,0,8,7,1,10,9,1
109,私立,技專校院,1042,高苑科技大學,09211036,銀髮事業暨社會工作學士學位學程,1,1,0,0,0,0,0,0,0,1,0,0,0,0,0,0,1,1,0
109,私立,技專校院,1042,高苑科技大學,10121005,香妝與養生保健系,8,5,3,1,0,2,0,1,0,1,3,0,0,4,4,0,8,5,3
109,私立,技專校院,1042,高苑科技大學,10151037,觀光事業管理系,4,2,2,0,0,0,0,0,0,2,2,0,0,0,0,0,4,2,2
109,私立,技專校院,1042,高苑科技大學,10152039,休閒運動管理系,6,6,0,1,0,0,0,1,0,4,0,0,0,2,2,0,6,6,0
109,私立,技專校院,1043,大仁科技大學,02112003,數位多媒體設計系,1,1,0,0,0,0,0,0,0,1,0,0,0,0,0,0,1,1,0
109,私立,技專校院,1043,大仁科技大學,02311044,應用日語系,1,0,1,0,0,0,0,0,1,0,0,0,0,1,0,1,1,0,1
109,私立,技專校院,1043,大仁科技大學,05199020,生命關懷事業學士學位學程,5,3,2,0,0,0,0,1,0,2,2,0,0,1,1,0,5,3,2
109,私立,技專校院,1043,大仁科技大學,07121014,環境與職業安全衛生系,6,5,1,0,0,1,1,3,0,1,0,0,0,5,4,1,6,5,1
109,私立,技專校院,1043,大仁科技大學,07211012,食品科技學系,1,0,1,0,0,0,1,0,0,0,0,0,0,1,0,1,1,0,1
109,私立,技專校院,1043,大仁科技大學,08199043,寵物照護暨美容學士學位學程,9,5,4,0,0,0,0,1,0,4,4,0,0,1,1,0,9,5,4
109,私立,技專校院,1043,大仁科技大學,09131016,護理學系,14,6,8,0,0,0,0,2,0,4,8,0,0,2,2,0,14,6,8
109,私立,技專校院,1043,大仁科技大學,09161015,藥學系,42,32,10,1,0,9,2,12,3,10,5,0,0,27,22,5,42,32,10
109,私立,技專校院,1043,大仁科技大學,09221019,(嬰)幼兒保育系,6,2,4,0,1,1,0,0,0,1,3,0,0,2,1,1,6,2,4
109,私立,技專校院,1043,大仁科技大學,09231018,社會工作學系,10,3,7,0,0,0,0,0,0,3,7,0,0,0,0,0,10,3,7
109,私立,技專校院,1043,大仁科技大學,10131021,餐旅管理系,5,5,0,1,0,0,0,0,0,4,0,0,0,1,1,0,5,5,0
109,私立,技專校院,1043,大仁科技大學,10151023,觀光事業系,6,3,3,1,0,0,0,0,0,2,3,0,0,1,1,0,6,3,3
109,私立,技專校院,1043,大仁科技大學,10152024,休閒運動(與)管理學系,10,8,2,0,0,0,0,2,0,6,2,0,0,2,2,0,10,8,2
109,私立,技專校院,1043,大仁科技大學,10321028,消防安全學士學位學程,17,16,1,0,0,1,0,3,0,12,1,0,0,4,4,0,17,16,1
109,私立,技專校院,1043,大仁科技大學,99999Z01,通識(教育)中心,6,1,5,0,0,0,0,0,0,1,5,0,0,0,0,0,6,1,5
109,私立,技專校院,1044,聖約翰科技大學,02122003,數位文藝系,3,2,1,0,0,1,0,0,0,1,1,0,0,1,1,0,3,2,1
109,私立,技專校院,1044,聖約翰科技大學,02311001,應用英語系,5,4,1,0,0,0,0,0,0,4,1,0,0,0,0,0,5,4,1
109,私立,技專校院,1044,聖約翰科技大學,04132008,行銷與流通管理系,5,3,2,0,0,0,0,0,1,3,1,0,0,1,0,1,5,3,2
109,私立,技專校院,1044,聖約翰科技大學,04199009,時尚經營管理系,1,1,0,0,0,0,0,0,0,1,0,0,0,0,0,0,1,1,0
109,私立,技專校院,1044,聖約翰科技大學,06131014,資訊工程系,2,1,1,0,0,0,0,1,0,0,1,0,0,1,1,0,2,1,1
109,私立,技專校院,1044,聖約翰科技大學,07141012,電機工程系,2,1,1,0,0,0,0,0,1,1,0,0,0,1,0,1,2,1,1
109,私立,技專校院,1044,聖約翰科技大學,07141015,資訊與通訊系,1,1,0,0,0,0,0,1,0,0,0,0,0,1,1,0,1,1,0
109,私立,技專校院,1044,聖約翰科技大學,07151016,機械與電腦輔助工程系,17,13,4,0,0,3,0,1,0,9,4,0,0,4,4,0,17,13,4
109,私立,技專校院,1044,聖約翰科技大學,07191028,工業管理系,2,2,0,0,0,0,0,1,0,1,0,0,0,1,1,0,2,2,0
109,私立,技專校院,1044,聖約翰科技大學,10151020,觀光與休閒管理系,4,3,1,0,0,0,0,1,0,2,1,0,0,1,1,0,4,3,1
109,私立,技專校院,1044,聖約翰科技大學,10152021,休閒運動與健康管理系,2,1,1,0,0,0,0,0,0,1,1,0,0,0,0,0,2,1,1
109,私立,技專校院,1045,嶺東科技大學,02112003,視覺傳達設計系,18,13,5,0,0,1,0,1,1,11,4,0,0,3,2,1,18,13,5
109,私立,技專校院,1045,嶺東科技大學,02112005,數位媒體設計系,13,8,5,0,0,0,0,0,1,8,4,0,0,1,0,1,13,8,5
109,私立,技專校院,1045,嶺東科技大學,02122002,流行設計系,23,8,15,0,0,0,0,1,0,7,15,0,0,1,1,0,23,8,15
109,私立,技專校院,1045,嶺東科技大學,02123008,創意產品設計系,17,13,4,0,0,1,0,1,0,11,4,0,0,2,2,0,17,13,4
109,私立,技專校院,1045,嶺東科技大學,02125039,服飾設計系,6,4,2,0,0,0,0,0,0,4,2,0,0,0,0,0,6,4,2
109,私立,技專校院,1045,嶺東科技大學,02311001,應用外語系,21,10,11,0,0,0,0,1,1,9,10,0,0,2,1,1,21,10,11
109,私立,技專校院,1045,嶺東科技大學,04111010,會計資訊系,4,2,2,0,0,0,0,0,1,2,1,0,0,1,0,1,4,2,2
109,私立,技專校院,1045,嶺東科技大學,04121017,財務金融系,14,8,6,1,0,1,0,0,1,6,5,0,0,3,2,1,14,8,6
109,私立,技專校院,1045,嶺東科技大學,04131013,企業管理系,22,11,11,2,0,0,0,4,0,5,11,0,0,6,6,0,22,11,11
109,私立,技專校院,1045,嶺東科技大學,04141015,國際企業系,16,8,8,0,0,1,0,1,1,6,7,0,0,3,2,1,16,8,8
109,私立,技專校院,1045,嶺東科技大學,04143024,行銷與流通管理系,22,13,9,0,0,0,0,0,0,13,9,0,0,0,0,0,22,13,9
109,私立,技專校院,1045,嶺東科技大學,04199040,時尚經營系,4,2,2,0,0,0,0,0,0,2,2,0,0,0,0,0,4,2,2
109,私立,技專校院,1045,嶺東科技大學,06121031,資訊管理系,5,3,2,0,0,0,0,0,0,3,2,0,0,0,0,0,5,3,2
109,私立,技專校院,1045,嶺東科技大學,06131030,資訊科技系,31,25,6,0,0,1,0,5,0,19,6,0,0,6,6,0,31,25,6
109,私立,技專校院,1045,嶺東科技大學,10151036,觀光與休閒管理系,26,18,8,0,0,0,0,2,0,16,8,0,0,2,2,0,26,18,8
109,私立,技專校院,1045,嶺東科技大學,99999Z01,通識(教育)中心,25,10,15,0,0,0,0,1,2,9,13,0,0,3,1,2,25,10,15
109,私立,技專校院,1046,中國科技大學,02112003,視覺傳達設計系,15,8,7,1,0,0,0,2,0,5,7,0,0,3,3,0,15,8,7
109,私立,技專校院,1046,中國科技大學,02112004,數位多媒體設計系,22,15,7,0,0,0,0,0,1,15,6,0,0,1,0,1,22,15,7
109,私立,技專校院,1046,中國科技大學,02124005,室內設計系,87,61,26,0,0,2,0,3,0,56,26,0,0,5,5,0,87,61,26
109,私立,技專校院,1046,中國科技大學,02199006,影視設計系,8,7,1,0,0,0,0,2,0,5,1,0,0,2,2,0,8,7,1
109,私立,技專校院,1046,中國科技大學,02311001,應用英語系,3,1,2,0,0,0,0,0,0,1,2,0,0,0,0,0,3,1,2
109,私立,技專校院,1046,中國科技大學,04122016,財政稅務系,1,1,0,1,0,0,0,0,0,0,0,0,0,1,1,0,1,1,0
109,私立,技專校院,1046,中國科技大學,04131010,企業管理系,38,28,10,1,0,3,0,6,0,18,10,0,0,10,10,0,38,28,10
109,私立,技專校院,1046,中國科技大學,04132017,行銷與流通管理系,20,15,5,0,0,2,0,4,0,9,5,0,0,6,6,0,20,15,5
109,私立,技專校院,1046,中國科技大學,04141014,國際商務系,13,9,4,0,0,0,0,1,1,8,3,0,0,2,1,1,13,9,4
109,私立,技專校院,1046,中國科技大學,06131019,資訊管理系,14,13,1,1,0,0,0,2,1,10,0,0,0,4,3,1,14,13,1
109,私立,技專校院,1046,中國科技大學,06131021,資訊工程系,9,9,0,0,0,1,0,5,0,3,0,0,0,6,6,0,9,9,0
109,私立,技專校院,1046,中國科技大學,07311026,建築系,47,37,10,4,0,1,0,6,0,26,10,0,0,11,11,0,47,37,10
109,私立,技專校院,1046,中國科技大學,07321030,土木與防災系,14,12,2,1,0,2,0,4,0,5,2,0,0,7,7,0,14,12,2
109,私立,技專校院,1046,中國科技大學,10151028,觀光與休閒事業管理系,40,23,17,1,0,2,1,1,4,19,12,0,0,9,4,5,40,23,17
109,私立,技專校院,1046,中國科技大學,99999Z01,通識教育中心,77,44,33,0,0,0,1,14,11,30,21,0,0,26,14,12,77,44,33
109,私立,技專校院,1047,中臺科技大學,01111009,文教事業經營研究所,3,2,1,1,0,1,0,0,1,0,0,0,0,3,2,1,3,2,1
109,私立,技專校院,1047,中臺科技大學,01121001,兒童教育暨事業經營系,19,8,11,0,0,1,0,2,1,5,10,0,0,4,3,1,19,8,11
109,私立,技專校院,1047,中臺科技大學,02311002,應用外語系,6,2,4,0,0,0,0,0,0,2,4,0,0,0,0,0,6,2,4
109,私立,技專校院,1047,中臺科技大學,04131003,國際企業系,4,2,2,0,0,0,0,1,1,1,1,0,0,2,1,1,4,2,2
109,私立,技專校院,1047,中臺科技大學,04133008,醫療暨健康產業管理系,16,9,7,0,0,2,0,2,0,5,7,0,0,4,4,0,16,9,7
109,私立,技專校院,1047,中臺科技大學,04143004,行銷管理系,19,10,9,1,0,0,0,5,3,4,6,0,0,9,6,3,19,10,9
109,私立,技專校院,1047,中臺科技大學,06131012,資訊管理系,11,10,1,0,0,0,0,7,0,3,1,0,0,7,7,0,11,10,1
109,私立,技專校院,1047,中臺科技大學,06131037,人工智慧健康管理系,1,0,1,0,0,0,0,0,1,0,0,0,0,1,0,1,1,0,1
109,私立,技專校院,1047,中臺科技大學,07121013,環境與安全衛生工程系,5,5,0,0,0,0,0,0,0,5,0,0,0,0,0,0,5,5,0
109,私立,技專校院,1047,中臺科技大學,07211017,食品科技系,16,14,2,0,0,0,0,2,1,12,1,0,0,3,2,1,16,14,2
109,私立,技專校院,1047,中臺科技大學,09111033,牙體技術暨材料系,21,15,6,1,0,0,0,4,2,10,4,0,0,7,5,2,21,15,6
109,私立,技專校院,1047,中臺科技大學,09131020,護理系,41,16,25,2,0,3,1,5,1,6,23,0,0,12,10,2,41,16,25
109,私立,技專校院,1047,中臺科技大學,09141028,醫學檢驗生物技術系,6,4,2,0,0,0,0,3,1,1,1,0,0,4,3,1,6,4,2
109,私立,技專校院,1047,中臺科技大學,09141029,醫學影像暨放射科學系,18,14,4,1,0,1,0,8,1,4,3,0,0,11,10,1,18,14,4
109,私立,技專校院,1047,中臺科技大學,09141030,視光系,17,14,3,0,0,0,0,3,0,11,3,0,0,3,3,0,17,14,3
109,私立,技專校院,1047,中臺科技大學,09211034,老人照顧系,19,6,13,0,0,0,0,1,2,5,11,0,0,3,1,2,19,6,13
109,私立,技專校院,1047,中臺科技大學,09212024,長期照顧碩士學位學程,1,1,0,0,0,0,0,1,0,0,0,0,0,1,1,0,1,1,0
109,私立,技專校院,1047,中臺科技大學,99999Z01,通識教育中心,15,8,7,2,0,0,0,5,3,1,4,0,0,10,7,3,15,8,7
109,私立,技專校院,1047,中臺科技大學,99999Z07,體育室,5,3,2,0,0,0,1,1,0,2,1,0,0,2,1,1,5,3,2
109,私立,技專校院,1047,中臺科技大學,99999Z08,語言中心,2,1,1,0,0,0,0,0,0,1,1,0,0,0,0,0,2,1,1
109,私立,一般大學,1048,亞洲大學,01121001,幼兒教育學系,5,3,2,2,0,0,0,1,1,0,1,0,0,4,3,1,5,3,2
109,私立,一般大學,1048,亞洲大學,02112006,視覺傳達設計學系,11,10,1,0,0,0,0,0,0,10,1,0,0,0,0,0,11,10,1
109,私立,一般大學,1048,亞洲大學,02112007,數位媒體設計學系,11,9,2,0,1,1,0,2,0,6,1,0,0,4,3,1,11,9,2
109,私立,一般大學,1048,亞洲大學,02122004,時尚設計學系,12,4,8,0,0,0,0,1,1,3,7,0,0,2,1,1,12,4,8
109,私立,一般大學,1048,亞洲大學,02123011,創意商品設計學系,13,10,3,0,0,0,0,1,1,9,2,0,0,2,1,1,13,10,3
109,私立,一般大學,1048,亞洲大學,02124012,室內設計學系,12,8,4,0,0,0,0,2,0,6,4,0,0,2,2,0,12,8,4
109,私立,一般大學,1048,亞洲大學,02311002,外國語文學系,46,17,29,0,0,2,2,3,4,12,23,0,0,11,5,6,46,17,29
109,私立,一般大學,1048,亞洲大學,03131013,心理學系,7,5,2,4,1,0,0,1,1,0,0,0,0,7,5,2,7,5,2
109,私立,一般大學,1048,亞洲大學,03213014,資訊傳播學系,10,7,3,2,1,0,0,0,0,5,2,0,0,3,2,1,10,7,3
109,私立,一般大學,1048,亞洲大學,04111015,會計與資訊學系,11,5,6,1,0,0,1,3,4,1,1,0,0,9,4,5,11,5,6
109,私立,一般大學,1048,亞洲大學,04121019,財務金融學系,5,4,1,0,1,1,0,3,0,0,0,0,0,5,4,1,5,4,1
109,私立,一般大學,1048,亞洲大學,04131017,經營管理學系,23,21,2,15,0,4,0,2,1,0,1,0,0,22,21,1,23,21,2
109,私立,一般大學,1048,亞洲大學,04212027,財經法律學系,29,26,3,3,0,2,1,6,1,15,1,0,0,13,11,2,29,26,3
109,私立,一般大學,1048,亞洲大學,05191053,食品營養與保健生技學系,28,21,7,15,3,0,1,5,0,1,3,0,0,24,20,4,28,21,7
109,私立,一般大學,1048,亞洲大學,06134033,行動商務與多媒體應用學系,2,2,0,1,0,0,0,1,0,0,0,0,0,2,2,0,2,2,0
109,私立,一般大學,1048,亞洲大學,06134037,資訊工程學系,17,16,1,11,0,2,0,3,1,0,0,0,0,17,16,1,17,16,1
109,私立,一般大學,1048,亞洲大學,07193029,生物資訊與醫學工程學系,20,18,2,14,0,1,2,2,0,1,0,0,0,19,17,2,20,18,2
109,私立,一般大學,1048,亞洲大學,08411045,學士後獸醫學系,31,22,9,14,0,4,2,3,7,1,0,0,0,30,21,9,31,22,9
109,私立,一般大學,1048,亞洲大學,09131046,護理學系,32,9,23,4,4,3,2,0,1,2,16,0,0,14,7,7,32,9,23
109,私立,一般大學,1048,亞洲大學,09131061,學士後護理學系,1,1,0,0,0,0,0,1,0,0,0,0,0,1,1,0,1,1,0
109,私立,一般大學,1048,亞洲大學,09141047,視光學系,11,8,3,2,0,1,2,3,1,2,0,0,0,9,6,3,11,8,3
109,私立,一般大學,1048,亞洲大學,09141060,醫學檢驗暨生物技術學系,40,35,5,23,0,6,2,5,3,1,0,0,0,39,34,5,40,35,5
109,私立,一般大學,1048,亞洲大學,09151056,物理治療學系,7,5,2,3,1,1,0,1,1,0,0,0,0,7,5,2,7,5,2
109,私立,一般大學,1048,亞洲大學,09152052,職能治療學系,11,10,1,2,0,2,0,5,1,1,0,0,0,10,9,1,11,10,1
109,私立,一般大學,1048,亞洲大學,09153051,聽力暨語言治療學系,30,14,16,7,0,4,0,3,14,0,2,0,0,28,14,14,30,14,16
109,私立,一般大學,1048,亞洲大學,09191021,健康產業管理學系,39,21,18,5,2,1,3,12,7,3,6,0,0,30,18,12,39,21,18
109,私立,一般大學,1048,亞洲大學,09231048,社會工作學系,19,9,10,3,0,1,1,1,2,4,7,0,0,8,5,3,19,9,10
109,私立,一般大學,1048,亞洲大學,10151049,休閒與遊憩管理學系,11,9,2,2,0,2,0,2,0,3,2,0,0,6,6,0,11,9,2
109,私立,一般大學,1048,亞洲大學,99999Z01,通識教育中心,50,33,17,2,0,3,0,16,10,12,7,0,0,31,21,10,50,33,17
109,私立,一般大學,1048,亞洲大學,99999Z07,體育室,31,20,11,0,0,3,2,2,3,15,6,0,0,10,5,5,31,20,11
109,私立,一般大學,1049,開南大學,02111058,電影與創意媒體學系,5,4,1,0,0,0,0,1,0,3,1,0,0,1,1,0,5,4,1
109,私立,一般大學,1049,開南大學,02122009,數位空間與商品設計學士學位學程,2,2,0,0,0,0,0,0,0,2,0,0,0,0,0,0,2,2,0
109,私立,一般大學,1049,開南大學,02125044,形象與健康管理進修學士學位學程,16,9,7,0,0,0,0,1,1,8,6,0,0,2,1,1,16,9,7
109,私立,一般大學,1049,開南大學,02311006,應用英語學系,1,1,0,0,0,0,0,1,0,0,0,0,0,1,1,0,1,1,0
109,私立,一般大學,1049,開南大學,02311008,應用日語學系,9,4,5,2,0,1,0,1,2,0,3,0,0,6,4,2,9,4,5
109,私立,一般大學,1049,開南大學,02323004,應用華語學系,10,3,7,0,0,0,1,0,2,3,4,0,0,3,0,3,10,3,7
109,私立,一般大學,1049,開南大學,03213003,資訊傳播學系,3,3,0,0,0,1,0,1,0,1,0,0,0,2,2,0,3,3,0
109,私立,一般大學,1049,開南大學,04111014,會計學系,3,2,1,0,0,0,0,0,0,2,1,0,0,0,0,0,3,2,1
109,私立,一般大學,1049,開南大學,04131016,國際企業學系,8,3,5,0,0,2,0,0,0,1,5,0,0,2,2,0,8,3,5
109,私立,一般大學,1049,開南大學,04134012,公共事務管理學系,6,6,0,3,0,1,0,2,0,0,0,0,0,6,6,0,6,6,0
109,私立,一般大學,1049,開南大學,04211011,法律學系,14,11,3,3,2,2,1,2,0,4,0,0,0,10,7,3,14,11,3
109,私立,一般大學,1049,開南大學,05191037,保健營養學系,3,1,2,0,0,0,0,1,0,0,2,0,0,1,1,0,3,1,2
109,私立,一般大學,1049,開南大學,06121032,資訊管理學系,1,0,1,0,0,0,0,0,1,0,0,0,0,1,0,1,1,0,1
109,私立,一般大學,1049,開南大學,09191026,健康產業管理學系,5,2,3,0,0,0,0,0,2,2,1,0,0,2,0,2,5,2,3
109,私立,一般大學,1049,開南大學,09199038,養生與健康行銷學系,5,2,3,0,0,0,0,1,0,1,3,0,0,1,1,0,5,2,3
109,私立,一般大學,1049,開南大學,09199X06,健康照護管理學院,2,0,2,0,0,0,1,0,1,0,0,0,0,2,0,2,2,0,2
109,私立,一般大學,1049,開南大學,10131039,觀光與餐飲旅館學系,8,5,3,0,0,0,0,3,1,2,2,0,0,4,3,1,8,5,3
109,私立,一般大學,1049,開南大學,10151041,觀光運輸學院,1,1,0,0,0,1,0,0,0,0,0,0,0,1,1,0,1,1,0
109,私立,一般大學,1049,開南大學,10151041,觀光運輸學院碩士班,1,1,0,0,0,0,0,1,0,0,0,0,0,1,1,0,1,1,0
109,私立,一般大學,1049,開南大學,10411059,交通運輸學系,2,1,1,0,0,0,0,0,0,1,1,0,0,0,0,0,2,1,1
109,私立,一般大學,1049,開南大學,10411062,國際物流與運輸管理學系,7,7,0,0,0,5,0,1,0,1,0,0,0,6,6,0,7,7,0
109,私立,一般大學,1049,開南大學,10413046,空運管理學系,5,3,2,0,0,3,0,0,0,0,2,0,0,3,3,0,5,3,2
109,私立,一般大學,1049,開南大學,99999Z01,通識教育中心,19,12,7,0,0,2,0,6,3,4,4,0,0,11,8,3,19,12,7
109,私立,一般大學,1050,佛光大學,02123018,產品與媒體設計學系,11,10,1,0,0,0,0,4,0,6,1,0,0,4,4,0,11,10,1
109,私立,一般大學,1050,佛光大學,02211009,宗教學研究所,1,1,0,1,0,0,0,0,0,0,0,0,0,1,1,0,1,1,0
109,私立,一般大學,1050,佛光大學,02211010,佛教學系,4,2,2,1,1,1,1,0,0,0,0,0,0,4,2,2,4,2,2
109,私立,一般大學,1050,佛光大學,02221011,歷史學系,1,1,0,0,0,0,0,1,0,0,0,0,0,1,1,0,1,1,0
109,私立,一般大學,1050,佛光大學,02299015,文化資產與創意學系,3,3,0,0,0,1,0,1,0,1,0,0,0,2,2,0,3,3,0
109,私立,一般大學,1050,佛光大學,02311007,外國語文學系,3,1,2,0,0,0,0,0,0,1,2,0,0,0,0,0,3,1,2
109,私立,一般大學,1050,佛光大學,02322006,中國文學與應用學系,2,1,1,0,0,0,0,1,1,0,0,0,0,2,1,1,2,1,1
109,私立,一般大學,1050,佛光大學,03111020,應用經濟學系,2,2,0,0,0,1,0,1,0,0,0,0,0,2,2,0,2,2,0
109,私立,一般大學,1050,佛光大學,03131024,心理學系,5,4,1,1,0,0,0,0,0,3,1,0,0,1,1,0,5,4,1
109,私立,一般大學,1050,佛光大學,03141023,未來與樂活產業學系,8,5,3,0,0,0,0,5,0,0,3,0,0,5,5,0,8,5,3
109,私立,一般大學,1050,佛光大學,03141035,社會學暨社會工作學系,2,0,2,0,0,0,0,0,2,0,0,0,0,2,0,2,2,0,2
109,私立,一般大學,1050,佛光大學,03211028,傳播學系,7,6,1,0,0,0,0,5,0,1,1,0,0,5,5,0,7,6,1
109,私立,一般大學,1050,佛光大學,04131030,管理學系,6,6,0,0,0,3,0,1,0,2,0,0,0,4,4,0,6,6,0
109,私立,一般大學,1050,佛光大學,04134025,公共事務學系,10,9,1,3,0,3,0,3,1,0,0,0,0,10,9,1,10,9,1
109,私立,一般大學,1050,佛光大學,06134032,資訊應用學系,1,1,0,0,0,0,0,1,0,0,0,0,0,1,1,0,1,1,0
109,私立,一般大學,1050,佛光大學,10131036,健康與創意蔬食產業學系,4,4,0,0,0,0,0,3,0,1,0,0,0,3,3,0,4,4,0
109,私立,一般大學,1050,佛光大學,99999Z01,通識教育委員會,34,23,11,0,0,5,0,8,5,10,6,0,0,18,13,5,34,23,11
109,私立,技專校院,1051,台南家專學校財團法人台南應用科技大學,02112012,視覺傳達設計系,15,7,8,0,0,1,0,2,1,4,7,0,0,4,3,1,15,7,8
109,私立,技專校院,1051,台南家專學校財團法人台南應用科技大學,02112013,多媒體動畫系,12,6,6,0,0,0,0,1,0,5,6,0,0,1,1,0,12,6,6
109,私立,技專校院,1051,台南家專學校財團法人台南應用科技大學,02122010,時尚設計系,8,5,3,0,0,0,0,0,1,5,2,0,0,1,0,1,8,5,3
109,私立,技專校院,1051,台南家專學校財團法人台南應用科技大學,02122046,漫畫學士學位學程,8,3,5,0,0,0,0,1,2,2,3,0,0,3,1,2,8,3,5
109,私立,技專校院,1051,台南家專學校財團法人台南應用科技大學,02123014,商品設計系,17,12,5,0,0,0,0,4,0,8,5,0,0,4,4,0,17,12,5
109,私立,技專校院,1051,台南家專學校財團法人台南應用科技大學,02124015,室內設計系,17,11,6,0,0,3,0,1,0,7,6,0,0,4,4,0,17,11,6
109,私立,技專校院,1051,台南家專學校財團法人台南應用科技大學,02125042,服飾設計管理系,14,4,10,0,0,0,0,2,1,2,9,0,0,3,2,1,14,4,10
109,私立,技專校院,1051,台南家專學校財團法人台南應用科技大學,02131001,美術系,39,20,19,0,0,0,0,4,1,16,18,0,0,5,4,1,39,20,19
109,私立,技專校院,1051,台南家專學校財團法人台南應用科技大學,02151003,音樂系,114,38,76,2,0,0,4,13,32,23,40,0,0,51,15,36,114,38,76
109,私立,技專校院,1051,台南家專學校財團法人台南應用科技大學,02151004,流行音樂學士學位學程,34,22,12,0,0,0,0,2,3,20,9,0,0,5,2,3,34,22,12
109,私立,技專校院,1051,台南家專學校財團法人台南應用科技大學,02152005,舞蹈系,36,7,29,0,0,0,1,1,2,6,26,0,0,4,1,3,36,7,29
109,私立,技專校院,1051,台南家專學校財團法人台南應用科技大學,02311009,應用英語系,27,9,18,0,0,0,0,2,0,7,18,0,0,2,2,0,27,9,18
109,私立,技專校院,1051,台南家專學校財團法人台南應用科技大學,04111018,會計資訊系,2,0,2,0,0,0,0,0,0,0,2,0,0,0,0,0,2,0,2
109,私立,技專校院,1051,台南家專學校財團法人台南應用科技大學,04121025,財務金融系,3,1,2,0,0,0,0,1,0,0,2,0,0,1,1,0,3,1,2
109,私立,技專校院,1051,台南家專學校財團法人台南應用科技大學,04131021,企業管理系,9,5,4,0,0,0,0,1,2,4,2,0,0,3,1,2,9,5,4
109,私立,技專校院,1051,台南家專學校財團法人台南應用科技大學,04141023,國際企業經營系,7,6,1,0,0,0,0,0,0,6,1,0,0,0,0,0,7,6,1
109,私立,技專校院,1051,台南家專學校財團法人台南應用科技大學,06131027,資訊管理系,14,11,3,0,0,0,0,1,0,10,3,0,0,1,1,0,14,11,3
109,私立,技專校院,1051,台南家專學校財團法人台南應用科技大學,09221029,幼兒保育系,16,4,12,0,0,0,0,1,2,3,10,0,0,3,1,2,16,4,12
109,私立,技專校院,1051,台南家專學校財團法人台南應用科技大學,10111038,生活服務產業系,9,6,3,0,0,1,0,0,0,5,3,0,0,1,1,0,9,6,3
109,私立,技專校院,1051,台南家專學校財團法人台南應用科技大學,10121044,美容造型設計系,22,7,15,0,0,0,0,3,2,4,13,0,0,5,3,2,22,7,15
109,私立,技專校院,1051,台南家專學校財團法人台南應用科技大學,10131030,旅館管理系,14,7,7,0,0,0,1,1,1,6,5,0,0,3,1,2,14,7,7
109,私立,技專校院,1051,台南家專學校財團法人台南應用科技大學,10131032,餐飲系,15,9,6,0,0,0,0,1,0,8,6,0,0,1,1,0,15,9,6
109,私立,技專校院,1051,台南家專學校財團法人台南應用科技大學,10152033,運動休閒與健康管理系,20,15,5,0,0,0,0,6,3,9,2,0,0,9,6,3,20,15,5
109,私立,技專校院,1051,台南家專學校財團法人台南應用科技大學,10152034,養生休閒管理學位學程,5,2,3,0,0,0,0,1,1,1,2,0,0,2,1,1,5,2,3
109,私立,技專校院,1051,台南家專學校財團法人台南應用科技大學,99999Z05,師資培育中心,3,1,2,0,0,1,0,0,0,0,2,0,0,1,1,0,3,1,2
109,私立,技專校院,1052,遠東科技大學,02112038,數位媒體設計系,4,3,1,0,0,0,0,0,0,3,1,0,0,0,0,0,4,3,1
109,私立,技專校院,1052,遠東科技大學,02122004,多媒體與遊戲發展管理系,1,1,0,0,0,0,0,0,0,1,0,0,0,0,0,0,1,1,0
109,私立,技專校院,1052,遠東科技大學,02123042,創新商品設計與創業管理系,3,3,0,0,0,0,0,1,0,2,0,0,0,1,1,0,3,3,0
109,私立,技專校院,1052,遠東科技大學,02151036,流行音樂產業管理系,18,13,5,1,0,0,0,1,1,11,4,0,0,3,2,1,18,13,5
109,私立,技專校院,1052,遠東科技大學,04131007,企業管理系,35,28,7,0,0,1,0,7,2,20,5,0,0,10,8,2,35,28,7
109,私立,技專校院,1052,遠東科技大學,04132011,行銷與流通管理系,6,4,2,0,0,0,0,2,0,2,2,0,0,2,2,0,6,4,2
109,私立,技專校院,1052,遠東科技大學,06121020,資訊工程系,1,0,1,0,0,0,0,0,0,0,1,0,0,0,0,0,1,0,1
109,私立,技專校院,1052,遠東科技大學,07132035,冷凍空調與能源系,4,4,0,0,0,0,0,1,0,3,0,0,0,1,1,0,4,4,0
109,私立,技專校院,1052,遠東科技大學,07141017,電機工程系,2,2,0,0,0,0,0,1,0,1,0,0,0,1,1,0,2,2,0
109,私立,技專校院,1052,遠東科技大學,07151022,機械工程系,16,16,0,0,0,0,0,7,0,9,0,0,0,7,7,0,16,16,0
109,私立,技專校院,1052,遠東科技大學,07321041,營建工程系,7,6,1,0,0,3,0,0,0,3,1,0,0,3,3,0,7,6,1
109,私立,技專校院,1052,遠東科技大學,10121034,化妝品應用與管理系,6,2,4,0,0,0,0,0,1,2,3,0,0,1,0,1,6,2,4
109,私立,技專校院,1052,遠東科技大學,10131031,餐飲管理系,27,14,13,0,0,0,0,4,2,10,11,0,0,6,4,2,27,14,13
109,私立,技專校院,1052,遠東科技大學,10151032,旅遊事業管理系,20,17,3,0,0,1,0,2,1,14,2,0,0,4,3,1,20,17,3
109,私立,技專校院,1052,遠東科技大學,10152033,休閒運動管理系,6,4,2,0,0,0,0,1,0,3,2,0,0,1,1,0,6,4,2
109,私立,技專校院,1052,遠東科技大學,99999Z01,通識教育中心,12,9,3,0,0,0,0,0,0,9,3,0,0,0,0,0,12,9,3
109,私立,技專校院,1053,光宇學校財團法人元培醫事科技大學,02122044,茶陶文創學士學位學程,23,13,10,2,0,1,0,4,2,6,8,0,0,9,7,2,23,13,10
109,私立,技專校院,1053,光宇學校財團法人元培醫事科技大學,02311041,應用外語系,11,2,9,0,0,0,0,1,2,1,7,0,0,3,1,2,11,2,9
109,私立,技專校院,1053,光宇學校財團法人元培醫事科技大學,04131003,企業管理系,6,4,2,0,0,0,0,2,0,2,2,0,0,2,2,0,6,4,2
109,私立,技專校院,1053,光宇學校財團法人元培醫事科技大學,04133007,醫務管理系,17,13,4,1,0,0,0,9,1,3,3,0,0,11,10,1,17,13,4
109,私立,技專校院,1053,光宇學校財團法人元培醫事科技大學,06131012,資訊管理系,5,5,0,0,0,1,0,2,0,2,0,0,0,3,3,0,5,5,0
109,私立,技專校院,1053,光宇學校財團法人元培醫事科技大學,07121015,環境工程衛生系,14,10,4,0,0,1,1,5,2,4,1,0,0,9,6,3,14,10,4
109,私立,技專校院,1053,光宇學校財團法人元培醫事科技大學,07193016,生物醫學工程系,3,2,1,2,0,0,0,0,0,0,1,0,0,2,2,0,3,2,1
109,私立,技專校院,1053,光宇學校財團法人元培醫事科技大學,08112042,寵物保健學士學位學程,8,7,1,0,0,0,0,3,0,4,1,0,0,3,3,0,8,7,1
109,私立,技專校院,1053,光宇學校財團法人元培醫事科技大學,09131022,護理系,26,5,21,0,0,1,0,1,2,3,19,0,0,4,2,2,26,5,21
109,私立,技專校院,1053,光宇學校財團法人元培醫事科技大學,09141027,醫學檢驗生物技術系,9,7,2,0,0,1,0,2,2,4,0,0,0,5,3,2,9,7,2
109,私立,技專校院,1053,光宇學校財團法人元培醫事科技大學,09141029,視光系,14,11,3,1,0,0,0,1,1,9,2,0,0,3,2,1,14,11,3
109,私立,技專校院,1053,光宇學校財團法人元培醫事科技大學,09141030,醫學影像暨放射技術系,18,11,7,0,0,0,0,4,1,7,6,0,0,5,4,1,18,11,7
109,私立,技專校院,1053,光宇學校財團法人元培醫事科技大學,09161034,生物科技暨製藥技術系,7,6,1,0,1,2,0,4,0,0,0,0,0,7,6,1,7,6,1
109,私立,技專校院,1053,光宇學校財團法人元培醫事科技大學,09211035,高齡福祉事業管理學士學位學程,4,1,3,0,0,0,0,0,0,1,3,0,0,0,0,0,4,1,3
109,私立,技專校院,1053,光宇學校財團法人元培醫事科技大學,10131036,餐飲管理系,20,12,8,0,0,0,0,2,2,10,6,0,0,4,2,2,20,12,8
109,私立,技專校院,1053,光宇學校財團法人元培醫事科技大學,10152038,健康休閒管理系,16,8,8,0,0,1,0,0,0,7,8,0,0,1,1,0,16,8,8
109,私立,技專校院,1053,光宇學校財團法人元培醫事科技大學,99999Z01,通識(教育)中心,17,8,9,0,0,1,2,2,2,5,5,0,0,7,3,4,17,8,9
109,私立,技專校院,1053,光宇學校財團法人元培醫事科技大學,99999Z07,體育室,1,1,0,0,0,0,0,0,0,1,0,0,0,0,0,0,1,1,0
109,私立,技專校院,1054,景文科技大學,02112005,視覺傳達設計學系,10,9,1,1,0,1,0,4,1,3,0,0,0,7,6,1,10,9,1
109,私立,技專校院,1054,景文科技大學,02311001,應用外語系,7,1,6,0,0,0,0,1,2,0,4,0,0,3,1,2,7,1,6
109,私立,技專校院,1054,景文科技大學,04131007,企業管理(學)系,7,6,1,0,0,0,0,3,1,3,0,0,0,4,3,1,7,6,1
109,私立,技專校院,1054,景文科技大學,04132014,行銷與流通管理系,1,1,0,0,0,0,0,0,0,1,0,0,0,0,0,0,1,1,0
109,私立,技專校院,1054,景文科技大學,06131030,行動商務與多媒體應用系,1,1,0,0,0,1,0,0,0,0,0,0,0,1,1,0,1,1,0
109,私立,技專校院,1054,景文科技大學,07141017,資訊工程學系,1,1,0,0,0,0,0,1,0,0,0,0,0,1,1,0,1,1,0
109,私立,技專校院,1054,景文科技大學,07141018,電腦與通訊系,5,5,0,1,0,0,0,1,0,3,0,0,0,2,2,0,5,5,0
109,私立,技專校院,1054,景文科技大學,10131019,旅館管理系,11,5,6,0,0,0,0,1,0,4,6,0,0,1,1,0,11,5,6
109,私立,技專校院,1054,景文科技大學,10131020,餐飲管理學系,28,21,7,1,0,0,0,8,2,12,5,0,0,11,9,2,28,21,7
109,私立,技專校院,1054,景文科技大學,10141031,電競產業經營學士學位學程,1,1,0,0,0,0,0,0,0,1,0,0,0,0,0,0,1,1,0
109,私立,技專校院,1054,景文科技大學,10151023,旅遊管理系,8,5,3,0,0,0,0,0,0,5,3,0,0,0,0,0,8,5,3
109,私立,技專校院,1054,景文科技大學,99999Z01,通識(教育)中心,20,8,12,1,0,1,0,1,4,5,8,0,0,7,3,4,20,8,12
109,私立,技專校院,1055,中華醫事科技大學,04133002,醫務暨健康事業管理系,5,3,2,0,0,0,0,1,1,2,1,0,0,2,1,1,5,3,2
109,私立,技專校院,1055,中華醫事科技大學,05121005,生物醫學保健科,4,2,2,0,0,0,0,2,0,0,2,0,0,2,2,0,4,2,2
109,私立,技專校院,1055,中華醫事科技大學,05121006,生物醫學研究所,1,0,1,0,0,0,0,0,1,0,0,0,0,1,0,1,1,0,1
109,私立,技專校院,1055,中華醫事科技大學,05191017,食品營養系,29,10,19,0,0,2,2,3,3,5,14,0,0,10,5,5,29,10,19
109,私立,技專校院,1055,中華醫事科技大學,06131003,數位設計與資訊管理系,2,1,1,0,0,1,0,0,0,0,1,0,0,1,1,0,2,1,1
109,私立,技專校院,1055,中華醫事科技大學,07121009,環境與安全衛生工程系,3,1,2,0,0,0,0,0,1,1,1,0,0,1,0,1,3,1,2
109,私立,技專校院,1055,中華醫事科技大學,07199015,製藥工程系,6,6,0,1,0,0,0,1,0,4,0,0,0,2,2,0,6,6,0
109,私立,技專校院,1055,中華醫事科技大學,09131018,護理系,44,14,30,2,1,1,1,3,3,8,25,0,0,11,6,5,44,14,30
109,私立,技專校院,1055,中華醫事科技大學,09141021,醫學檢驗生物技術系,23,15,8,0,0,2,0,6,3,7,5,0,0,11,8,3,23,15,8
109,私立,技專校院,1055,中華醫事科技大學,09141022,視光系,35,33,2,0,0,1,0,12,0,20,2,0,0,13,13,0,35,33,2
109,私立,技專校院,1055,中華醫事科技大學,09153031,語言治療系,1,0,1,0,0,0,0,0,0,0,1,0,0,0,0,0,1,0,1
109,私立,技專校院,1055,中華醫事科技大學,09171016,調理保健技術系,9,6,3,1,0,0,0,1,0,4,3,0,0,2,2,0,9,6,3
109,私立,技專校院,1055,中華醫事科技大學,09191013,職業安全衛生系,12,10,2,0,0,0,0,6,0,4,2,0,0,6,6,0,12,10,2
109,私立,技專校院,1055,中華醫事科技大學,09199019,長期照顧經營管理系,7,2,5,0,0,0,0,0,1,2,4,0,0,1,0,1,7,2,5
109,私立,技專校院,1055,中華醫事科技大學,09221024,幼兒保育系,6,3,3,0,0,1,0,0,1,2,2,0,0,2,1,1,6,3,3
109,私立,技專校院,1055,中華醫事科技大學,10121027,化妝品應用與管理系,3,0,3,0,0,0,0,0,0,0,3,0,0,0,0,0,3,0,3
109,私立,技專校院,1055,中華醫事科技大學,10131025,餐旅管理系,7,5,2,0,0,1,0,0,0,4,2,0,0,1,1,0,7,5,2
109,私立,技專校院,1055,中華醫事科技大學,10199029,寵物照護與美容科,9,3,6,0,0,0,0,0,0,3,6,0,0,0,0,0,9,3,6
109,私立,技專校院,1055,中華醫事科技大學,10221032,消防安全學士學位學程,8,7,1,0,0,0,0,1,0,6,1,0,0,1,1,0,8,7,1
109,私立,技專校院,1055,中華醫事科技大學,99999Z01,通識中心,56,27,29,1,0,3,3,4,3,19,23,0,0,14,8,6,56,27,29
109,私立,技專校院,1056,東南科技大學,02111003,數位媒體設計系,8,5,3,0,0,0,0,0,1,5,2,0,0,1,0,1,8,5,3
109,私立,技專校院,1056,東南科技大學,02112041,數位遊戲設計系,3,2,1,0,0,0,0,0,0,2,1,0,0,0,0,0,3,2,1
109,私立,技專校院,1056,東南科技大學,02123004,創意產品設計系,7,7,0,0,0,1,0,0,0,6,0,0,0,1,1,0,7,7,0
109,私立,技專校院,1056,東南科技大學,02124005,室內設計系,18,11,7,0,0,0,0,1,1,10,6,0,0,2,1,1,18,11,7
109,私立,技專校院,1056,東南科技大學,02152001,表演藝術系,8,3,5,0,0,0,0,1,0,2,5,0,0,1,1,0,8,3,5
109,私立,技專校院,1056,東南科技大學,02311002,應用英語(文)系,2,0,2,0,0,0,0,0,0,0,2,0,0,0,0,0,2,0,2
109,私立,技專校院,1056,東南科技大學,04199008,產業經營管理研究所,1,1,0,0,0,0,0,1,0,0,0,0,0,1,1,0,1,1,0
109,私立,技專校院,1056,東南科技大學,06131009,資訊科技系,1,0,1,0,0,0,0,0,0,0,1,0,0,0,0,0,1,0,1
109,私立,技專校院,1056,東南科技大學,07141011,電機工程(學)系,1,1,0,0,0,0,0,1,0,0,0,0,0,1,1,0,1,1,0
109,私立,技專校院,1056,東南科技大學,07141012,電子工程(學)系,2,1,1,0,0,0,0,1,0,0,1,0,0,1,1,0,2,1,1
109,私立,技專校院,1056,東南科技大學,07151013,機械工程(學)系,27,27,0,0,0,0,0,6,0,21,0,0,0,6,6,0,27,27,0
109,私立,技專校院,1056,東南科技大學,07321015,營建與空間設計系,2,2,0,0,0,1,0,1,0,0,0,0,0,2,2,0,2,2,0
109,私立,技專校院,1056,東南科技大學,10131019,餐旅管理系,18,12,6,0,0,0,0,0,0,12,6,0,0,0,0,0,18,12,6
109,私立,技專校院,1056,東南科技大學,10151042,觀光系,10,7,3,0,0,0,0,1,0,6,3,0,0,1,1,0,10,7,3
109,私立,技專校院,1056,東南科技大學,10152021,休閒事業管理系,17,11,6,0,0,0,0,2,2,9,4,0,0,4,2,2,17,11,6
109,私立,技專校院,1056,東南科技大學,99999Z01,通識(教育)中心,9,6,3,0,0,0,2,0,0,6,1,0,0,2,0,2,9,6,3
109,私立,技專校院,1057,德明財經科技大學,02112002,多媒體設計系,10,8,2,0,0,0,0,5,1,3,1,0,0,6,5,1,10,8,2
109,私立,技專校院,1057,德明財經科技大學,02311001,應用外語系,27,12,15,0,0,0,1,2,3,10,11,0,0,6,2,4,27,12,15
109,私立,技專校院,1057,德明財經科技大學,04111003,會計資訊系,9,5,4,0,0,0,0,2,0,3,4,0,0,2,2,0,9,5,4
109,私立,技專校院,1057,德明財經科技大學,04121008,財務金融系(含財務金融系理財與稅務管理碩士班),15,13,2,0,0,1,0,4,1,8,1,0,0,6,5,1,15,13,2
109,私立,技專校院,1057,德明財經科技大學,04122012,財政稅務系,4,2,2,1,0,0,0,1,1,0,1,0,0,3,2,1,4,2,2
109,私立,技專校院,1057,德明財經科技大學,04123023,風險管理與財富規劃系,7,4,3,0,0,0,1,0,0,4,2,0,0,1,0,1,7,4,3
109,私立,技專校院,1057,德明財經科技大學,04131006,企業管理系(科),23,17,6,0,0,2,2,5,1,10,3,0,0,10,7,3,23,17,6
109,私立,技專校院,1057,德明財經科技大學,04132014,流通管理系(含碩士班),7,6,1,0,0,1,0,0,0,5,1,0,0,1,1,0,7,6,1
109,私立,技專校院,1057,德明財經科技大學,04141007,國際貿易系,19,13,6,1,0,3,1,2,1,7,4,0,0,8,6,2,19,13,6
109,私立,技專校院,1057,德明財經科技大學,04143013,行銷管理系(含碩士班、碩士在職專班),29,23,6,1,0,5,0,6,4,11,2,0,0,16,12,4,29,23,6
109,私立,技專校院,1057,德明財經科技大學,04199017,不動產投資與經營學位學程,1,1,0,0,0,1,0,0,0,0,0,0,0,1,1,0,1,1,0
109,私立,技專校院,1057,德明財經科技大學,04199018,連鎖加盟經營管理學位學程,3,3,0,0,0,0,0,1,0,2,0,0,0,1,1,0,3,3,0
109,私立,技專校院,1057,德明財經科技大學,06131019,資訊科技系,5,5,0,0,0,4,0,1,0,0,0,0,0,5,5,0,5,5,0
109,私立,技專校院,1057,德明財經科技大學,06131021,資訊管理系(含碩士在職專班),8,6,2,0,0,1,0,0,1,5,1,0,0,2,1,1,8,6,2
109,私立,技專校院,1057,德明財經科技大學,99999Z01,通識教育中心,44,25,19,2,0,0,0,8,4,15,15,0,0,14,10,4,44,25,19
109,私立,技專校院,1057,德明財經科技大學,99999Z07,體育室,9,7,2,1,0,1,0,0,1,5,1,0,0,3,2,1,9,7,2
109,私立,一般大學,1058,明道學校財團法人明道大學,01115001,課程與教學研究所,1,1,0,0,0,0,0,1,0,0,0,0,0,1,1,0,1,1,0
109,私立,一般大學,1058,明道學校財團法人明道大學,02111010,數位設計學系,12,9,3,0,0,0,0,1,0,8,3,0,0,1,1,0,12,9,3
109,私立,一般大學,1058,明道學校財團法人明道大學,02125007,時尚造形學系,2,0,2,0,0,0,0,0,1,0,1,0,0,1,0,1,2,0,2
109,私立,一般大學,1058,明道學校財團法人明道大學,02299043,中華文化與傳播學系,6,5,1,2,0,0,0,3,1,0,0,0,0,6,5,1,6,5,1
109,私立,一般大學,1058,明道學校財團法人明道大學,02311044,應用外語學系,2,1,1,0,0,0,0,0,0,1,1,0,0,0,0,0,2,1,1
109,私立,一般大學,1058,明道學校財團法人明道大學,04131013,企業管理學系,10,6,4,0,0,4,0,1,2,1,2,0,0,7,5,2,10,6,4
109,私立,一般大學,1058,明道學校財團法人明道大學,07112032,材料與能源工程學系,1,1,0,0,0,0,0,1,0,0,0,0,0,1,1,0,1,1,0
109,私立,一般大學,1058,明道學校財團法人明道大學,07312035,景觀與環境設計學系,5,5,0,0,0,0,0,2,0,3,0,0,0,2,2,0,5,5,0
109,私立,一般大學,1058,明道學校財團法人明道大學,08111037,精緻農業學系,7,6,1,1,0,1,1,1,0,3,0,0,0,4,3,1,7,6,1
109,私立,一般大學,1058,明道學校財團法人明道大學,10131039,餐旅管理學系,10,4,6,0,0,0,0,2,4,2,2,0,0,6,2,4,10,4,6
109,私立,一般大學,1058,明道學校財團法人明道大學,10152040,休閒保健學系,10,6,4,0,0,1,0,2,0,3,4,0,0,3,3,0,10,6,4
109,私立,一般大學,1058,明道學校財團法人明道大學,99999Z01,通識教育中心,24,14,10,0,0,1,1,5,1,8,8,0,0,8,6,2,24,14,10
109,私立,技專校院,1060,南開科技大學,02122003,文化創意與設計系,2,2,0,0,0,1,0,0,0,1,0,0,0,1,1,0,2,2,0
109,私立,技專校院,1060,南開科技大學,02311001,應用外語系,1,0,1,0,0,0,0,0,0,0,1,0,0,0,0,0,1,0,1
109,私立,技專校院,1060,南開科技大學,04131004,企業管理(學)系,12,8,4,0,0,0,0,1,2,7,2,0,0,3,1,2,12,8,4
109,私立,技專校院,1060,南開科技大學,04143007,行銷與流通管理系,8,5,3,0,0,0,0,0,1,5,2,0,0,1,0,1,8,5,3
109,私立,技專校院,1060,南開科技大學,06131011,資訊管理(學)系,2,2,0,0,0,1,0,1,0,0,0,0,0,2,2,0,2,2,0
109,私立,技專校院,1060,南開科技大學,07141021,電機與資訊技術系,10,10,0,0,0,1,0,4,0,5,0,0,0,5,5,0,10,10,0
109,私立,技專校院,1060,南開科技大學,07151018,自動化(控制)工程系,7,7,0,0,0,3,0,0,0,4,0,0,0,3,3,0,7,7,0
109,私立,技專校院,1060,南開科技大學,07151023,機械工程(學)系,18,15,3,1,0,0,1,2,0,12,2,0,0,4,3,1,18,15,3
109,私立,技專校院,1060,南開科技大學,07191008,工業管理系,2,2,0,0,0,0,0,0,0,2,0,0,0,0,0,0,2,2,0
109,私立,技專校院,1060,南開科技大學,09211028,福祉科技與服務管理系,9,3,6,1,0,0,0,1,4,1,2,0,0,6,2,4,9,3,6
109,私立,技專校院,1060,南開科技大學,10131030,餐飲管理系,4,2,2,0,0,0,0,1,0,1,2,0,0,1,1,0,4,2,2
109,私立,技專校院,1060,南開科技大學,10131033,休閒事業管理系,11,7,4,0,0,0,0,4,0,3,4,0,0,4,4,0,11,7,4
109,私立,技專校院,1060,南開科技大學,99999Z01,通識(教育)中心,3,1,2,0,0,0,0,0,1,1,1,0,0,1,0,1,3,1,2
109,私立,技專校院,1060,南開科技大學,99999Z08,外語教學中心,5,2,3,0,0,0,0,1,0,1,3,0,0,1,1,0,5,2,3
109,私立,技專校院,1061,中華學校財團法人中華科技大學,02122002,文創與數位多媒體系,2,2,0,0,0,0,0,0,0,2,0,0,0,0,0,0,2,2,0
109,私立,技專校院,1061,中華學校財團法人中華科技大學,04131003,企業管理系,2,0,2,0,0,0,0,0,0,0,2,0,0,0,0,0,2,0,2
109,私立,技專校院,1061,中華學校財團法人中華科技大學,05121010,生物科技系,6,3,3,0,0,0,0,0,1,3,2,0,0,1,0,1,6,3,3
109,私立,技專校院,1061,中華學校財團法人中華科技大學,06131012,資訊管理系,4,4,0,0,0,1,0,0,0,3,0,0,0,1,1,0,4,4,0
109,私立,技專校院,1061,中華學校財團法人中華科技大學,07141013,電機工程系,6,6,0,0,0,0,0,2,0,4,0,0,0,2,2,0,6,6,0
109,私立,技專校院,1061,中華學校財團法人中華科技大學,07141014,電子工程系,7,6,1,1,0,0,0,2,0,3,1,0,0,3,3,0,7,6,1
109,私立,技專校院,1061,中華學校財團法人中華科技大學,07151017,機械工程系,18,16,2,0,0,3,0,0,1,13,1,0,0,4,3,1,18,16,2
109,私立,技專校院,1061,中華學校財團法人中華科技大學,07162015,航空電子系,6,6,0,0,0,0,0,2,0,4,0,0,0,2,2,0,6,6,0
109,私立,技專校院,1061,中華學校財團法人中華科技大學,07162019,航空機械系,14,13,1,0,0,4,0,5,0,4,1,0,0,9,9,0,14,13,1
109,私立,技專校院,1061,中華學校財團法人中華科技大學,07311025,建築系,8,8,0,0,0,0,0,1,0,7,0,0,0,1,1,0,8,8,0
109,私立,技專校院,1061,中華學校財團法人中華科技大學,07321021,土木工程系,1,1,0,0,0,1,0,0,0,0,0,0,0,1,1,0,1,1,0
109,私立,技專校院,1061,中華學校財團法人中華科技大學,10131029,餐飲管理系,2,2,0,0,0,0,0,0,0,2,0,0,0,0,0,0,2,2,0
109,私立,技專校院,1061,中華學校財團法人中華科技大學,10151035,觀光事業系,5,1,4,0,0,0,0,0,0,1,4,0,0,0,0,0,5,1,4
109,私立,技專校院,1061,中華學校財團法人中華科技大學,99999Z01,通識(教育)中心,9,2,7,0,0,0,0,0,0,2,7,0,0,0,0,0,9,2,7
109,私立,技專校院,1062,僑光科技大學,02122004,生活創意設計系,16,8,8,0,0,0,0,0,3,8,5,0,0,3,0,3,16,8,8
109,私立,技專校院,1062,僑光科技大學,02123005,電腦輔助工業設計系,15,13,2,0,0,0,0,4,0,9,2,0,0,4,4,0,15,13,2
109,私立,技專校院,1062,僑光科技大學,02311003,應用英語系,10,3,7,0,0,0,0,0,1,3,6,0,0,1,0,1,10,3,7
109,私立,技專校院,1062,僑光科技大學,04121013,財務金融系,9,5,4,0,0,0,0,0,0,5,4,0,0,0,0,0,9,5,4
109,私立,技專校院,1062,僑光科技大學,04131009,企業管理系,16,11,5,1,0,0,1,1,2,9,2,0,0,5,2,3,16,11,5
109,私立,技專校院,1062,僑光科技大學,04132016,行銷與流通管理系,22,20,2,1,0,0,0,5,0,14,2,0,0,6,6,0,22,20,2
109,私立,技專校院,1062,僑光科技大學,04141011,國際貿易系,10,4,6,0,0,0,1,1,1,3,4,0,0,3,1,2,10,4,6
109,私立,技專校院,1062,僑光科技大學,04212018,財經法律系,8,4,4,0,0,0,1,1,1,3,2,0,0,3,1,2,8,4,4
109,私立,技專校院,1062,僑光科技大學,06131019,資訊科技系,5,5,0,1,0,0,0,0,0,4,0,0,0,1,1,0,5,5,0
109,私立,技專校院,1062,僑光科技大學,06133021,多媒體與遊戲設計系,10,8,2,0,1,0,0,0,0,8,1,0,0,1,0,1,10,8,2
109,私立,技專校院,1062,僑光科技大學,10131024,餐飲管理系,16,9,7,0,0,0,0,1,1,8,6,0,0,2,1,1,16,9,7
109,私立,技專校院,1062,僑光科技大學,10131025,旅館與會展管理系,12,5,7,1,0,0,0,1,0,3,7,0,0,2,2,0,12,5,7
109,私立,技專校院,1062,僑光科技大學,10151026,觀光與休閒事業管理系,22,12,10,0,0,0,0,2,1,10,9,0,0,3,2,1,22,12,10
109,私立,技專校院,1062,僑光科技大學,99999Z01,通識教育中心,91,47,44,0,0,2,1,13,6,32,37,0,0,22,15,7,91,47,44
109,私立,技專校院,1063,廣亞學校財團法人育達科技大學,02122007,時尚造型設計系,7,1,6,0,0,1,0,0,0,0,6,0,0,1,1,0,7,1,6
109,私立,技專校院,1063,廣亞學校財團法人育達科技大學,04143022,行銷與流通管理系,7,6,1,0,0,0,0,2,0,4,1,0,0,2,2,0,7,6,1
109,私立,技專校院,1063,廣亞學校財團法人育達科技大學,06111032,物聯網工程與應用學士學位學程,2,2,0,0,0,0,0,0,0,2,0,0,0,0,0,0,2,2,0
109,私立,技專校院,1063,廣亞學校財團法人育達科技大學,06131024,資訊管理系,14,12,2,0,0,0,0,3,0,9,2,0,0,3,3,0,14,12,2
109,私立,技專校院,1063,廣亞學校財團法人育達科技大學,09221028,幼兒保育系,7,3,4,0,0,0,1,1,0,2,3,0,0,2,1,1,7,3,4
109,私立,技專校院,1063,廣亞學校財團法人育達科技大學,09231027,健康照顧社會工作系,7,3,4,0,0,1,0,0,0,2,4,0,0,1,1,0,7,3,4
109,私立,技專校院,1063,廣亞學校財團法人育達科技大學,10131029,餐旅經營系,5,3,2,0,0,2,0,0,0,1,2,0,0,2,2,0,5,3,2
109,私立,技專校院,1063,廣亞學校財團法人育達科技大學,10151038,觀光休閒管理系,25,18,7,1,0,0,0,4,0,13,7,0,0,5,5,0,25,18,7
109,私立,技專校院,1063,廣亞學校財團法人育達科技大學,10152030,休閒運動管理系,2,1,1,0,0,0,0,0,0,1,1,0,0,0,0,0,2,1,1
109,私立,技專校院,1063,廣亞學校財團法人育達科技大學,99999Z01,通識教育中心,19,11,8,1,0,2,1,2,2,6,5,0,0,8,5,3,19,11,8
109,私立,技專校院,1064,美和學校財團法人美和科技大學,02299002,文化創意系,3,1,2,0,0,0,0,0,0,1,2,0,0,0,0,0,3,1,2
109,私立,技專校院,1064,美和學校財團法人美和科技大學,04131004,企業管理系,20,14,6,1,0,0,0,3,0,10,6,0,0,4,4,0,20,14,6
109,私立,技專校院,1064,美和學校財團法人美和科技大學,04133007,健康事業管理系,16,8,8,0,0,0,0,2,1,6,7,0,0,3,2,1,16,8,8
109,私立,技專校院,1064,美和學校財團法人美和科技大學,05121008,生物科技系,5,5,0,2,0,0,0,2,0,1,0,0,0,4,4,0,5,5,0
109,私立,技專校院,1064,美和學校財團法人美和科技大學,05191012,食品營養系,28,17,11,2,0,0,0,4,1,11,10,0,0,7,6,1,28,17,11
109,私立,技專校院,1064,美和學校財團法人美和科技大學,06121011,資訊管理系,4,4,0,0,0,0,0,0,0,4,0,0,0,0,0,0,4,4,0
109,私立,技專校院,1064,美和學校財團法人美和科技大學,09131013,護理系,70,15,55,0,0,3,1,2,5,10,49,0,0,11,5,6,70,15,55
109,私立,技專校院,1064,美和學校財團法人美和科技大學,09131013,護理科,32,17,15,1,0,1,1,0,0,15,14,0,0,3,2,1,32,17,15
109,私立,技專校院,1064,美和學校財團法人美和科技大學,09231016,社會工作系,46,19,27,1,0,2,3,2,3,14,21,0,0,11,5,6,46,19,27
109,私立,技專校院,1064,美和學校財團法人美和科技大學,10121021,美容系,36,18,18,0,0,0,0,2,0,16,18,0,0,2,2,0,36,18,18
109,私立,技專校院,1064,美和學校財團法人美和科技大學,10131018,餐旅管理系,18,14,4,0,0,0,0,1,0,13,4,0,0,1,1,0,18,14,4
109,私立,技專校院,1064,美和學校財團法人美和科技大學,10151019,觀光系,13,8,5,0,0,0,0,0,0,8,5,0,0,0,0,0,13,8,5
109,私立,技專校院,1064,美和學校財團法人美和科技大學,10152020,運動與休閒管理系,9,7,2,0,0,1,0,0,0,6,2,0,0,1,1,0,9,7,2
109,私立,技專校院,1065,吳鳳科技大學,01121023,幼兒保育系,16,0,16,0,0,0,0,0,2,0,14,0,0,2,0,2,16,0,16
109,私立,技專校院,1065,吳鳳科技大學,02112005,應用數位媒體系,16,12,4,0,0,0,0,2,0,10,4,0,0,2,2,0,16,12,4
109,私立,技專校院,1065,吳鳳科技大學,04132011,行銷與流通管理系,14,8,6,0,0,1,0,1,0,6,6,0,0,2,2,0,14,8,6
109,私立,技專校院,1065,吳鳳科技大學,04199013,安全科技與管理系,1,1,0,0,0,1,0,0,0,0,0,0,0,1,1,0,1,1,0
109,私立,技專校院,1065,吳鳳科技大學,07141016,電機工程系,20,18,2,1,0,2,0,0,0,15,2,0,0,3,3,0,20,18,2
109,私立,技專校院,1065,吳鳳科技大學,07151019,機械工程系,14,12,2,0,0,0,0,1,1,11,1,0,0,2,1,1,14,12,2
109,私立,技專校院,1065,吳鳳科技大學,09131022,長期照護系,1,1,0,0,0,0,0,0,0,1,0,0,0,0,0,0,1,1,0
109,私立,技專校院,1065,吳鳳科技大學,10131024,餐旅管理系,1,0,1,0,0,0,0,0,0,0,1,0,0,0,0,0,1,0,1
109,私立,技專校院,1065,吳鳳科技大學,10151025,觀光休閒管理系,4,2,2,0,0,0,0,1,0,1,2,0,0,1,1,0,4,2,2
109,私立,技專校院,1065,吳鳳科技大學,10152027,休閒遊憩與運動管理系,22,13,9,0,0,0,0,2,0,11,9,0,0,2,2,0,22,13,9
109,私立,技專校院,1065,吳鳳科技大學,10321029,消防系,8,8,0,0,0,2,0,0,0,6,0,0,0,2,2,0,8,8,0
109,私立,技專校院,1065,吳鳳科技大學,99999Z01,通識教育中心,16,7,9,0,0,0,2,1,0,6,7,0,0,3,1,2,16,7,9
109,私立,技專校院,1066,環球學校財團法人環球科技大學,02111038,數位媒體與產品設計系,2,2,0,0,0,0,0,0,0,2,0,0,0,0,0,0,2,2,0
109,私立,技專校院,1066,環球學校財團法人環球科技大學,02112003,視覺傳達設計系,2,2,0,0,0,0,0,0,0,2,0,0,0,0,0,0,2,2,0
109,私立,技專校院,1066,環球學校財團法人環球科技大學,04121037,東南亞經貿與數位金融管理學士學位學程,1,0,1,0,0,0,0,0,0,0,1,0,0,0,0,0,1,0,1
109,私立,技專校院,1066,環球學校財團法人環球科技大學,04131011,企業管理系,20,11,9,0,0,0,2,2,2,9,5,0,0,6,2,4,20,11,9
109,私立,技專校院,1066,環球學校財團法人環球科技大學,04143021,行銷管理系,17,12,5,1,0,0,0,2,0,9,5,0,0,3,3,0,17,12,5
109,私立,技專校院,1066,環球學校財團法人環球科技大學,07211024,生物技術系,1,1,0,0,0,0,0,1,0,0,0,0,0,1,1,0,1,1,0
109,私立,技專校院,1066,環球學校財團法人環球科技大學,09221027,幼兒保育系,11,4,7,0,0,0,0,1,1,3,6,0,0,2,1,1,11,4,7
109,私立,技專校院,1066,環球學校財團法人環球科技大學,10121036,時尚造型設計系,2,1,1,0,0,0,0,1,0,0,1,0,0,1,1,0,2,1,1
109,私立,技專校院,1066,環球學校財團法人環球科技大學,10131028,餐飲廚藝系,1,1,0,0,0,0,0,0,0,1,0,0,0,0,0,0,1,1,0
109,私立,技專校院,1066,環球學校財團法人環球科技大學,10131029,觀光與餐飲旅館系,9,5,4,0,0,1,0,0,0,4,4,0,0,1,1,0,9,5,4
109,私立,技專校院,1066,環球學校財團法人環球科技大學,10152032,運動保健與防護系,2,1,1,0,0,0,0,0,0,1,1,0,0,0,0,0,2,1,1
109,私立,技專校院,1066,環球學校財團法人環球科技大學,99999Z99,通識(教育)中心,30,18,12,0,0,0,0,7,0,11,12,0,0,7,7,0,30,18,12
109,私立,一般大學,1067,台灣首府學校財團法人台灣首府大學,01111001,教育研究所,2,1,1,0,0,0,0,1,1,0,0,0,0,2,1,1,2,1,1
109,私立,一般大學,1067,台灣首府學校財團法人台灣首府大學,01121002,幼兒教育學系,2,2,0,0,0,0,0,0,0,2,0,0,0,0,0,0,2,2,0
109,私立,一般大學,1067,台灣首府學校財團法人台灣首府大學,04131009,企業管理學系,3,2,1,0,0,0,0,0,0,2,1,0,0,0,0,0,3,2,1
109,私立,一般大學,1067,台灣首府學校財團法人台灣首府大學,04199016,休閒資訊管理學系,2,2,0,0,0,0,0,0,0,2,0,0,0,0,0,0,2,2,0
109,私立,一般大學,1067,台灣首府學校財團法人台灣首府大學,10131030,餐旅管理學系,2,1,1,0,0,0,0,0,0,1,1,0,0,0,0,0,2,1,1
109,私立,一般大學,1067,台灣首府學校財團法人台灣首府大學,10131032,烘焙管理學系,1,0,1,0,0,0,0,0,1,0,0,0,0,1,0,1,1,0,1
109,私立,一般大學,1067,台灣首府學校財團法人台灣首府大學,10151036,觀光事業管理學系,4,2,2,0,0,0,0,0,0,2,2,0,0,0,0,0,4,2,2
109,私立,一般大學,1067,台灣首府學校財團法人台灣首府大學,10152038,休閒管理學系,1,1,0,0,0,0,0,0,0,1,0,0,0,0,0,0,1,1,0
109,私立,一般大學,1067,台灣首府學校財團法人台灣首府大學,99999Z01,通識教育中心,16,8,8,0,0,0,0,3,0,5,8,0,0,3,3,0,16,8,8
109,私立,技專校院,1068,中州學校財團法人中州科技大學,02121039,時尚造型與視訊傳播系,4,0,4,0,0,0,0,0,0,0,4,0,0,0,0,0,4,0,4
109,私立,技專校院,1068,中州學校財團法人中州科技大學,04199037,觀光休閒與健康管理系,7,5,2,0,0,1,1,2,0,2,1,0,0,4,3,1,7,5,2
109,私立,技專校院,1068,中州學校財團法人中州科技大學,06131036,多媒體與遊戲科學系,8,5,3,0,0,1,0,0,0,4,3,0,0,1,1,0,8,5,3
109,私立,技專校院,1068,中州學校財團法人中州科技大學,07151035,智慧自動化工程系(含工程技術碩士班),10,10,0,0,0,4,0,1,0,5,0,0,0,5,5,0,10,10,0
109,私立,技專校院,1068,中州學校財團法人中州科技大學,07211023,保健食品系(含碩士班),4,3,1,0,0,1,0,0,0,2,1,0,0,1,1,0,4,3,1
109,私立,技專校院,1068,中州學校財團法人中州科技大學,07312022,景觀造園與維護系,1,0,1,0,0,0,0,0,0,0,1,0,0,0,0,0,1,0,1
109,私立,技專校院,1068,中州學校財團法人中州科技大學,09221032,幼兒保育與家庭服務系,12,6,6,0,0,1,0,4,0,1,6,0,0,5,5,0,12,6,6
109,私立,技專校院,1068,中州學校財團法人中州科技大學,10131027,餐飲廚藝系,4,2,2,0,0,0,0,1,0,1,2,0,0,1,1,0,4,2,2
109,私立,技專校院,1068,中州學校財團法人中州科技大學,10199038,餐旅商務行銷系,12,7,5,0,0,2,0,0,0,5,5,0,0,2,2,0,12,7,5
109,私立,技專校院,1068,中州學校財團法人中州科技大學,99999Z01,通識教育中心,11,4,7,0,0,1,0,0,2,3,5,0,0,3,1,2,11,4,7
109,私立,技專校院,1069,修平學校財團法人修平科技大學,02311003,應用英語系,2,2,0,0,0,0,0,0,0,2,0,0,0,0,0,0,2,2,0
109,私立,技專校院,1069,修平學校財團法人修平科技大學,02311004,應用日語系,11,2,9,0,0,0,0,0,2,2,7,0,0,2,0,2,11,2,9
109,私立,技專校院,1069,修平學校財團法人修平科技大學,04131030,企業經營管理系,2,1,1,0,0,0,0,1,1,0,0,0,0,2,1,1,2,1,1
109,私立,技專校院,1069,修平學校財團法人修平科技大學,04132013,行銷與流通管理系,10,8,2,0,0,0,0,2,0,6,2,0,0,2,2,0,10,8,2
109,私立,技專校院,1069,修平學校財團法人修平科技大學,04199015,人力資源管理與發展系(含碩士班),1,1,0,0,0,0,0,0,0,1,0,0,0,0,0,0,1,1,0
109,私立,技專校院,1069,修平學校財團法人修平科技大學,06131017,資訊管理系,2,1,1,0,0,0,0,0,0,1,1,0,0,0,0,0,2,1,1
109,私立,技專校院,1069,修平學校財團法人修平科技大學,07141020,電子工程系,3,3,0,0,0,0,0,1,0,2,0,0,0,1,1,0,3,3,0
109,私立,技專校院,1069,修平學校財團法人修平科技大學,07151021,機械工程系(含精密機械與製造科技碩士班),24,24,0,0,0,0,0,2,0,22,0,0,0,2,2,0,24,24,0
109,私立,技專校院,1069,修平學校財團法人修平科技大學,07191026,工業工程與管理系(含精實生產管理碩士班),8,8,0,1,0,1,0,2,0,4,0,0,0,4,4,0,8,8,0
109,私立,技專校院,1069,修平學校財團法人修平科技大學,10151029,觀光與遊憩管理系,5,3,2,0,0,0,0,1,0,2,2,0,0,1,1,0,5,3,2
109,私立,技專校院,1069,修平學校財團法人修平科技大學,99999Z01,博雅學院,50,32,18,3,0,4,2,10,2,15,14,0,0,21,17,4,50,32,18
109,私立,技專校院,1070,長庚學校財團法人長庚科技大學,05121001,健康產業科技研究所,3,3,0,0,0,2,0,0,0,1,0,0,0,2,2,0,3,3,0
109,私立,技專校院,1070,長庚學校財團法人長庚科技大學,05191003,保健營養系,8,4,4,0,0,0,0,1,0,3,4,0,0,1,1,0,8,4,4
109,私立,技專校院,1070,長庚學校財團法人長庚科技大學,09131004,護理系,39,12,27,0,0,1,0,4,2,7,25,0,0,7,5,2,39,12,27
109,私立,技專校院,1070,長庚學校財團法人長庚科技大學,09131006,呼吸照護系,6,4,2,0,0,1,0,1,2,2,0,0,0,4,2,2,6,4,2
109,私立,技專校院,1070,長庚學校財團法人長庚科技大學,09131010,高齡暨健康照護管理系,5,2,3,0,0,0,0,2,0,0,3,0,0,2,2,0,5,2,3
109,私立,技專校院,1070,長庚學校財團法人長庚科技大學,09221008,幼兒保育系,9,2,7,0,0,1,0,1,0,0,7,0,0,2,2,0,9,2,7
109,私立,技專校院,1070,長庚學校財團法人長庚科技大學,10121009,化妝品應用系,21,11,10,1,0,1,0,3,4,6,6,0,0,9,5,4,21,11,10
109,私立,技專校院,1070,長庚學校財團法人長庚科技大學,99999Z01,通識教育中心,19,12,7,0,0,1,0,4,2,7,5,0,0,7,5,2,19,12,7
109,私立,技專校院,1070,長庚學校財團法人長庚科技大學,99999Z01,通識教育學科,7,5,2,0,0,0,0,2,0,3,2,0,0,2,2,0,7,5,2
109,私立,技專校院,1071,城市學校財團法人臺北城市科技大學,02112004,數位多媒體設計系,4,3,1,0,0,0,0,0,0,3,1,0,0,0,0,0,4,3,1
109,私立,技專校院,1071,城市學校財團法人臺北城市科技大學,02151001,流行音樂事業系,2,1,1,0,0,0,0,1,0,0,1,0,0,1,1,0,2,1,1
109,私立,技專校院,1071,城市學校財團法人臺北城市科技大學,02152002,演藝事業系,5,3,2,0,0,0,0,0,0,3,2,0,0,0,0,0,5,3,2
109,私立,技專校院,1071,城市學校財團法人臺北城市科技大學,02311003,應用外語系,12,8,4,0,0,0,0,0,1,8,3,0,0,1,0,1,12,8,4
109,私立,技專校院,1071,城市學校財團法人臺北城市科技大學,04131007,企業管理系,18,11,7,0,0,1,1,3,3,7,3,0,0,8,4,4,18,11,7
109,私立,技專校院,1071,城市學校財團法人臺北城市科技大學,04132009,行銷與流通管理系,15,6,9,0,0,1,1,2,2,3,6,0,0,6,3,3,15,6,9
109,私立,技專校院,1071,城市學校財團法人臺北城市科技大學,04199Y26,商管學院,2,0,2,0,0,0,0,0,0,0,2,0,0,0,0,0,2,0,2
109,私立,技專校院,1071,城市學校財團法人臺北城市科技大學,06131012,資訊管理系,1,1,0,0,0,0,0,0,0,1,0,0,0,0,0,0,1,1,0
109,私立,技專校院,1071,城市學校財團法人臺北城市科技大學,06131015,資訊工程系,1,1,0,0,0,0,0,0,0,1,0,0,0,0,0,0,1,1,0
109,私立,技專校院,1071,城市學校財團法人臺北城市科技大學,07141013,電機工程系,6,6,0,0,0,1,0,1,0,4,0,0,0,2,2,0,6,6,0
109,私立,技專校院,1071,城市學校財團法人臺北城市科技大學,07151017,機械工程系,28,26,2,0,0,2,0,2,0,22,2,0,0,4,4,0,28,26,2
109,私立,技專校院,1071,城市學校財團法人臺北城市科技大學,10121028,化妝品應用與管理系,16,5,11,1,0,0,0,1,3,3,8,0,0,5,2,3,16,5,11
109,私立,技專校院,1071,城市學校財團法人臺北城市科技大學,10131021,旅館事業管理學士學位學程,8,2,6,0,0,0,0,2,5,0,1,0,0,7,2,5,8,2,6
109,私立,技專校院,1071,城市學校財團法人臺北城市科技大學,10131022,餐飲管理系,28,18,10,0,0,0,1,1,2,17,7,0,0,4,1,3,28,18,10
109,私立,技專校院,1071,城市學校財團法人臺北城市科技大學,10131023,烘焙創意與經營管理學士學位學程,2,1,1,0,0,0,0,1,0,0,1,0,0,1,1,0,2,1,1
109,私立,技專校院,1071,城市學校財團法人臺北城市科技大學,10151024,觀光事業系,13,8,5,0,0,0,0,1,0,7,5,0,0,1,1,0,13,8,5
109,私立,技專校院,1071,城市學校財團法人臺北城市科技大學,10152027,休閒事業系,24,17,7,0,1,1,0,1,0,15,6,0,0,3,2,1,24,17,7
109,私立,技專校院,1071,城市學校財團法人臺北城市科技大學,10199029,會議展覽服務業(專業人員)學位學程,5,3,2,0,0,0,0,1,0,2,2,0,0,1,1,0,5,3,2
109,私立,技專校院,1071,城市學校財團法人臺北城市科技大學,99999Z01,通識(教育)中心,113,59,54,1,0,3,1,19,8,36,45,0,0,32,23,9,113,59,54
109,私立,技專校院,1072,大華學校財團法人敏實科技大學,04191005,商務與觀光企劃系,4,2,2,0,0,0,2,1,0,1,0,0,0,3,1,2,4,2,2
109,私立,技專校院,1072,大華學校財團法人敏實科技大學,06121010,資訊管理系,8,6,2,0,0,2,0,1,0,3,2,0,0,3,3,0,8,6,2
109,私立,技專校院,1072,大華學校財團法人敏實科技大學,07151019,機電工程系,1,1,0,0,0,0,0,1,0,0,0,0,0,1,1,0,1,1,0
109,私立,技專校院,1072,大華學校財團法人敏實科技大學,07151027,智慧製造工程系,1,1,0,0,0,0,0,1,0,0,0,0,0,1,1,0,1,1,0
109,私立,技專校院,1072,大華學校財團法人敏實科技大學,07191022,工業工程與管理系,6,4,2,0,0,1,2,2,0,1,0,0,0,5,3,2,6,4,2
109,私立,技專校院,1072,大華學校財團法人敏實科技大學,10131023,餐飲管理系,15,12,3,0,1,0,0,2,0,10,2,0,0,3,2,1,15,12,3
109,私立,技專校院,1072,大華學校財團法人敏實科技大學,10151024,觀光管理系,8,5,3,0,0,2,1,2,0,1,2,0,0,5,4,1,8,5,3
109,私立,技專校院,1072,大華學校財團法人敏實科技大學,99999Z01,通識中心,9,2,7,0,0,0,2,0,2,2,3,0,0,4,0,4,9,2,7
109,私立,技專校院,1072,大華學校財團法人敏實科技大學,99999Z03,軍訓教官,2,0,2,0,0,0,0,0,0,0,0,0,2,0,0,0,0,0,0
109,私立,技專校院,1073,醒吾學校財團法人醒吾科技大學,02112004,數位設計系,12,7,5,1,0,0,0,3,1,3,4,0,0,5,4,1,12,7,5
109,私立,技專校院,1073,醒吾學校財團法人醒吾科技大學,02112033,新媒體傳播系,9,8,1,0,0,0,0,2,0,6,1,0,0,2,2,0,9,8,1
109,私立,技專校院,1073,醒吾學校財團法人醒吾科技大學,02122003,時尚造形設計系,23,7,16,0,0,1,0,1,0,5,16,0,0,2,2,0,23,7,16
109,私立,技專校院,1073,醒吾學校財團法人醒吾科技大學,02123005,商業設計系,12,11,1,0,0,1,0,2,0,8,1,0,0,3,3,0,12,11,1
109,私立,技專校院,1073,醒吾學校財團法人醒吾科技大學,02151032,流行音樂創作學士學位學程,15,11,4,3,1,2,1,2,1,4,1,0,0,10,7,3,15,11,4
109,私立,技專校院,1073,醒吾學校財團法人醒吾科技大學,02152031,表演藝術系,13,9,4,1,0,3,0,2,3,3,1,0,0,9,6,3,13,9,4
109,私立,技專校院,1073,醒吾學校財團法人醒吾科技大學,02311002,應用英語系,2,1,1,0,0,0,0,0,0,1,1,0,0,0,0,0,2,1,1
109,私立,技專校院,1073,醒吾學校財團法人醒吾科技大學,04111018,理財經營管理系,3,2,1,0,0,0,0,1,0,1,1,0,0,1,1,0,3,2,1
109,私立,技專校院,1073,醒吾學校財團法人醒吾科技大學,04121016,財務金融系,1,0,1,0,0,0,0,0,0,0,1,0,0,0,0,0,1,0,1
109,私立,技專校院,1073,醒吾學校財團法人醒吾科技大學,04132019,行銷(與)流通管理系,13,6,7,0,0,1,1,0,0,5,6,0,0,2,1,1,13,6,7
109,私立,技專校院,1073,醒吾學校財團法人醒吾科技大學,04141015,國際商務系,6,2,4,0,0,1,0,0,3,1,1,0,0,4,1,3,6,2,4
109,私立,技專校院,1073,醒吾學校財團法人醒吾科技大學,04191008,時尚產業經營管理系,6,3,3,0,0,0,0,1,0,2,3,0,0,1,1,0,6,3,3
109,私立,技專校院,1073,醒吾學校財團法人醒吾科技大學,04199011,企業管理系,34,17,17,0,0,0,1,4,3,13,13,0,0,8,4,4,34,17,17
109,私立,技專校院,1073,醒吾學校財團法人醒吾科技大學,06121022,資訊管理系,5,4,1,0,0,0,0,1,1,3,0,0,0,2,1,1,5,4,1
109,私立,技專校院,1073,醒吾學校財團法人醒吾科技大學,06134023,資訊科技應用系,3,0,3,0,0,0,0,0,0,0,3,0,0,0,0,0,3,0,3
109,私立,技專校院,1073,醒吾學校財團法人醒吾科技大學,10131025,餐旅管理系,39,23,16,0,0,0,1,7,3,16,12,0,0,11,7,4,39,23,16
109,私立,技專校院,1073,醒吾學校財團法人醒吾科技大學,10151026,觀光休閒系,35,14,21,0,0,1,0,1,0,12,21,0,0,2,2,0,35,14,21
109,私立,技專校院,1073,醒吾學校財團法人醒吾科技大學,10151030,旅運管理系,7,2,5,0,0,0,0,0,1,2,4,0,0,1,0,1,7,2,5
109,私立,技專校院,1073,醒吾學校財團法人醒吾科技大學,99999Z01,共同科目,52,25,27,0,0,1,1,4,4,20,22,0,0,10,5,5,52,25,27
109,私立,技專校院,1075,文藻學校財團法人文藻外語大學,01131002,外語教學系,1,0,1,0,0,0,0,0,1,0,0,0,0,1,0,1,1,0,1
109,私立,技專校院,1075,文藻學校財團法人文藻外語大學,02311007,英國語文系,24,7,17,0,0,0,0,2,2,5,15,0,0,4,2,2,24,7,17
109,私立,技專校院,1075,文藻學校財團法人文藻外語大學,02311009,法國語文系,14,6,8,0,0,0,0,0,0,6,8,0,0,0,0,0,14,6,8
109,私立,技專校院,1075,文藻學校財團法人文藻外語大學,02311010,德國語文系,13,6,7,0,0,0,0,0,1,6,6,0,0,1,0,1,13,6,7
109,私立,技專校院,1075,文藻學校財團法人文藻外語大學,02311011,西班牙語文系,11,6,5,0,0,0,0,0,1,6,4,0,0,1,0,1,11,6,5
109,私立,技專校院,1075,文藻學校財團法人文藻外語大學,02311012,日本語文系,31,13,18,0,0,0,0,3,2,10,16,0,0,5,3,2,31,13,18
109,私立,技專校院,1075,文藻學校財團法人文藻外語大學,02312013,翻譯系,3,1,2,0,0,0,0,0,0,1,2,0,0,0,0,0,3,1,2
109,私立,技專校院,1075,文藻學校財團法人文藻外語大學,02323004,應用華語文系,27,10,17,1,0,0,1,5,10,4,6,0,0,17,6,11,27,10,17
109,私立,技專校院,1075,文藻學校財團法人文藻外語大學,03122016,國際事務系,2,2,0,0,0,0,0,2,0,0,0,0,0,2,2,0,2,2,0
109,私立,技專校院,1075,文藻學校財團法人文藻外語大學,03143026,東南亞學系,1,1,0,0,0,0,0,1,0,0,0,0,0,1,1,0,1,1,0
109,私立,技專校院,1075,文藻學校財團法人文藻外語大學,03211018,傳播藝術系,8,6,2,0,0,0,0,0,1,6,1,0,0,1,0,1,8,6,2
109,私立,技專校院,1075,文藻學校財團法人文藻外語大學,04131020,國際企業管理系,8,6,2,2,0,0,0,3,1,1,1,0,0,6,5,1,8,6,2
109,私立,技專校院,1075,文藻學校財團法人文藻外語大學,06134024,數位內容應用與管理系,8,7,1,0,0,0,0,1,1,6,0,0,0,2,1,1,8,7,1
109,私立,技專校院,1075,文藻學校財團法人文藻外語大學,10151025,國際觀光與會展學士學位學程,5,2,3,0,0,0,1,0,0,2,2,0,0,1,0,1,5,2,3
109,私立,技專校院,1075,文藻學校財團法人文藻外語大學,99999Z01,吳甦樂教育中心,2,1,1,0,0,0,0,1,1,0,0,0,0,2,1,1,2,1,1
109,私立,技專校院,1075,文藻學校財團法人文藻外語大學,99999Z01,通識教育中心,17,8,9,0,0,1,0,5,2,2,7,0,0,8,6,2,17,8,9
109,私立,技專校院,1075,文藻學校財團法人文藻外語大學,99999Z05,師資培育中心,3,2,1,0,0,0,0,1,0,1,1,0,0,1,1,0,3,2,1
109,私立,技專校院,1075,文藻學校財團法人文藻外語大學,99999Z07,體育教學中心,9,6,3,0,0,0,0,1,0,5,3,0,0,1,1,0,9,6,3
109,私立,技專校院,1075,文藻學校財團法人文藻外語大學,99999Z08,英語教學中心,33,4,29,0,0,0,1,0,4,4,24,0,0,5,0,5,33,4,29
109,私立,技專校院,1076,華夏學校財團法人華夏科技大學,02112002,數位媒體設計系,2,0,2,0,0,0,0,0,0,0,2,0,0,0,0,0,2,0,2
109,私立,技專校院,1076,華夏學校財團法人華夏科技大學,02124003,室內設計系,10,10,0,0,0,0,0,1,0,9,0,0,0,1,1,0,10,10,0
109,私立,技專校院,1076,華夏學校財團法人華夏科技大學,04131004,企業管理系,13,10,3,0,0,1,0,1,0,8,3,0,0,2,2,0,13,10,3
109,私立,技專校院,1076,華夏學校財團法人華夏科技大學,04199005,資產與物業管理系,16,14,2,1,0,0,1,3,0,10,1,0,0,5,4,1,16,14,2
109,私立,技專校院,1076,華夏學校財團法人華夏科技大學,06131009,資訊管理(學)系,14,8,6,1,0,1,0,1,0,5,6,0,0,3,3,0,14,8,6
109,私立,技專校院,1076,華夏學校財團法人華夏科技大學,06131012,資訊工程系,7,7,0,1,0,0,0,0,0,6,0,0,0,1,1,0,7,7,0
109,私立,技專校院,1076,華夏學校財團法人華夏科技大學,07141010,電機工程(學)系,2,2,0,0,0,0,0,1,0,1,0,0,0,1,1,0,2,2,0
109,私立,技專校院,1076,華夏學校財團法人華夏科技大學,07151013,機械工程(學)系,4,4,0,0,0,0,0,3,0,1,0,0,0,3,3,0,4,4,0
109,私立,技專校院,1076,華夏學校財團法人華夏科技大學,07161021,智慧車輛系,4,4,0,0,0,1,0,0,0,3,0,0,0,1,1,0,4,4,0
109,私立,技專校院,1076,華夏學校財團法人華夏科技大學,07311017,建築(工程)學系,12,12,0,0,0,0,0,2,0,10,0,0,0,2,2,0,12,12,0
109,私立,技專校院,1076,華夏學校財團法人華夏科技大學,10121019,化妝品應用系,12,3,9,0,0,0,0,0,0,3,9,0,0,0,0,0,12,3,9
109,私立,技專校院,1076,華夏學校財團法人華夏科技大學,99999Z01,通識(教育)中心,21,8,13,0,0,3,2,2,1,3,10,0,0,8,5,3,21,8,13
109,私立,技專校院,1077,慈濟學校財團法人慈濟科技大學,04132003,行銷與流通管理系,6,3,3,0,0,1,1,1,0,1,2,0,0,3,2,1,6,3,3
109,私立,技專校院,1077,慈濟學校財團法人慈濟科技大學,04133012,醫務暨健康管理系,3,3,0,0,0,1,0,1,0,1,0,0,0,2,2,0,3,3,0
109,私立,技專校院,1077,慈濟學校財團法人慈濟科技大學,09131007,護理系,57,23,34,0,0,1,0,12,6,10,28,0,0,19,13,6,57,23,34
109,私立,技專校院,1077,慈濟學校財團法人慈濟科技大學,09131007,護理科,43,12,31,1,0,3,0,1,2,7,29,0,0,7,5,2,43,12,31
109,私立,技專校院,1077,慈濟學校財團法人慈濟科技大學,09141009,放射醫學科學研究所,2,2,0,0,0,0,0,1,0,1,0,0,0,1,1,0,2,2,0
109,私立,技專校院,1077,慈濟學校財團法人慈濟科技大學,09141010,醫學影像暨放射科學系,2,1,1,0,0,0,0,0,1,1,0,0,0,1,0,1,2,1,1
109,私立,技專校院,1077,慈濟學校財團法人慈濟科技大學,09211011,長期照護研究所,1,0,1,0,0,0,0,0,1,0,0,0,0,1,0,1,1,0,1
109,私立,技專校院,1077,慈濟學校財團法人慈濟科技大學,09211011,長期照護科,3,1,2,0,0,1,0,0,1,0,1,0,0,2,1,1,3,1,2
109,私立,技專校院,1078,致理學校財團法人致理科技大學,02112012,多媒體設計系,18,14,4,0,0,0,0,2,0,12,4,0,0,2,2,0,18,14,4
109,私立,技專校院,1078,致理學校財團法人致理科技大學,02311010,應用英語系,34,16,18,0,0,0,1,4,1,12,16,0,0,6,4,2,34,16,18
109,私立,技專校院,1078,致理學校財團法人致理科技大學,02311011,應用日語系,17,8,9,0,0,0,0,4,0,4,9,0,0,4,4,0,17,8,9
109,私立,技專校院,1078,致理學校財團法人致理科技大學,04111013,會計資訊系,28,23,5,2,0,0,0,7,0,14,5,0,0,9,9,0,28,23,5
109,私立,技專校院,1078,致理學校財團法人致理科技大學,04121016,財務金融系,31,20,11,0,0,1,0,4,2,15,9,0,0,7,5,2,31,20,11
109,私立,技專校院,1078,致理學校財團法人致理科技大學,04131014,企業管理系、企業管理系服務業經營管理碩士班(含碩士在職專班),39,26,13,4,0,4,0,9,2,9,11,0,0,19,17,2,39,26,13
109,私立,技專校院,1078,致理學校財團法人致理科技大學,04132019,行銷與流通管理系,37,28,9,0,0,5,1,8,6,15,2,0,0,20,13,7,37,28,9
109,私立,技專校院,1078,致理學校財團法人致理科技大學,04141015,國際貿易系、國際貿易系碩士班,27,14,13,1,0,2,0,4,2,7,11,0,0,9,7,2,27,14,13
109,私立,技專校院,1078,致理學校財團法人致理科技大學,04199020,商務科技管理系,6,5,1,0,0,0,0,2,0,3,1,0,0,2,2,0,6,5,1
109,私立,技專校院,1078,致理學校財團法人致理科技大學,06131021,資訊管理系,12,10,2,1,0,0,0,0,0,9,2,0,0,1,1,0,12,10,2
109,私立,技專校院,1078,致理學校財團法人致理科技大學,10151018,休閒遊憩管理系,17,11,6,0,0,0,0,4,1,7,5,0,0,5,4,1,17,11,6
109,私立,技專校院,1078,致理學校財團法人致理科技大學,99999Z01,通識教育中心,99,65,34,5,0,3,1,9,10,48,23,0,0,28,17,11,99,65,34
109,私立,一般大學,1079,康寧學校財團法人康寧大學,02111001,數位影視動畫科,12,7,5,0,0,0,0,2,0,5,5,0,0,2,2,0,12,7,5
109,私立,一般大學,1079,康寧學校財團法人康寧大學,02311003,應用外語科,6,2,4,0,0,0,0,0,0,2,4,0,0,0,0,0,6,2,4
109,私立,一般大學,1079,康寧學校財團法人康寧大學,03211009,資訊傳播學系,2,2,0,0,0,0,0,1,0,1,0,0,0,1,1,0,2,2,0
109,私立,一般大學,1079,康寧學校財團法人康寧大學,04131011,企業管理學系,10,6,4,0,0,0,0,2,0,4,4,0,0,2,2,0,10,6,4
109,私立,一般大學,1079,康寧學校財團法人康寧大學,06131032,資訊管理科,6,4,2,0,0,1,1,0,0,3,1,0,0,2,1,1,6,4,2
109,私立,一般大學,1079,康寧學校財團法人康寧大學,06131064,健康數位科技學系,2,1,1,0,0,0,0,1,1,0,0,0,0,2,1,1,2,1,1
109,私立,一般大學,1079,康寧學校財團法人康寧大學,09131042,護理科,18,4,14,0,0,0,0,0,1,4,13,0,0,1,0,1,18,4,14
109,私立,一般大學,1079,康寧學校財團法人康寧大學,09141045,視光科,13,10,3,0,0,0,0,3,0,7,3,0,0,3,3,0,13,10,3
109,私立,一般大學,1079,康寧學校財團法人康寧大學,09221048,嬰幼兒保育學系,15,2,13,0,0,0,1,1,2,1,10,0,0,4,1,3,15,2,13
109,私立,一般大學,1079,康寧學校財團法人康寧大學,10131050,餐飲管理學系,2,1,1,0,0,0,0,0,0,1,1,0,0,0,0,0,2,1,1
109,私立,一般大學,1079,康寧學校財團法人康寧大學,10152055,休閒管理學系,5,4,1,0,0,0,0,0,1,4,0,0,0,1,0,1,5,4,1
109,私立,一般大學,1079,康寧學校財團法人康寧大學,99999Z01,通識教育中心,39,22,17,0,0,1,0,5,4,16,13,0,0,10,6,4,39,22,17
109,私立,一般大學,1079,康寧學校財團法人康寧大學,99999Z08,外語中心、華語中心,10,6,4,0,0,0,0,0,1,6,3,0,0,1,0,1,10,6,4
109,私立,技專校院,1080,宏國學校財團法人宏國德霖科技大學,02123004,創意產品設計系,6,6,0,0,0,1,0,0,0,5,0,0,0,1,1,0,6,6,0
109,私立,技專校院,1080,宏國學校財團法人宏國德霖科技大學,02124005,室內設計系,9,6,3,0,0,0,0,0,0,6,3,0,0,0,0,0,9,6,3
109,私立,技專校院,1080,宏國學校財團法人宏國德霖科技大學,02311002,應用英語系,10,3,7,0,0,0,0,2,3,1,4,0,0,5,2,3,10,3,7
109,私立,技專校院,1080,宏國學校財團法人宏國德霖科技大學,04131006,企業管理系,14,10,4,0,0,0,0,3,1,7,3,0,0,4,3,1,14,10,4
109,私立,技專校院,1080,宏國學校財團法人宏國德霖科技大學,04199011,不動產經營系,19,15,4,0,0,3,0,3,2,9,2,0,0,8,6,2,19,15,4
109,私立,技專校院,1080,宏國學校財團法人宏國德霖科技大學,04199025,會展活動管理系,10,7,3,0,0,1,0,3,1,3,2,0,0,5,4,1,10,7,3
109,私立,技專校院,1080,宏國學校財團法人宏國德霖科技大學,06131014,資訊工程系,12,11,1,0,0,1,0,3,1,7,0,0,0,5,4,1,12,11,1
109,私立,技專校院,1080,宏國學校財團法人宏國德霖科技大學,06199015,電腦與通訊工程系,4,4,0,0,0,1,0,0,0,3,0,0,0,1,1,0,4,4,0
109,私立,技專校院,1080,宏國學校財團法人宏國德霖科技大學,07151016,機械工程系,4,4,0,0,0,0,0,1,0,3,0,0,0,1,1,0,4,4,0
109,私立,技專校院,1080,宏國學校財團法人宏國德霖科技大學,07321017,土木工程系,9,9,0,1,0,1,0,1,0,6,0,0,0,3,3,0,9,9,0
109,私立,技專校院,1080,宏國學校財團法人宏國德霖科技大學,10131020,餐旅管理系,30,13,17,0,0,0,0,4,3,9,14,0,0,7,4,3,30,13,17
109,私立,技專校院,1080,宏國學校財團法人宏國德霖科技大學,10131021,餐飲廚藝系,20,17,3,0,0,0,0,11,1,6,2,0,0,12,11,1,20,17,3
109,私立,技專校院,1080,宏國學校財團法人宏國德霖科技大學,10151022,休閒事業管理系,2,2,0,0,0,1,0,0,0,1,0,0,0,1,1,0,2,2,0
109,私立,技專校院,1080,宏國學校財團法人宏國德霖科技大學,99999Z01,通識教育中心,29,12,17,0,0,1,1,4,4,7,12,0,0,10,5,5,29,12,17
109,私立,技專校院,1081,東方學校財團法人東方設計大學,02111003,影視藝術系,3,2,1,0,0,0,0,0,0,2,1,0,0,0,0,0,3,2,1
109,私立,技專校院,1081,東方學校財團法人東方設計大學,02122014,流行商品設計系,4,2,2,2,0,0,0,0,0,0,2,0,0,2,2,0,4,2,2
109,私立,技專校院,1081,東方學校財團法人東方設計大學,02122018,文化創意設計研究所,2,2,0,2,0,0,0,0,0,0,0,0,0,2,2,0,2,2,0
109,私立,技專校院,1081,東方學校財團法人東方設計大學,02124017,室內設計系,15,10,5,0,0,0,1,1,2,9,2,0,0,4,1,3,15,10,5
109,私立,技專校院,1081,東方學校財團法人東方設計大學,02141002,美術工藝系,20,13,7,0,0,1,0,4,0,8,7,0,0,5,5,0,20,13,7
109,私立,技專校院,1081,東方學校財團法人東方設計大學,02152006,表演藝術學位學程,1,0,1,0,0,0,0,0,0,0,1,0,0,0,0,0,1,0,1
109,私立,技專校院,1081,東方學校財團法人東方設計大學,04143020,設計行銷系,27,16,11,0,0,0,0,4,0,12,11,0,0,4,4,0,27,16,11
109,私立,技專校院,1081,東方學校財團法人東方設計大學,06132008,遊戲與動畫設計系,1,1,0,0,0,0,0,1,0,0,0,0,0,1,1,0,1,1,0
109,私立,技專校院,1081,東方學校財團法人東方設計大學,10121032,時尚美妝設計系,11,3,8,0,0,0,0,0,1,3,7,0,0,1,0,1,11,3,8
109,私立,技專校院,1081,東方學校財團法人東方設計大學,10131025,餐飲管理系,21,13,8,0,0,0,0,1,0,12,8,0,0,1,1,0,21,13,8
109,私立,技專校院,1081,東方學校財團法人東方設計大學,10151028,觀光與休閒事業管理系,3,2,1,0,0,0,0,0,0,2,1,0,0,0,0,0,3,2,1
109,私立,技專校院,1082,崇右學校財團法人崇右影藝科技大學,02122007,時尚造型設計系,5,2,3,0,0,0,0,0,0,2,3,0,0,0,0,0,5,2,3
109,私立,技專校院,1082,崇右學校財團法人崇右影藝科技大學,02123011,創意商品設計系,1,1,0,0,0,0,0,0,0,1,0,0,0,0,0,0,1,1,0
109,私立,技專校院,1082,崇右學校財團法人崇右影藝科技大學,02131001,攝影學士學位學程,1,1,0,0,0,0,0,0,0,1,0,0,0,0,0,0,1,1,0
109,私立,技專校院,1082,崇右學校財團法人崇右影藝科技大學,02152002,演藝事業系,9,6,3,0,0,1,0,2,1,3,2,0,0,4,3,1,9,6,3
109,私立,技專校院,1082,崇右學校財團法人崇右影藝科技大學,02152004,表演藝術系,10,6,4,0,0,0,0,4,3,2,1,0,0,7,4,3,10,6,4
109,私立,技專校院,1082,崇右學校財團法人崇右影藝科技大學,03211013,影視傳播系,9,8,1,1,0,1,0,2,1,4,0,0,0,5,4,1,9,8,1
109,私立,技專校院,1082,崇右學校財團法人崇右影藝科技大學,04191018,經營管理系,41,25,16,0,0,0,1,6,3,19,12,0,0,10,6,4,41,25,16
109,私立,技專校院,1082,崇右學校財團法人崇右影藝科技大學,10151032,觀光旅遊管理系,4,2,2,0,0,0,0,0,0,2,2,0,0,0,0,0,4,2,2
109,私立,技專校院,1082,崇右學校財團法人崇右影藝科技大學,99999Z01,通識(教育)中心,2,1,1,0,0,0,0,0,0,1,1,0,0,0,0,0,2,1,1
109,私立,技專校院,1083,台北海洋學校財團法人台北海洋科技大學,02112004,視覺傳達設計系,5,4,1,0,0,1,0,1,0,2,1,0,0,2,2,0,5,4,1
109,私立,技專校院,1083,台北海洋學校財團法人台北海洋科技大學,02122002,時尚造型設計管理系,10,4,6,0,0,1,0,1,1,2,5,0,0,3,2,1,10,4,6
109,私立,技專校院,1083,台北海洋學校財團法人台北海洋科技大學,02122003,電競數位遊戲與動畫設計系,9,8,1,0,0,0,0,3,1,5,0,0,0,4,3,1,9,8,1
109,私立,技專校院,1083,台北海洋學校財團法人台北海洋科技大學,07163012,輪機工程系,18,18,0,0,0,5,0,7,0,6,0,0,0,12,12,0,18,18,0
109,私立,技專校院,1083,台北海洋學校財團法人台北海洋科技大學,09211016,健康促進與銀髮保健系,7,4,3,0,0,0,1,1,1,3,1,0,0,3,1,2,7,4,3
109,私立,技專校院,1083,台北海洋學校財團法人台北海洋科技大學,09231017,健康照顧社會工作系,9,2,7,0,0,0,0,1,2,1,5,0,0,3,1,2,9,2,7
109,私立,技專校院,1083,台北海洋學校財團法人台北海洋科技大學,10131019,餐飲管理系,8,4,4,0,0,0,0,2,0,2,4,0,0,2,2,0,8,4,4
109,私立,技專校院,1083,台北海洋學校財團法人台北海洋科技大學,10151020,旅遊管理系,12,6,6,0,0,0,0,3,1,3,5,0,0,4,3,1,12,6,6
109,私立,技專校院,1083,台北海洋學校財團法人台北海洋科技大學,10152024,海洋運動休閒系,5,4,1,0,0,1,0,1,0,2,1,0,0,2,2,0,5,4,1
109,私立,技專校院,1083,台北海洋學校財團法人台北海洋科技大學,10412028,海空物流與行銷系,13,12,1,0,0,2,0,6,1,4,0,0,0,9,8,1,13,12,1
109,私立,技專校院,1083,台北海洋學校財團法人台北海洋科技大學,10414029,航海系,18,18,0,0,0,6,0,9,0,3,0,0,0,15,15,0,18,18,0
109,私立,技專校院,1083,台北海洋學校財團法人台北海洋科技大學,99999Z01,通識教育中心,30,22,8,0,0,0,0,7,2,15,6,0,0,9,7,2,30,22,8
109,私立,一般大學,1125,中信學校財團法人中信金融管理學院,04121014,財務金融學系,2,1,1,1,0,0,0,0,0,0,1,0,0,1,1,0,2,1,1
109,私立,一般大學,1125,中信學校財團法人中信金融管理學院,04131012,企業管理學系,6,6,0,2,0,0,0,2,0,2,0,0,0,4,4,0,6,6,0
109,私立,一般大學,1125,中信學校財團法人中信金融管理學院,04199032,金融管理學院學士班,1,1,0,0,0,0,0,0,0,1,0,0,0,0,0,0,1,1,0
109,私立,一般大學,1125,中信學校財團法人中信金融管理學院,04212022,財經法律學系,5,5,0,0,0,1,0,2,0,2,0,0,0,3,3,0,5,5,0
109,私立,一般大學,1125,中信學校財團法人中信金融管理學院,99999Z01,通識教育中心,12,9,3,0,0,0,0,0,0,9,3,0,0,0,0,0,12,9,3
109,私立,技專校院,1148,大漢技術學院,02122001,珠寶技術系,2,2,0,0,0,0,0,0,0,2,0,0,0,0,0,0,2,2,0
109,私立,技專校院,1148,大漢技術學院,04131005,企業管理系,10,9,1,0,0,0,0,3,0,6,1,0,0,3,3,0,10,9,1
109,私立,技專校院,1148,大漢技術學院,07151017,機械工程系,1,1,0,0,0,0,0,0,0,1,0,0,0,0,0,0,1,1,0
109,私立,技專校院,1148,大漢技術學院,07321019,土木工程與環境資源管理系,3,3,0,0,0,1,0,0,0,2,0,0,0,1,1,0,3,3,0
109,私立,技專校院,1148,大漢技術學院,10152028,休閒遊憩與觀光餐旅管理系,12,5,7,0,0,0,0,1,1,4,6,0,0,2,1,1,12,5,7
109,私立,技專校院,1159,和春技術學院,02121033,流行時尚造型設計系,2,0,2,0,0,0,1,0,0,0,1,0,0,1,0,1,2,0,2
109,私立,技專校院,1159,和春技術學院,07141026,電機工程系,1,1,0,0,0,0,0,0,0,1,0,0,0,0,0,0,1,1,0
109,私立,技專校院,1159,和春技術學院,07191030,工業工程與管理系,4,4,0,0,0,0,0,0,0,4,0,0,0,0,0,0,4,4,0
109,私立,技專校院,1159,和春技術學院,10131031,餐飲管理系,2,1,1,0,0,0,0,0,0,1,1,0,0,0,0,0,2,1,1
109,私立,技專校院,1159,和春技術學院,99999Z01,通識教育組,5,3,2,0,0,0,0,0,0,3,2,0,0,0,0,0,5,3,2
109,私立,技專校院,1159,和春技術學院,99999Z03,軍訓教官,2,2,0,0,0,0,0,0,0,0,0,2,0,0,0,0,0,0,0
109,私立,技專校院,1166,亞東技術學院,02123001,工商業設計系,14,11,3,0,0,1,0,3,1,7,2,0,0,5,4,1,14,11,3
109,私立,技專校院,1166,亞東技術學院,04132003,行銷與流通管理系,13,7,6,1,0,2,0,3,0,1,6,0,0,6,6,0,13,7,6
109,私立,技專校院,1166,亞東技術學院,04133005,醫務管理系,11,8,3,0,0,2,0,5,0,1,3,0,0,7,7,0,11,8,3
109,私立,技專校院,1166,亞東技術學院,04199006,工業管理系,11,6,5,0,0,3,1,2,2,1,2,0,0,8,5,3,11,6,5
109,私立,技專校院,1166,亞東技術學院,06131008,資訊管理系,7,6,1,0,0,0,0,3,1,3,0,0,0,4,3,1,7,6,1
109,私立,技專校院,1166,亞東技術學院,07141009,電機工程系,2,2,0,1,0,1,0,0,0,0,0,0,0,2,2,0,2,2,0
109,私立,技專校院,1166,亞東技術學院,07141010,電子工程系,11,10,1,0,0,1,0,4,1,5,0,0,0,6,5,1,11,10,1
109,私立,技專校院,1166,亞東技術學院,07141012,通訊工程系,5,4,1,1,0,0,0,1,0,2,1,0,0,2,2,0,5,4,1
109,私立,技專校院,1166,亞東技術學院,07151014,機械工程系,8,8,0,0,0,1,0,4,0,3,0,0,0,5,5,0,8,8,0
109,私立,技專校院,1166,亞東技術學院,07192019,材料與纖維系,15,11,4,1,0,3,0,5,2,2,2,0,0,11,9,2,15,11,4
109,私立,技專校院,1166,亞東技術學院,09131021,護理系,23,4,19,0,0,0,0,2,0,2,19,0,0,2,2,0,23,4,19
109,私立,技專校院,1166,亞東技術學院,99999Z01,通識(教育)中心,60,38,22,0,0,5,2,25,15,8,5,0,0,47,30,17,60,38,22
109,私立,技專校院,1168,南亞科技學校財團法人南亞技術學院,02124005,室內設計系,16,10,6,0,0,0,0,0,0,10,6,0,0,0,0,0,16,10,6
109,私立,技專校院,1168,南亞科技學校財團法人南亞技術學院,04131006,企業管理系,21,15,6,0,0,0,0,4,2,11,4,0,0,6,4,2,21,15,6
109,私立,技專校院,1168,南亞科技學校財團法人南亞技術學院,07121030,環境科技與管理系,2,2,0,0,0,1,0,0,0,1,0,0,0,1,1,0,2,2,0
109,私立,技專校院,1168,南亞科技學校財團法人南亞技術學院,07151012,機械工程系,14,14,0,1,0,4,0,6,0,3,0,0,0,11,11,0,14,14,0
109,私立,技專校院,1168,南亞科技學校財團法人南亞技術學院,09221024,幼兒保育系,15,2,13,0,0,0,0,0,1,2,12,0,0,1,0,1,15,2,13
109,私立,技專校院,1168,南亞科技學校財團法人南亞技術學院,10121031,美容與造型系,10,0,10,0,0,0,0,0,1,0,9,0,0,1,0,1,10,0,10
109,私立,技專校院,1168,南亞科技學校財團法人南亞技術學院,10131026,餐飲廚藝管理系,1,1,0,0,0,0,0,1,0,0,0,0,0,1,1,0,1,1,0
109,私立,技專校院,1168,南亞科技學校財團法人南亞技術學院,10152032,休閒事業管理系,11,5,6,0,0,0,0,0,1,5,5,0,0,1,0,1,11,5,6
109,私立,技專校院,1168,南亞科技學校財團法人南亞技術學院,99999Z01,通識教育中心,23,17,6,2,0,1,1,5,1,9,4,0,0,10,8,2,23,17,6
109,私立,技專校院,1168,南亞科技學校財團法人南亞技術學院,99999Z08,國際語文教學中心,11,3,8,0,0,0,0,0,0,3,8,0,0,0,0,0,11,3,8
109,私立,一般大學,1176,稻江科技暨管理學院,01121001,幼兒教育學系,2,0,2,0,0,0,0,0,2,0,0,0,0,2,0,2,2,0,2
109,私立,一般大學,1176,稻江科技暨管理學院,02122007,動畫遊戲設計學系,1,0,1,0,0,0,0,0,1,0,0,0,0,1,0,1,1,0,1
109,私立,一般大學,1176,稻江科技暨管理學院,02152002,表演藝術學士學位學程,3,1,2,0,0,0,0,0,1,1,1,0,0,1,0,1,3,1,2
109,私立,一般大學,1176,稻江科技暨管理學院,04211022,法律學士學位學程,1,1,0,0,0,0,0,0,0,1,0,0,0,0,0,0,1,1,0
109,私立,一般大學,1176,稻江科技暨管理學院,09231048,社會工作學系,3,2,1,0,0,0,0,0,0,2,1,0,0,0,0,0,3,2,1
109,私立,一般大學,1176,稻江科技暨管理學院,10121049,時尚美容藝術管理學系,2,0,2,0,0,0,0,0,0,0,2,0,0,0,0,0,2,0,2
109,私立,一般大學,1176,稻江科技暨管理學院,10152039,休閒遊憩管理學系,2,2,0,0,0,0,0,1,0,1,0,0,0,1,1,0,2,2,0
109,私立,一般大學,1176,稻江科技暨管理學院,99999Z99,教務處,2,2,0,0,0,0,0,0,0,2,0,0,0,0,0,0,2,2,0
109,私立,技專校院,1182,蘭陽技術學院,10121033,時尚美容設計系,2,0,2,0,0,0,0,0,0,0,2,0,0,0,0,0,2,0,2
109,私立,技專校院,1182,蘭陽技術學院,10131029,餐旅管理系,5,3,2,0,0,0,0,0,1,3,1,0,0,1,0,1,5,3,2
109,私立,技專校院,1182,蘭陽技術學院,10151030,觀光旅遊系,1,0,1,0,0,0,0,0,0,0,1,0,0,0,0,0,1,0,1
109,私立,技專校院,1182,蘭陽技術學院,99999Z08,通識暨語文中心,2,2,0,0,0,0,0,0,0,2,0,0,0,0,0,0,2,2,0
109,私立,技專校院,1183,黎明技術學院,02111027,影視傳播系,5,4,1,0,0,0,0,1,0,3,1,0,0,1,1,0,5,4,1
109,私立,技專校院,1183,黎明技術學院,02123004,創意產品設計系,1,1,0,0,0,0,0,0,0,1,0,0,0,0,0,0,1,1,0
109,私立,技專校院,1183,黎明技術學院,02125007,時尚經營管理系,5,2,3,0,0,0,0,0,1,2,2,0,0,1,0,1,5,2,3
109,私立,技專校院,1183,黎明技術學院,02125029,時尚設計系,8,4,4,0,0,0,0,0,2,4,2,0,0,2,0,2,8,4,4
109,私立,技專校院,1183,黎明技術學院,02125030,服飾設計系,2,0,2,0,0,0,0,0,0,0,2,0,0,0,0,0,2,0,2
109,私立,技專校院,1183,黎明技術學院,02152001,表演藝術系,23,16,7,0,0,0,0,3,2,13,5,0,0,5,3,2,23,16,7
109,私立,技專校院,1183,黎明技術學院,02152028,戲劇系,7,3,4,0,0,0,0,0,2,3,2,0,0,2,0,2,7,3,4
109,私立,技專校院,1183,黎明技術學院,06131008,資訊科技系,1,1,0,0,0,0,0,0,0,1,0,0,0,0,0,0,1,1,0
109,私立,技專校院,1183,黎明技術學院,06132010,數位多媒體系,12,10,2,0,0,0,0,0,1,10,1,0,0,1,0,1,12,10,2
109,私立,技專校院,1183,黎明技術學院,07141011,電機工程系,22,22,0,1,0,2,0,10,0,9,0,0,0,13,13,0,22,22,0
109,私立,技專校院,1183,黎明技術學院,07151015,機械工程系,10,9,1,0,0,1,0,3,0,5,1,0,0,4,4,0,10,9,1
109,私立,技專校院,1183,黎明技術學院,07161026,車輛工程系,14,14,0,0,0,3,0,3,0,8,0,0,0,6,6,0,14,14,0
109,私立,技專校院,1183,黎明技術學院,10121024,化妝品應用系,30,12,18,1,0,1,0,4,1,6,17,0,0,7,6,1,30,12,18
109,私立,技專校院,1183,黎明技術學院,10131020,旅館管理系,3,2,1,0,0,0,0,0,0,2,1,0,0,0,0,0,3,2,1
109,私立,技專校院,1183,黎明技術學院,10131021,餐飲管理系,14,11,3,0,0,1,0,3,0,7,3,0,0,4,4,0,14,11,3
109,私立,技專校院,1183,黎明技術學院,10151022,觀光休閒系,5,4,1,0,0,0,0,1,1,3,0,0,0,2,1,1,5,4,1
109,私立,技專校院,1183,黎明技術學院,99999Z01,通識(教育)中心,42,23,19,0,0,1,0,3,2,19,17,0,0,6,4,2,42,23,19
109,私立,技專校院,1185,經國管理暨健康學院,06111026,醫護資訊應用系,1,1,0,0,0,0,0,0,0,1,0,0,0,0,0,0,1,1,0
109,私立,技專校院,1185,經國管理暨健康學院,07211007,食品保健系,5,3,2,0,0,0,0,1,0,2,2,0,0,1,1,0,5,3,2
109,私立,技專校院,1185,經國管理暨健康學院,09111021,口腔衛生照護系,7,4,3,0,0,0,0,2,3,2,0,0,0,5,2,3,7,4,3
109,私立,技專校院,1185,經國管理暨健康學院,09131009,護理系,21,6,15,0,0,0,0,2,2,4,12,0,1,4,2,2,20,6,14
109,私立,技專校院,1185,經國管理暨健康學院,09211022,高齡照顧福祉系,6,2,4,0,0,0,0,0,0,2,4,0,0,0,0,0,6,2,4
109,私立,技專校院,1185,經國管理暨健康學院,09221011,幼兒保育系,15,1,14,0,0,0,0,0,1,1,13,0,0,1,0,1,15,1,14
109,私立,技專校院,1185,經國管理暨健康學院,10121016,美容流行設計系,10,1,9,0,0,0,0,0,0,1,9,0,0,0,0,0,10,1,9
109,私立,技專校院,1185,經國管理暨健康學院,10131025,餐旅廚藝管理系,20,13,7,0,0,0,0,2,0,11,7,0,0,2,2,0,20,13,7
109,私立,技專校院,1185,經國管理暨健康學院,10152020,觀光休閒與健康系,7,3,4,0,0,0,1,1,1,2,2,0,0,3,1,2,7,3,4
109,私立,技專校院,1185,經國管理暨健康學院,99999Z01,通識(教育)中心,41,27,14,0,0,1,0,10,4,16,10,0,0,15,11,4,41,27,14
109,私立,技專校院,1188,大同技術學院,04131037,茶文化事業經營管理系,7,4,3,0,0,1,0,1,0,2,3,0,0,2,2,0,7,4,3
109,私立,技專校院,1188,大同技術學院,09231021,社會工作與服務管理系,10,4,6,1,0,1,0,0,0,2,6,0,0,2,2,0,10,4,6
109,私立,技專校院,1188,大同技術學院,10121001,時尚造型設計系,6,1,5,0,0,0,0,0,0,1,5,0,0,0,0,0,6,1,5
109,私立,技專校院,1188,大同技術學院,10131024,餐飲管理系,10,6,4,0,0,1,0,2,0,3,4,0,0,3,3,0,10,6,4
109,私立,技專校院,1188,大同技術學院,10131025,烘焙管理系,12,11,1,0,0,0,0,1,0,10,1,0,0,1,1,0,12,11,1
109,私立,技專校院,1188,大同技術學院,10151029,旅遊與休閒娛樂管理系,1,0,1,0,0,0,0,0,0,0,1,0,0,0,0,0,1,0,1
109,私立,技專校院,1188,大同技術學院,10152030,運動健康與休閒系,2,1,1,0,0,0,0,0,0,1,1,0,0,0,0,0,2,1,1
109,私立,技專校院,1192,臺灣觀光學院,10131016,廚藝管理系(科),7,4,3,0,0,1,0,1,0,2,3,0,0,2,2,0,7,4,3
109,私立,技專校院,1192,臺灣觀光學院,10199024,觀光餐旅系(科),39,20,19,0,0,0,1,1,2,18,16,1,0,4,1,3,38,19,19
109,私立,一般大學,1195,馬偕學校財團法人馬偕醫學院,05199001,生物醫學研究所,2,2,0,2,0,0,0,0,0,0,0,0,0,2,2,0,2,2,0
109,私立,一般大學,1195,馬偕學校財團法人馬偕醫學院,09121002,醫學系,133,110,23,15,1,11,0,45,12,39,10,0,0,84,71,13,133,110,23
109,私立,一般大學,1195,馬偕學校財團法人馬偕醫學院,09131004,護理學系,15,0,15,0,1,0,0,0,2,0,12,0,0,3,0,3,15,0,15
109,私立,一般大學,1195,馬偕學校財團法人馬偕醫學院,09131005,長期照護研究所,1,0,1,0,0,0,1,0,0,0,0,0,0,1,0,1,1,0,1
109,私立,一般大學,1195,馬偕學校財團法人馬偕醫學院,09153003,聽力暨語言治療學系,20,2,18,0,0,0,0,0,6,2,12,0,0,6,0,6,20,2,18
109,私立,一般大學,1195,馬偕學校財團法人馬偕醫學院,99999Z01,全人教育中心,22,14,8,6,1,2,1,2,2,4,4,0,0,14,10,4,22,14,8
109,私立,一般大學,1196,法鼓學校財團法人法鼓文理學院,01199001,生命教育碩士學位學程,2,2,0,1,0,1,0,0,0,0,0,0,0,2,2,0,2,2,0
109,私立,一般大學,1196,法鼓學校財團法人法鼓文理學院,02211002,佛教學系,19,9,10,1,1,2,2,3,5,3,2,0,0,14,6,8,19,9,10
109,私立,一般大學,1196,法鼓學校財團法人法鼓文理學院,04134003,社會企業與創新碩士學位學程,2,0,2,0,0,0,0,0,2,0,0,0,0,2,0,2,2,0,2
109,私立,一般大學,1196,法鼓學校財團法人法鼓文理學院,05211005,環境與發展碩士學位學程,2,2,0,1,0,0,0,1,0,0,0,0,0,2,2,0,2,2,0
109,私立,技專校院,1282,馬偕學校財團法人馬偕醫護管理專科學校,02311001,應用外語科,19,10,9,0,0,0,0,0,1,10,8,0,0,1,0,1,19,10,9
109,私立,技專校院,1282,馬偕學校財團法人馬偕醫護管理專科學校,09131003,護理科,28,13,15,0,0,1,0,3,0,9,15,0,0,4,4,0,28,13,15
109,私立,技專校院,1282,馬偕學校財團法人馬偕醫護管理專科學校,09141004,視光學科,16,12,4,0,0,0,0,1,0,11,4,0,0,1,1,0,16,12,4
109,私立,技專校院,1282,馬偕學校財團法人馬偕醫護管理專科學校,09211006,高齡服務事業科,1,0,1,0,0,0,0,0,0,0,1,0,0,0,0,0,1,0,1
109,私立,技專校院,1282,馬偕學校財團法人馬偕醫護管理專科學校,09221007,幼兒保育科,12,4,8,0,0,1,0,0,1,3,7,0,0,2,1,1,12,4,8
109,私立,技專校院,1282,馬偕學校財團法人馬偕醫護管理專科學校,10121009,化妝品應用與管理科,16,6,10,1,0,2,0,1,3,2,7,0,0,7,4,3,16,6,10
109,私立,技專校院,1282,馬偕學校財團法人馬偕醫護管理專科學校,10131008,餐飲管理科,10,4,6,0,0,1,0,1,2,2,4,0,0,4,2,2,10,4,6
109,私立,技專校院,1282,馬偕學校財團法人馬偕醫護管理專科學校,99999010,生命關懷事業科,4,3,1,0,0,1,0,2,0,0,1,0,0,3,3,0,4,3,1
109,私立,技專校院,1282,馬偕學校財團法人馬偕醫護管理專科學校,99999Z01,通識教育中心,60,32,28,0,0,2,1,6,7,24,20,0,0,16,8,8,60,32,28
109,私立,技專校院,1283,仁德醫護管理專科學校,09111020,口腔衛生學科,12,5,7,0,0,0,0,2,3,3,4,0,0,5,2,3,12,5,7
109,私立,技專校院,1283,仁德醫護管理專科學校,09131011,護理科,27,12,15,0,0,2,1,6,0,4,14,0,0,9,8,1,27,12,15
109,私立,技專校院,1283,仁德醫護管理專科學校,09141013,視光學科,6,5,1,0,0,0,0,2,0,3,1,0,0,2,2,0,6,5,1
109,私立,技專校院,1283,仁德醫護管理專科學校,09141014,醫事檢驗科,12,11,1,0,0,0,0,2,0,9,1,0,0,2,2,0,12,11,1
109,私立,技專校院,1283,仁德醫護管理專科學校,09159001,復健(技術)科,34,25,9,0,0,2,0,6,1,17,8,0,0,9,8,1,34,25,9
109,私立,技專校院,1283,仁德醫護管理專科學校,09171010,調理保健技術科,32,26,6,0,0,0,0,2,1,24,5,0,0,3,2,1,32,26,6
109,私立,技專校院,1283,仁德醫護管理專科學校,09191008,職業安全衛生科,4,2,2,0,0,0,0,0,0,2,2,0,0,0,0,0,4,2,2
109,私立,技專校院,1283,仁德醫護管理專科學校,09211016,高齡健康促進科,4,2,2,0,0,0,0,0,0,2,2,0,0,0,0,0,4,2,2
109,私立,技專校院,1283,仁德醫護管理專科學校,09221017,幼兒保育科,1,0,1,0,0,0,0,0,0,0,1,0,0,0,0,0,1,0,1
109,私立,技專校院,1283,仁德醫護管理專科學校,09299004,生命關懷事業科,29,20,9,0,0,0,0,0,2,20,7,0,0,2,0,2,29,20,9
109,私立,技專校院,1283,仁德醫護管理專科學校,10131018,餐旅管理科,2,1,1,0,0,0,0,0,0,1,1,0,0,0,0,0,2,1,1
109,私立,技專校院,1283,仁德醫護管理專科學校,10199019,健康美容觀光科,1,1,0,0,0,0,0,1,0,0,0,0,0,1,1,0,1,1,0
109,私立,技專校院,1283,仁德醫護管理專科學校,99999Z01,共同科目,33,21,12,0,0,0,2,8,0,13,10,0,0,10,8,2,33,21,12
109,私立,技專校院,1284,樹人醫護管理專科學校,02311002,應用英語科,4,2,2,0,0,0,0,0,0,2,2,0,0,0,0,0,4,2,2
109,私立,技專校院,1284,樹人醫護管理專科學校,02311003,應用日語科,7,2,5,0,0,0,0,0,0,2,5,0,0,0,0,0,7,2,5
109,私立,技專校院,1284,樹人醫護管理專科學校,06131004,資訊管理科,9,8,1,0,0,0,0,0,0,8,1,0,0,0,0,0,9,8,1
109,私立,技專校院,1284,樹人醫護管理專科學校,09111013,牙體技術科,29,18,11,0,0,1,0,1,1,16,10,0,0,3,2,1,29,18,11
109,私立,技專校院,1284,樹人醫護管理專科學校,09111016,口腔衛生學科,17,9,8,0,0,0,0,2,1,7,7,0,0,3,2,1,17,9,8
109,私立,技專校院,1284,樹人醫護管理專科學校,09131009,護理科,54,17,37,0,0,1,0,6,4,10,33,0,0,11,7,4,54,17,37
109,私立,技專校院,1284,樹人醫護管理專科學校,09141010,視光學科,28,23,5,0,0,0,0,4,0,19,5,0,0,4,4,0,28,23,5
109,私立,技專校院,1284,樹人醫護管理專科學校,09141012,醫學影像暨放射技術科,34,26,8,0,0,1,0,5,1,20,7,0,0,7,6,1,34,26,8
109,私立,技專校院,1284,樹人醫護管理專科學校,09151005,物理治療科,44,26,18,0,0,1,0,7,2,18,16,0,0,10,8,2,44,26,18
109,私立,技專校院,1284,樹人醫護管理專科學校,09152006,職能治療科,35,19,16,0,0,3,0,4,0,12,16,0,0,7,7,0,35,19,16
109,私立,技專校院,1284,樹人醫護管理專科學校,09221014,幼兒保育科,6,2,4,0,0,0,0,0,0,2,4,0,0,0,0,0,6,2,4
109,私立,技專校院,1284,樹人醫護管理專科學校,10121015,美容保健科,19,6,13,0,0,0,0,2,2,4,11,0,0,4,2,2,19,6,13
109,私立,技專校院,1284,樹人醫護管理專科學校,99999Z01,通識(教育)中心,85,45,40,0,0,0,0,3,3,42,37,0,0,6,3,3,85,45,40
109,私立,技專校院,1285,慈惠醫護管理專科學校,02112002,數位媒體創意設計科,9,5,4,0,0,0,0,0,0,5,4,0,0,0,0,0,9,5,4
109,私立,技專校院,1285,慈惠醫護管理專科學校,09131006,護理科,25,3,22,0,0,0,0,0,0,3,22,0,0,0,0,0,25,3,22
109,私立,技專校院,1285,慈惠醫護管理專科學校,09131012,護理助產科,2,1,1,0,0,0,0,0,0,1,1,0,0,0,0,0,2,1,1
109,私立,技專校院,1285,慈惠醫護管理專科學校,09151004,物理治療科,27,18,9,0,0,0,0,0,0,18,9,0,0,0,0,0,27,18,9
109,私立,技專校院,1285,慈惠醫護管理專科學校,09221007,幼兒保育科,19,5,14,0,0,0,0,0,0,5,14,0,0,0,0,0,19,5,14
109,私立,技專校院,1285,慈惠醫護管理專科學校,10121011,美容造型設計科,7,1,6,0,0,0,0,0,0,1,6,0,0,0,0,0,7,1,6
109,私立,技專校院,1285,慈惠醫護管理專科學校,10131008,餐飲管理科,7,7,0,0,0,0,0,0,0,7,0,0,0,0,0,0,7,7,0
109,私立,技專校院,1285,慈惠醫護管理專科學校,10151009,觀光事業科,2,1,1,0,0,0,0,0,0,1,1,0,0,0,0,0,2,1,1
109,私立,技專校院,1285,慈惠醫護管理專科學校,10152013,休閒暨觀光事業管理科,18,13,5,0,0,0,0,0,0,13,5,0,0,0,0,0,18,13,5
109,私立,技專校院,1285,慈惠醫護管理專科學校,99999Z01,通識教育中心,52,33,19,0,0,0,0,0,0,33,19,0,0,0,0,0,52,33,19
109,私立,技專校院,1286,耕莘健康管理專科學校,02112001,數位媒體設計科,2,2,0,0,0,0,0,0,0,2,0,0,0,0,0,0,2,2,0
109,私立,技專校院,1286,耕莘健康管理專科學校,09111010,口腔衛生與健康照護科,33,14,19,0,0,0,0,3,3,11,16,0,0,6,3,3,33,14,19
109,私立,技專校院,1286,耕莘健康管理專科學校,09131003,護理科,198,63,135,0,1,2,0,15,5,46,129,0,0,23,17,6,198,63,135
109,私立,技專校院,1286,耕莘健康管理專科學校,09221004,嬰幼兒保育科,30,9,21,0,0,0,0,1,1,8,20,0,0,2,1,1,30,9,21
109,私立,技專校院,1286,耕莘健康管理專科學校,10121008,化妝品應用與管理科,19,6,13,0,0,1,1,1,2,4,10,0,0,5,2,3,19,6,13
109,私立,技專校院,1286,耕莘健康管理專科學校,10131006,健康餐旅科,12,9,3,0,0,0,0,1,0,8,3,0,0,1,1,0,12,9,3
109,私立,技專校院,1287,敏惠醫護管理專科學校,09111002,牙體技術科,16,13,3,0,0,1,0,1,0,11,3,0,0,2,2,0,16,13,3
109,私立,技專校院,1287,敏惠醫護管理專科學校,09131001,護理科,49,7,42,1,0,0,0,2,3,4,39,0,0,6,3,3,49,7,42
109,私立,技專校院,1287,敏惠醫護管理專科學校,09199005,長期照顧與健康促進管理科,21,7,14,0,0,0,0,1,1,6,13,0,0,2,1,1,21,7,14
109,私立,技專校院,1287,敏惠醫護管理專科學校,09221003,幼兒保育科,9,3,6,0,0,0,0,0,0,3,6,0,0,0,0,0,9,3,6
109,私立,技專校院,1287,敏惠醫護管理專科學校,10121004,美容保健科,24,10,14,0,0,0,1,1,0,9,13,0,0,2,1,1,24,10,14
109,私立,技專校院,1287,敏惠醫護管理專科學校,99999Z01,通識教育中心,51,30,21,0,0,0,0,14,8,16,13,0,0,22,14,8,51,30,21
109,私立,技專校院,1289,育英醫護管理專科學校,09131001,護理科,12,1,11,0,0,0,0,0,0,1,11,0,0,0,0,0,12,1,11
109,私立,技專校院,1289,育英醫護管理專科學校,09211002,老人服務事業管理科,13,5,8,0,0,0,0,1,2,4,6,0,0,3,1,2,13,5,8
109,私立,技專校院,1289,育英醫護管理專科學校,10121003,化妝品應用與管理科,9,1,8,0,0,0,0,1,0,0,8,0,0,1,1,0,9,1,8
109,私立,技專校院,1289,育英醫護管理專科學校,99999Z01,通識中心,46,19,27,0,0,2,0,5,7,12,20,0,0,14,7,7,46,19,27
109,私立,技專校院,1291,聖母醫護管理專科學校,06131004,資訊管理科,11,8,3,0,0,0,0,2,0,6,3,0,0,2,2,0,11,8,3
109,私立,技專校院,1291,聖母醫護管理專科學校,09131006,護理科,40,11,29,0,0,0,0,3,1,8,28,0,0,4,3,1,40,11,29
109,私立,技專校院,1291,聖母醫護管理專科學校,09221002,幼兒保育科,4,1,3,0,0,0,0,0,0,1,3,0,0,0,0,0,4,1,3
109,私立,技專校院,1291,聖母醫護管理專科學校,10121001,化妝品應用與管理科,8,2,6,0,0,0,0,1,1,1,5,0,0,2,1,1,8,2,6
109,私立,技專校院,1291,聖母醫護管理專科學校,99999Z01,通識教育中心,36,22,14,0,0,0,1,3,2,19,11,0,0,6,3,3,36,22,14
109,私立,技專校院,1292,新生醫護管理專科學校,02311002,應用英語科,1,1,0,0,0,0,0,0,0,1,0,0,0,0,0,0,1,1,0
109,私立,技專校院,1292,新生醫護管理專科學校,04133006,醫藥保健商務科,16,8,8,0,0,0,0,0,0,8,8,0,0,0,0,0,16,8,8
109,私立,技專校院,1292,新生醫護管理專科學校,09111010,口腔衛生學科,4,2,2,0,0,0,0,1,0,1,2,0,0,1,1,0,4,2,2
109,私立,技專校院,1292,新生醫護管理專科學校,09131007,護理科,99,17,82,0,0,0,0,3,2,14,80,0,0,5,3,2,99,17,82
109,私立,技專校院,1292,新生醫護管理專科學校,09141009,視光學科,7,7,0,0,0,0,0,0,0,7,0,0,0,0,0,0,7,7,0
109,私立,技專校院,1292,新生醫護管理專科學校,09211008,長期照護科,10,1,9,0,0,0,0,0,1,1,8,0,0,1,0,1,10,1,9
109,私立,技專校院,1292,新生醫護管理專科學校,09221011,幼兒保育科,2,1,1,0,0,0,0,0,0,1,1,0,0,0,0,0,2,1,1
109,私立,技專校院,1292,新生醫護管理專科學校,10121013,美容造型科,6,1,5,0,0,0,0,0,1,1,4,0,0,1,0,1,6,1,5
109,私立,技專校院,1292,新生醫護管理專科學校,10152012,健康休閒管理科,2,1,1,0,0,0,0,0,0,1,1,0,0,0,0,0,2,1,1
109,私立,技專校院,1292,新生醫護管理專科學校,99999Z01,通識教育發展中心,112,58,54,1,0,1,0,11,6,45,48,0,0,19,13,6,112,58,54
109,私立,技專校院,1293,崇仁醫護管理專科學校,04191001,應用外語科,4,2,2,0,0,0,0,0,0,2,2,0,0,0,0,0,4,2,2
109,私立,技專校院,1293,崇仁醫護管理專科學校,09131002,護理科,31,8,23,0,0,1,0,0,1,7,22,0,0,2,1,1,31,8,23
109,私立,技專校院,1293,崇仁醫護管理專科學校,09211003,老人服務事業管理科,7,4,3,0,0,0,0,0,0,4,3,0,0,0,0,0,7,4,3
109,私立,技專校院,1293,崇仁醫護管理專科學校,10121005,美容保健科,8,4,4,0,0,0,0,0,1,4,3,0,0,1,0,1,8,4,4
109,私立,技專校院,1293,崇仁醫護管理專科學校,10131004,餐飲管理科,3,2,1,0,0,0,0,0,1,2,0,0,0,1,0,1,3,2,1
109,私立,技專校院,1293,崇仁醫護管理專科學校,99999Z01,通識教育中心,40,22,18,0,0,0,0,6,4,16,14,0,0,10,6,4,40,22,18
109,私立,宗教研修學院,1R02,學校財團法人中華浸信會基督教台灣浸會神學院,02211001,基督教神學研究所,1,1,0,0,0,0,0,1,0,0,0,0,0,1,1,0,1,1,0
109,私立,宗教研修學院,1R03,臺北基督學院,02299001,基督教博雅學系,39,17,22,0,0,2,1,5,5,10,16,0,0,13,7,6,39,17,22
109,私立,宗教研修學院,1R03,臺北基督學院,99999Z01,基督教博雅核心課程中心,10,7,3,0,0,0,0,2,2,5,1,0,0,4,2,2,10,7,3
109,私立,宗教研修學院,1R04,財團法人一貫道天皇基金會一貫道天皇學院,02211001,一貫道學系,18,9,9,2,0,1,1,2,3,4,5,0,0,9,5,4,18,9,9
109,私立,宗教研修學院,1R05,台神學校財團法人台灣神學研究學院,02211001,基督教研究所,9,0,9,0,0,0,3,0,6,0,0,0,0,9,0,9,9,0,9
109,私立,宗教研修學院,1R05,台神學校財團法人台灣神學研究學院,02211002,神學研究所,3,2,1,0,0,0,0,2,1,0,0,0,0,3,2,1,3,2,1
109,私立,宗教研修學院,1R07,台灣基督長老教會南神神學院,02211001,神學研究所,1,1,0,0,0,0,0,1,0,0,0,0,0,1,1,0,1,1,0
109,私立,宗教研修學院,1R07,台灣基督長老教會南神神學院,02211002,基督教研究所,2,2,0,1,0,0,0,1,0,0,0,0,0,2,2,0,2,2,0
109,公立,一般大學,3002,臺北市立大學,01111001,教育學系,15,6,9,1,1,1,1,2,4,2,3,0,0,10,4,6,15,6,9
109,公立,一般大學,3002,臺北市立大學,01113029,特殊教育學系,6,1,5,0,0,0,0,0,5,1,0,0,0,5,0,5,6,1,5
109,公立,一般大學,3002,臺北市立大學,01114035,教育行政與評鑑研究所,4,4,0,3,0,0,0,1,0,0,0,0,0,4,4,0,4,4,0
109,公立,一般大學,3002,臺北市立大學,01116036,學習與媒材設計學系,10,7,3,1,0,2,0,0,1,4,2,0,0,4,3,1,10,7,3
109,公立,一般大學,3002,臺北市立大學,01121027,幼兒教育學系,17,3,14,0,0,0,0,1,2,2,12,0,0,3,1,2,17,3,14
109,公立,一般大學,3002,臺北市立大學,01131017,英語教學系,5,1,4,0,0,0,1,0,2,1,1,0,0,3,0,3,5,1,4
109,公立,一般大學,3002,臺北市立大學,01141025,體育學系,40,31,9,3,0,0,0,6,2,22,7,0,0,11,9,2,40,31,9
109,公立,一般大學,3002,臺北市立大學,01141026,運動教育研究所,3,3,0,1,0,1,0,1,0,0,0,0,0,3,3,0,3,3,0
109,公立,一般大學,3002,臺北市立大學,01141030,身心障礙者轉銜及休閒教育碩士學位學程,1,0,1,0,0,0,0,0,1,0,0,0,0,1,0,1,1,0,1
109,公立,一般大學,3002,臺北市立大學,02111040,視覺藝術學系,13,6,7,0,0,1,2,2,1,3,4,0,0,6,3,3,13,6,7
109,公立,一般大學,3002,臺北市立大學,02151037,音樂學系,68,23,45,4,6,6,14,8,14,5,11,0,0,52,18,34,68,23,45
109,公立,一般大學,3002,臺北市立大學,02152039,舞蹈學系,16,2,14,0,0,0,1,1,2,1,11,0,0,4,1,3,16,2,14
109,公立,一般大學,3002,臺北市立大學,02221019,歷史與地理學系,1,1,0,0,0,1,0,0,0,0,0,0,0,1,1,0,1,1,0
109,公立,一般大學,3002,臺北市立大學,03131055,心理與諮商學系,8,2,6,0,0,1,0,1,3,0,3,0,0,5,2,3,8,2,6
109,公立,一般大學,3002,臺北市立大學,04134056,社會暨公共事務學系,8,7,1,2,0,3,0,2,1,0,0,0,0,8,7,1,8,7,1
109,公立,一般大學,3002,臺北市立大學,04199045,都會產業經營與行銷學系,1,1,0,0,0,0,0,1,0,0,0,0,0,1,1,0,1,1,0
109,公立,一般大學,3002,臺北市立大學,05211023,地球環境暨生物資源學系,6,5,1,1,0,2,1,2,0,0,0,0,0,6,5,1,6,5,1
109,公立,一般大學,3002,臺北市立大學,05399011,應用物理暨化學系,2,1,1,0,0,0,0,1,1,0,0,0,0,2,1,1,2,1,1
109,公立,一般大學,3002,臺北市立大學,05411012,數學系,1,1,0,0,0,0,0,0,0,1,0,0,0,0,0,0,1,1,0
109,公立,一般大學,3002,臺北市立大學,06131016,資訊科學系,1,1,0,0,0,0,0,0,0,1,0,0,0,0,0,0,1,1,0
109,公立,一般大學,3002,臺北市立大學,07313058,城市發展學系,6,6,0,0,0,1,0,5,0,0,0,0,0,6,6,0,6,6,0
109,公立,一般大學,3002,臺北市立大學,09191059,衛生福利學系,7,3,4,0,0,0,1,2,0,1,3,0,0,3,2,1,7,3,4
109,公立,一般大學,3002,臺北市立大學,10141046,運動藝術學系,9,7,2,0,0,0,0,2,1,5,1,0,0,3,2,1,9,7,2
109,公立,一般大學,3002,臺北市立大學,10141053,運動科學研究所,1,0,1,0,0,0,0,0,1,0,0,0,0,1,0,1,1,0,1
109,公立,一般大學,3002,臺北市立大學,10141054,競技運動訓練研究所,4,2,2,0,0,1,1,1,1,0,0,0,0,4,2,2,4,2,2
109,公立,一般大學,3002,臺北市立大學,10141060,球類運動學系,23,17,6,4,0,3,0,2,0,8,6,0,0,9,9,0,23,17,6
109,公立,一般大學,3002,臺北市立大學,10141062,陸上運動學系,10,8,2,0,0,0,0,1,0,7,2,0,0,1,1,0,10,8,2
109,公立,一般大學,3002,臺北市立大學,10141063,水上運動學系,6,3,3,0,0,0,0,0,0,3,3,0,0,0,0,0,6,3,3
109,公立,一般大學,3002,臺北市立大學,10141064,技擊運動學系,7,5,2,0,0,0,0,1,0,4,2,0,0,1,1,0,7,5,2
109,公立,一般大學,3002,臺北市立大學,10142052,運動健康科學系,14,11,3,1,0,0,0,2,0,8,3,0,0,3,3,0,14,11,3
109,公立,一般大學,3002,臺北市立大學,10152050,休閒運動管理學系,8,3,5,1,0,0,0,1,0,1,5,0,0,2,2,0,8,3,5
109,公立,一般大學,3002,臺北市立大學,99999Z01,通識教育中心,67,31,36,1,3,3,1,16,16,11,16,0,0,40,20,20,67,31,36
109,公立,一般大學,3002,臺北市立大學,99999Z05,師資培育及職涯發展中心,26,15,11,1,0,0,0,3,4,11,7,0,0,8,4,4,26,15,11
110,公立,一般大學,0001,國立政治大學,01199Y03,教育學院,10,5,5,3,1,1,1,1,1,0,2,0,0,8,5,3,10,5,5
110,公立,一般大學,0001,國立政治大學,02211019,宗教研究所,6,5,1,2,0,0,0,3,1,0,0,0,0,6,5,1,6,5,1
110,公立,一般大學,0001,國立政治大學,02221020,歷史學系,8,8,0,7,0,0,0,1,0,0,0,0,0,8,8,0,8,8,0
110,公立,一般大學,0001,國立政治大學,02221021,台灣史研究所,8,8,0,4,0,2,0,2,0,0,0,0,0,8,8,0,8,8,0
110,公立,一般大學,0001,國立政治大學,02222031,民族學系,14,12,2,2,0,3,0,4,2,3,0,0,0,11,9,2,14,12,2
110,公立,一般大學,0001,國立政治大學,02231022,哲學系,7,6,1,4,0,0,0,1,1,1,0,0,0,6,5,1,7,6,1
110,公立,一般大學,0001,國立政治大學,02311009,英國語文學系,14,5,9,0,0,1,2,3,3,1,4,0,0,9,4,5,14,5,9
110,公立,一般大學,0001,國立政治大學,02311011,日本語文學系,22,3,19,0,2,1,0,0,3,2,14,0,0,6,1,5,22,3,19
110,公立,一般大學,0001,國立政治大學,02311014,韓國語文學系,6,5,1,0,0,0,0,0,0,5,1,0,0,0,0,0,6,5,1
110,公立,一般大學,0001,國立政治大學,02311015,土耳其語文學系,1,1,0,0,0,1,0,0,0,0,0,0,0,1,1,0,1,1,0
110,公立,一般大學,0001,國立政治大學,02311016,歐洲語文學系,7,3,4,0,0,0,2,1,0,2,2,0,0,3,1,2,7,3,4
110,公立,一般大學,0001,國立政治大學,02311017,斯拉夫語文學系,7,4,3,1,0,0,1,2,2,1,0,0,0,6,3,3,7,4,3
110,公立,一般大學,0001,國立政治大學,02311087,東南亞語言與文化學士學位學程,3,1,2,0,0,0,1,0,0,1,1,0,0,1,0,1,3,1,2
110,公立,一般大學,0001,國立政治大學,02321007,台灣文學研究所,5,4,1,2,0,1,0,1,1,0,0,0,0,5,4,1,5,4,1
110,公立,一般大學,0001,國立政治大學,02322008,中國文學系,16,12,4,4,2,2,1,0,0,6,1,0,0,9,6,3,16,12,4
110,公立,一般大學,0001,國立政治大學,02323002,華語文教學博士學位學程,1,1,0,1,0,0,0,0,0,0,0,0,0,1,1,0,1,1,0
110,公立,一般大學,0001,國立政治大學,02323002,華語文教學碩士學位學程,4,1,3,0,1,1,2,0,0,0,0,0,0,4,1,3,4,1,3
110,公立,一般大學,0001,國立政治大學,02399018,語言學研究所,1,1,0,1,0,0,0,0,0,0,0,0,0,1,1,0,1,1,0
110,公立,一般大學,0001,國立政治大學,03111024,經濟學系,11,11,0,10,0,1,0,0,0,0,0,0,0,11,11,0,11,11,0
110,公立,一般大學,0001,國立政治大學,03111025,應用經濟與社會發展英語碩士學位學程,1,1,0,0,0,0,0,1,0,0,0,0,0,1,1,0,1,1,0
110,公立,一般大學,0001,國立政治大學,03121026,政治學系,6,5,1,3,0,2,0,0,1,0,0,0,0,6,5,1,6,5,1
110,公立,一般大學,0001,國立政治大學,03122Y18,國際事務學院,27,22,5,15,3,4,1,3,1,0,0,0,0,27,22,5,27,22,5
110,公立,一般大學,0001,國立政治大學,03131032,心理學系,15,13,2,6,0,1,0,1,1,5,1,0,0,9,8,1,15,13,2
110,公立,一般大學,0001,國立政治大學,03141030,社會學系,5,4,1,2,0,1,0,0,1,1,0,0,0,4,3,1,5,4,1
110,公立,一般大學,0001,國立政治大學,03143040,亞太研究英語博士學位學程,1,1,0,1,0,0,0,0,0,0,0,0,0,1,1,0,1,1,0
110,公立,一般大學,0001,國立政治大學,03143043,地政學系,8,5,3,4,2,0,0,1,1,0,0,0,0,8,5,3,8,5,3
110,公立,一般大學,0001,國立政治大學,03191047,國家發展研究所,4,4,0,4,0,0,0,0,0,0,0,0,0,4,4,0,4,4,0
110,公立,一般大學,0001,國立政治大學,03199048,勞工研究所,2,1,1,1,0,0,1,0,0,0,0,0,0,2,1,1,2,1,1
110,公立,一般大學,0001,國立政治大學,03199Y20,社會科學學院,5,5,0,4,0,1,0,0,0,0,0,0,0,5,5,0,5,5,0
110,公立,一般大學,0001,國立政治大學,03213052,廣播電視學系,1,1,0,0,0,0,0,1,0,0,0,0,0,1,1,0,1,1,0
110,公立,一般大學,0001,國立政治大學,03214051,新聞學系,1,0,1,0,1,0,0,0,0,0,0,0,0,1,0,1,1,0,1
110,公立,一般大學,0001,國立政治大學,03222054,圖書資訊與檔案學研究所,2,2,0,1,0,0,0,1,0,0,0,0,0,2,2,0,2,2,0
110,公立,一般大學,0001,國立政治大學,03299Y22,傳播學院,37,24,13,6,1,4,2,7,8,7,2,0,0,28,17,11,37,24,13
110,公立,一般大學,0001,國立政治大學,04111059,會計學系,23,18,5,8,2,7,3,1,0,2,0,0,0,21,16,5,23,18,5
110,公立,一般大學,0001,國立政治大學,04121065,財務管理學系,6,4,2,4,1,0,1,0,0,0,0,0,0,6,4,2,6,4,2
110,公立,一般大學,0001,國立政治大學,04121068,金融學系,3,3,0,2,0,0,0,1,0,0,0,0,0,3,3,0,3,3,0
110,公立,一般大學,0001,國立政治大學,04122070,財政學系,6,5,1,3,0,0,0,2,0,0,1,0,0,5,5,0,6,5,1
110,公立,一般大學,0001,國立政治大學,04123069,風險管理與保險學系,2,2,0,1,0,1,0,0,0,0,0,0,0,2,2,0,2,2,0
110,公立,一般大學,0001,國立政治大學,04131060,企業管理研究所(MBA學位學程),3,3,0,2,0,1,0,0,0,0,0,0,0,3,3,0,3,3,0
110,公立,一般大學,0001,國立政治大學,04131060,企業管理學系,16,8,8,1,2,2,0,1,0,4,6,0,0,6,4,2,16,8,8
110,公立,一般大學,0001,國立政治大學,04131064,國際經營管理英語碩士學位學程,5,4,1,1,1,1,0,2,0,0,0,0,0,5,4,1,5,4,1
110,公立,一般大學,0001,國立政治大學,04131091,創新國際學院,2,2,0,1,0,0,0,1,0,0,0,0,0,2,2,0,2,2,0
110,公立,一般大學,0001,國立政治大學,04131091,創新國際學院學士班,3,2,1,1,0,0,0,1,1,0,0,0,0,3,2,1,3,2,1
110,公立,一般大學,0001,國立政治大學,04134041,公共行政學系,3,2,1,1,0,1,1,0,0,0,0,0,0,3,2,1,3,2,1
110,公立,一般大學,0001,國立政治大學,04141067,國際經營與貿易學系,6,3,3,2,0,1,1,0,1,0,1,0,0,5,3,2,6,3,3
110,公立,一般大學,0001,國立政治大學,04199072,科技管理與智慧財產研究所,5,4,1,2,0,1,0,1,1,0,0,0,0,5,4,1,5,4,1
110,公立,一般大學,0001,國立政治大學,04199Y27,商學院,8,8,0,1,0,4,0,2,0,1,0,0,0,7,7,0,8,8,0
110,公立,一般大學,0001,國立政治大學,04211073,法律學系,5,5,0,4,0,1,0,0,0,0,0,0,0,5,5,0,5,5,0
110,公立,一般大學,0001,國立政治大學,04299Y34,法學院,23,16,7,7,2,5,5,4,0,0,0,0,0,23,16,7,23,16,7
110,公立,一般大學,0001,國立政治大學,05199083,神經科學研究所,7,4,3,0,1,2,1,1,0,1,1,0,0,5,3,2,7,4,3
110,公立,一般大學,0001,國立政治大學,05331077,應用物理研究所,4,3,1,2,0,0,0,1,1,0,0,0,0,4,3,1,4,3,1
110,公立,一般大學,0001,國立政治大學,05399Y37,理學院,2,2,0,0,0,1,0,1,0,0,0,0,0,2,2,0,2,2,0
110,公立,一般大學,0001,國立政治大學,05411078,應用數學系,13,12,1,8,0,2,0,2,1,0,0,0,0,13,12,1,13,12,1
110,公立,一般大學,0001,國立政治大學,05421079,統計學系,4,3,1,2,0,1,0,0,1,0,0,0,0,4,3,1,4,3,1
110,公立,一般大學,0001,國立政治大學,06131080,資訊管理學系,4,3,1,1,0,0,1,0,0,2,0,0,0,2,1,1,4,3,1
110,公立,一般大學,0001,國立政治大學,06131081,資訊科學系,3,2,1,0,0,0,0,1,1,1,0,0,0,2,1,1,3,2,1
110,公立,一般大學,0001,國立政治大學,06134092,數位內容與科技學士學位學程,1,1,0,0,0,0,0,0,0,1,0,0,0,0,0,0,1,1,0
110,公立,一般大學,0001,國立政治大學,09231084,社會工作研究所,2,1,1,0,1,0,0,1,0,0,0,0,0,2,1,1,2,1,1
110,公立,一般大學,0001,國立政治大學,99999Z05,師資培育中心,1,1,0,0,0,1,0,0,0,0,0,0,0,1,1,0,1,1,0
110,公立,一般大學,0001,國立政治大學,99999Z07,體育室,15,12,3,1,0,4,0,1,2,6,1,0,0,8,6,2,15,12,3
110,公立,一般大學,0001,國立政治大學,99999Z08,外文中心,15,7,8,0,0,0,0,2,2,5,6,0,0,4,2,2,15,7,8
110,公立,一般大學,0001,國立政治大學,99999Z99,國際關係研究中心,2,2,0,2,0,0,0,0,0,0,0,0,0,2,2,0,2,2,0
110,公立,一般大學,0001,國立政治大學,99999Z99,選舉研究中心,3,3,0,1,0,1,0,1,0,0,0,0,0,3,3,0,3,3,0
110,公立,一般大學,0002,國立清華大學,01111112,竹師教育學院學士班,4,1,3,0,0,0,0,1,0,0,3,0,0,1,1,0,4,1,3
110,公立,一般大學,0002,國立清華大學,01113095,特殊教育學系,6,0,6,0,0,0,0,0,0,0,6,0,0,0,0,0,6,0,6
110,公立,一般大學,0002,國立清華大學,01115124,華德福教育碩士在職學位學程,1,1,0,0,0,1,0,0,0,0,0,0,0,1,1,0,1,1,0
110,公立,一般大學,0002,國立清華大學,01121091,幼兒教育學系,2,0,2,0,0,0,0,0,1,0,1,0,0,1,0,1,2,0,2
110,公立,一般大學,0002,國立清華大學,01131084,教育與學習科技學系,17,9,8,1,0,2,0,2,2,4,6,0,0,7,5,2,17,9,8
110,公立,一般大學,0002,國立清華大學,01131085,數理教育研究所,3,3,0,1,0,1,0,1,0,0,0,0,0,3,3,0,3,3,0
110,公立,一般大學,0002,國立清華大學,01141127,運動科學系,12,9,3,2,0,0,0,1,0,6,3,0,0,3,3,0,12,9,3
110,公立,一般大學,0002,國立清華大學,01199Y02,竹師教育學院,25,6,19,0,0,0,0,0,5,6,14,0,0,5,0,5,25,6,19
110,公立,一般大學,0002,國立清華大學,02131098,藝術與設計學系,26,17,9,2,1,1,0,2,4,12,4,0,0,10,5,5,26,17,9
110,公立,一般大學,0002,國立清華大學,02151096,音樂學系,56,18,38,0,1,5,5,10,18,3,14,0,0,39,15,24,56,18,38
110,公立,一般大學,0002,國立清華大學,02191113,藝術學院學士班,6,6,0,1,0,0,0,0,0,5,0,0,0,1,1,0,6,6,0
110,公立,一般大學,0002,國立清華大學,02221006,歷史研究所,8,4,4,1,1,0,1,3,1,0,1,0,0,7,4,3,8,4,4
110,公立,一般大學,0002,國立清華大學,02222007,人類學研究所,2,1,1,1,1,0,0,0,0,0,0,0,0,2,1,1,2,1,1
110,公立,一般大學,0002,國立清華大學,02299010,人文社會學院學士班,6,4,2,0,0,2,1,1,0,1,1,0,0,4,3,1,6,4,2
110,公立,一般大學,0002,國立清華大學,02311002,外國語文學系,29,6,23,0,1,1,3,1,5,4,14,0,0,11,2,9,29,6,23
110,公立,一般大學,0002,國立清華大學,02321001,台灣文學研究所,2,1,1,1,0,0,0,0,1,0,0,0,0,2,1,1,2,1,1
110,公立,一般大學,0002,國立清華大學,02321101,臺灣語言研究與教學研究所,9,7,2,1,0,0,0,2,0,4,2,0,0,3,3,0,9,7,2
110,公立,一般大學,0002,國立清華大學,02322003,中國文學系,31,15,16,2,0,0,1,4,7,9,8,0,0,14,6,8,31,15,16
110,公立,一般大學,0002,國立清華大學,02323114,華文文學研究所,2,1,1,0,0,1,0,0,1,0,0,0,0,2,1,1,2,1,1
110,公立,一般大學,0002,國立清華大學,02399005,語言學研究所,1,1,0,0,0,1,0,0,0,0,0,0,0,1,1,0,1,1,0
110,公立,一般大學,0002,國立清華大學,03111011,經濟學系,13,10,3,1,0,2,0,1,0,6,3,0,0,4,4,0,13,10,3
110,公立,一般大學,0002,國立清華大學,03131077,教育心理與諮商學系,15,5,10,0,0,0,5,1,3,4,2,0,0,9,1,8,15,5,10
110,公立,一般大學,0002,國立清華大學,03141012,社會學研究所,3,2,1,1,0,0,0,1,1,0,0,0,0,3,2,1,3,2,1
110,公立,一般大學,0002,國立清華大學,04121020,計量財務金融學系,13,9,4,3,0,1,0,3,4,2,0,0,0,11,7,4,13,9,4
110,公立,一般大學,0002,國立清華大學,04199017,科技管理研究所,11,8,3,5,0,1,1,0,0,2,2,0,0,7,6,1,11,8,3
110,公立,一般大學,0002,國立清華大學,04199022,服務科學研究所,2,1,1,0,0,1,0,0,1,0,0,0,0,2,1,1,2,1,1
110,公立,一般大學,0002,國立清華大學,04212024,科技法律研究所,10,8,2,3,0,1,0,3,2,1,0,0,0,9,7,2,10,8,2
110,公立,一般大學,0002,國立清華大學,05121026,生物科技研究所,1,1,0,1,0,0,0,0,0,0,0,0,0,1,1,0,1,1,0
110,公立,一般大學,0002,國立清華大學,05121072,分子醫學研究所,2,1,1,1,1,0,0,0,0,0,0,0,0,2,1,1,2,1,1
110,公立,一般大學,0002,國立清華大學,05199033,系統神經科學研究所,2,2,0,1,0,0,0,1,0,0,0,0,0,2,2,0,2,2,0
110,公立,一般大學,0002,國立清華大學,05211102,環境與文化資源學系,1,1,0,0,0,0,0,1,0,0,0,0,0,1,1,0,1,1,0
110,公立,一般大學,0002,國立清華大學,05311037,化學系,2,2,0,2,0,0,0,0,0,0,0,0,0,2,2,0,2,2,0
110,公立,一般大學,0002,國立清華大學,05331038,物理學系,1,1,0,1,0,0,0,0,0,0,0,0,0,1,1,0,1,1,0
110,公立,一般大學,0002,國立清華大學,05399040,先進光源科技碩士學位學程,3,2,1,2,1,0,0,0,0,0,0,0,0,3,2,1,3,2,1
110,公立,一般大學,0002,國立清華大學,05399121,分析與環境科學研究所,2,1,1,1,0,0,0,0,1,0,0,0,0,2,1,1,2,1,1
110,公立,一般大學,0002,國立清華大學,05411043,數學系,11,10,1,4,0,1,0,3,1,2,0,0,0,9,8,1,11,10,1
110,公立,一般大學,0002,國立清華大學,05421044,統計學研究所,1,1,0,1,0,0,0,0,0,0,0,0,0,1,1,0,1,1,0
110,公立,一般大學,0002,國立清華大學,06131053,資訊工程學系,6,6,0,1,0,0,0,4,0,1,0,0,0,5,5,0,6,6,0
110,公立,一般大學,0002,國立清華大學,06131122,資訊安全研究所,2,2,0,0,0,1,0,1,0,0,0,0,0,2,2,0,2,2,0
110,公立,一般大學,0002,國立清華大學,07111057,化學工程學系,3,3,0,2,0,0,0,1,0,0,0,0,0,3,3,0,3,3,0
110,公立,一般大學,0002,國立清華大學,07112058,材料科學工程學系,1,1,0,0,0,1,0,0,0,0,0,0,0,1,1,0,1,1,0
110,公立,一般大學,0002,國立清華大學,07131068,核子工程與科學研究所,5,5,0,1,0,2,0,2,0,0,0,0,0,5,5,0,5,5,0
110,公立,一般大學,0002,國立清華大學,07141049,電機工程學系,5,4,1,1,1,2,0,1,0,0,0,0,0,5,4,1,5,4,1
110,公立,一般大學,0002,國立清華大學,07151056,動力機械工程學系,9,9,0,3,0,2,0,3,0,1,0,0,0,8,8,0,9,9,0
110,公立,一般大學,0002,國立清華大學,07191061,工業工程與工程管理學系,2,2,0,0,0,0,0,2,0,0,0,0,0,2,2,0,2,2,0
110,公立,一般大學,0002,國立清華大學,07193063,生醫工程與環境科學系,4,3,1,2,0,0,0,1,1,0,0,0,0,4,3,1,4,3,1
110,公立,一般大學,0002,國立清華大學,07193065,生物醫學工程研究所,2,2,0,1,0,0,0,1,0,0,0,0,0,2,2,0,2,2,0
110,公立,一般大學,0002,國立清華大學,07194066,工程與系統科學系,3,2,1,1,0,1,0,0,0,0,1,0,0,2,2,0,3,2,1
110,公立,一般大學,0002,國立清華大學,07194069,原子科學院,1,1,0,0,0,0,0,1,0,0,0,0,0,1,1,0,1,1,0
110,公立,一般大學,0002,國立清華大學,09121073,醫學科學系,4,2,2,0,0,1,0,0,1,1,1,0,0,2,1,1,4,2,2
110,公立,一般大學,0002,國立清華大學,99999074,跨院國際博士班學位學程,2,1,1,1,0,0,0,0,1,0,0,0,0,2,1,1,2,1,1
110,公立,一般大學,0002,國立清華大學,99999075,清華學院,15,12,3,2,0,2,0,4,2,4,1,0,0,10,8,2,15,12,3
110,公立,一般大學,0002,國立清華大學,99999075,清華學院學士班,3,0,3,0,0,0,0,0,1,0,2,0,0,1,0,1,3,0,3
110,公立,一般大學,0002,國立清華大學,99999120,清華學院國際學士班,5,2,3,1,0,0,0,0,0,1,3,0,0,1,1,0,5,2,3
110,公立,一般大學,0002,國立清華大學,99999Z01,通識教育中心,78,47,31,8,1,2,4,24,18,13,8,0,0,57,34,23,78,47,31
110,公立,一般大學,0002,國立清華大學,99999Z05,師資培育中心,22,8,14,1,0,0,0,3,7,4,7,0,0,11,4,7,22,8,14
110,公立,一般大學,0002,國立清華大學,99999Z07,體育室,38,28,10,1,0,1,1,5,2,21,7,0,0,10,7,3,38,28,10
110,公立,一般大學,0002,國立清華大學,99999Z08,華語中心,9,1,8,0,0,0,0,0,0,1,8,0,0,0,0,0,9,1,8
110,公立,一般大學,0002,國立清華大學,99999Z08,語文中心,3,1,2,0,0,0,0,0,0,1,2,0,0,0,0,0,3,1,2
110,公立,一般大學,0002,國立清華大學,99999Z99,教務處,2,1,1,1,0,0,0,0,1,0,0,0,0,2,1,1,2,1,1
110,公立,一般大學,0003,國立臺灣大學,01131001,華語教學碩士學位學程,21,0,21,0,0,0,0,0,1,0,20,0,0,1,0,1,21,0,21
110,公立,一般大學,0003,國立臺灣大學,02151002,音樂學研究所,2,1,1,0,0,1,1,0,0,0,0,0,0,2,1,1,2,1,1
110,公立,一般大學,0003,國立臺灣大學,02152003,戲劇學系,13,3,10,0,1,0,1,1,3,2,5,0,0,6,1,5,13,3,10
110,公立,一般大學,0003,國立臺灣大學,02191004,藝術史研究所,3,1,2,1,2,0,0,0,0,0,0,0,0,3,1,2,3,1,2
110,公立,一般大學,0003,國立臺灣大學,02221012,歷史學系,10,8,2,5,1,2,1,1,0,0,0,0,0,10,8,2,10,8,2
110,公立,一般大學,0003,國立臺灣大學,02222013,人類學系,6,3,3,0,2,1,0,1,0,1,1,0,0,4,2,2,6,3,3
110,公立,一般大學,0003,國立臺灣大學,02231014,哲學系,6,6,0,2,0,3,0,1,0,0,0,0,0,6,6,0,6,6,0
110,公立,一般大學,0003,國立臺灣大學,02299Y15,文學院,7,2,5,0,0,0,0,1,2,1,3,0,0,3,1,2,7,2,5
110,公立,一般大學,0003,國立臺灣大學,02311007,外國語文學系,37,13,24,1,1,1,1,4,8,7,14,0,0,16,6,10,37,13,24
110,公立,一般大學,0003,國立臺灣大學,02311009,日本語文學系,25,6,19,3,2,1,0,1,0,1,17,0,0,7,5,2,25,6,19
110,公立,一般大學,0003,國立臺灣大學,02312010,翻譯碩士學位學程,4,2,2,0,0,0,0,1,0,1,2,0,0,1,1,0,4,2,2
110,公立,一般大學,0003,國立臺灣大學,02321005,臺灣文學研究所,2,2,0,1,0,1,0,0,0,0,0,0,0,2,2,0,2,2,0
110,公立,一般大學,0003,國立臺灣大學,02322006,中國文學系,38,22,16,6,5,1,2,13,8,2,1,0,0,35,20,15,38,22,16
110,公立,一般大學,0003,國立臺灣大學,03111015,經濟學系,12,10,2,7,2,3,0,0,0,0,0,0,0,12,10,2,12,10,2
110,公立,一般大學,0003,國立臺灣大學,03121016,政治學系,10,9,1,4,0,1,0,3,0,1,1,0,0,8,8,0,10,9,1
110,公立,一般大學,0003,國立臺灣大學,03131019,心理學系,6,4,2,2,1,0,1,2,0,0,0,0,0,6,4,2,6,4,2
110,公立,一般大學,0003,國立臺灣大學,03141018,社會學系,6,3,3,2,0,1,0,0,3,0,0,0,0,6,3,3,6,3,3
110,公立,一般大學,0003,國立臺灣大學,03142021,地理環境資源學系,2,1,1,1,0,0,0,0,1,0,0,0,0,2,1,1,2,1,1
110,公立,一般大學,0003,國立臺灣大學,03191023,國家發展研究所,8,8,0,6,0,2,0,0,0,0,0,0,0,8,8,0,8,8,0
110,公立,一般大學,0003,國立臺灣大學,03212024,新聞研究所,5,3,2,0,0,2,0,1,2,0,0,0,0,5,3,2,5,3,2
110,公立,一般大學,0003,國立臺灣大學,03222025,圖書資訊學系,4,0,4,0,2,0,1,0,1,0,0,0,0,4,0,4,4,0,4
110,公立,一般大學,0003,國立臺灣大學,04111027,會計學系,9,8,1,7,1,1,0,0,0,0,0,0,0,9,8,1,9,8,1
110,公立,一般大學,0003,國立臺灣大學,04121032,財務金融學系,9,5,4,4,3,0,0,1,1,0,0,0,0,9,5,4,9,5,4
110,公立,一般大學,0003,國立臺灣大學,04131028,管理學院企業管理碩士專班,5,4,1,1,0,1,0,2,1,0,0,0,0,5,4,1,5,4,1
110,公立,一般大學,0003,國立臺灣大學,04131029,工商管理學系,9,9,0,6,0,1,0,1,0,1,0,0,0,8,8,0,9,9,0
110,公立,一般大學,0003,國立臺灣大學,04131031,國際企業學系,13,8,5,4,2,2,1,1,2,1,0,0,0,12,7,5,13,8,5
110,公立,一般大學,0003,國立臺灣大學,04134022,公共事務研究所,1,1,0,0,0,1,0,0,0,0,0,0,0,1,1,0,1,1,0
110,公立,一般大學,0003,國立臺灣大學,04199146,管理學院,2,1,1,0,0,0,0,1,0,0,1,0,0,1,1,0,2,1,1
110,公立,一般大學,0003,國立臺灣大學,04199146,管理學院碩士在職專班,2,2,0,2,0,0,0,0,0,0,0,0,0,2,2,0,2,2,0
110,公立,一般大學,0003,國立臺灣大學,04199148,管理學院創業創新管理碩士在職專班,1,1,0,1,0,0,0,0,0,0,0,0,0,1,1,0,1,1,0
110,公立,一般大學,0003,國立臺灣大學,04211035,法律學系,19,15,4,13,2,2,2,0,0,0,0,0,0,19,15,4,19,15,4
110,公立,一般大學,0003,國立臺灣大學,04212036,科際整合法律學研究所,1,1,0,1,0,0,0,0,0,0,0,0,0,1,1,0,1,1,0
110,公立,一般大學,0003,國立臺灣大學,05111038,生命科學系,7,6,1,4,0,0,1,2,0,0,0,0,0,7,6,1,7,6,1
110,公立,一般大學,0003,國立臺灣大學,05111040,植物科學研究所,1,1,0,1,0,0,0,0,0,0,0,0,0,1,1,0,1,1,0
110,公立,一般大學,0003,國立臺灣大學,05111041,昆蟲學系,2,1,1,1,1,0,0,0,0,0,0,0,0,2,1,1,2,1,1
110,公立,一般大學,0003,國立臺灣大學,05121044,生物科技研究所,2,1,1,0,0,1,1,0,0,0,0,0,0,2,1,1,2,1,1
110,公立,一般大學,0003,國立臺灣大學,05121045,生化科學研究所,25,22,3,14,1,4,2,3,0,1,0,0,0,24,21,3,25,22,3
110,公立,一般大學,0003,國立臺灣大學,05121046,分子與細胞生物學研究所,10,7,3,4,2,1,1,2,0,0,0,0,0,10,7,3,10,7,3
110,公立,一般大學,0003,國立臺灣大學,05121047,基因體與系統生物學學位學程,26,18,8,6,3,4,3,8,2,0,0,0,0,26,18,8,26,18,8
110,公立,一般大學,0003,國立臺灣大學,05121151,生化科技學系,7,3,4,2,3,0,1,1,0,0,0,0,0,7,3,4,7,3,4
110,公立,一般大學,0003,國立臺灣大學,05123050,生物化學暨分子生物學研究所,2,1,1,1,1,0,0,0,0,0,0,0,0,2,1,1,2,1,1
110,公立,一般大學,0003,國立臺灣大學,05212043,生態學與演化生物學研究所,6,3,3,2,2,0,1,1,0,0,0,0,0,6,3,3,6,3,3
110,公立,一般大學,0003,國立臺灣大學,05311051,化學系,10,8,2,7,1,0,0,1,1,0,0,0,0,10,8,2,10,8,2
110,公立,一般大學,0003,國立臺灣大學,05321052,地質科學系,9,8,1,3,1,3,0,2,0,0,0,0,0,9,8,1,9,8,1
110,公立,一般大學,0003,國立臺灣大學,05321053,氣候變遷與永續發展國際博士學位學程,5,5,0,0,0,2,0,3,0,0,0,0,0,5,5,0,5,5,0
110,公立,一般大學,0003,國立臺灣大學,05322056,大氣科學系,3,3,0,2,0,0,0,1,0,0,0,0,0,3,3,0,3,3,0
110,公立,一般大學,0003,國立臺灣大學,05323057,海洋研究所,5,5,0,3,0,1,0,1,0,0,0,0,0,5,5,0,5,5,0
110,公立,一般大學,0003,國立臺灣大學,05331054,物理學系,12,12,0,9,0,1,0,2,0,0,0,0,0,12,12,0,12,12,0
110,公立,一般大學,0003,國立臺灣大學,05331055,應用物理學研究所,3,2,1,2,0,0,0,0,1,0,0,0,0,3,2,1,3,2,1
110,公立,一般大學,0003,國立臺灣大學,05332058,天文物理研究所,2,1,1,0,1,1,0,0,0,0,0,0,0,2,1,1,2,1,1
110,公立,一般大學,0003,國立臺灣大學,05399Y37,理學院,2,2,0,2,0,0,0,0,0,0,0,0,0,2,2,0,2,2,0
110,公立,一般大學,0003,國立臺灣大學,05411059,數學系,14,13,1,10,0,1,0,2,1,0,0,0,0,14,13,1,14,13,1
110,公立,一般大學,0003,國立臺灣大學,05421060,統計碩士學位學程,1,1,0,0,0,0,0,0,0,1,0,0,0,0,0,0,1,1,0
110,公立,一般大學,0003,國立臺灣大學,06131062,資訊管理學系,5,3,2,0,0,2,0,1,2,0,0,0,0,5,3,2,5,3,2
110,公立,一般大學,0003,國立臺灣大學,06131063,資訊網路與多媒體研究所,4,4,0,1,0,0,0,3,0,0,0,0,0,4,4,0,4,4,0
110,公立,一般大學,0003,國立臺灣大學,06131067,資訊工程學系,5,5,0,4,0,1,0,0,0,0,0,0,0,5,5,0,5,5,0
110,公立,一般大學,0003,國立臺灣大學,06131081,生醫電子與資訊學研究所,3,3,0,1,0,0,0,2,0,0,0,0,0,3,3,0,3,3,0
110,公立,一般大學,0003,國立臺灣大學,06131158,資料科學碩士學位學程,6,6,0,4,0,1,0,1,0,0,0,0,0,6,6,0,6,6,0
110,公立,一般大學,0003,國立臺灣大學,07111076,化學工程學系,3,3,0,3,0,0,0,0,0,0,0,0,0,3,3,0,3,3,0
110,公立,一般大學,0003,國立臺灣大學,07111165,永續化學科技國際研究生博士學位學程,3,3,0,2,0,1,0,0,0,0,0,0,0,3,3,0,3,3,0
110,公立,一般大學,0003,國立臺灣大學,07112078,材料科學與工程學系,3,3,0,2,0,1,0,0,0,0,0,0,0,3,3,0,3,3,0
110,公立,一般大學,0003,國立臺灣大學,07112154,分子科學與技術國際研究生博士學位學程,2,1,1,0,0,0,1,1,0,0,0,0,0,2,1,1,2,1,1
110,公立,一般大學,0003,國立臺灣大學,07121080,環境工程學研究所,10,8,2,7,0,1,0,0,2,0,0,0,0,10,8,2,10,8,2
110,公立,一般大學,0003,國立臺灣大學,07141064,電機工程學系,9,7,2,6,1,0,1,1,0,0,0,0,0,9,7,2,9,7,2
110,公立,一般大學,0003,國立臺灣大學,07141065,電子工程學研究所,7,7,0,7,0,0,0,0,0,0,0,0,0,7,7,0,7,7,0
110,公立,一般大學,0003,國立臺灣大學,07141068,電信工程學研究所,8,8,0,5,0,1,0,2,0,0,0,0,0,8,8,0,8,8,0
110,公立,一般大學,0003,國立臺灣大學,07151069,機械工程學系,5,5,0,3,0,2,0,0,0,0,0,0,0,5,5,0,5,5,0
110,公立,一般大學,0003,國立臺灣大學,07151082,工程科學及海洋工程學系,3,3,0,1,0,2,0,0,0,0,0,0,0,3,3,0,3,3,0
110,公立,一般大學,0003,國立臺灣大學,07151161,生物機電工程學系,1,1,0,0,0,1,0,0,0,0,0,0,0,1,1,0,1,1,0
110,公立,一般大學,0003,國立臺灣大學,07191079,工業工程學研究所,1,1,0,0,0,1,0,0,0,0,0,0,0,1,1,0,1,1,0
110,公立,一般大學,0003,國立臺灣大學,07193083,醫學工程學系,2,2,0,0,0,0,0,2,0,0,0,0,0,2,2,0,2,2,0
110,公立,一般大學,0003,國立臺灣大學,07194071,應用力學研究所,1,1,0,1,0,0,0,0,0,0,0,0,0,1,1,0,1,1,0
110,公立,一般大學,0003,國立臺灣大學,07211099,食品科技研究所,7,5,2,3,1,0,0,2,1,0,0,0,0,7,5,2,7,5,2
110,公立,一般大學,0003,國立臺灣大學,07313086,建築與城鄉研究所,5,4,1,1,0,1,0,2,1,0,0,0,0,5,4,1,5,4,1
110,公立,一般大學,0003,國立臺灣大學,07321074,土木工程學系,16,16,0,9,0,5,0,1,0,1,0,0,0,15,15,0,16,16,0
110,公立,一般大學,0003,國立臺灣大學,07321075,生物環境系統工程學系,1,1,0,1,0,0,0,0,0,0,0,0,0,1,1,0,1,1,0
110,公立,一般大學,0003,國立臺灣大學,08111087,農藝學系,5,4,1,3,1,0,0,1,0,0,0,0,0,5,4,1,5,4,1
110,公立,一般大學,0003,國立臺灣大學,08112089,動物科學技術學系,1,1,0,0,0,0,0,1,0,0,0,0,0,1,1,0,1,1,0
110,公立,一般大學,0003,國立臺灣大學,08121091,園藝暨景觀學系,11,9,2,6,1,1,0,1,1,1,0,0,0,10,8,2,11,9,2
110,公立,一般大學,0003,國立臺灣大學,08191100,農業化學系,2,2,0,1,0,1,0,0,0,0,0,0,0,2,2,0,2,2,0
110,公立,一般大學,0003,國立臺灣大學,08193096,農業經濟學系,3,2,1,1,1,1,0,0,0,0,0,0,0,3,2,1,3,2,1
110,公立,一般大學,0003,國立臺灣大學,08193098,生物產業傳播暨發展學系,5,5,0,2,0,0,0,2,0,1,0,0,0,4,4,0,5,5,0
110,公立,一般大學,0003,國立臺灣大學,08194094,植物病理與微生物學系,1,0,1,0,1,0,0,0,0,0,0,0,0,1,0,1,1,0,1
110,公立,一般大學,0003,國立臺灣大學,08194095,植物醫學碩士學位學程,1,1,0,1,0,0,0,0,0,0,0,0,0,1,1,0,1,1,0
110,公立,一般大學,0003,國立臺灣大學,08211102,森林環境暨資源學系,5,4,1,1,0,3,0,0,1,0,0,0,0,5,4,1,5,4,1
110,公立,一般大學,0003,國立臺灣大學,08311103,漁業科學研究所,9,9,0,7,0,2,0,0,0,0,0,0,0,9,9,0,9,9,0
110,公立,一般大學,0003,國立臺灣大學,08411104,獸醫學系,3,3,0,2,0,1,0,0,0,0,0,0,0,3,3,0,3,3,0
110,公立,一般大學,0003,國立臺灣大學,08411105,臨床動物醫學研究所,3,2,1,1,0,0,0,0,1,1,0,0,0,2,1,1,3,2,1
110,公立,一般大學,0003,國立臺灣大學,08411106,分子暨比較病理生物學研究所,3,2,1,2,0,0,0,0,1,0,0,0,0,3,2,1,3,2,1
110,公立,一般大學,0003,國立臺灣大學,09111137,牙醫學系,29,19,10,0,0,6,0,5,4,8,6,0,0,15,11,4,29,19,10
110,公立,一般大學,0003,國立臺灣大學,09111138,臨床牙醫學研究所,4,3,1,0,0,1,0,2,1,0,0,0,0,4,3,1,4,3,1
110,公立,一般大學,0003,國立臺灣大學,09111139,口腔生物科學研究所,2,1,1,0,0,0,0,1,1,0,0,0,0,2,1,1,2,1,1
110,公立,一般大學,0003,國立臺灣大學,09121048,微生物學研究所,2,1,1,1,0,0,1,0,0,0,0,0,0,2,1,1,2,1,1
110,公立,一般大學,0003,國立臺灣大學,09121107,醫學系,535,427,108,65,8,81,20,159,38,122,42,0,0,371,305,66,535,427,108
110,公立,一般大學,0003,國立臺灣大學,09121108,臨床醫學研究所,4,3,1,0,0,2,1,1,0,0,0,0,0,4,3,1,4,3,1
110,公立,一般大學,0003,國立臺灣大學,09121109,分子醫學研究所,8,5,3,5,3,0,0,0,0,0,0,0,0,8,5,3,8,5,3
110,公立,一般大學,0003,國立臺灣大學,09121110,免疫學研究所,6,4,2,4,2,0,0,0,0,0,0,0,0,6,4,2,6,4,2
110,公立,一般大學,0003,國立臺灣大學,09121111,生理學研究所,1,1,0,1,0,0,0,0,0,0,0,0,0,1,1,0,1,1,0
110,公立,一般大學,0003,國立臺灣大學,09121112,病理學研究所,5,5,0,1,0,0,0,3,0,1,0,0,0,4,4,0,5,5,0
110,公立,一般大學,0003,國立臺灣大學,09121114,解剖學暨細胞生物學研究所,3,2,1,2,1,0,0,0,0,0,0,0,0,3,2,1,3,2,1
110,公立,一般大學,0003,國立臺灣大學,09121118,腫瘤醫學研究所,13,11,2,3,0,1,0,6,2,1,0,0,0,12,10,2,13,11,2
110,公立,一般大學,0003,國立臺灣大學,09121120,基因體暨蛋白體醫學研究所,1,1,0,0,0,0,0,1,0,0,0,0,0,1,1,0,1,1,0
110,公立,一般大學,0003,國立臺灣大學,09121121,醫學教育暨生醫倫理研究所,5,4,1,0,0,1,0,2,0,1,1,0,0,3,3,0,5,4,1
110,公立,一般大學,0003,國立臺灣大學,09121130,藥理學研究所,2,1,1,1,1,0,0,0,0,0,0,0,0,2,1,1,2,1,1
110,公立,一般大學,0003,國立臺灣大學,09121140,法醫學研究所,4,4,0,1,0,1,0,0,0,2,0,0,0,2,2,0,4,4,0
110,公立,一般大學,0003,國立臺灣大學,09131134,護理學系,4,0,4,0,2,0,1,0,1,0,0,0,0,4,0,4,4,0,4
110,公立,一般大學,0003,國立臺灣大學,09141136,醫學檢驗暨生物技術學系,7,4,3,3,1,1,0,0,1,0,1,0,0,6,4,2,7,4,3
110,公立,一般大學,0003,國立臺灣大學,09141143,醫療器材與醫學影像研究所,6,4,2,3,0,0,0,1,2,0,0,0,0,6,4,2,6,4,2
110,公立,一般大學,0003,國立臺灣大學,09151132,物理治療學系,10,3,7,1,1,0,3,2,1,0,2,0,0,8,3,5,10,3,7
110,公立,一般大學,0003,國立臺灣大學,09152133,職能治療學系,5,1,4,0,0,0,1,1,1,0,2,0,0,3,1,2,5,1,4
110,公立,一般大學,0003,國立臺灣大學,09161129,藥學系,15,7,8,4,2,1,1,1,3,1,2,0,0,12,6,6,15,7,8
110,公立,一般大學,0003,國立臺灣大學,09161131,臨床藥學研究所,2,0,2,0,1,0,1,0,0,0,0,0,0,2,0,2,2,0,2
110,公立,一般大學,0003,國立臺灣大學,09191122,公共衛生碩士學位學程,2,1,1,0,0,0,0,1,1,0,0,0,0,2,1,1,2,1,1
110,公立,一般大學,0003,國立臺灣大學,09191122,公共衛生學系,1,1,0,0,0,1,0,0,0,0,0,0,0,1,1,0,1,1,0
110,公立,一般大學,0003,國立臺灣大學,09191126,流行病學與預防醫學研究所,12,5,7,2,2,1,2,2,3,0,0,0,0,12,5,7,12,5,7
110,公立,一般大學,0003,國立臺灣大學,09191127,健康政策與管理研究所,5,3,2,2,1,0,1,0,0,1,0,0,0,4,2,2,5,3,2
110,公立,一般大學,0003,國立臺灣大學,09191128,健康行為與社區科學研究所,2,1,1,0,1,1,0,0,0,0,0,0,0,2,1,1,2,1,1
110,公立,一般大學,0003,國立臺灣大學,09191162,環境與職業健康科學研究所,6,4,2,2,0,1,2,1,0,0,0,0,0,6,4,2,6,4,2
110,公立,一般大學,0003,國立臺灣大學,09191163,全球衛生碩士學位學程,2,1,1,1,0,0,1,0,0,0,0,0,0,2,1,1,2,1,1
110,公立,一般大學,0003,國立臺灣大學,09199141,毒理學研究所,2,2,0,1,0,1,0,0,0,0,0,0,0,2,2,0,2,2,0
110,公立,一般大學,0003,國立臺灣大學,09231144,社會工作學系,3,0,3,0,0,0,1,0,1,0,1,0,0,2,0,2,3,0,3
110,公立,一般大學,0003,國立臺灣大學,10152145,運動設施與健康管理碩士學位學程,3,2,1,1,1,1,0,0,0,0,0,0,0,3,2,1,3,2,1
110,公立,一般大學,0003,國立臺灣大學,99999Z01,共同教育中心,49,32,17,9,2,8,1,7,10,8,4,0,0,37,24,13,49,32,17
110,公立,一般大學,0004,國立臺灣師範大學,01111001,教育學系,7,5,2,4,1,1,0,0,1,0,0,0,0,7,5,2,7,5,2
110,公立,一般大學,0004,國立臺灣師範大學,01113018,特殊教育學系,11,6,5,1,2,2,1,2,1,1,1,0,0,9,5,4,11,6,5
110,公立,一般大學,0004,國立臺灣師範大學,01131004,公民教育與活動領導學系,10,5,5,0,1,0,0,4,1,1,3,0,0,6,4,2,10,5,5
110,公立,一般大學,0004,國立臺灣師範大學,01131009,社會教育學系,9,4,5,2,0,0,1,1,3,1,1,0,0,7,3,4,9,4,5
110,公立,一般大學,0004,國立臺灣師範大學,01131017,健康促進與衛生教育學系,7,2,5,0,2,2,1,0,2,0,0,0,0,7,2,5,7,2,5
110,公立,一般大學,0004,國立臺灣師範大學,01141007,人類發展與家庭學系,10,2,8,2,1,0,1,0,3,0,3,0,0,7,2,5,10,2,8
110,公立,一般大學,0004,國立臺灣師範大學,01141010,工業教育學系,14,14,0,4,0,4,0,5,0,1,0,0,0,13,13,0,14,14,0
110,公立,一般大學,0004,國立臺灣師範大學,01141013,環境教育研究所,1,1,0,0,0,1,0,0,0,0,0,0,0,1,1,0,1,1,0
110,公立,一般大學,0004,國立臺灣師範大學,01141087,體育與運動科學系,11,9,2,4,1,2,1,0,0,3,0,0,0,8,6,2,11,9,2
110,公立,一般大學,0004,國立臺灣師範大學,01199021,教育學院創造力發展碩士在職專班,3,3,0,3,0,0,0,0,0,0,0,0,0,3,3,0,3,3,0
110,公立,一般大學,0004,國立臺灣師範大學,01199022,科技應用與人力資源發展學系,10,8,2,1,0,0,1,4,1,3,0,0,0,7,5,2,10,8,2
110,公立,一般大學,0004,國立臺灣師範大學,01199Y03,教育學院,8,4,4,1,0,1,0,1,3,1,1,0,0,6,3,3,8,4,4
110,公立,一般大學,0004,國立臺灣師範大學,02112037,設計學系,14,12,2,1,1,1,0,2,0,8,1,0,0,5,4,1,14,12,2
110,公立,一般大學,0004,國立臺灣師範大學,02131023,美術學系,32,23,9,10,3,7,1,5,4,1,1,0,0,30,22,8,32,23,9
110,公立,一般大學,0004,國立臺灣師範大學,02151024,音樂學系,87,38,49,7,6,10,14,13,23,8,6,0,0,73,30,43,87,38,49
110,公立,一般大學,0004,國立臺灣師範大學,02151025,民族音樂研究所,5,3,2,2,0,1,0,0,2,0,0,0,0,5,3,2,5,3,2
110,公立,一般大學,0004,國立臺灣師範大學,02152027,表演藝術研究所,16,7,9,0,1,1,0,3,6,3,2,0,0,11,4,7,16,7,9
110,公立,一般大學,0004,國立臺灣師範大學,02191026,藝術史研究所,3,2,1,0,0,1,1,1,0,0,0,0,0,3,2,1,3,2,1
110,公立,一般大學,0004,國立臺灣師範大學,02199Y06,音樂學院,2,1,1,0,0,1,0,0,1,0,0,0,0,2,1,1,2,1,1
110,公立,一般大學,0004,國立臺灣師範大學,02199Y09,藝術學院,1,1,0,0,0,0,0,0,0,1,0,0,0,0,0,0,1,1,0
110,公立,一般大學,0004,國立臺灣師範大學,02221035,歷史學系,7,5,2,2,2,2,0,1,0,0,0,0,0,7,5,2,7,5,2
110,公立,一般大學,0004,國立臺灣師範大學,02221036,臺灣史研究所,3,3,0,2,0,1,0,0,0,0,0,0,0,3,3,0,3,3,0
110,公立,一般大學,0004,國立臺灣師範大學,02299045,歐洲文化與觀光研究所,3,2,1,1,0,0,0,1,1,0,0,0,0,3,2,1,3,2,1
110,公立,一般大學,0004,國立臺灣師範大學,02299Y15,文學院,14,7,7,0,0,2,1,2,1,3,5,0,0,6,4,2,14,7,7
110,公立,一般大學,0004,國立臺灣師範大學,02311033,英語學系,7,3,4,2,0,1,0,0,0,0,4,0,0,3,3,0,7,3,4
110,公立,一般大學,0004,國立臺灣師範大學,02312034,翻譯研究所,10,7,3,1,0,3,0,1,2,2,1,0,0,7,5,2,10,7,3
110,公立,一般大學,0004,國立臺灣師範大學,02313005,華語文教學系,9,3,6,0,0,0,0,1,3,2,3,0,0,4,1,3,9,3,6
110,公立,一般大學,0004,國立臺灣師範大學,02321028,臺灣語文學系,6,2,4,0,0,0,1,2,2,0,1,0,0,5,2,3,6,2,4
110,公立,一般大學,0004,國立臺灣師範大學,02322029,國文學系,14,7,7,4,1,1,3,0,0,2,3,0,0,9,5,4,14,7,7
110,公立,一般大學,0004,國立臺灣師範大學,03131003,教育心理與輔導學系,30,14,16,5,4,5,2,4,6,0,4,0,0,26,14,12,30,14,16
110,公立,一般大學,0004,國立臺灣師範大學,03142041,地理學系,5,3,2,0,0,0,0,3,2,0,0,0,0,5,3,2,5,3,2
110,公立,一般大學,0004,國立臺灣師範大學,03143042,東亞學系,6,4,2,1,1,1,0,2,0,0,1,0,0,5,4,1,6,4,2
110,公立,一般大學,0004,國立臺灣師範大學,03199Y21,國際與社會科學學院,1,0,1,0,0,0,0,0,0,0,1,0,0,0,0,0,1,0,1
110,公立,一般大學,0004,國立臺灣師範大學,03214050,圖文傳播學系,15,7,8,1,1,1,2,1,0,4,5,0,0,6,3,3,15,7,8
110,公立,一般大學,0004,國立臺灣師範大學,03222049,圖書資訊學研究所,4,0,4,0,2,0,0,0,2,0,0,0,0,4,0,4,4,0,4
110,公立,一般大學,0004,國立臺灣師範大學,04131047,全球經營與策略研究所,3,3,0,1,0,1,0,1,0,0,0,0,0,3,3,0,3,3,0
110,公立,一般大學,0004,國立臺灣師範大學,04131051,企業管理學系,3,2,1,0,1,0,0,1,0,1,0,0,0,2,1,1,3,2,1
110,公立,一般大學,0004,國立臺灣師範大學,04131052,管理研究所,3,2,1,0,0,1,0,1,1,0,0,0,0,3,2,1,3,2,1
110,公立,一般大學,0004,國立臺灣師範大學,04131055,管理學院高階經理人企業管理碩士在職專班,4,4,0,4,0,0,0,0,0,0,0,0,0,4,4,0,4,4,0
110,公立,一般大學,0004,國立臺灣師範大學,04191054,國際人力資源發展研究所,3,2,1,1,0,1,0,0,1,0,0,0,0,3,2,1,3,2,1
110,公立,一般大學,0004,國立臺灣師範大學,04199Y31,管理學院,2,2,0,2,0,0,0,0,0,0,0,0,0,2,2,0,2,2,0
110,公立,一般大學,0004,國立臺灣師範大學,05111056,生命科學系,42,37,5,14,2,14,2,9,1,0,0,0,0,42,37,5,42,37,5
110,公立,一般大學,0004,國立臺灣師範大學,05311059,化學系,4,4,0,4,0,0,0,0,0,0,0,0,0,4,4,0,4,4,0
110,公立,一般大學,0004,國立臺灣師範大學,05321060,地球科學系,2,2,0,2,0,0,0,0,0,0,0,0,0,2,2,0,2,2,0
110,公立,一般大學,0004,國立臺灣師範大學,05411062,數學系,16,12,4,7,0,0,0,5,4,0,0,0,0,16,12,4,16,12,4
110,公立,一般大學,0004,國立臺灣師範大學,06131065,資訊工程學系,5,5,0,4,0,1,0,0,0,0,0,0,0,5,5,0,5,5,0
110,公立,一般大學,0004,國立臺灣師範大學,07141063,電機工程學系,4,4,0,2,0,1,0,1,0,0,0,0,0,4,4,0,4,4,0
110,公立,一般大學,0004,國立臺灣師範大學,07141080,光電工程研究所,2,2,0,1,0,0,0,1,0,0,0,0,0,2,2,0,2,2,0
110,公立,一般大學,0004,國立臺灣師範大學,07151068,機電工程學系,3,3,0,0,0,1,0,2,0,0,0,0,0,3,3,0,3,3,0
110,公立,一般大學,0004,國立臺灣師範大學,07161081,車輛與能源工程學士學位學程,4,4,0,0,0,2,0,1,0,1,0,0,0,3,3,0,4,4,0
110,公立,一般大學,0004,國立臺灣師範大學,09231071,社會工作學研究所,1,0,1,0,0,0,0,0,1,0,0,0,0,1,0,1,1,0,1
110,公立,一般大學,0004,國立臺灣師範大學,10141074,運動競技學系,8,4,4,0,1,0,0,0,1,4,2,0,0,2,0,2,8,4,4
110,公立,一般大學,0004,國立臺灣師範大學,10152076,運動與休閒學院,1,1,0,0,0,1,0,0,0,0,0,0,0,1,1,0,1,1,0
110,公立,一般大學,0004,國立臺灣師範大學,10152077,運動休閒與餐旅管理研究所,2,2,0,1,0,0,0,1,0,0,0,0,0,2,2,0,2,2,0
110,公立,一般大學,0004,國立臺灣師範大學,99999078,管理學院國際時尚高階管理碩士在職專班,2,1,1,1,0,0,1,0,0,0,0,0,0,2,1,1,2,1,1
110,公立,一般大學,0004,國立臺灣師範大學,99999Y43,師資培育學院,16,8,8,1,0,2,2,4,6,1,0,0,0,15,7,8,16,8,8
110,公立,一般大學,0004,國立臺灣師範大學,99999Z99,教務處,116,63,53,7,0,4,3,24,24,28,26,0,0,62,35,27,116,63,53
110,公立,一般大學,0005,國立成功大學,01111103,教育研究所,6,5,1,4,1,0,0,1,0,0,0,0,0,6,5,1,6,5,1
110,公立,一般大學,0005,國立成功大學,02123113,工業設計學系,15,14,1,3,0,1,0,1,0,9,1,0,0,5,5,0,15,14,1
110,公立,一般大學,0005,國立成功大學,02191104,藝術研究所,2,1,1,1,0,0,1,0,0,0,0,0,0,2,1,1,2,1,1
110,公立,一般大學,0005,國立成功大學,02221110,歷史學系,12,8,4,6,3,1,1,1,0,0,0,0,0,12,8,4,12,8,4
110,公立,一般大學,0005,國立成功大學,02222111,考古學研究所,2,1,1,0,0,1,1,0,0,0,0,0,0,2,1,1,2,1,1
110,公立,一般大學,0005,國立成功大學,02321106,台灣文學系,21,15,6,3,0,2,0,9,2,1,4,0,0,16,14,2,21,15,6
110,公立,一般大學,0005,國立成功大學,02322107,中國文學系,7,5,2,5,2,0,0,0,0,0,0,0,0,7,5,2,7,5,2
110,公立,一般大學,0005,國立成功大學,03111114,經濟學系,2,2,0,2,0,0,0,0,0,0,0,0,0,2,2,0,2,2,0
110,公立,一般大學,0005,國立成功大學,03131117,心理學系,1,1,0,1,0,0,0,0,0,0,0,0,0,1,1,0,1,1,0
110,公立,一般大學,0005,國立成功大學,03131119,行為醫學研究所,4,2,2,0,1,0,0,2,1,0,0,0,0,4,2,2,4,2,2
110,公立,一般大學,0005,國立成功大學,04111120,會計學系,12,9,3,1,0,2,1,3,1,3,1,0,0,8,6,2,12,9,3
110,公立,一般大學,0005,國立成功大學,04131124,國際企業研究所,1,0,1,0,1,0,0,0,0,0,0,0,0,1,0,1,1,0,1
110,公立,一般大學,0005,國立成功大學,04131125,國際經營管理研究所(IMBA),2,2,0,1,0,1,0,0,0,0,0,0,0,2,2,0,2,2,0
110,公立,一般大學,0005,國立成功大學,04199057,工業與資訊管理學系,2,2,0,0,0,0,0,2,0,0,0,0,0,2,2,0,2,2,0
110,公立,一般大學,0005,國立成功大學,04199Y31,管理學院,1,1,0,1,0,0,0,0,0,0,0,0,0,1,1,0,1,1,0
110,公立,一般大學,0005,國立成功大學,04212001,法律學系,8,6,2,2,2,1,0,3,0,0,0,0,0,8,6,2,8,6,2
110,公立,一般大學,0005,國立成功大學,05111003,生命科學系,15,9,6,7,3,2,2,0,1,0,0,0,0,15,9,6,15,9,6
110,公立,一般大學,0005,國立成功大學,05111132,熱帶植物與微生物科學研究所,11,9,2,3,0,3,1,3,1,0,0,0,0,11,9,2,11,9,2
110,公立,一般大學,0005,國立成功大學,05121008,生物科技與產業科學系,7,7,0,6,0,1,0,0,0,0,0,0,0,7,7,0,7,7,0
110,公立,一般大學,0005,國立成功大學,05122009,微生物及免疫學研究所,5,3,2,1,1,1,1,1,0,0,0,0,0,5,3,2,5,3,2
110,公立,一般大學,0005,國立成功大學,05123010,生物化學暨分子生物學研究所,5,4,1,4,1,0,0,0,0,0,0,0,0,5,4,1,5,4,1
110,公立,一般大學,0005,國立成功大學,05311017,化學系,4,4,0,3,0,1,0,0,0,0,0,0,0,4,4,0,4,4,0
110,公立,一般大學,0005,國立成功大學,05321019,地球科學系,10,10,0,6,0,3,0,1,0,0,0,0,0,10,10,0,10,10,0
110,公立,一般大學,0005,國立成功大學,05331021,物理學系,10,8,2,8,2,0,0,0,0,0,0,0,0,10,8,2,10,8,2
110,公立,一般大學,0005,國立成功大學,05331023,太空與電漿科學研究所,1,1,0,1,0,0,0,0,0,0,0,0,0,1,1,0,1,1,0
110,公立,一般大學,0005,國立成功大學,05399Y37,理學院,3,2,1,0,1,0,0,2,0,0,0,0,0,3,2,1,3,2,1
110,公立,一般大學,0005,國立成功大學,05411027,數學系,2,1,1,0,0,0,0,1,1,0,0,0,0,2,1,1,2,1,1
110,公立,一般大學,0005,國立成功大學,05421029,統計學系,4,4,0,3,0,0,0,1,0,0,0,0,0,4,4,0,4,4,0
110,公立,一般大學,0005,國立成功大學,06131036,資訊工程學系,9,8,1,7,1,0,0,1,0,0,0,0,0,9,8,1,9,8,1
110,公立,一般大學,0005,國立成功大學,07111050,化學工程學系,7,7,0,5,0,2,0,0,0,0,0,0,0,7,7,0,7,7,0
110,公立,一般大學,0005,國立成功大學,07112063,材料科學及工程學系,7,6,1,5,1,1,0,0,0,0,0,0,0,7,6,1,7,6,1
110,公立,一般大學,0005,國立成功大學,07121070,環境工程學系,5,4,1,4,1,0,0,0,0,0,0,0,0,5,4,1,5,4,1
110,公立,一般大學,0005,國立成功大學,07122026,水利及海洋工程學系,28,26,2,9,0,5,0,12,2,0,0,0,0,28,26,2,28,26,2
110,公立,一般大學,0005,國立成功大學,07141032,電機工程學系,32,31,1,21,0,6,1,4,0,0,0,0,0,32,31,1,32,31,1
110,公立,一般大學,0005,國立成功大學,07141035,光電科學與工程學系,10,9,1,7,1,1,0,1,0,0,0,0,0,10,9,1,10,9,1
110,公立,一般大學,0005,國立成功大學,07141041,製造資訊與系統研究所,2,2,0,2,0,0,0,0,0,0,0,0,0,2,2,0,2,2,0
110,公立,一般大學,0005,國立成功大學,07141071,工程科學系,26,25,1,15,1,7,0,3,0,0,0,0,0,26,25,1,26,25,1
110,公立,一般大學,0005,國立成功大學,07151042,機械工程學系,24,24,0,22,0,1,0,1,0,0,0,0,0,24,24,0,24,24,0
110,公立,一般大學,0005,國立成功大學,07162043,航空太空工程學系,11,11,0,4,0,4,0,3,0,0,0,0,0,11,11,0,11,11,0
110,公立,一般大學,0005,國立成功大學,07163044,系統及船舶機電工程學系,5,5,0,4,0,1,0,0,0,0,0,0,0,5,5,0,5,5,0
110,公立,一般大學,0005,國立成功大學,07193061,生物醫學工程學系,13,11,2,6,1,1,0,4,1,0,0,0,0,13,11,2,13,11,2
110,公立,一般大學,0005,國立成功大學,07199Y40,工學院,1,1,0,1,0,0,0,0,0,0,0,0,0,1,1,0,1,1,0
110,公立,一般大學,0005,國立成功大學,07211127,食品安全衛生暨風險管理研究所,1,0,1,0,0,0,0,0,1,0,0,0,0,1,0,1,1,0,1
110,公立,一般大學,0005,國立成功大學,07241064,資源工程學系,5,5,0,3,0,0,0,2,0,0,0,0,0,5,5,0,5,5,0
110,公立,一般大學,0005,國立成功大學,07311075,建築學系,36,28,8,7,0,3,1,9,3,9,4,0,0,23,19,4,36,28,8
110,公立,一般大學,0005,國立成功大學,07313076,都市計劃學系,8,7,1,3,0,3,0,0,1,1,0,0,0,7,6,1,8,7,1
110,公立,一般大學,0005,國立成功大學,07321049,土木工程學系,12,12,0,6,0,5,0,0,0,1,0,0,0,11,11,0,12,12,0
110,公立,一般大學,0005,國立成功大學,07322067,測量及空間資訊學系,1,1,0,0,0,0,0,0,0,1,0,0,0,0,0,0,1,1,0
110,公立,一般大學,0005,國立成功大學,08192039,轉譯農業科學博士學位學程,12,8,4,2,2,5,1,1,1,0,0,0,0,12,8,4,12,8,4
110,公立,一般大學,0005,國立成功大學,09111130,牙醫學系,15,12,3,2,1,2,0,4,0,4,2,0,0,9,8,1,15,12,3
110,公立,一般大學,0005,國立成功大學,09121053,基礎醫學研究所,2,2,0,2,0,0,0,0,0,0,0,0,0,2,2,0,2,2,0
110,公立,一般大學,0005,國立成功大學,09121054,分子醫學研究所,2,1,1,0,0,0,0,1,1,0,0,0,0,2,1,1,2,1,1
110,公立,一般大學,0005,國立成功大學,09121077,醫學系,192,150,42,19,2,38,7,57,25,36,8,0,0,148,114,34,192,150,42
110,公立,一般大學,0005,國立成功大學,09121078,臨床醫學研究所,1,1,0,1,0,0,0,0,0,0,0,0,0,1,1,0,1,1,0
110,公立,一般大學,0005,國立成功大學,09121084,細胞生物與解剖學研究所,3,3,0,0,0,1,0,1,0,1,0,0,0,2,2,0,3,3,0
110,公立,一般大學,0005,國立成功大學,09131090,護理學系,16,1,15,1,1,0,2,0,7,0,5,0,0,11,1,10,16,1,15
110,公立,一般大學,0005,國立成功大學,09141094,醫學檢驗生物技術學系,10,2,8,0,1,0,1,2,4,0,2,0,0,8,2,6,10,2,8
110,公立,一般大學,0005,國立成功大學,09151082,物理治療學系,2,1,1,0,0,0,1,0,0,1,0,0,0,1,0,1,2,1,1
110,公立,一般大學,0005,國立成功大學,09152089,職能治療學系,3,0,3,0,0,0,1,0,0,0,2,0,0,1,0,1,3,0,3
110,公立,一般大學,0005,國立成功大學,09159091,健康照護科學研究所,1,0,1,0,1,0,0,0,0,0,0,0,0,1,0,1,1,0,1
110,公立,一般大學,0005,國立成功大學,09161086,藥學系,34,12,22,3,2,2,5,5,2,2,13,0,0,19,10,9,34,12,22
110,公立,一般大學,0005,國立成功大學,09161087,藥理學研究所,1,1,0,1,0,0,0,0,0,0,0,0,0,1,1,0,1,1,0
110,公立,一般大學,0005,國立成功大學,09161088,臨床藥學與藥物科技研究所,3,3,0,1,0,2,0,0,0,0,0,0,0,3,3,0,3,3,0
110,公立,一般大學,0005,國立成功大學,09191079,公共衛生研究所,5,4,1,3,1,0,0,0,0,1,0,0,0,4,3,1,5,4,1
110,公立,一般大學,0005,國立成功大學,09191085,環境醫學研究所,1,0,1,0,0,0,0,0,1,0,0,0,0,1,0,1,1,0,1
110,公立,一般大學,0005,國立成功大學,09211101,老年學研究所,1,1,0,0,0,1,0,0,0,0,0,0,0,1,1,0,1,1,0
110,公立,一般大學,0005,國立成功大學,10152097,體育健康與休閒研究所,1,1,0,1,0,0,0,0,0,0,0,0,0,1,1,0,1,1,0
110,公立,一般大學,0005,國立成功大學,10411098,交通管理科學系,5,5,0,3,0,1,0,1,0,0,0,0,0,5,5,0,5,5,0
110,公立,一般大學,0005,國立成功大學,99999102,全校不分系學士學位學程,1,0,1,0,1,0,0,0,0,0,0,0,0,1,0,1,1,0,1
110,公立,一般大學,0005,國立成功大學,99999Z01,通識教育中心,23,14,9,2,0,2,1,7,6,3,2,0,0,18,11,7,23,14,9
110,公立,一般大學,0005,國立成功大學,99999Z05,師資培育中心,3,1,2,1,0,0,1,0,1,0,0,0,0,3,1,2,3,1,2
110,公立,一般大學,0005,國立成功大學,99999Z07,體育室,7,5,2,0,0,2,0,1,0,2,2,0,0,3,3,0,7,5,2
110,公立,一般大學,0005,國立成功大學,99999Z08,外語中心,13,0,13,0,0,0,0,0,1,0,12,0,0,1,0,1,13,0,13
110,公立,一般大學,0005,國立成功大學,99999Z08,華語中心,3,0,3,0,0,0,0,0,0,0,3,0,0,0,0,0,3,0,3
110,公立,一般大學,0006,國立中興大學,02221007,歷史學系,5,5,0,1,0,1,0,3,0,0,0,0,0,5,5,0,5,5,0
110,公立,一般大學,0006,國立中興大學,02299008,文化創意產業學士學位學程,13,9,4,0,0,2,0,3,1,4,3,0,0,6,5,1,13,9,4
110,公立,一般大學,0006,國立中興大學,02311006,外國語文學系,23,8,15,0,1,0,0,2,2,6,12,0,0,5,2,3,23,8,15
110,公立,一般大學,0006,國立中興大學,02321003,台灣文學與跨國文化研究所,6,4,2,2,0,2,0,0,2,0,0,0,0,6,4,2,6,4,2
110,公立,一般大學,0006,國立中興大學,02321004,台灣與跨文化研究國際博士學位學程,1,1,0,1,0,0,0,0,0,0,0,0,0,1,1,0,1,1,0
110,公立,一般大學,0006,國立中興大學,02322005,中國文學系,16,12,4,2,0,4,0,3,3,3,1,0,0,12,9,3,16,12,4
110,公立,一般大學,0006,國立中興大學,03111009,應用經濟學系,1,1,0,1,0,0,0,0,0,0,0,0,0,1,1,0,1,1,0
110,公立,一般大學,0006,國立中興大學,03222013,圖書資訊學研究所,4,4,0,1,0,1,0,0,0,2,0,0,0,2,2,0,4,4,0
110,公立,一般大學,0006,國立中興大學,04111015,會計學系,7,7,0,2,0,1,0,3,0,1,0,0,0,6,6,0,7,7,0
110,公立,一般大學,0006,國立中興大學,04121019,財務金融學系,7,3,4,2,1,0,0,1,2,0,1,0,0,6,3,3,7,3,4
110,公立,一般大學,0006,國立中興大學,04131018,創新產業經營學士學位學程,5,4,1,1,1,0,0,0,0,3,0,0,0,2,1,1,5,4,1
110,公立,一般大學,0006,國立中興大學,04199022,高階經理人碩士在職專班,5,4,1,3,0,1,1,0,0,0,0,0,0,5,4,1,5,4,1
110,公立,一般大學,0006,國立中興大學,04199Y31,管理學院,1,0,1,0,0,0,1,0,0,0,0,0,0,1,0,1,1,0,1
110,公立,一般大學,0006,國立中興大學,04211023,法律學系,7,7,0,2,0,1,0,4,0,0,0,0,0,7,7,0,7,7,0
110,公立,一般大學,0006,國立中興大學,05111026,生命科學系,3,2,1,1,0,1,1,0,0,0,0,0,0,3,2,1,3,2,1
110,公立,一般大學,0006,國立中興大學,05111029,昆蟲學系,4,4,0,3,0,0,0,1,0,0,0,0,0,4,4,0,4,4,0
110,公立,一般大學,0006,國立中興大學,05121035,生物醫學研究所,6,5,1,0,0,1,0,4,1,0,0,0,0,6,5,1,6,5,1
110,公立,一般大學,0006,國立中興大學,05121037,基因體暨生物資訊學研究所,4,4,0,1,0,1,0,2,0,0,0,0,0,4,4,0,4,4,0
110,公立,一般大學,0006,國立中興大學,05123034,生物化學研究所,2,2,0,0,0,1,0,1,0,0,0,0,0,2,2,0,2,2,0
110,公立,一般大學,0006,國立中興大學,05292082,水土保持學系,3,2,1,2,1,0,0,0,0,0,0,0,0,3,2,1,3,2,1
110,公立,一般大學,0006,國立中興大學,05311039,化學系,5,5,0,4,0,1,0,0,0,0,0,0,0,5,5,0,5,5,0
110,公立,一般大學,0006,國立中興大學,05331040,物理學系,11,11,0,9,0,1,0,1,0,0,0,0,0,11,11,0,11,11,0
110,公立,一般大學,0006,國立中興大學,05411041,應用數學系,10,7,3,3,0,4,2,0,1,0,0,0,0,10,7,3,10,7,3
110,公立,一般大學,0006,國立中興大學,06131043,資訊管理學系,1,1,0,1,0,0,0,0,0,0,0,0,0,1,1,0,1,1,0
110,公立,一般大學,0006,國立中興大學,06131048,資訊科學與工程學系,6,6,0,4,0,1,0,1,0,0,0,0,0,6,6,0,6,6,0
110,公立,一般大學,0006,國立中興大學,07111055,化學工程學系,1,1,0,1,0,0,0,0,0,0,0,0,0,1,1,0,1,1,0
110,公立,一般大學,0006,國立中興大學,07112057,材料科學與工程學系,3,3,0,2,0,1,0,0,0,0,0,0,0,3,3,0,3,3,0
110,公立,一般大學,0006,國立中興大學,07141045,電機工程學系,2,1,1,1,0,0,0,0,1,0,0,0,0,2,1,1,2,1,1
110,公立,一般大學,0006,國立中興大學,07141046,光電工程研究所,1,1,0,1,0,0,0,0,0,0,0,0,0,1,1,0,1,1,0
110,公立,一般大學,0006,國立中興大學,07151050,機械工程學系,1,1,0,1,0,0,0,0,0,0,0,0,0,1,1,0,1,1,0
110,公立,一般大學,0006,國立中興大學,07151052,生物產業機電工程學系,3,3,0,3,0,0,0,0,0,0,0,0,0,3,3,0,3,3,0
110,公立,一般大學,0006,國立中興大學,07193060,生醫工程研究所,2,2,0,1,0,0,0,0,0,1,0,0,0,1,1,0,2,2,0
110,公立,一般大學,0006,國立中興大學,07211081,食品暨應用生物科技學系,3,1,2,0,2,0,0,1,0,0,0,0,0,3,1,2,3,1,2
110,公立,一般大學,0006,國立中興大學,07312061,景觀與遊憩學士學位學程,3,3,0,0,0,1,0,0,0,2,0,0,0,1,1,0,3,3,0
110,公立,一般大學,0006,國立中興大學,07321054,土木工程學系,4,4,0,3,0,1,0,0,0,0,0,0,0,4,4,0,4,4,0
110,公立,一般大學,0006,國立中興大學,08111063,農藝學系,1,1,0,1,0,0,0,0,0,0,0,0,0,1,1,0,1,1,0
110,公立,一般大學,0006,國立中興大學,08111064,國際農學碩士學位學程,2,1,1,1,0,0,0,0,1,0,0,0,0,2,1,1,2,1,1
110,公立,一般大學,0006,國立中興大學,08112066,動物科學系,9,8,1,7,1,0,0,0,0,1,0,0,0,8,7,1,9,8,1
110,公立,一般大學,0006,國立中興大學,08121067,園藝學系,7,7,0,3,0,2,0,1,0,1,0,0,0,6,6,0,7,7,0
110,公立,一般大學,0006,國立中興大學,08191083,土壤環境科學系,5,5,0,4,0,1,0,0,0,0,0,0,0,5,5,0,5,5,0
110,公立,一般大學,0006,國立中興大學,08193076,生物產業管理進修學士學位學程,10,8,2,0,0,1,0,4,2,3,0,0,0,7,5,2,10,8,2
110,公立,一般大學,0006,國立中興大學,08193078,國際農企業學士學位學程,2,2,0,0,0,1,0,0,0,1,0,0,0,1,1,0,2,2,0
110,公立,一般大學,0006,國立中興大學,08194068,植物病理學系,4,4,0,3,0,0,0,1,0,0,0,0,0,4,4,0,4,4,0
110,公立,一般大學,0006,國立中興大學,08211086,森林學系,2,2,0,1,0,1,0,0,0,0,0,0,0,2,2,0,2,2,0
110,公立,一般大學,0006,國立中興大學,08411087,獸醫學系,3,3,0,1,0,1,0,0,0,1,0,0,0,2,2,0,3,3,0
110,公立,一般大學,0006,國立中興大學,08411089,獸醫病理生物學研究所,5,5,0,1,0,1,0,3,0,0,0,0,0,5,5,0,5,5,0
110,公立,一般大學,0006,國立中興大學,08411092,微生物暨公共衛生學研究所,1,1,0,1,0,0,0,0,0,0,0,0,0,1,1,0,1,1,0
110,公立,一般大學,0006,國立中興大學,09121093,轉譯醫學博士學位學程,4,3,1,1,0,1,0,1,1,0,0,0,0,4,3,1,4,3,1
110,公立,一般大學,0006,國立中興大學,99999Z01,通識教育中心,28,13,15,1,0,3,2,6,9,3,4,0,0,21,10,11,28,13,15
110,公立,一般大學,0006,國立中興大學,99999Z05,師資培育中心,3,3,0,0,0,1,0,2,0,0,0,0,0,3,3,0,3,3,0
110,公立,一般大學,0006,國立中興大學,99999Z07,體育室,4,2,2,0,0,0,0,0,0,2,2,0,0,0,0,0,4,2,2
110,公立,一般大學,0006,國立中興大學,99999Z08,語言中心,34,12,22,0,1,0,2,3,1,9,18,0,0,7,3,4,34,12,22
110,公立,一般大學,0006,國立中興大學,99999Z99,科學教育中心,1,0,1,0,0,0,0,0,1,0,0,0,0,1,0,1,1,0,1
110,公立,一般大學,0007,國立陽明交通大學,02122004,應用藝術研究所,4,3,1,1,0,0,0,2,1,0,0,0,0,4,3,1,4,3,1
110,公立,一般大學,0007,國立陽明交通大學,02151003,音樂研究所,19,8,11,1,0,2,0,5,5,0,6,0,0,13,8,5,19,8,11
110,公立,一般大學,0007,國立陽明交通大學,02299008,人文社會學系,3,2,1,0,0,0,0,2,1,0,0,0,0,3,2,1,3,2,1
110,公立,一般大學,0007,國立陽明交通大學,02299009,亞際文化研究國際碩士學位學程(台灣聯合大學系統),1,1,0,0,0,0,0,1,0,0,0,0,0,1,1,0,1,1,0
110,公立,一般大學,0007,國立陽明交通大學,02299010,社會與文化研究所,1,1,0,0,0,1,0,0,0,0,0,0,0,1,1,0,1,1,0
110,公立,一般大學,0007,國立陽明交通大學,02299Y11,人文社會學院,11,4,7,0,1,0,0,2,1,2,5,0,0,4,2,2,11,4,7
110,公立,一般大學,0007,國立陽明交通大學,02311005,外國語文學系,7,2,5,0,0,0,1,0,0,2,4,0,0,1,0,1,7,2,5
110,公立,一般大學,0007,國立陽明交通大學,03143013,客家社會與文化碩士在職專班,1,0,1,0,0,0,0,0,1,0,0,0,0,1,0,1,1,0,1
110,公立,一般大學,0007,國立陽明交通大學,04121020,資訊管理與財務金融學系,4,4,0,2,0,0,0,2,0,0,0,0,0,4,4,0,4,4,0
110,公立,一般大學,0007,國立陽明交通大學,04131017,經營管理研究所,8,8,0,5,0,1,0,2,0,0,0,0,0,8,8,0,8,8,0
110,公立,一般大學,0007,國立陽明交通大學,04131018,管理科學系,3,3,0,0,0,1,0,2,0,0,0,0,0,3,3,0,3,3,0
110,公立,一般大學,0007,國立陽明交通大學,04131164,生技醫療經營管理碩士在職學位學程,1,1,0,1,0,0,0,0,0,0,0,0,0,1,1,0,1,1,0
110,公立,一般大學,0007,國立陽明交通大學,04133110,醫務管理研究所,8,7,1,4,0,3,0,0,1,0,0,0,0,8,7,1,8,7,1
110,公立,一般大學,0007,國立陽明交通大學,04199023,科技管理研究所,7,7,0,3,0,1,0,3,0,0,0,0,0,7,7,0,7,7,0
110,公立,一般大學,0007,國立陽明交通大學,04199024,高階主管管理碩士學程,7,7,0,4,0,1,0,2,0,0,0,0,0,7,7,0,7,7,0
110,公立,一般大學,0007,國立陽明交通大學,04212027,科技法律研究所,19,12,7,3,1,1,2,6,2,2,2,0,0,15,10,5,19,12,7
110,公立,一般大學,0007,國立陽明交通大學,05121028,生物科技學系,2,1,1,0,0,0,0,0,1,1,0,0,0,1,0,1,2,1,1
110,公立,一般大學,0007,國立陽明交通大學,05121112,生命科學系暨基因體科學研究所,7,5,2,2,1,2,0,1,1,0,0,0,0,7,5,2,7,5,2
110,公立,一般大學,0007,國立陽明交通大學,05122114,微生物及免疫學研究所,3,2,1,1,1,1,0,0,0,0,0,0,0,3,2,1,3,2,1
110,公立,一般大學,0007,國立陽明交通大學,05123116,生化暨分子生物研究所,5,4,1,1,0,0,0,3,1,0,0,0,0,5,4,1,5,4,1
110,公立,一般大學,0007,國立陽明交通大學,05124117,生物醫學資訊研究所,2,2,0,1,0,1,0,0,0,0,0,0,0,2,2,0,2,2,0
110,公立,一般大學,0007,國立陽明交通大學,05311036,應用化學系,3,3,0,2,0,1,0,0,0,0,0,0,0,3,3,0,3,3,0
110,公立,一般大學,0007,國立陽明交通大學,05331041,電子物理學系,4,4,0,4,0,0,0,0,0,0,0,0,0,4,4,0,4,4,0
110,公立,一般大學,0007,國立陽明交通大學,05399044,理學院科學學士學位學程,1,1,0,0,0,1,0,0,0,0,0,0,0,1,1,0,1,1,0
110,公立,一般大學,0007,國立陽明交通大學,05411045,應用數學系,2,2,0,2,0,0,0,0,0,0,0,0,0,2,2,0,2,2,0
110,公立,一般大學,0007,國立陽明交通大學,06131022,資訊管理研究所,2,2,0,2,0,0,0,0,0,0,0,0,0,2,2,0,2,2,0
110,公立,一般大學,0007,國立陽明交通大學,06131058,資訊工程學系,15,12,3,1,0,5,0,3,3,3,0,0,0,12,9,3,15,12,3
110,公立,一般大學,0007,國立陽明交通大學,06131061,資訊科學與工程研究所,2,2,0,2,0,0,0,0,0,0,0,0,0,2,2,0,2,2,0
110,公立,一般大學,0007,國立陽明交通大學,06131092,數據科學與工程研究所,1,1,0,0,0,0,0,1,0,0,0,0,0,1,1,0,1,1,0
110,公立,一般大學,0007,國立陽明交通大學,07112072,材料科學與工程學系,11,11,0,5,0,0,0,4,0,2,0,0,0,9,9,0,11,11,0
110,公立,一般大學,0007,國立陽明交通大學,07121076,環境工程研究所,2,2,0,1,0,1,0,0,0,0,0,0,0,2,2,0,2,2,0
110,公立,一般大學,0007,國立陽明交通大學,07141050,電機工程學系,20,19,1,4,1,7,0,5,0,3,0,0,0,17,16,1,20,19,1
110,公立,一般大學,0007,國立陽明交通大學,07141053,電子研究所,2,2,0,2,0,0,0,0,0,0,0,0,0,2,2,0,2,2,0
110,公立,一般大學,0007,國立陽明交通大學,07141055,光電工程學系,1,0,1,0,1,0,0,0,0,0,0,0,0,1,0,1,1,0,1
110,公立,一般大學,0007,國立陽明交通大學,07141062,電信工程研究所,2,2,0,2,0,0,0,0,0,0,0,0,0,2,2,0,2,2,0
110,公立,一般大學,0007,國立陽明交通大學,07141064,電控工程研究所,2,2,0,2,0,0,0,0,0,0,0,0,0,2,2,0,2,2,0
110,公立,一般大學,0007,國立陽明交通大學,07151070,機械工程學系,33,33,0,8,0,11,0,12,0,2,0,0,0,31,31,0,33,33,0
110,公立,一般大學,0007,國立陽明交通大學,07191075,工業工程與管理學系,1,1,0,0,0,0,0,1,0,0,0,0,0,1,1,0,1,1,0
110,公立,一般大學,0007,國立陽明交通大學,07193077,生醫工程研究所,2,2,0,0,0,0,0,2,0,0,0,0,0,2,2,0,2,2,0
110,公立,一般大學,0007,國立陽明交通大學,07193120,生醫光電研究所,1,1,0,0,0,1,0,0,0,0,0,0,0,1,1,0,1,1,0
110,公立,一般大學,0007,國立陽明交通大學,07193122,生物醫學工程學系,6,6,0,1,0,1,0,4,0,0,0,0,0,6,6,0,6,6,0
110,公立,一般大學,0007,國立陽明交通大學,07199083,工學院碩士在職專班,11,11,0,4,0,3,0,4,0,0,0,0,0,11,11,0,11,11,0
110,公立,一般大學,0007,國立陽明交通大學,07311085,建築研究所,16,13,3,0,0,3,1,5,0,5,2,0,0,9,8,1,16,13,3
110,公立,一般大學,0007,國立陽明交通大學,07321071,土木工程學系,17,16,1,3,0,6,1,3,0,4,0,0,0,13,12,1,17,16,1
110,公立,一般大學,0007,國立陽明交通大學,09111160,牙醫學系,52,28,24,5,2,4,7,8,8,11,7,0,0,34,17,17,52,28,24
110,公立,一般大學,0007,國立陽明交通大學,09111162,口腔生物研究所,3,2,1,1,0,1,0,0,1,0,0,0,0,3,2,1,3,2,1
110,公立,一般大學,0007,國立陽明交通大學,09121125,醫學系,357,288,69,44,9,59,10,108,21,77,29,0,0,251,211,40,357,288,69
110,公立,一般大學,0007,國立陽明交通大學,09121126,臨床醫學研究所,10,9,1,7,1,2,0,0,0,0,0,0,0,10,9,1,10,9,1
110,公立,一般大學,0007,國立陽明交通大學,09121129,生理學研究所,3,3,0,2,0,0,0,1,0,0,0,0,0,3,3,0,3,3,0
110,公立,一般大學,0007,國立陽明交通大學,09121130,神經科學研究所,4,2,2,0,1,0,1,2,0,0,0,0,0,4,2,2,4,2,2
110,公立,一般大學,0007,國立陽明交通大學,09121133,急重症醫學研究所,3,3,0,0,0,2,0,1,0,0,0,0,0,3,3,0,3,3,0
110,公立,一般大學,0007,國立陽明交通大學,09121134,腦科學研究所,2,1,1,0,1,1,0,0,0,0,0,0,0,2,1,1,2,1,1
110,公立,一般大學,0007,國立陽明交通大學,09121144,藥理學研究所,14,11,3,6,0,3,3,2,0,0,0,0,0,14,11,3,14,11,3
110,公立,一般大學,0007,國立陽明交通大學,09131149,護理學系,33,2,31,0,1,0,1,1,6,1,23,0,0,9,1,8,33,2,31
110,公立,一般大學,0007,國立陽明交通大學,09131150,臨床護理研究所,3,0,3,0,1,0,1,0,1,0,0,0,0,3,0,3,3,0,3
110,公立,一般大學,0007,國立陽明交通大學,09141158,醫學生物技術暨檢驗學系,4,2,2,1,0,1,0,0,0,0,2,0,0,2,2,0,4,2,2
110,公立,一般大學,0007,國立陽明交通大學,09141159,生物醫學影像暨放射科學系,19,16,3,6,1,1,0,3,1,6,1,0,0,12,10,2,19,16,3
110,公立,一般大學,0007,國立陽明交通大學,09151148,物理治療暨輔助科技學系,23,13,10,1,0,2,1,4,3,6,6,0,0,11,7,4,23,13,10
110,公立,一般大學,0007,國立陽明交通大學,09161142,藥學系,14,7,7,3,1,0,0,2,3,2,3,0,0,9,5,4,14,7,7
110,公立,一般大學,0007,國立陽明交通大學,09161145,生物藥學研究所,4,3,1,2,0,1,1,0,0,0,0,0,0,4,3,1,4,3,1
110,公立,一般大學,0007,國立陽明交通大學,09171143,傳統醫藥研究所,5,2,3,1,1,0,0,1,2,0,0,0,0,5,2,3,5,2,3
110,公立,一般大學,0007,國立陽明交通大學,09191137,公共衛生研究所,11,7,4,2,1,2,1,3,2,0,0,0,0,11,7,4,11,7,4
110,公立,一般大學,0007,國立陽明交通大學,09191138,衛生福利研究所,4,3,1,2,1,0,0,1,0,0,0,0,0,4,3,1,4,3,1
110,公立,一般大學,0007,國立陽明交通大學,09191140,環境與職業衛生研究所,7,5,2,1,1,3,0,1,1,0,0,0,0,7,5,2,7,5,2
110,公立,一般大學,0007,國立陽明交通大學,09199167,食品安全及健康風險評估研究所,5,4,1,1,0,1,0,2,1,0,0,0,0,5,4,1,5,4,1
110,公立,一般大學,0007,國立陽明交通大學,10411086,運輸與物流管理學系,8,7,1,5,0,2,0,0,1,0,0,0,0,8,7,1,8,7,1
110,公立,一般大學,0007,國立陽明交通大學,99999096,百川學士學位學程,1,0,1,0,0,0,0,0,1,0,0,0,0,1,0,1,1,0,1
110,公立,一般大學,0007,國立陽明交通大學,99999Z01,通識教育中心,11,10,1,3,0,4,0,3,1,0,0,0,0,11,10,1,11,10,1
110,公立,一般大學,0007,國立陽明交通大學,99999Z05,師資培育中心,4,3,1,0,0,0,0,2,1,1,0,0,0,3,2,1,4,3,1
110,公立,一般大學,0007,國立陽明交通大學,99999Z07,體育室,11,7,4,0,0,0,0,1,2,6,2,0,0,3,1,2,11,7,4
110,公立,一般大學,0007,國立陽明交通大學,99999Z08,語言教學與研究中心,28,3,25,0,0,0,0,0,4,3,21,0,0,4,0,4,28,3,25
110,公立,一般大學,0007,國立陽明交通大學,99999Z99,人文與社會教育中心,20,15,5,2,1,3,0,6,2,4,2,0,0,14,11,3,20,15,5
110,公立,一般大學,0007,國立陽明交通大學,99999Z99,教學發展中心,2,2,0,0,0,0,0,1,0,1,0,0,0,1,1,0,2,2,0
110,公立,一般大學,0008,國立中央大學,01115001,學習與教學研究所,1,1,0,1,0,0,0,0,0,0,0,0,0,1,1,0,1,1,0
110,公立,一般大學,0008,國立中央大學,02191004,藝術學研究所,2,0,2,0,0,0,1,0,0,0,1,0,0,1,0,1,2,0,2
110,公立,一般大學,0008,國立中央大學,02221010,歷史研究所,4,3,1,3,0,0,1,0,0,0,0,0,0,4,3,1,4,3,1
110,公立,一般大學,0008,國立中央大學,02231011,哲學研究所,7,7,0,7,0,0,0,0,0,0,0,0,0,7,7,0,7,7,0
110,公立,一般大學,0008,國立中央大學,02299080,文學院學士班,1,0,1,0,0,0,0,0,1,0,0,0,0,1,0,1,1,0,1
110,公立,一般大學,0008,國立中央大學,02311008,法國語文學系,4,4,0,0,0,2,0,0,0,2,0,0,0,2,2,0,4,4,0
110,公立,一般大學,0008,國立中央大學,02322006,中國文學系,21,10,11,1,1,0,1,2,5,7,4,0,0,10,3,7,21,10,11
110,公立,一般大學,0008,國立中央大學,03111013,經濟學系,6,4,2,0,0,1,1,0,1,3,0,0,0,3,1,2,6,4,2
110,公立,一般大學,0008,國立中央大學,03111014,產業經濟研究所,4,4,0,3,0,1,0,0,0,0,0,0,0,4,4,0,4,4,0
110,公立,一般大學,0008,國立中央大學,03131017,認知神經科學研究所,7,5,2,2,1,3,1,0,0,0,0,0,0,7,5,2,7,5,2
110,公立,一般大學,0008,國立中央大學,03199020,客家語文暨社會科學學系,8,5,3,3,0,1,1,0,1,1,1,0,0,6,4,2,8,5,3
110,公立,一般大學,0008,國立中央大學,04111022,會計研究所,1,0,1,0,0,0,1,0,0,0,0,0,0,1,0,1,1,0,1
110,公立,一般大學,0008,國立中央大學,04121024,財務金融學系,10,8,2,1,0,1,0,4,1,2,1,0,0,7,6,1,10,8,2
110,公立,一般大學,0008,國立中央大學,04131023,企業管理學系,10,7,3,2,0,1,1,3,1,1,1,0,0,8,6,2,10,7,3
110,公立,一般大學,0008,國立中央大學,04199027,人力資源管理研究所,6,3,3,1,1,1,1,1,1,0,0,0,0,6,3,3,6,3,3
110,公立,一般大學,0008,國立中央大學,04211030,法律與政府研究所,2,2,0,2,0,0,0,0,0,0,0,0,0,2,2,0,2,2,0
110,公立,一般大學,0008,國立中央大學,05121031,生命科學系,15,12,3,5,1,5,0,2,2,0,0,0,0,15,12,3,15,12,3
110,公立,一般大學,0008,國立中央大學,05311035,化學學系,4,4,0,3,0,0,0,1,0,0,0,0,0,4,4,0,4,4,0
110,公立,一般大學,0008,國立中央大學,05321036,地球科學學系,34,30,4,12,2,8,0,10,2,0,0,0,0,34,30,4,34,30,4
110,公立,一般大學,0008,國立中央大學,05321037,應用地質研究所,5,5,0,4,0,1,0,0,0,0,0,0,0,5,5,0,5,5,0
110,公立,一般大學,0008,國立中央大學,05322044,大氣科學學系,36,29,7,20,2,6,2,2,3,1,0,0,0,35,28,7,36,29,7
110,公立,一般大學,0008,國立中央大學,05322079,太空科學與工程學系,11,11,0,6,0,3,0,2,0,0,0,0,0,11,11,0,11,11,0
110,公立,一般大學,0008,國立中央大學,05323039,水文與海洋科學研究所,7,6,1,3,0,1,0,2,1,0,0,0,0,7,6,1,7,6,1
110,公立,一般大學,0008,國立中央大學,05331042,物理學系,16,15,1,9,0,2,1,0,0,4,0,0,0,12,11,1,16,15,1
110,公立,一般大學,0008,國立中央大學,05411051,數學系,16,14,2,8,0,3,1,3,1,0,0,0,0,16,14,2,16,14,2
110,公立,一般大學,0008,國立中央大學,05421052,統計研究所,4,4,0,2,0,2,0,0,0,0,0,0,0,4,4,0,4,4,0
110,公立,一般大學,0008,國立中央大學,06131053,資訊管理學系,8,6,2,2,1,2,1,2,0,0,0,0,0,8,6,2,8,6,2
110,公立,一般大學,0008,國立中央大學,06131059,資訊工程學系,6,6,0,6,0,0,0,0,0,0,0,0,0,6,6,0,6,6,0
110,公立,一般大學,0008,國立中央大學,07111069,化學工程與材料工程學系,5,5,0,4,0,0,0,1,0,0,0,0,0,5,5,0,5,5,0
110,公立,一般大學,0008,國立中央大學,07112070,材料科學與工程研究所,5,5,0,1,0,2,0,2,0,0,0,0,0,5,5,0,5,5,0
110,公立,一般大學,0008,國立中央大學,07121072,環境工程研究所,12,12,0,4,0,4,0,4,0,0,0,0,0,12,12,0,12,12,0
110,公立,一般大學,0008,國立中央大學,07141055,電機工程學系,6,4,2,2,1,1,1,1,0,0,0,0,0,6,4,2,6,4,2
110,公立,一般大學,0008,國立中央大學,07141057,光電科學與工程學系,9,9,0,6,0,1,0,2,0,0,0,0,0,9,9,0,9,9,0
110,公立,一般大學,0008,國立中央大學,07141060,通訊工程學系,1,1,0,1,0,0,0,0,0,0,0,0,0,1,1,0,1,1,0
110,公立,一般大學,0008,國立中央大學,07151064,機械工程學系,1,1,0,1,0,0,0,0,0,0,0,0,0,1,1,0,1,1,0
110,公立,一般大學,0008,國立中央大學,07193074,生醫科學與工程學系,11,11,0,5,0,4,0,1,0,1,0,0,0,10,10,0,11,11,0
110,公立,一般大學,0008,國立中央大學,07321067,土木工程學系,18,18,0,7,0,3,0,8,0,0,0,0,0,18,18,0,18,18,0
110,公立,一般大學,0008,國立中央大學,99999Z01,通識教育中心,27,17,10,3,1,1,1,8,6,5,2,0,0,20,12,8,27,17,10
110,公立,一般大學,0008,國立中央大學,99999Z05,師資培育中心,5,3,2,0,0,0,0,0,1,3,1,0,0,1,0,1,5,3,2
110,公立,一般大學,0008,國立中央大學,99999Z07,體育室,2,2,0,0,0,0,0,1,0,1,0,0,0,1,1,0,2,2,0
110,公立,一般大學,0008,國立中央大學,99999Z08,語言中心,26,4,22,0,0,0,1,0,0,4,21,0,0,1,0,1,26,4,22
110,公立,一般大學,0008,國立中央大學,99999Z99,太空及遙測研究中心,1,1,0,1,0,0,0,0,0,0,0,0,0,1,1,0,1,1,0
110,公立,一般大學,0009,國立中山大學,01111001,教育研究所,3,2,1,2,1,0,0,0,0,0,0,0,0,3,2,1,3,2,1
110,公立,一般大學,0009,國立中山大學,02151002,音樂學系,32,15,17,0,1,1,3,6,7,8,6,0,0,18,7,11,32,15,17
110,公立,一般大學,0009,國立中山大學,02152003,劇場藝術學系,6,3,3,0,0,0,2,1,1,2,0,0,0,4,1,3,6,3,3
110,公立,一般大學,0009,國立中山大學,02311006,外國語文學系,14,4,10,0,1,0,0,2,2,2,7,0,0,5,2,3,14,4,10
110,公立,一般大學,0009,國立中山大學,02322005,中國文學系,6,4,2,1,0,0,1,3,1,0,0,0,0,6,4,2,6,4,2
110,公立,一般大學,0009,國立中山大學,03111009,經濟學研究所,5,3,2,2,1,1,1,0,0,0,0,0,0,5,3,2,5,3,2
110,公立,一般大學,0009,國立中山大學,03121011,政治學研究所,2,2,0,0,0,1,0,1,0,0,0,0,0,2,2,0,2,2,0
110,公立,一般大學,0009,國立中山大學,03121027,海洋事務研究所,1,1,0,0,0,0,0,0,0,1,0,0,0,0,0,0,1,1,0
110,公立,一般大學,0009,國立中山大學,03122019,亞太事務英語碩士學位學程,1,1,0,0,0,0,0,1,0,0,0,0,0,1,1,0,1,1,0
110,公立,一般大學,0009,國立中山大學,03143016,中國與亞太區域研究所,5,5,0,4,0,1,0,0,0,0,0,0,0,5,5,0,5,5,0
110,公立,一般大學,0009,國立中山大學,03199Y19,社會科學院,2,1,1,0,0,0,0,1,1,0,0,0,0,2,1,1,2,1,1
110,公立,一般大學,0009,國立中山大學,04121024,財務管理學系,13,10,3,4,1,1,0,1,0,4,2,0,0,7,6,1,13,10,3
110,公立,一般大學,0009,國立中山大學,04131021,企業管理學系,11,10,1,3,0,3,0,3,0,1,1,0,0,9,9,0,11,10,1
110,公立,一般大學,0009,國立中山大學,04131022,管理學院國際經營管理碩士學程,1,1,0,1,0,0,0,0,0,0,0,0,0,1,1,0,1,1,0
110,公立,一般大學,0009,國立中山大學,04131028,人力資源管理研究所,4,2,2,2,0,0,0,0,2,0,0,0,0,4,2,2,4,2,2
110,公立,一般大學,0009,國立中山大學,04134010,政治經濟學系,2,2,0,2,0,0,0,0,0,0,0,0,0,2,2,0,2,2,0
110,公立,一般大學,0009,國立中山大學,04134017,公共事務管理研究所,2,1,1,0,0,1,0,0,0,0,1,0,0,1,1,0,2,1,1
110,公立,一般大學,0009,國立中山大學,04199Y31,管理學院,1,0,1,0,0,0,0,0,1,0,0,0,0,1,0,1,1,0,1
110,公立,一般大學,0009,國立中山大學,05111033,生物科學系,3,3,0,1,0,2,0,0,0,0,0,0,0,3,3,0,3,3,0
110,公立,一般大學,0009,國立中山大學,05311037,化學系,1,1,0,1,0,0,0,0,0,0,0,0,0,1,1,0,1,1,0
110,公立,一般大學,0009,國立中山大學,05323044,海洋生物科技暨資源學系,5,5,0,1,0,1,0,1,0,2,0,0,0,3,3,0,5,5,0
110,公立,一般大學,0009,國立中山大學,05323047,海洋科學系,6,4,2,4,1,0,0,0,0,0,1,0,0,5,4,1,6,4,2
110,公立,一般大學,0009,國立中山大學,05331038,物理學系,4,4,0,2,0,1,0,1,0,0,0,0,0,4,4,0,4,4,0
110,公立,一般大學,0009,國立中山大學,05399Y35,海洋科學學院,1,1,0,0,0,1,0,0,0,0,0,0,0,1,1,0,1,1,0
110,公立,一般大學,0009,國立中山大學,05411051,應用數學系,4,3,1,2,0,0,0,0,0,1,1,0,0,2,2,0,4,3,1
110,公立,一般大學,0009,國立中山大學,06131052,資訊管理學系,9,5,4,5,1,0,0,0,2,0,1,0,0,8,5,3,9,5,4
110,公立,一般大學,0009,國立中山大學,07112063,材料與光電科學學系,2,2,0,1,0,0,0,1,0,0,0,0,0,2,2,0,2,2,0
110,公立,一般大學,0009,國立中山大學,07121064,環境工程研究所,5,5,0,3,0,0,0,2,0,0,0,0,0,5,5,0,5,5,0
110,公立,一般大學,0009,國立中山大學,07122065,海洋環境及工程學系,8,7,1,3,0,0,0,4,1,0,0,0,0,8,7,1,8,7,1
110,公立,一般大學,0009,國立中山大學,07141053,電機工程學系,4,4,0,2,0,0,0,2,0,0,0,0,0,4,4,0,4,4,0
110,公立,一般大學,0009,國立中山大學,07151059,海下科技研究所,1,1,0,0,0,0,0,0,0,1,0,0,0,0,0,0,1,1,0
110,公立,一般大學,0009,國立中山大學,07151061,機械與機電工程學系,7,7,0,7,0,0,0,0,0,0,0,0,0,7,7,0,7,7,0
110,公立,一般大學,0009,國立中山大學,99999Z05,師資培育中心,6,2,4,0,0,1,0,0,2,1,2,0,0,3,1,2,6,2,4
110,公立,一般大學,0009,國立中山大學,99999Z99,西灣學院,9,5,4,2,0,0,0,2,4,1,0,0,0,8,4,4,9,5,4
110,公立,一般大學,0009,國立中山大學,99999Z99,西灣學院服務學習教育中心,2,1,1,0,0,0,0,1,0,0,1,0,0,1,1,0,2,1,1
110,公立,一般大學,0009,國立中山大學,99999Z99,西灣學院博雅教育中心,7,3,4,1,0,0,0,2,4,0,0,0,0,7,3,4,7,3,4
110,公立,一般大學,0009,國立中山大學,99999Z99,西灣學院運動與健康教育中心,10,8,2,0,0,1,1,1,0,6,1,0,0,3,2,1,10,8,2
110,公立,一般大學,0012,國立臺灣海洋大學,01111002,教育研究所,4,3,1,0,0,0,0,1,0,2,1,0,0,1,1,0,4,3,1
110,公立,一般大學,0012,國立臺灣海洋大學,02122005,海洋文創設計產業學士學位學程,1,0,1,0,0,0,1,0,0,0,0,0,0,1,0,1,1,0,1
110,公立,一般大學,0012,國立臺灣海洋大學,02299004,海洋文化研究所,1,0,1,0,0,0,1,0,0,0,0,0,0,1,0,1,1,0,1
110,公立,一般大學,0012,國立臺灣海洋大學,02311003,應用英語研究所,14,5,9,0,0,0,3,1,1,4,5,0,0,5,1,4,14,5,9
110,公立,一般大學,0012,國立臺灣海洋大學,03111006,應用經濟研究所,2,1,1,1,0,0,1,0,0,0,0,0,0,2,1,1,2,1,1
110,公立,一般大學,0012,國立臺灣海洋大學,04199055,海洋觀光管理學士學位學程,5,4,1,1,0,1,0,2,1,0,0,0,0,5,4,1,5,4,1
110,公立,一般大學,0012,國立臺灣海洋大學,04199056,海洋經營管理學士學位學程,4,3,1,0,0,1,1,1,0,1,0,0,0,3,2,1,4,3,1
110,公立,一般大學,0012,國立臺灣海洋大學,04212009,海洋法律研究所,5,5,0,4,0,0,0,1,0,0,0,0,0,5,5,0,5,5,0
110,公立,一般大學,0012,國立臺灣海洋大學,04212010,海洋法政學士學位學程,4,2,2,1,0,1,1,0,1,0,0,0,0,4,2,2,4,2,2
110,公立,一般大學,0012,國立臺灣海洋大學,05121014,生命科學暨生物科技學系,18,13,5,4,0,7,3,2,2,0,0,0,0,18,13,5,18,13,5
110,公立,一般大學,0012,國立臺灣海洋大學,05211008,海洋事務與資源管理研究所,1,1,0,1,0,0,0,0,0,0,0,0,0,1,1,0,1,1,0
110,公立,一般大學,0012,國立臺灣海洋大學,05321057,地球科學研究所,3,3,0,1,0,0,0,2,0,0,0,0,0,3,3,0,3,3,0
110,公立,一般大學,0012,國立臺灣海洋大學,05323017,海洋生物研究所,4,4,0,3,0,1,0,0,0,0,0,0,0,4,4,0,4,4,0
110,公立,一般大學,0012,國立臺灣海洋大學,05323020,海洋環境資訊系,1,1,0,1,0,0,0,0,0,0,0,0,0,1,1,0,1,1,0
110,公立,一般大學,0012,國立臺灣海洋大學,06131028,資訊工程學系,4,4,0,2,0,0,0,1,0,1,0,0,0,3,3,0,4,4,0
110,公立,一般大學,0012,國立臺灣海洋大學,07122040,河海工程學系,4,4,0,1,0,0,0,3,0,0,0,0,0,4,4,0,4,4,0
110,公立,一般大學,0012,國立臺灣海洋大學,07122041,海洋工程科技學士學位學程,4,4,0,1,0,0,0,3,0,0,0,0,0,4,4,0,4,4,0
110,公立,一般大學,0012,國立臺灣海洋大學,07141025,電機工程學系,3,3,0,2,0,0,0,1,0,0,0,0,0,3,3,0,3,3,0
110,公立,一般大學,0012,國立臺灣海洋大學,07141027,光電與材料科技學系,1,1,0,0,0,0,0,1,0,0,0,0,0,1,1,0,1,1,0
110,公立,一般大學,0012,國立臺灣海洋大學,07151036,機械與機電工程學系,5,4,1,1,0,2,0,0,0,1,1,0,0,3,3,0,5,4,1
110,公立,一般大學,0012,國立臺灣海洋大學,07163033,系統工程暨造船學系,5,5,0,1,0,0,0,1,0,3,0,0,0,2,2,0,5,5,0
110,公立,一般大學,0012,國立臺灣海洋大學,07163035,輪機工程學系,12,11,1,1,0,3,0,2,0,5,1,0,0,6,6,0,12,11,1
110,公立,一般大學,0012,國立臺灣海洋大學,07211042,食品科學系,12,9,3,2,0,3,0,4,3,0,0,0,0,12,9,3,12,9,3
110,公立,一般大學,0012,國立臺灣海洋大學,07211059,食品安全與風險管理研究所,1,1,0,0,0,1,0,0,0,0,0,0,0,1,1,0,1,1,0
110,公立,一般大學,0012,國立臺灣海洋大學,08312046,水產養殖學系,9,9,0,5,0,0,0,4,0,0,0,0,0,9,9,0,9,9,0
110,公立,一般大學,0012,國立臺灣海洋大學,10411050,運輸科學系,4,4,0,1,0,3,0,0,0,0,0,0,0,4,4,0,4,4,0
110,公立,一般大學,0012,國立臺灣海洋大學,10412048,航運管理學系,36,33,3,6,2,9,0,6,0,12,1,0,0,23,21,2,36,33,3
110,公立,一般大學,0012,國立臺灣海洋大學,10414052,商船學系,11,10,1,2,0,3,0,2,0,3,1,0,0,7,7,0,11,10,1
110,公立,一般大學,0012,國立臺灣海洋大學,99999Z01,共同教育中心,50,29,21,3,1,2,4,13,6,11,10,0,0,29,18,11,50,29,21
110,公立,一般大學,0013,國立中正大學,01111001,教育學研究所,1,0,1,0,0,0,0,0,1,0,0,0,0,1,0,1,1,0,1
110,公立,一般大學,0013,國立中正大學,01112005,成人及繼續教育學系,5,3,2,1,0,0,1,2,1,0,0,0,0,5,3,2,5,3,2
110,公立,一般大學,0013,國立中正大學,01114007,教育領導與管理發展國際碩士學位學程,1,1,0,1,0,0,0,0,0,0,0,0,0,1,1,0,1,1,0
110,公立,一般大學,0013,國立中正大學,02221015,歷史學系,5,5,0,3,0,1,0,1,0,0,0,0,0,5,5,0,5,5,0
110,公立,一般大學,0013,國立中正大學,02231016,哲學系,4,4,0,0,0,0,0,4,0,0,0,0,0,4,4,0,4,4,0
110,公立,一般大學,0013,國立中正大學,02311012,外國語文學系,4,0,4,0,0,0,1,0,0,0,3,0,0,1,0,1,4,0,4
110,公立,一般大學,0013,國立中正大學,02321010,台灣文學與創意應用研究所,4,3,1,0,1,0,0,3,0,0,0,0,0,4,3,1,4,3,1
110,公立,一般大學,0013,國立中正大學,02322011,中國文學系,18,12,6,1,1,0,0,5,4,6,1,0,0,11,6,5,18,12,6
110,公立,一般大學,0013,國立中正大學,02399014,語言學研究所,1,0,1,0,0,0,0,0,1,0,0,0,0,1,0,1,1,0,1
110,公立,一般大學,0013,國立中正大學,03111017,經濟學系,5,4,1,1,1,1,0,1,0,1,0,0,0,4,3,1,5,4,1
110,公立,一般大學,0013,國立中正大學,03122024,戰略暨國際事務研究所,1,1,0,1,0,0,0,0,0,0,0,0,0,1,1,0,1,1,0
110,公立,一般大學,0013,國立中正大學,03131019,心理學系,1,0,1,0,0,0,0,0,1,0,0,0,0,1,0,1,1,0,1
110,公立,一般大學,0013,國立中正大學,03191025,勞工關係學系,1,1,0,0,0,0,0,0,0,1,0,0,0,0,0,0,1,1,0
110,公立,一般大學,0013,國立中正大學,03199026,犯罪防治學系,7,6,1,2,0,0,0,3,1,1,0,0,0,6,5,1,7,6,1
110,公立,一般大學,0013,國立中正大學,03211028,傳播學系,1,0,1,0,0,0,0,0,0,0,1,0,0,0,0,0,1,0,1
110,公立,一般大學,0013,國立中正大學,04111032,會計與資訊科技學系,9,9,0,1,0,0,0,5,0,3,0,0,0,6,6,0,9,9,0
110,公立,一般大學,0013,國立中正大學,04121034,財務金融學系,7,6,1,0,0,0,0,4,0,2,1,0,0,4,4,0,7,6,1
110,公立,一般大學,0013,國立中正大學,04131033,企業管理學系,3,3,0,0,0,0,0,3,0,0,0,0,0,3,3,0,3,3,0
110,公立,一般大學,0013,國立中正大學,04211039,法律學系,3,3,0,1,0,1,0,1,0,0,0,0,0,3,3,0,3,3,0
110,公立,一般大學,0013,國立中正大學,04212040,財經法律學系,9,7,2,2,1,1,1,3,0,1,0,0,0,8,6,2,9,7,2
110,公立,一般大學,0013,國立中正大學,05121075,生物醫學科學系,4,3,1,1,0,0,0,2,1,0,0,0,0,4,3,1,4,3,1
110,公立,一般大學,0013,國立中正大學,05321047,地球與環境科學系,2,1,1,1,0,0,0,0,1,0,0,0,0,2,1,1,2,1,1
110,公立,一般大學,0013,國立中正大學,05331067,物理學系,2,2,0,2,0,0,0,0,0,0,0,0,0,2,2,0,2,2,0
110,公立,一般大學,0013,國立中正大學,05411049,數學系,2,2,0,1,0,1,0,0,0,0,0,0,0,2,2,0,2,2,0
110,公立,一般大學,0013,國立中正大學,06131053,資訊管理學系,6,5,1,3,0,0,0,2,1,0,0,0,0,6,5,1,6,5,1
110,公立,一般大學,0013,國立中正大學,06131055,資訊工程學系,4,4,0,0,0,0,0,2,0,2,0,0,0,2,2,0,4,4,0
110,公立,一般大學,0013,國立中正大學,07111061,化學工程學系,3,2,1,0,0,2,1,0,0,0,0,0,0,3,2,1,3,2,1
110,公立,一般大學,0013,國立中正大學,07141054,電機工程學系,4,4,0,1,0,2,0,1,0,0,0,0,0,4,4,0,4,4,0
110,公立,一般大學,0013,國立中正大學,07151058,機械工程學系,7,7,0,2,0,1,0,2,0,2,0,0,0,5,5,0,7,7,0
110,公立,一般大學,0013,國立中正大學,09231063,社會福利學系,8,6,2,2,0,1,0,1,0,2,2,0,0,4,4,0,8,6,2
110,公立,一般大學,0013,國立中正大學,10141064,運動競技學系,8,8,0,2,0,0,0,1,0,5,0,0,0,3,3,0,8,8,0
110,公立,一般大學,0013,國立中正大學,99999Z01,通識教育中心,30,18,12,2,0,0,1,12,3,4,8,0,0,18,14,4,30,18,12
110,公立,一般大學,0013,國立中正大學,99999Z05,師資培育中心,4,0,4,0,0,0,1,0,1,0,2,0,0,2,0,2,4,0,4
110,公立,一般大學,0013,國立中正大學,99999Z07,體育中心,13,10,3,0,0,1,0,1,3,8,0,0,0,5,2,3,13,10,3
110,公立,一般大學,0014,國立高雄師範大學,01111001,教育學系,14,11,3,1,0,1,0,8,3,1,0,0,0,13,10,3,14,11,3
110,公立,一般大學,0014,國立高雄師範大學,01112009,成人教育研究所,5,5,0,4,0,1,0,0,0,0,0,0,0,5,5,0,5,5,0
110,公立,一般大學,0014,國立高雄師範大學,01113010,特殊教育學系,4,3,1,2,0,0,0,1,1,0,0,0,0,4,3,1,4,3,1
110,公立,一般大學,0014,國立高雄師範大學,01141003,工業科技教育學系,9,9,0,2,0,2,0,3,0,2,0,0,0,7,7,0,9,9,0
110,公立,一般大學,0014,國立高雄師範大學,01141005,體育學系,26,20,6,1,0,2,0,6,1,11,5,0,0,10,9,1,26,20,6
110,公立,一般大學,0014,國立高雄師範大學,01141006,科學教育暨環境教育研究所,6,4,2,0,0,1,0,3,2,0,0,0,0,6,4,2,6,4,2
110,公立,一般大學,0014,國立高雄師範大學,01199011,性別教育研究所,2,0,2,0,1,0,1,0,0,0,0,0,0,2,0,2,2,0,2
110,公立,一般大學,0014,國立高雄師範大學,02112022,視覺設計學系,9,6,3,0,0,0,1,3,0,3,2,0,0,4,3,1,9,6,3
110,公立,一般大學,0014,國立高雄師範大學,02123024,工業設計學系,10,5,5,0,0,0,0,1,0,4,5,0,0,1,1,0,10,5,5
110,公立,一般大學,0014,國立高雄師範大學,02131012,美術學系,26,18,8,3,0,2,0,6,3,7,5,0,0,14,11,3,26,18,8
110,公立,一般大學,0014,國立高雄師範大學,02141055,藝術產業學士原住民專班,15,8,7,0,0,0,0,4,1,4,6,0,0,5,4,1,15,8,7
110,公立,一般大學,0014,國立高雄師範大學,02151013,音樂學系,46,17,29,1,0,1,5,10,15,5,9,0,0,32,12,20,46,17,29
110,公立,一般大學,0014,國立高雄師範大學,02191014,跨領域藝術研究所,1,1,0,0,0,0,0,1,0,0,0,0,0,1,1,0,1,1,0
110,公立,一般大學,0014,國立高雄師範大學,02191047,表演藝術碩士學位學程,6,3,3,0,0,0,0,1,3,2,0,0,0,4,1,3,6,3,3
110,公立,一般大學,0014,國立高雄師範大學,02299020,經學研究所,5,3,2,1,0,2,0,0,2,0,0,0,0,5,3,2,5,3,2
110,公立,一般大學,0014,國立高雄師範大學,02311021,英語學系,28,9,19,0,1,1,3,3,7,5,8,0,0,15,4,11,28,9,19
110,公立,一般大學,0014,國立高雄師範大學,02313002,華語文教學研究所,3,0,3,0,1,0,1,0,0,0,1,0,0,2,0,2,3,0,3
110,公立,一般大學,0014,國立高雄師範大學,02321057,語言與文化學士原住民專班,10,6,4,0,0,0,1,1,1,5,2,0,0,3,1,2,10,6,4
110,公立,一般大學,0014,國立高雄師範大學,02322019,國文學系,25,8,17,1,1,2,2,2,9,3,5,0,0,17,5,12,25,8,17
110,公立,一般大學,0014,國立高雄師範大學,03131026,諮商心理與復健諮商研究所,4,3,1,1,0,0,1,2,0,0,0,0,0,4,3,1,4,3,1
110,公立,一般大學,0014,國立高雄師範大學,03142030,地理學系,2,1,1,0,1,1,0,0,0,0,0,0,0,2,1,1,2,1,1
110,公立,一般大學,0014,國立高雄師範大學,03143052,東南亞學碩士在職學位學程,1,1,0,0,0,0,0,1,0,0,0,0,0,1,1,0,1,1,0
110,公立,一般大學,0014,國立高雄師範大學,04131032,事業經營學系,2,2,0,0,0,0,0,1,0,1,0,0,0,1,1,0,2,2,0
110,公立,一般大學,0014,國立高雄師範大學,04131061,環境與創意產業碩士在職學位學程,5,4,1,0,0,0,0,4,1,0,0,0,0,5,4,1,5,4,1
110,公立,一般大學,0014,國立高雄師範大學,04199033,人力與知識管理研究所,2,2,0,1,0,0,0,1,0,0,0,0,0,2,2,0,2,2,0
110,公立,一般大學,0014,國立高雄師範大學,05121034,生物科技系,4,1,3,1,0,0,0,0,3,0,0,0,0,4,1,3,4,1,3
110,公立,一般大學,0014,國立高雄師範大學,05311036,化學系,3,2,1,0,0,0,0,2,1,0,0,0,0,3,2,1,3,2,1
110,公立,一般大學,0014,國立高雄師範大學,05331037,物理學系,5,5,0,0,0,0,0,5,0,0,0,0,0,5,5,0,5,5,0
110,公立,一般大學,0014,國立高雄師範大學,05411038,數學系,2,1,1,1,0,0,0,0,1,0,0,0,0,2,1,1,2,1,1
110,公立,一般大學,0014,國立高雄師範大學,06132039,軟體工程與管理學系,3,3,0,0,0,0,0,0,0,3,0,0,0,0,0,0,3,3,0
110,公立,一般大學,0014,國立高雄師範大學,07141041,電子工程學系,2,1,1,0,0,1,0,0,1,0,0,0,0,2,1,1,2,1,1
110,公立,一般大學,0014,國立高雄師範大學,07141060,電機工程學系,4,3,1,1,0,0,0,1,1,1,0,0,0,3,2,1,4,3,1
110,公立,一般大學,0014,國立高雄師範大學,10141056,運動競技與產業學士原住民專班,15,8,7,0,0,0,0,1,2,7,5,0,0,3,1,2,15,8,7
110,公立,一般大學,0014,國立高雄師範大學,99999Z01,通識教育中心,40,25,15,1,0,1,1,10,3,13,11,0,0,16,12,4,40,25,15
110,公立,一般大學,0014,國立高雄師範大學,99999Z05,師資培育與就業輔導處,8,5,3,0,0,1,0,3,1,1,2,0,0,5,4,1,8,5,3
110,公立,一般大學,0015,國立彰化師範大學,01113012,特殊教育學系,6,2,4,1,1,0,0,1,2,0,1,0,0,5,2,3,6,2,4
110,公立,一般大學,0015,國立彰化師範大學,01131004,科學教育研究所,1,0,1,0,1,0,0,0,0,0,0,0,0,1,0,1,1,0,1
110,公立,一般大學,0015,國立彰化師範大學,01131006,公共事務與公民教育學系,6,4,2,1,0,2,0,1,2,0,0,0,0,6,4,2,6,4,2
110,公立,一般大學,0015,國立彰化師範大學,01141007,工業教育與技術學系,17,16,1,4,0,1,0,11,1,0,0,0,0,17,16,1,17,16,1
110,公立,一般大學,0015,國立彰化師範大學,01141011,運動學系,20,14,6,2,0,1,1,2,2,9,3,0,0,8,5,3,20,14,6
110,公立,一般大學,0015,國立彰化師範大學,02131017,美術學系,13,8,5,0,1,0,0,2,1,6,3,0,0,4,2,2,13,8,5
110,公立,一般大學,0015,國立彰化師範大學,02221023,歷史學研究所,5,4,1,1,0,3,1,0,0,0,0,0,0,5,4,1,5,4,1
110,公立,一般大學,0015,國立彰化師範大學,02311020,英語學系,14,3,11,1,1,1,0,0,2,1,8,0,0,5,2,3,14,3,11
110,公立,一般大學,0015,國立彰化師範大學,02311021,兒童英語研究所,1,1,0,0,0,1,0,0,0,0,0,0,0,1,1,0,1,1,0
110,公立,一般大學,0015,國立彰化師範大學,02312022,翻譯研究所,2,1,1,0,0,0,0,1,1,0,0,0,0,2,1,1,2,1,1
110,公立,一般大學,0015,國立彰化師範大學,02322019,國文學系,12,9,3,5,1,1,1,2,1,1,0,0,0,11,8,3,12,9,3
110,公立,一般大學,0015,國立彰化師範大學,03131025,輔導與諮商學系,10,6,4,0,1,1,0,2,1,3,2,0,0,5,3,2,10,6,4
110,公立,一般大學,0015,國立彰化師範大學,03131055,復健諮商研究所,4,1,3,0,0,0,1,0,0,1,2,0,0,1,0,1,4,1,3
110,公立,一般大學,0015,國立彰化師範大學,03142027,地理學系,2,1,1,0,0,1,0,0,0,0,1,0,0,1,1,0,2,1,1
110,公立,一般大學,0015,國立彰化師範大學,04111028,會計學系,8,6,2,0,0,2,0,2,1,2,1,0,0,5,4,1,8,6,2
110,公立,一般大學,0015,國立彰化師範大學,04121031,財務金融技術學系,8,7,1,1,0,1,0,2,1,3,0,0,0,5,4,1,8,7,1
110,公立,一般大學,0015,國立彰化師範大學,04131029,企業管理學系,5,4,1,0,0,0,0,1,0,3,1,0,0,1,1,0,5,4,1
110,公立,一般大學,0015,國立彰化師範大學,05111034,生物學系,2,1,1,0,1,1,0,0,0,0,0,0,0,2,1,1,2,1,1
110,公立,一般大學,0015,國立彰化師範大學,05331037,物理學系,1,1,0,0,0,1,0,0,0,0,0,0,0,1,1,0,1,1,0
110,公立,一般大學,0015,國立彰化師範大學,05411038,數學系,2,2,0,0,0,0,0,2,0,0,0,0,0,2,2,0,2,2,0
110,公立,一般大學,0015,國立彰化師範大學,05421039,統計資訊研究所,2,1,1,0,0,1,0,0,1,0,0,0,0,2,1,1,2,1,1
110,公立,一般大學,0015,國立彰化師範大學,06131040,資訊管理學系,6,4,2,1,0,0,0,0,0,3,2,0,0,1,1,0,6,4,2
110,公立,一般大學,0015,國立彰化師範大學,06131050,資訊工程學系,1,1,0,0,0,0,0,0,0,1,0,0,0,0,0,0,1,1,0
110,公立,一般大學,0015,國立彰化師範大學,07141042,電機工程學系,6,6,0,2,0,0,0,4,0,0,0,0,0,6,6,0,6,6,0
110,公立,一般大學,0015,國立彰化師範大學,07141051,電信工程學研究所,1,1,0,0,0,0,0,1,0,0,0,0,0,1,1,0,1,1,0
110,公立,一般大學,0015,國立彰化師範大學,07151054,機電工程學系,2,2,0,1,0,0,0,1,0,0,0,0,0,2,2,0,2,2,0
110,公立,一般大學,0015,國立彰化師範大學,07161053,車輛科技研究所,1,1,0,1,0,0,0,0,0,0,0,0,0,1,1,0,1,1,0
110,公立,一般大學,0015,國立彰化師範大學,99999Z01,通識教育中心,17,5,12,0,0,1,0,3,3,1,9,0,0,7,4,3,17,5,12
110,公立,一般大學,0015,國立彰化師範大學,99999Z05,師資培育中心,15,12,3,2,0,2,0,8,3,0,0,0,0,15,12,3,15,12,3
110,公立,一般大學,0015,國立彰化師範大學,99999Z08,語文中心,2,0,2,0,0,0,0,0,0,0,2,0,0,0,0,0,2,0,2
110,公立,一般大學,0017,國立臺北大學,02221005,歷史學系,7,4,3,1,0,2,0,1,2,0,1,0,0,6,4,2,7,4,3
110,公立,一般大學,0017,國立臺北大學,02299008,民俗藝術與文化資產研究所,1,0,1,0,1,0,0,0,0,0,0,0,0,1,0,1,1,0,1
110,公立,一般大學,0017,國立臺北大學,02311004,應用外語學系,6,3,3,2,0,0,0,0,1,1,2,0,0,3,2,1,6,3,3
110,公立,一般大學,0017,國立臺北大學,02322002,中國文學系,16,8,8,3,1,1,3,4,4,0,0,0,0,16,8,8,16,8,8
110,公立,一般大學,0017,國立臺北大學,03111009,經濟學系,12,8,4,2,0,1,1,5,2,0,1,0,0,11,8,3,12,8,4
110,公立,一般大學,0017,國立臺北大學,03141011,社會學系,3,2,1,1,0,1,1,0,0,0,0,0,0,3,2,1,3,2,1
110,公立,一般大學,0017,國立臺北大學,03199016,犯罪學研究所,2,2,0,2,0,0,0,0,0,0,0,0,0,2,2,0,2,2,0
110,公立,一般大學,0017,國立臺北大學,04111017,會計學系,15,6,9,0,0,4,1,1,1,1,7,0,0,7,5,2,15,6,9
110,公立,一般大學,0017,國立臺北大學,04121021,商學院國際財務金融碩士在職專班,4,3,1,2,0,1,0,0,1,0,0,0,0,4,3,1,4,3,1
110,公立,一般大學,0017,國立臺北大學,04121022,金融與合作經營學系,5,3,2,1,0,1,0,0,1,1,1,0,0,3,2,1,5,3,2
110,公立,一般大學,0017,國立臺北大學,04122023,財政學系,8,7,1,1,0,2,0,1,1,3,0,0,0,5,4,1,8,7,1
110,公立,一般大學,0017,國立臺北大學,04131018,企業管理學系,37,29,8,8,1,4,1,17,4,0,2,0,0,35,29,6,37,29,8
110,公立,一般大學,0017,國立臺北大學,04131019,國際企業研究所,1,1,0,1,0,0,0,0,0,0,0,0,0,1,1,0,1,1,0
110,公立,一般大學,0017,國立臺北大學,04134013,公共行政暨政策學系,27,23,4,12,1,7,1,2,2,2,0,0,0,25,21,4,27,23,4
110,公立,一般大學,0017,國立臺北大學,04134024,不動產與城鄉環境學系,16,15,1,1,0,7,1,4,0,3,0,0,0,13,12,1,16,15,1
110,公立,一般大學,0017,國立臺北大學,04141026,商學院數位行銷進修學士學位學程,8,5,3,0,0,0,1,4,2,1,0,0,0,7,4,3,8,5,3
110,公立,一般大學,0017,國立臺北大學,04211028,法律學系,37,30,7,15,3,6,2,5,1,4,1,0,0,32,26,6,37,30,7
110,公立,一般大學,0017,國立臺北大學,05211043,自然資源與環境管理研究所,1,0,1,0,0,0,0,0,1,0,0,0,0,1,0,1,1,0,1
110,公立,一般大學,0017,國立臺北大學,05421033,統計學系,17,13,4,2,1,2,1,8,1,1,1,0,0,15,12,3,17,13,4
110,公立,一般大學,0017,國立臺北大學,06131036,資訊工程學系,4,4,0,2,0,1,0,0,0,1,0,0,0,3,3,0,4,4,0
110,公立,一般大學,0017,國立臺北大學,06134034,資訊管理研究所,1,1,0,0,0,1,0,0,0,0,0,0,0,1,1,0,1,1,0
110,公立,一般大學,0017,國立臺北大學,07313039,都市計劃研究所,2,2,0,2,0,0,0,0,0,0,0,0,0,2,2,0,2,2,0
110,公立,一般大學,0017,國立臺北大學,09231041,社會工作學系,17,11,6,2,1,1,1,3,3,5,1,0,0,11,6,5,17,11,6
110,公立,一般大學,0017,國立臺北大學,10152042,休閒運動管理學系,3,1,2,0,1,0,0,0,0,1,1,0,0,1,0,1,3,1,2
110,公立,一般大學,0017,國立臺北大學,99999Z01,通識教育中心,16,8,8,1,0,0,3,7,4,0,1,0,0,15,8,7,16,8,8
110,公立,一般大學,0017,國立臺北大學,99999Z07,體育室,2,2,0,0,0,0,0,0,0,2,0,0,0,0,0,0,2,2,0
110,公立,一般大學,0017,國立臺北大學,99999Z08,語言中心,16,5,11,0,0,1,0,0,0,4,11,0,0,1,1,0,16,5,11
110,公立,一般大學,0018,國立嘉義大學,01111001,教育學系,16,9,7,4,1,0,0,5,5,0,1,0,0,15,9,6,16,9,7
110,公立,一般大學,0018,國立嘉義大學,01111006,師範學院教學專業國際碩士學位學程,1,1,0,1,0,0,0,0,0,0,0,0,0,1,1,0,1,1,0
110,公立,一般大學,0018,國立嘉義大學,01121016,幼兒教育學系,1,0,1,0,0,0,0,0,0,0,1,0,0,0,0,0,1,0,1
110,公立,一般大學,0018,國立嘉義大學,01141113,體育與健康休閒學系,11,9,2,1,0,0,0,3,2,5,0,0,0,6,4,2,11,9,2
110,公立,一般大學,0018,國立嘉義大學,02131025,視覺藝術學系,7,5,2,0,0,2,0,1,1,2,1,0,0,4,3,1,7,5,2
110,公立,一般大學,0018,國立嘉義大學,02151024,音樂學系,45,19,26,0,0,0,1,13,15,6,10,0,0,29,13,16,45,19,26
110,公立,一般大學,0018,國立嘉義大學,02221033,應用歷史學系,1,1,0,0,0,0,0,1,0,0,0,0,0,1,1,0,1,1,0
110,公立,一般大學,0018,國立嘉義大學,02311031,外國語言學系,3,0,3,0,0,0,0,0,1,0,2,0,0,1,0,1,3,0,3
110,公立,一般大學,0018,國立嘉義大學,02322029,中國文學系,13,7,6,0,0,0,0,4,6,3,0,0,0,10,4,6,13,7,6
110,公立,一般大學,0018,國立嘉義大學,03111034,應用經濟學系,1,0,1,0,0,0,0,0,0,0,1,0,0,0,0,0,1,0,1
110,公立,一般大學,0018,國立嘉義大學,03131035,輔導與諮商學系,13,5,8,1,0,1,2,2,4,1,2,0,0,10,4,6,13,5,8
110,公立,一般大學,0018,國立嘉義大學,04121041,財務金融學系,5,4,1,0,0,0,0,1,0,3,1,0,0,1,1,0,5,4,1
110,公立,一般大學,0018,國立嘉義大學,04131038,企業管理學系,3,2,1,0,0,1,0,1,1,0,0,0,0,3,2,1,3,2,1
110,公立,一般大學,0018,國立嘉義大學,04131045,生物事業管理學系,1,1,0,0,0,0,0,1,0,0,0,0,0,1,1,0,1,1,0
110,公立,一般大學,0018,國立嘉義大學,04143044,行銷與觀光管理學系,2,1,1,0,0,0,0,0,0,1,1,0,0,0,0,0,2,1,1
110,公立,一般大學,0018,國立嘉義大學,05121053,生化科技學系,1,1,0,0,0,0,0,1,0,0,0,0,0,1,1,0,1,1,0
110,公立,一般大學,0018,國立嘉義大學,05311059,應用化學系,1,1,0,0,0,1,0,0,0,0,0,0,0,1,1,0,1,1,0
110,公立,一般大學,0018,國立嘉義大學,07151067,生物機電工程學系,1,1,0,0,0,0,0,0,0,1,0,0,0,0,0,0,1,1,0
110,公立,一般大學,0018,國立嘉義大學,07211088,食品科學系,2,1,1,1,0,0,0,0,0,0,1,0,0,1,1,0,2,1,1
110,公立,一般大學,0018,國立嘉義大學,07312072,景觀學系,8,4,4,0,0,0,0,0,1,4,3,0,0,1,0,1,8,4,4
110,公立,一般大學,0018,國立嘉義大學,07321070,土木與水資源工程學系,2,2,0,0,0,1,0,1,0,0,0,0,0,2,2,0,2,2,0
110,公立,一般大學,0018,國立嘉義大學,08112079,動物科學系,2,2,0,2,0,0,0,0,0,0,0,0,0,2,2,0,2,2,0
110,公立,一般大學,0018,國立嘉義大學,08121080,園藝學系,4,4,0,2,0,0,0,2,0,0,0,0,0,4,4,0,4,4,0
110,公立,一般大學,0018,國立嘉義大學,08199076,農場管理進修學士學位學程,2,1,1,0,0,0,0,0,1,1,0,0,0,1,0,1,2,1,1
110,公立,一般大學,0018,國立嘉義大學,08211106,木質材料與設計學系,4,3,1,2,0,0,0,1,0,0,1,0,0,3,3,0,4,3,1
110,公立,一般大學,0018,國立嘉義大學,08312047,水生生物科學系,1,1,0,0,0,0,0,0,0,1,0,0,0,0,0,0,1,1,0
110,公立,一般大學,0018,國立嘉義大學,08411108,獸醫學系,5,4,1,2,0,0,0,0,1,2,0,0,0,3,2,1,5,4,1
110,公立,一般大學,0018,國立嘉義大學,99999Z05,師資培育中心,6,1,5,0,0,0,0,1,4,0,1,0,0,5,1,4,6,1,5
110,公立,一般大學,0018,國立嘉義大學,99999Z08,語言中心,5,0,5,0,0,0,0,0,0,0,5,0,0,0,0,0,5,0,5
110,公立,一般大學,0019,國立高雄大學,02122036,工藝與創意設計學系,2,2,0,0,0,0,0,1,0,1,0,0,0,1,1,0,2,2,0
110,公立,一般大學,0019,國立高雄大學,02311002,西洋語文學系,2,0,2,0,0,0,0,0,0,0,2,0,0,0,0,0,2,0,2
110,公立,一般大學,0019,國立高雄大學,02311003,東亞語文學系,7,3,4,1,0,0,0,2,0,0,4,0,0,3,3,0,7,3,4
110,公立,一般大學,0019,國立高雄大學,03111006,應用經濟學系,3,2,1,0,0,0,0,1,1,1,0,0,0,2,1,1,3,2,1
110,公立,一般大學,0019,國立高雄大學,04121011,金融管理學系,2,1,1,0,0,0,0,0,0,1,1,0,0,0,0,0,2,1,1
110,公立,一般大學,0019,國立高雄大學,04131009,亞太工商管理學系,1,1,0,1,0,0,0,0,0,0,0,0,0,1,1,0,1,1,0
110,公立,一般大學,0019,國立高雄大學,04199012,高階經營管理碩士在職專班,1,1,0,1,0,0,0,0,0,0,0,0,0,1,1,0,1,1,0
110,公立,一般大學,0019,國立高雄大學,04211015,法律學系,7,5,2,1,0,0,1,2,0,2,1,0,0,4,3,1,7,5,2
110,公立,一般大學,0019,國立高雄大學,04212016,財經法律學系,6,5,1,1,0,0,0,1,0,3,1,0,0,2,2,0,6,5,1
110,公立,一般大學,0019,國立高雄大學,04212017,政治法律學系,9,4,5,0,0,1,0,0,4,3,1,0,0,5,1,4,9,4,5
110,公立,一般大學,0019,國立高雄大學,05311022,應用化學系,1,0,1,0,1,0,0,0,0,0,0,0,0,1,0,1,1,0,1
110,公立,一般大學,0019,國立高雄大學,05331023,應用物理學系,2,0,2,0,0,0,0,0,2,0,0,0,0,2,0,2,2,0,2
110,公立,一般大學,0019,國立高雄大學,05411024,應用數學系,2,2,0,0,0,1,0,0,0,1,0,0,0,1,1,0,2,2,0
110,公立,一般大學,0019,國立高雄大學,06131026,資訊管理學系,1,1,0,0,0,0,0,0,0,1,0,0,0,0,0,0,1,1,0
110,公立,一般大學,0019,國立高雄大學,07111030,化學工程及材料工程學系,1,0,1,0,0,0,0,0,1,0,0,0,0,1,0,1,1,0,1
110,公立,一般大學,0019,國立高雄大學,07141027,電機工程學系,9,8,1,2,0,0,1,5,0,1,0,0,0,8,7,1,9,8,1
110,公立,一般大學,0019,國立高雄大學,07311035,建築學系,14,13,1,0,0,1,0,7,0,5,1,0,0,8,8,0,14,13,1
110,公立,一般大學,0019,國立高雄大學,07321029,土木與環境工程學系,9,6,3,1,0,1,0,3,2,1,1,0,0,7,5,2,9,6,3
110,公立,一般大學,0019,國立高雄大學,10152033,運動健康與休閒學系,8,5,3,1,0,0,0,1,0,3,3,0,0,2,2,0,8,5,3
110,公立,一般大學,0019,國立高雄大學,99999Z01,通識教育中心,87,52,35,0,0,2,1,25,15,25,19,0,0,43,27,16,87,52,35
110,公立,一般大學,0020,國立東華大學,01111001,教育與潛能開發學系,12,9,3,2,0,1,1,1,0,5,2,0,0,5,4,1,12,9,3
110,公立,一般大學,0020,國立東華大學,01114015,教育行政與管理學系,7,1,6,0,0,0,0,0,0,1,6,0,0,0,0,0,7,1,6
110,公立,一般大學,0020,國立東華大學,01141010,體育與運動科學系,3,3,0,1,0,0,0,0,0,2,0,0,0,1,1,0,3,3,0
110,公立,一般大學,0020,國立東華大學,02121019,藝術與設計學系,8,7,1,1,0,0,0,1,1,5,0,0,0,3,2,1,8,7,1
110,公立,一般大學,0020,國立東華大學,02151018,音樂學系,23,7,16,0,0,0,0,1,10,6,6,0,0,11,1,10,23,7,16
110,公立,一般大學,0020,國立東華大學,02191022,藝術創意產業學系,6,4,2,1,0,0,0,0,0,3,2,0,0,1,1,0,6,4,2
110,公立,一般大學,0020,國立東華大學,02199109,原住民族樂舞與藝術學士學位學程,3,2,1,0,1,0,0,1,0,1,0,0,0,2,1,1,3,2,1
110,公立,一般大學,0020,國立東華大學,02221033,歷史學系,1,0,1,0,0,0,0,0,1,0,0,0,0,1,0,1,1,0,1
110,公立,一般大學,0020,國立東華大學,02311029,英美語文學系,4,2,2,0,0,1,0,0,0,1,2,0,0,1,1,0,4,2,2
110,公立,一般大學,0020,國立東華大學,02321028,民族語言與傳播學系,8,6,2,0,0,0,0,1,0,5,2,0,0,1,1,0,8,6,2
110,公立,一般大學,0020,國立東華大學,02322025,中國語文學系,7,6,1,1,0,0,0,0,0,5,1,0,0,1,1,0,7,6,1
110,公立,一般大學,0020,國立東華大學,02323104,華文文學系,1,0,1,0,0,0,0,0,1,0,0,0,0,1,0,1,1,0,1
110,公立,一般大學,0020,國立東華大學,03131046,諮商與臨床心理學系,3,1,2,0,0,0,0,1,2,0,0,0,0,3,1,2,3,1,2
110,公立,一般大學,0020,國立東華大學,03143051,臺灣文化學系,2,2,0,0,0,2,0,0,0,0,0,0,0,2,2,0,2,2,0
110,公立,一般大學,0020,國立東華大學,04111056,會計學系,1,1,0,0,0,0,0,0,0,1,0,0,0,0,0,0,1,1,0
110,公立,一般大學,0020,國立東華大學,04121061,財務金融學系,3,2,1,0,0,0,1,0,0,2,0,0,0,1,0,1,3,2,1
110,公立,一般大學,0020,國立東華大學,04131059,企業管理學系,3,3,0,0,0,0,0,2,0,1,0,0,0,2,2,0,3,3,0
110,公立,一般大學,0020,國立東華大學,04131060,國際企業學系,2,2,0,1,0,0,0,1,0,0,0,0,0,2,2,0,2,2,0
110,公立,一般大學,0020,國立東華大學,04131065,管理學院高階經營管理碩士在職專班,1,0,1,0,0,0,0,0,0,0,1,0,0,0,0,0,1,0,1
110,公立,一般大學,0020,國立東華大學,04134054,公共行政學系,1,1,0,1,0,0,0,0,0,0,0,0,0,1,1,0,1,1,0
110,公立,一般大學,0020,國立東華大學,04191066,管理學院管理科學與財金國際學士學位學程,1,1,0,0,0,1,0,0,0,0,0,0,0,1,1,0,1,1,0
110,公立,一般大學,0020,國立東華大學,06131086,資訊工程學系,1,1,0,0,0,0,0,0,0,1,0,0,0,0,0,0,1,1,0
110,公立,一般大學,0020,國立東華大學,06134081,資訊管理學系,3,0,3,0,0,0,0,0,0,0,3,0,0,0,0,0,3,0,3
110,公立,一般大學,0020,國立東華大學,07141083,電機工程學系,1,1,0,0,0,0,0,0,0,1,0,0,0,0,0,0,1,1,0
110,公立,一般大學,0020,國立東華大學,99999Z01,通識教育中心,41,21,20,1,0,1,2,3,5,16,13,0,0,12,5,7,41,21,20
110,公立,一般大學,0020,國立東華大學,99999Z05,師資培育中心,9,5,4,0,0,1,0,1,1,3,3,0,0,3,2,1,9,5,4
110,公立,一般大學,0020,國立東華大學,99999Z07,體育中心,4,3,1,0,0,0,0,0,0,3,1,0,0,0,0,0,4,3,1
110,公立,一般大學,0020,國立東華大學,99999Z08,華語文中心,1,0,1,0,0,0,0,0,0,0,1,0,0,0,0,0,1,0,1
110,公立,一般大學,0020,國立東華大學,99999Z08,語言中心,2,1,1,0,0,0,0,1,0,0,1,0,0,1,1,0,2,1,1
110,公立,一般大學,0021,國立暨南國際大學,01111001,國際文教與比較教育學系,5,3,2,0,0,0,1,2,0,1,1,0,0,3,2,1,5,3,2
110,公立,一般大學,0021,國立暨南國際大學,01111004,諮商心理與人力資源發展學系,10,5,5,1,0,0,0,3,4,1,1,0,0,8,4,4,10,5,5
110,公立,一般大學,0021,國立暨南國際大學,01111050,教育學院學士班,2,1,1,0,0,0,0,0,1,1,0,0,0,1,0,1,2,1,1
110,公立,一般大學,0021,國立暨南國際大學,01114010,教育政策與行政學系,2,2,0,1,0,0,0,1,0,0,0,0,0,2,2,0,2,2,0
110,公立,一般大學,0021,國立暨南國際大學,01131007,華語文教學碩士學位學程,1,0,1,0,0,0,0,0,0,0,1,0,0,0,0,0,1,0,1
110,公立,一般大學,0021,國立暨南國際大學,02221015,歷史學系,5,3,2,1,0,1,0,0,0,1,2,0,0,2,2,0,5,3,2
110,公立,一般大學,0021,國立暨南國際大學,02311014,外國語文學系,10,2,8,0,0,0,1,0,1,2,6,0,0,2,0,2,10,2,8
110,公立,一般大學,0021,國立暨南國際大學,02322013,中國語文學系,12,6,6,1,0,0,0,1,2,4,4,0,0,4,2,2,12,6,6
110,公立,一般大學,0021,國立暨南國際大學,03111016,經濟學系,2,1,1,0,0,1,0,0,1,0,0,0,0,2,1,1,2,1,1
110,公立,一般大學,0021,國立暨南國際大學,03141045,原住民文化產業與社會工作學士學位學程原住民族專班,20,9,11,0,0,0,0,2,1,7,10,0,0,3,2,1,20,9,11
110,公立,一般大學,0021,國立暨南國際大學,03143019,東南亞學系,9,5,4,0,0,0,0,2,1,3,3,0,0,3,2,1,9,5,4
110,公立,一般大學,0021,國立暨南國際大學,04121025,財務金融學系,3,1,2,0,0,0,0,1,1,0,1,0,0,2,1,1,3,1,2
110,公立,一般大學,0021,國立暨南國際大學,04131022,國際企業學系,7,5,2,1,0,0,0,2,2,2,0,0,0,5,3,2,7,5,2
110,公立,一般大學,0021,國立暨南國際大學,04131026,新興產業策略與發展博士學位學程,2,1,1,0,0,0,0,0,0,1,1,0,0,0,0,0,2,1,1
110,公立,一般大學,0021,國立暨南國際大學,04131048,管理學院學士班,10,9,1,1,0,1,0,4,1,3,0,0,0,7,6,1,10,9,1
110,公立,一般大學,0021,國立暨南國際大學,04134020,公共行政與政策學系,4,4,0,0,0,0,0,0,0,4,0,0,0,0,0,0,4,4,0
110,公立,一般大學,0021,國立暨南國際大學,04134021,非營利組織經營管理碩士學位學程在職專班,2,1,1,0,0,0,0,1,1,0,0,0,0,2,1,1,2,1,1
110,公立,一般大學,0021,國立暨南國際大學,04143052,文化創意與社會行銷碩士學位學程,4,4,0,0,0,1,0,0,0,3,0,0,0,1,1,0,4,4,0
110,公立,一般大學,0021,國立暨南國際大學,05311027,應用化學系,11,9,2,1,0,1,0,5,2,2,0,0,0,9,7,2,11,9,2
110,公立,一般大學,0021,國立暨南國際大學,06131030,資訊管理學系,4,4,0,0,0,1,0,1,0,2,0,0,0,2,2,0,4,4,0
110,公立,一般大學,0021,國立暨南國際大學,06131034,資訊工程學系,2,2,0,0,0,0,0,1,0,1,0,0,0,1,1,0,2,2,0
110,公立,一般大學,0021,國立暨南國際大學,07112037,應用材料及光電工程學系,4,3,1,0,0,0,0,3,1,0,0,0,0,4,3,1,4,3,1
110,公立,一般大學,0021,國立暨南國際大學,07141031,電機工程學系,7,6,1,3,1,0,0,2,0,1,0,0,0,6,5,1,7,6,1
110,公立,一般大學,0021,國立暨南國際大學,07321035,土木工程學系,10,8,2,0,0,2,0,5,2,1,0,0,0,9,7,2,10,8,2
110,公立,一般大學,0021,國立暨南國際大學,09231038,社會政策與社會工作學系,8,5,3,0,0,1,0,1,2,3,1,0,0,4,2,2,8,5,3
110,公立,一般大學,0021,國立暨南國際大學,10151039,觀光休閒與餐旅管理學系,7,5,2,0,0,1,0,1,0,3,2,0,0,2,2,0,7,5,2
110,公立,一般大學,0021,國立暨南國際大學,99999Z01,通識教育中心,52,36,16,1,0,1,0,14,6,20,10,0,0,22,16,6,52,36,16
110,公立,一般大學,0021,國立暨南國際大學,99999Z05,師資培育中心,6,4,2,0,0,0,0,2,1,2,1,0,0,3,2,1,6,4,2
110,公立,一般大學,0021,國立暨南國際大學,99999Z08,語文教學研究中心,4,3,1,0,0,0,0,0,0,3,1,0,0,0,0,0,4,3,1
110,公立,技專校院,0022,國立臺灣科技大學,01116002,數位學習與教育研究所,1,1,0,0,0,1,0,0,0,0,0,0,0,1,1,0,1,1,0
110,公立,技專校院,0022,國立臺灣科技大學,02122004,設計系,50,44,6,6,0,9,1,16,2,13,3,0,0,34,31,3,50,44,6
110,公立,技專校院,0022,國立臺灣科技大學,02311003,應用外語系,13,8,5,0,0,1,0,1,0,6,5,0,0,2,2,0,13,8,5
110,公立,技專校院,0022,國立臺灣科技大學,04121010,財務金融研究所,10,6,4,1,0,2,0,3,1,0,3,0,0,7,6,1,10,6,4
110,公立,技專校院,0022,國立臺灣科技大學,04131008,企業管理系,21,13,8,1,0,1,2,8,2,3,4,0,0,14,10,4,21,13,8
110,公立,技專校院,0022,國立臺灣科技大學,04191009,管理研究所,6,5,1,5,1,0,0,0,0,0,0,0,0,6,5,1,6,5,1
110,公立,技專校院,0022,國立臺灣科技大學,04191009,管理學士班,4,3,1,0,1,0,0,2,0,1,0,0,0,3,2,1,4,3,1
110,公立,技專校院,0022,國立臺灣科技大學,04199011,科技管理研究所,1,0,1,0,0,0,0,0,1,0,0,0,0,1,0,1,1,0,1
110,公立,技專校院,0022,國立臺灣科技大學,04212014,專利研究所,6,5,1,4,1,0,0,1,0,0,0,0,0,6,5,1,6,5,1
110,公立,技專校院,0022,國立臺灣科技大學,06131016,資訊管理系,3,1,2,0,1,1,1,0,0,0,0,0,0,3,1,2,3,1,2
110,公立,技專校院,0022,國立臺灣科技大學,06131020,資訊工程系,4,4,0,0,0,1,0,3,0,0,0,0,0,4,4,0,4,4,0
110,公立,技專校院,0022,國立臺灣科技大學,07111026,化學工程系,4,4,0,2,0,0,0,0,0,2,0,0,0,2,2,0,4,4,0
110,公立,技專校院,0022,國立臺灣科技大學,07141017,電機工程系,10,10,0,3,0,2,0,4,0,1,0,0,0,9,9,0,10,10,0
110,公立,技專校院,0022,國立臺灣科技大學,07141018,電子工程系,6,6,0,1,0,0,0,4,0,1,0,0,0,5,5,0,6,6,0
110,公立,技專校院,0022,國立臺灣科技大學,07141019,光電工程研究所,1,1,0,1,0,0,0,0,0,0,0,0,0,1,1,0,1,1,0
110,公立,技專校院,0022,國立臺灣科技大學,07141021,電資學士班,2,2,0,0,0,2,0,0,0,0,0,0,0,2,2,0,2,2,0
110,公立,技專校院,0022,國立臺灣科技大學,07151023,機械工程系,18,18,0,8,0,8,0,2,0,0,0,0,0,18,18,0,18,18,0
110,公立,技專校院,0022,國立臺灣科技大學,07191012,工業管理系,4,4,0,0,0,0,0,2,0,2,0,0,0,2,2,0,4,4,0
110,公立,技專校院,0022,國立臺灣科技大學,07199033,工程學士班,5,5,0,0,0,3,0,1,0,1,0,0,0,4,4,0,5,5,0
110,公立,技專校院,0022,國立臺灣科技大學,07199033,工程學院_大學部先進科技全英語外國學生專班,1,1,0,0,0,0,0,0,0,1,0,0,0,0,0,0,1,1,0
110,公立,技專校院,0022,國立臺灣科技大學,07199035,高階科技研發碩士學位學程,11,6,5,4,2,0,1,2,2,0,0,0,0,11,6,5,11,6,5
110,公立,技專校院,0022,國立臺灣科技大學,07311038,建築系,50,38,12,16,3,13,2,8,7,1,0,0,0,49,37,12,50,38,12
110,公立,技專校院,0022,國立臺灣科技大學,07321025,營建工程系,9,8,1,2,1,2,0,2,0,2,0,0,0,7,6,1,9,8,1
110,公立,技專校院,0022,國立臺灣科技大學,09171034,醫學工程研究所,3,2,1,0,0,1,0,1,0,0,1,0,0,2,2,0,3,2,1
110,公立,技專校院,0022,國立臺灣科技大學,99999Z01,人文社會學科,31,17,14,1,1,3,3,8,7,5,3,0,0,23,12,11,31,17,14
110,公立,技專校院,0022,國立臺灣科技大學,99999Z01,通識教育中心,35,20,15,4,1,4,2,6,4,6,8,0,0,21,14,7,35,20,15
110,公立,技專校院,0022,國立臺灣科技大學,99999Z05,師資培育中心,6,3,3,0,0,1,0,1,2,1,1,0,0,4,2,2,6,3,3
110,公立,技專校院,0022,國立臺灣科技大學,99999Z07,體育室,26,19,7,3,0,4,0,1,1,11,6,0,0,9,8,1,26,19,7
110,公立,技專校院,0022,國立臺灣科技大學,99999Z08,語言中心,35,4,31,0,0,1,1,0,4,3,26,0,0,6,1,5,35,4,31
110,公立,技專校院,0023,國立雲林科技大學,02112011,視覺傳達設計系,5,3,2,0,0,1,0,0,0,2,2,0,0,1,1,0,5,3,2
110,公立,技專校院,0023,國立雲林科技大學,02112013,數位媒體設計系,4,1,3,0,0,0,0,0,0,1,3,0,0,0,0,0,4,1,3
110,公立,技專校院,0023,國立雲林科技大學,02122007,設計學研究所,2,1,1,0,0,0,0,1,1,0,0,0,0,2,1,1,2,1,1
110,公立,技專校院,0023,國立雲林科技大學,02122009,創意生活設計系,12,8,4,0,0,1,0,1,0,6,4,0,0,2,2,0,12,8,4
110,公立,技專校院,0023,國立雲林科技大學,02123014,工業設計系,8,7,1,0,1,1,0,1,0,5,0,0,0,3,2,1,8,7,1
110,公立,技專校院,0023,國立雲林科技大學,02192002,文化資產維護系,7,6,1,1,0,0,0,0,1,5,0,0,0,2,1,1,7,6,1
110,公立,技專校院,0023,國立雲林科技大學,02311004,應用外語系,32,12,20,0,0,0,1,3,3,9,16,0,0,7,3,4,32,12,20
110,公立,技專校院,0023,國立雲林科技大學,02322003,漢學應用研究所,6,1,5,0,0,0,0,1,3,0,2,0,0,4,1,3,6,1,5
110,公立,技專校院,0023,國立雲林科技大學,04111018,會計系,2,2,0,0,0,0,0,0,0,2,0,0,0,0,0,0,2,2,0
110,公立,技專校院,0023,國立雲林科技大學,04121024,財務金融系,2,2,0,1,0,0,0,0,0,1,0,0,0,1,1,0,2,2,0
110,公立,技專校院,0023,國立雲林科技大學,04131019,企業管理系,14,12,2,1,1,1,1,6,0,4,0,0,0,10,8,2,14,12,2
110,公立,技專校院,0023,國立雲林科技大學,04131022,國際管理學士學位學程,1,0,1,0,0,0,0,0,1,0,0,0,0,1,0,1,1,0,1
110,公立,技專校院,0023,國立雲林科技大學,04131059,工商管理學士學位學程,8,5,3,0,0,0,0,2,3,3,0,0,0,5,2,3,8,5,3
110,公立,技專校院,0023,國立雲林科技大學,04212031,科技法律研究所,4,4,0,0,0,0,0,4,0,0,0,0,0,4,4,0,4,4,0
110,公立,技專校院,0023,國立雲林科技大學,06131032,資訊管理系,1,1,0,0,0,0,0,0,0,1,0,0,0,0,0,0,1,1,0
110,公立,技專校院,0023,國立雲林科技大學,07111045,化學工程與材料工程系,2,2,0,2,0,0,0,0,0,0,0,0,0,2,2,0,2,2,0
110,公立,技專校院,0023,國立雲林科技大學,07112047,材料科技研究所,3,3,0,1,0,1,0,1,0,0,0,0,0,3,3,0,3,3,0
110,公立,技專校院,0023,國立雲林科技大學,07121049,環境與安全衛生工程系,1,1,0,0,0,1,0,0,0,0,0,0,0,1,1,0,1,1,0
110,公立,技專校院,0023,國立雲林科技大學,07141033,電機工程系,3,3,0,1,0,1,0,1,0,0,0,0,0,3,3,0,3,3,0
110,公立,技專校院,0023,國立雲林科技大學,07141034,電子工程系,4,3,1,0,0,0,0,1,0,2,1,0,0,1,1,0,4,3,1
110,公立,技專校院,0023,國立雲林科技大學,07141037,資訊工程系,2,2,0,0,0,0,0,2,0,0,0,0,0,2,2,0,2,2,0
110,公立,技專校院,0023,國立雲林科技大學,07151041,機械工程系,4,4,0,1,0,2,0,1,0,0,0,0,0,4,4,0,4,4,0
110,公立,技專校院,0023,國立雲林科技大學,07191048,工業工程與管理系,3,3,0,1,0,0,0,1,0,1,0,0,0,2,2,0,3,3,0
110,公立,技專校院,0023,國立雲林科技大學,07194063,產業科技學士學位學程,2,1,1,0,0,0,0,1,1,0,0,0,0,2,1,1,2,1,1
110,公立,技專校院,0023,國立雲林科技大學,07199062,智慧機器人學士學位學程,1,1,0,0,0,0,0,0,0,1,0,0,0,0,0,0,1,1,0
110,公立,技專校院,0023,國立雲林科技大學,07311016,建築與室內設計系,11,7,4,0,0,0,0,1,0,6,4,0,0,1,1,0,11,7,4
110,公立,技專校院,0023,國立雲林科技大學,07321043,營建工程系,3,3,0,1,0,0,0,2,0,0,0,0,0,3,3,0,3,3,0
110,公立,技專校院,0023,國立雲林科技大學,10152053,休閒運動研究所,18,15,3,0,0,1,0,1,0,13,3,0,0,2,2,0,18,15,3
110,公立,技專校院,0023,國立雲林科技大學,99999Z01,通識教育中心,34,19,15,2,0,2,1,12,3,3,11,0,0,20,16,4,34,19,15
110,公立,技專校院,0023,國立雲林科技大學,99999Z05,師資培育中心,1,0,1,0,0,0,0,0,0,0,1,0,0,0,0,0,1,0,1
110,公立,技專校院,0024,國立屏東科技大學,01118001,技術及職業教育研究所,1,1,0,0,0,0,0,1,0,0,0,0,0,1,1,0,1,1,0
110,公立,技專校院,0024,國立屏東科技大學,02125003,時尚設計與管理系,1,0,1,0,0,0,0,0,0,0,1,0,0,0,0,0,1,0,1
110,公立,技專校院,0024,國立屏東科技大學,02299Y13,人文暨社會科學院,10,3,7,0,0,0,0,0,1,3,6,0,0,1,0,1,10,3,7
110,公立,技專校院,0024,國立屏東科技大學,03143004,客家文化產業研究所,1,1,0,0,0,0,0,1,0,0,0,0,0,1,1,0,1,1,0
110,公立,技專校院,0024,國立屏東科技大學,04131005,企業管理系,2,2,0,0,0,1,0,1,0,0,0,0,0,2,2,0,2,2,0
110,公立,技專校院,0024,國立屏東科技大學,04199009,工業管理系,5,3,2,0,0,0,1,1,0,2,1,0,0,2,1,1,5,3,2
110,公立,技專校院,0024,國立屏東科技大學,05121015,生物科技系,5,4,1,1,0,0,0,2,0,1,1,0,0,3,3,0,5,4,1
110,公立,技專校院,0024,國立屏東科技大學,05121050,動物用疫苗國際學位專班,2,1,1,0,0,0,0,1,1,0,0,0,0,2,1,1,2,1,1
110,公立,技專校院,0024,國立屏東科技大學,05292040,水土保持系,5,5,0,0,0,1,0,4,0,0,0,0,0,5,5,0,5,5,0
110,公立,技專校院,0024,國立屏東科技大學,06131017,資訊管理系,6,4,2,0,0,1,0,1,2,2,0,0,0,4,2,2,6,4,2
110,公立,技專校院,0024,國立屏東科技大學,07112065,先進材料學士學位學程,4,4,0,0,0,0,0,2,0,2,0,0,0,2,2,0,4,4,0
110,公立,技專校院,0024,國立屏東科技大學,07121025,環境工程與科學系,2,1,1,0,0,0,1,1,0,0,0,0,0,2,1,1,2,1,1
110,公立,技專校院,0024,國立屏東科技大學,07151018,機械工程系,4,4,0,0,0,0,0,0,0,4,0,0,0,0,0,0,4,4,0
110,公立,技專校院,0024,國立屏東科技大學,07151020,生物機電工程系,8,7,1,1,0,1,0,2,0,3,1,0,0,4,4,0,8,7,1
110,公立,技專校院,0024,國立屏東科技大學,07161019,車輛工程系,6,6,0,0,0,0,0,0,0,6,0,0,0,0,0,0,6,6,0
110,公立,技專校院,0024,國立屏東科技大學,07211037,食品科學系,4,4,0,1,0,0,0,2,0,1,0,0,0,3,3,0,4,4,0
110,公立,技專校院,0024,國立屏東科技大學,07211039,食品生技碩士學位學程在職專班,1,1,0,1,0,0,0,0,0,0,0,0,0,1,1,0,1,1,0
110,公立,技專校院,0024,國立屏東科技大學,07321021,土木工程系,3,3,0,0,0,0,0,2,0,1,0,0,0,2,2,0,3,3,0
110,公立,技專校院,0024,國立屏東科技大學,07321023,環境資源與防災學位學程,8,8,0,0,0,0,0,2,0,6,0,0,0,2,2,0,8,8,0
110,公立,技專校院,0024,國立屏東科技大學,08111029,農園生產系,5,5,0,3,0,0,0,1,0,1,0,0,0,4,4,0,5,5,0
110,公立,技專校院,0024,國立屏東科技大學,08112032,動物科學與畜產系,3,2,1,0,0,0,0,0,1,2,0,0,0,1,0,1,3,2,1
110,公立,技專校院,0024,國立屏東科技大學,08199030,熱帶農業暨國際合作系,3,3,0,2,0,0,0,1,0,0,0,0,0,3,3,0,3,3,0
110,公立,技專校院,0024,國立屏東科技大學,08199067,科技農業學士學位學程,3,2,1,0,0,1,0,0,1,1,0,0,0,2,1,1,3,2,1
110,公立,技專校院,0024,國立屏東科技大學,08199Y41,農學院,1,1,0,0,0,0,0,0,0,1,0,0,0,0,0,0,1,1,0
110,公立,技專校院,0024,國立屏東科技大學,08211041,森林系,2,2,0,1,0,0,0,1,0,0,0,0,0,2,2,0,2,2,0
110,公立,技專校院,0024,國立屏東科技大學,08211043,木材科學與設計系,6,6,0,1,0,1,0,2,0,2,0,0,0,4,4,0,6,6,0
110,公立,技專校院,0024,國立屏東科技大學,08312046,水產養殖系,1,1,0,1,0,0,0,0,0,0,0,0,0,1,1,0,1,1,0
110,公立,技專校院,0024,國立屏東科技大學,08312068,觀賞魚科技及水生動物健康國際學位專班,3,3,0,2,0,0,0,1,0,0,0,0,0,3,3,0,3,3,0
110,公立,技專校院,0024,國立屏東科技大學,08411048,獸醫學系,6,5,1,1,0,1,0,1,1,2,0,0,0,4,3,1,6,5,1
110,公立,技專校院,0024,國立屏東科技大學,08411Y76,獸醫學院,1,1,0,1,0,0,0,0,0,0,0,0,0,1,1,0,1,1,0
110,公立,技專校院,0024,國立屏東科技大學,09221052,幼兒保育系,1,1,0,0,0,0,0,1,0,0,0,0,0,1,1,0,1,1,0
110,公立,技專校院,0024,國立屏東科技大學,09231051,社會工作系,6,1,5,0,0,0,0,0,0,1,5,0,0,0,0,0,6,1,5
110,公立,技專校院,0024,國立屏東科技大學,10131054,餐旅管理系,3,1,2,0,0,0,0,0,0,1,2,0,0,0,0,0,3,1,2
110,公立,技專校院,0024,國立屏東科技大學,10152057,休閒運動健康系,6,4,2,0,0,0,0,0,0,4,2,0,0,0,0,0,6,4,2
110,公立,技專校院,0024,國立屏東科技大學,99999Y94,達人學院,5,3,2,0,0,0,0,0,0,3,2,0,0,0,0,0,5,3,2
110,公立,技專校院,0024,國立屏東科技大學,99999Z01,通識(教育)中心,31,21,10,2,0,2,1,12,5,5,4,0,0,22,16,6,31,21,10
110,公立,技專校院,0024,國立屏東科技大學,99999Z05,師資培育中心,5,4,1,0,0,0,0,0,0,4,1,0,0,0,0,0,5,4,1
110,公立,技專校院,0024,國立屏東科技大學,99999Z07,體育室,14,13,1,0,0,0,0,1,0,12,1,0,0,1,1,0,14,13,1
110,公立,技專校院,0024,國立屏東科技大學,99999Z08,語言中心,25,14,11,0,0,0,0,1,0,13,11,0,0,1,1,0,25,14,11
110,公立,技專校院,0025,國立臺北科技大學,01118001,技術及職業教育研究所,4,3,1,2,1,1,0,0,0,0,0,0,0,4,3,1,4,3,1
110,公立,技專校院,0025,國立臺北科技大學,02112007,互動設計系,24,20,4,2,0,0,0,4,0,14,4,0,0,6,6,0,24,20,4
110,公立,技專校院,0025,國立臺北科技大學,02122004,創意設計學士班,6,5,1,0,0,1,0,0,0,4,1,0,0,1,1,0,6,5,1
110,公立,技專校院,0025,國立臺北科技大學,02123009,工業設計系,39,30,9,1,0,5,0,4,2,20,7,0,0,12,10,2,39,30,9
110,公立,技專校院,0025,國立臺北科技大學,02299018,文化事業發展系,4,3,1,0,0,1,0,0,0,2,1,0,0,1,1,0,4,3,1
110,公立,技專校院,0025,國立臺北科技大學,02311002,應用英語(文)系,36,15,21,0,0,1,1,3,5,11,15,0,0,10,4,6,36,15,21
110,公立,技專校院,0025,國立臺北科技大學,04131011,經營管理系,11,7,4,1,0,2,1,4,1,0,2,0,0,9,7,2,11,7,4
110,公立,技專校院,0025,國立臺北科技大學,04131011,管理學院_經營管理EMBA泰國境外專班,1,1,0,0,0,1,0,0,0,0,0,0,0,1,1,0,1,1,0
110,公立,技專校院,0025,國立臺北科技大學,04131011,管理學院經營管理EMBA專班,3,3,0,2,0,0,0,1,0,0,0,0,0,3,3,0,3,3,0
110,公立,技專校院,0025,國立臺北科技大學,04199021,管理學院_外國學生專班IMBA專班,3,1,2,0,0,0,0,1,2,0,0,0,0,3,1,2,3,1,2
110,公立,技專校院,0025,國立臺北科技大學,04199021,管理學院_蘇州大學EMBA碩士在職專班,1,1,0,0,0,1,0,0,0,0,0,0,0,1,1,0,1,1,0
110,公立,技專校院,0025,國立臺北科技大學,04199Y31,管理學院,1,1,0,0,0,0,0,1,0,0,0,0,0,1,1,0,1,1,0
110,公立,技專校院,0025,國立臺北科技大學,04212024,智慧財產權研究所,7,4,3,1,1,0,1,2,1,1,0,0,0,6,3,3,7,4,3
110,公立,技專校院,0025,國立臺北科技大學,06131016,資訊與財金管理系,17,13,4,0,2,3,1,4,0,6,1,0,0,10,7,3,17,13,4
110,公立,技專校院,0025,國立臺北科技大學,06131016,管理學院資訊與財金管理EMBA專班,3,3,0,1,0,2,0,0,0,0,0,0,0,3,3,0,3,3,0
110,公立,技專校院,0025,國立臺北科技大學,06131034,資訊工程系,4,4,0,2,0,1,0,1,0,0,0,0,0,4,4,0,4,4,0
110,公立,技專校院,0025,國立臺北科技大學,07111048,化學工程與生物科技系,5,5,0,1,0,4,0,0,0,0,0,0,0,5,5,0,5,5,0
110,公立,技專校院,0025,國立臺北科技大學,07111053,分子科學與工程系,3,3,0,0,0,3,0,0,0,0,0,0,0,3,3,0,3,3,0
110,公立,技專校院,0025,國立臺北科技大學,07112057,材料科學與工程研究所,2,2,0,1,0,1,0,0,0,0,0,0,0,2,2,0,2,2,0
110,公立,技專校院,0025,國立臺北科技大學,07112058,材料及資源工程系,2,2,0,0,0,1,0,1,0,0,0,0,0,2,2,0,2,2,0
110,公立,技專校院,0025,國立臺北科技大學,07112059,資源工程研究所,1,1,0,1,0,0,0,0,0,0,0,0,0,1,1,0,1,1,0
110,公立,技專校院,0025,國立臺北科技大學,07121063,環境工程與管理研究所,4,3,1,1,0,0,0,2,1,0,0,0,0,4,3,1,4,3,1
110,公立,技專校院,0025,國立臺北科技大學,07132068,能源與冷凍空調工程系,24,21,3,1,0,0,0,15,2,5,1,0,0,18,16,2,24,21,3
110,公立,技專校院,0025,國立臺北科技大學,07141025,電機工程系,17,14,3,3,0,5,1,6,2,0,0,0,0,17,14,3,17,14,3
110,公立,技專校院,0025,國立臺北科技大學,07141028,電子工程系,16,15,1,4,0,2,0,6,0,3,1,0,0,12,12,0,16,15,1
110,公立,技專校院,0025,國立臺北科技大學,07141032,光電工程系,11,10,1,1,0,2,1,7,0,0,0,0,0,11,10,1,11,10,1
110,公立,技專校院,0025,國立臺北科技大學,07151037,機械工程系,19,17,2,3,0,6,1,6,1,2,0,0,0,17,15,2,19,17,2
110,公立,技專校院,0025,國立臺北科技大學,07151043,製造科技研究所,2,1,1,1,0,0,0,0,1,0,0,0,0,2,1,1,2,1,1
110,公立,技專校院,0025,國立臺北科技大學,07151073,智慧自動化工程科,7,7,0,1,0,3,0,0,0,3,0,0,0,4,4,0,7,7,0
110,公立,技專校院,0025,國立臺北科技大學,07161042,車輛工程系,8,8,0,1,0,2,0,2,0,3,0,0,0,5,5,0,8,8,0
110,公立,技專校院,0025,國立臺北科技大學,07191022,工業工程與管理系,14,12,2,2,1,2,1,6,0,2,0,0,0,12,10,2,14,12,2
110,公立,技專校院,0025,國立臺北科技大學,07191022,管理學院_工業工程與管理EMBA東莞境外專班,3,3,0,0,0,3,0,0,0,0,0,0,0,3,3,0,3,3,0
110,公立,技專校院,0025,國立臺北科技大學,07191074,管理學院工業與科技管理EMBA專班,1,0,1,0,0,0,0,0,1,0,0,0,0,1,0,1,1,0,1
110,公立,技專校院,0025,國立臺北科技大學,07311071,建築系,42,32,10,2,0,0,1,12,1,18,8,0,0,16,14,2,42,32,10
110,公立,技專校院,0025,國立臺北科技大學,07321045,土木工程系,7,7,0,1,0,3,0,2,0,1,0,0,0,6,6,0,7,7,0
110,公立,技專校院,0025,國立臺北科技大學,99999Z01,通識教育中心,82,40,42,1,1,4,7,20,18,15,16,0,0,51,25,26,82,40,42
110,公立,技專校院,0025,國立臺北科技大學,99999Z05,師資培育中心,2,1,1,0,0,0,0,0,0,1,1,0,0,0,0,0,2,1,1
110,公立,技專校院,0025,國立臺北科技大學,99999Z07,體育室,27,21,6,4,0,2,1,2,1,13,4,0,0,10,8,2,27,21,6
110,公立,一般大學,0028,國立臺北藝術大學,02111018,電影創作學系,22,12,10,1,1,0,0,8,6,3,3,0,0,16,9,7,22,12,10
110,公立,一般大學,0028,國立臺北藝術大學,02111019,動畫學系,7,5,2,0,0,0,0,2,0,3,2,0,0,2,2,0,7,5,2
110,公立,一般大學,0028,國立臺北藝術大學,02131003,美術學系,37,31,6,4,0,3,0,9,2,15,4,0,0,18,16,2,37,31,6
110,公立,一般大學,0028,國立臺北藝術大學,02131020,藝術跨域研究所,3,3,0,0,0,0,0,3,0,0,0,0,0,3,3,0,3,3,0
110,公立,一般大學,0028,國立臺北藝術大學,02151005,音樂學系,79,38,41,9,6,15,12,7,12,7,11,0,0,61,31,30,79,38,41
110,公立,一般大學,0028,國立臺北藝術大學,02151005,音樂學研究所,2,0,2,0,2,0,0,0,0,0,0,0,0,2,0,2,2,0,2
110,公立,一般大學,0028,國立臺北藝術大學,02151006,傳統音樂學系,21,7,14,2,3,0,1,3,4,2,6,0,0,13,5,8,21,7,14
110,公立,一般大學,0028,國立臺北藝術大學,02151007,管絃與擊樂研究所,5,3,2,2,1,0,0,1,1,0,0,0,0,5,3,2,5,3,2
110,公立,一般大學,0028,國立臺北藝術大學,02151032,音樂與影像跨域學士學位學程,7,5,2,0,0,2,0,2,0,1,2,0,0,4,4,0,7,5,2
110,公立,一般大學,0028,國立臺北藝術大學,02152008,戲劇學系,33,14,19,1,0,2,2,3,6,8,11,0,0,14,6,8,33,14,19
110,公立,一般大學,0028,國立臺北藝術大學,02152010,劇場藝術創作研究所,6,3,3,1,1,0,0,2,2,0,0,0,0,6,3,3,6,3,3
110,公立,一般大學,0028,國立臺北藝術大學,02152011,劇場設計學系,18,10,8,0,0,1,0,1,1,8,7,0,0,3,2,1,18,10,8
110,公立,一般大學,0028,國立臺北藝術大學,02152013,舞蹈學系,42,16,26,0,3,2,1,7,4,7,18,0,0,17,9,8,42,16,26
110,公立,一般大學,0028,國立臺北藝術大學,02191001,藝術與人文教育研究所,2,2,0,0,0,1,0,1,0,0,0,0,0,2,2,0,2,2,0
110,公立,一般大學,0028,國立臺北藝術大學,02191021,文化資源學院文化資產與藝術創新博士班,3,3,0,2,0,0,0,1,0,0,0,0,0,3,3,0,3,3,0
110,公立,一般大學,0028,國立臺北藝術大學,02191023,新媒體藝術學系,14,11,3,0,2,0,0,1,0,10,1,0,0,3,1,2,14,11,3
110,公立,一般大學,0028,國立臺北藝術大學,02191028,博物館研究所,3,2,1,1,0,1,0,0,1,0,0,0,0,3,2,1,3,2,1
110,公立,一般大學,0028,國立臺北藝術大學,02192025,藝術行政與管理研究所,3,3,0,1,0,1,0,1,0,0,0,0,0,3,3,0,3,3,0
110,公立,一般大學,0028,國立臺北藝術大學,02199031,文學跨域創作研究所,2,2,0,0,0,1,0,1,0,0,0,0,0,2,2,0,2,2,0
110,公立,一般大學,0028,國立臺北藝術大學,07311030,建築與文化資產研究所,2,2,0,2,0,0,0,0,0,0,0,0,0,2,2,0,2,2,0
110,公立,一般大學,0028,國立臺北藝術大學,99999Z01,通識教育中心,42,24,18,2,0,0,0,5,9,17,9,0,0,16,7,9,42,24,18
110,公立,一般大學,0028,國立臺北藝術大學,99999Z05,師資培育中心,7,2,5,0,0,0,0,1,0,1,5,0,0,1,1,0,7,2,5
110,公立,一般大學,0028,國立臺北藝術大學,99999Z07,體育中心,5,3,2,1,0,1,0,0,1,1,1,0,0,3,2,1,5,3,2
110,公立,一般大學,0029,國立臺灣藝術大學,02111015,電影學系,20,15,5,0,0,2,0,3,3,10,2,0,0,8,5,3,20,15,5
110,公立,一般大學,0029,國立臺灣藝術大學,02111032,影音創作與數位媒體產業研究所,3,2,1,0,0,1,0,1,1,0,0,0,0,3,2,1,3,2,1
110,公立,一般大學,0029,國立臺灣藝術大學,02112023,多媒體動畫藝術學系,8,5,3,0,0,0,0,0,1,5,2,0,0,1,0,1,8,5,3
110,公立,一般大學,0029,國立臺灣藝術大學,02112028,視覺傳達設計學系,23,19,4,1,0,2,3,0,0,16,1,0,0,6,3,3,23,19,4
110,公立,一般大學,0029,國立臺灣藝術大學,02131003,美術學系,27,17,10,1,0,4,0,4,7,8,3,0,0,16,9,7,27,17,10
110,公立,一般大學,0029,國立臺灣藝術大學,02131005,書畫藝術學系,27,19,8,0,1,2,1,10,2,7,4,0,0,16,12,4,27,19,8
110,公立,一般大學,0029,國立臺灣藝術大學,02132006,雕塑學系,10,7,3,0,0,0,1,1,1,6,1,0,0,3,1,2,10,7,3
110,公立,一般大學,0029,國立臺灣藝術大學,02141007,工藝設計學系,35,22,13,3,0,2,0,5,2,12,11,0,0,12,10,2,35,22,13
110,公立,一般大學,0029,國立臺灣藝術大學,02151010,音樂學系,139,52,87,7,1,4,18,18,35,23,33,0,0,83,29,54,139,52,87
110,公立,一般大學,0029,國立臺灣藝術大學,02151011,中國音樂學系,88,24,64,1,1,2,4,8,22,13,37,0,0,38,11,27,88,24,64
110,公立,一般大學,0029,國立臺灣藝術大學,02152012,戲劇學系,28,20,8,0,0,2,0,2,3,16,5,0,0,7,4,3,28,20,8
110,公立,一般大學,0029,國立臺灣藝術大學,02152014,舞蹈學系,20,2,18,0,3,0,1,1,2,1,12,0,0,7,1,6,20,2,18
110,公立,一般大學,0029,國立臺灣藝術大學,02152035,跨域表演藝術研究所,3,1,2,0,1,0,0,1,1,0,0,0,0,3,1,2,3,1,2
110,公立,一般大學,0029,國立臺灣藝術大學,02191001,藝術與人文教學研究所,1,1,0,0,0,0,0,1,0,0,0,0,0,1,1,0,1,1,0
110,公立,一般大學,0029,國立臺灣藝術大學,02191017,古蹟藝術修護學系,4,4,0,1,0,0,0,1,0,2,0,0,0,2,2,0,4,4,0
110,公立,一般大學,0029,國立臺灣藝術大學,02192026,藝術管理與文化政策研究所,2,2,0,1,0,0,0,1,0,0,0,0,0,2,2,0,2,2,0
110,公立,一般大學,0029,國立臺灣藝術大學,02199030,圖文傳播藝術學系,24,18,6,0,1,1,0,4,2,13,3,0,0,8,5,3,24,18,6
110,公立,一般大學,0029,國立臺灣藝術大學,02199Y04,表演藝術學院,4,1,3,0,0,0,0,0,1,1,2,0,0,1,0,1,4,1,3
110,公立,一般大學,0029,國立臺灣藝術大學,02199Y05,美術學院,2,1,1,0,0,0,0,0,0,1,1,0,0,0,0,0,2,1,1
110,公立,一般大學,0029,國立臺灣藝術大學,02199Y10,設計學院,1,0,1,0,0,0,0,0,0,0,1,0,0,0,0,0,1,0,1
110,公立,一般大學,0029,國立臺灣藝術大學,02299Y14,人文學院,1,1,0,0,0,1,0,0,0,0,0,0,0,1,1,0,1,1,0
110,公立,一般大學,0029,國立臺灣藝術大學,03213029,廣播電視學系,27,18,9,1,0,2,0,1,2,14,7,0,0,6,4,2,27,18,9
110,公立,一般大學,0029,國立臺灣藝術大學,03299Y22,傳播學院,4,3,1,1,0,1,0,1,1,0,0,0,0,4,3,1,4,3,1
110,公立,一般大學,0029,國立臺灣藝術大學,99999Z01,通識教育中心,78,52,26,1,1,3,1,25,8,23,16,0,0,39,29,10,78,52,26
110,公立,一般大學,0029,國立臺灣藝術大學,99999Z05,師資培育中心,16,10,6,0,0,0,0,5,4,5,2,0,0,9,5,4,16,10,6
110,公立,一般大學,0029,國立臺灣藝術大學,99999Z07,體育室,13,9,4,0,0,1,0,5,1,3,3,0,0,7,6,1,13,9,4
110,公立,一般大學,0030,國立臺東大學,01111001,教育學系,6,5,1,0,0,0,0,4,0,1,1,0,0,4,4,0,6,5,1
110,公立,一般大學,0030,國立臺東大學,01113008,特殊教育學系,1,0,1,0,0,0,0,0,0,0,1,0,0,0,0,0,1,0,1
110,公立,一般大學,0030,國立臺東大學,01121007,幼兒教育學系,9,2,7,0,0,0,0,1,2,1,5,0,0,3,1,2,9,2,7
110,公立,一般大學,0030,國立臺東大學,01141006,體育學系,3,2,1,0,0,0,0,0,0,2,1,0,0,0,0,0,3,2,1
110,公立,一般大學,0030,國立臺東大學,02131009,美術產業學系,8,3,5,1,0,0,0,0,2,2,3,0,0,3,1,2,8,3,5
110,公立,一般大學,0030,國立臺東大學,02151011,音樂學系,30,11,19,1,0,0,0,2,10,8,9,0,0,13,3,10,30,11,19
110,公立,一般大學,0030,國立臺東大學,02311015,英美語文學系,3,2,1,0,0,1,0,0,0,1,1,0,0,1,1,0,3,2,1
110,公立,一般大學,0030,國立臺東大學,02323013,華語文學系,1,1,0,0,0,0,0,0,0,1,0,0,0,0,0,0,1,1,0
110,公立,一般大學,0030,國立臺東大學,02399016,兒童文學研究所,1,1,0,1,0,0,0,0,0,0,0,0,0,1,1,0,1,1,0
110,公立,一般大學,0030,國立臺東大學,03199017,公共與文化事務學系,6,3,3,0,0,0,0,2,1,1,2,0,0,3,2,1,6,3,3
110,公立,一般大學,0030,國立臺東大學,05399021,應用科學系,3,3,0,0,0,0,0,1,0,2,0,0,0,1,1,0,3,3,0
110,公立,一般大學,0030,國立臺東大學,05411024,應用數學系,2,2,0,0,0,1,0,1,0,0,0,0,0,2,2,0,2,2,0
110,公立,一般大學,0030,國立臺東大學,06131028,資訊管理學系,6,3,3,1,0,0,0,0,0,2,3,0,0,1,1,0,6,3,3
110,公立,一般大學,0030,國立臺東大學,07211042,食品生物技術應用二年制在職學位學程,4,2,2,0,0,0,0,0,1,2,1,0,0,1,0,1,4,2,2
110,公立,一般大學,0030,國立臺東大學,09121041,生物醫學碩士學位學程,4,4,0,0,0,0,0,4,0,0,0,0,0,4,4,0,4,4,0
110,公立,一般大學,0030,國立臺東大學,10141034,運動競技學士學位學程,7,4,3,0,0,0,0,0,0,4,3,0,0,0,0,0,7,4,3
110,公立,一般大學,0030,國立臺東大學,10151031,文化資源與休閒產業學系,9,6,3,0,0,0,0,2,0,4,3,0,0,2,2,0,9,6,3
110,公立,一般大學,0030,國立臺東大學,10152035,身心整合與運動休閒產業學系,2,1,1,0,0,0,0,0,0,1,1,0,0,0,0,0,2,1,1
110,公立,一般大學,0030,國立臺東大學,99999Y44,師範學院,1,0,1,0,0,0,0,0,1,0,0,0,0,1,0,1,1,0,1
110,公立,一般大學,0030,國立臺東大學,99999Z01,通識教育中心,21,12,9,1,0,2,0,3,2,6,7,0,0,8,6,2,21,12,9
110,公立,一般大學,0030,國立臺東大學,99999Z05,師資培育中心,13,9,4,0,0,1,0,2,1,6,3,0,0,4,3,1,13,9,4
110,公立,一般大學,0031,國立宜蘭大學,02311001,外國語文學系,18,4,14,0,0,0,1,1,2,3,11,0,0,4,1,3,18,4,14
110,公立,一般大學,0031,國立宜蘭大學,03111007,應用經濟與管理學系,9,3,6,0,0,1,1,1,1,1,4,0,0,4,2,2,9,3,6
110,公立,一般大學,0031,國立宜蘭大學,04199006,人文及管理學院高階經營管理碩士在職專班,1,1,0,0,0,1,0,0,0,0,0,0,0,1,1,0,1,1,0
110,公立,一般大學,0031,國立宜蘭大學,07121024,環境工程學系,6,6,0,1,0,2,0,2,0,1,0,0,0,5,5,0,6,6,0
110,公立,一般大學,0031,國立宜蘭大學,07141011,電機工程學系,2,2,0,0,0,2,0,0,0,0,0,0,0,2,2,0,2,2,0
110,公立,一般大學,0031,國立宜蘭大學,07141012,電子工程學系,3,3,0,1,0,0,0,2,0,0,0,0,0,3,3,0,3,3,0
110,公立,一般大學,0031,國立宜蘭大學,07141013,資訊工程學系,1,1,0,0,0,0,0,1,0,0,0,0,0,1,1,0,1,1,0
110,公立,一般大學,0031,國立宜蘭大學,07151017,機械與機電工程學系,2,2,0,1,0,0,0,0,0,1,0,0,0,1,1,0,2,2,0
110,公立,一般大學,0031,國立宜蘭大學,07151019,生物機電工程學系,3,2,1,0,0,1,1,0,0,1,0,0,0,2,1,1,3,2,1
110,公立,一般大學,0031,國立宜蘭大學,07194025,綠色科技學程碩士在職專班,1,1,0,0,0,1,0,0,0,0,0,0,0,1,1,0,1,1,0
110,公立,一般大學,0031,國立宜蘭大學,07211033,食品科學系,4,3,1,0,1,2,0,1,0,0,0,0,0,4,3,1,4,3,1
110,公立,一般大學,0031,國立宜蘭大學,07311027,建築與永續規劃研究所,3,2,1,1,0,0,1,1,0,0,0,0,0,3,2,1,3,2,1
110,公立,一般大學,0031,國立宜蘭大學,07321021,土木工程學系,5,5,0,0,0,0,0,4,0,1,0,0,0,4,4,0,5,5,0
110,公立,一般大學,0031,國立宜蘭大學,07321021,土木工程學系原住民專班,6,6,0,0,0,1,0,4,0,1,0,0,0,5,5,0,6,6,0
110,公立,一般大學,0031,國立宜蘭大學,08112030,生物技術與動物科學系,8,7,1,3,0,1,0,2,1,1,0,0,0,7,6,1,8,7,1
110,公立,一般大學,0031,國立宜蘭大學,08121031,園藝學系,3,0,3,0,0,0,0,0,2,0,1,0,0,2,0,2,3,0,3
110,公立,一般大學,0031,國立宜蘭大學,08193040,智慧休閒農業進修學士學位學程,1,1,0,0,0,0,0,0,0,1,0,0,0,0,0,0,1,1,0
110,公立,一般大學,0031,國立宜蘭大學,08199037,生物資源學院原住民專班,2,2,0,0,0,0,0,1,0,1,0,0,0,1,1,0,2,2,0
110,公立,一般大學,0031,國立宜蘭大學,08199037,生物資源學院碩士在職專班,1,1,0,0,0,1,0,0,0,0,0,0,0,1,1,0,1,1,0
110,公立,一般大學,0031,國立宜蘭大學,08211036,森林暨自然資源學系,5,3,2,1,0,0,1,1,0,1,1,0,0,3,2,1,5,3,2
110,公立,一般大學,0031,國立宜蘭大學,10152038,休閒產業與健康促進學系,17,10,7,2,0,1,1,4,3,3,3,0,0,11,7,4,17,10,7
110,公立,一般大學,0031,國立宜蘭大學,99999Z01,通識教育中心,32,19,13,2,1,1,3,13,5,3,4,0,0,25,16,9,32,19,13
110,公立,一般大學,0031,國立宜蘭大學,99999Z99,運動教育中心,3,3,0,0,0,0,0,0,0,3,0,0,0,0,0,0,3,3,0
110,公立,一般大學,0032,國立聯合大學,02122005,文化創意與數位行銷學系,14,10,4,0,0,0,0,3,1,7,3,0,0,4,3,1,14,10,4
110,公立,一般大學,0032,國立聯合大學,02123006,工業設計學系,10,9,1,0,0,1,0,4,0,4,1,0,0,5,5,0,10,9,1
110,公立,一般大學,0032,國立聯合大學,02123044,原住民學士學位學程專班,6,3,3,0,0,0,0,0,0,3,3,0,0,0,0,0,6,3,3
110,公立,一般大學,0032,國立聯合大學,02321001,臺灣語文與傳播學系,8,6,2,0,0,0,0,2,2,4,0,0,0,4,2,2,8,6,2
110,公立,一般大學,0032,國立聯合大學,02323002,華語文學系,13,6,7,0,0,0,0,6,2,0,5,0,0,8,6,2,13,6,7
110,公立,一般大學,0032,國立聯合大學,04121014,財務金融學系,8,6,2,0,0,1,0,4,1,1,1,0,0,6,5,1,8,6,2
110,公立,一般大學,0032,國立聯合大學,04131011,經營管理學系,10,7,3,1,0,1,0,3,2,2,1,0,0,7,5,2,10,7,3
110,公立,一般大學,0032,國立聯合大學,06131016,資訊管理學系,2,2,0,0,0,0,0,1,0,1,0,0,0,1,1,0,2,2,0
110,公立,一般大學,0032,國立聯合大學,06131020,資訊工程學系,5,4,1,0,0,0,0,2,1,2,0,0,0,3,2,1,5,4,1
110,公立,一般大學,0032,國立聯合大學,07111028,化學工程學系,2,2,0,0,0,1,0,1,0,0,0,0,0,2,2,0,2,2,0
110,公立,一般大學,0032,國立聯合大學,07111043,工程科技轉譯醫學國際碩士學位學程,2,2,0,2,0,0,0,0,0,0,0,0,0,2,2,0,2,2,0
110,公立,一般大學,0032,國立聯合大學,07112029,材料科學工程學系,1,1,0,0,0,0,0,1,0,0,0,0,0,1,1,0,1,1,0
110,公立,一般大學,0032,國立聯合大學,07121034,環境與安全衛生工程學系,3,2,1,0,1,0,0,2,0,0,0,0,0,3,2,1,3,2,1
110,公立,一般大學,0032,國立聯合大學,07132035,能源工程學系,1,0,1,0,0,0,0,0,1,0,0,0,0,1,0,1,1,0,1
110,公立,一般大學,0032,國立聯合大學,07141017,電機工程學系,7,7,0,0,0,1,0,6,0,0,0,0,0,7,7,0,7,7,0
110,公立,一般大學,0032,國立聯合大學,07141018,電子工程學系,3,3,0,1,0,2,0,0,0,0,0,0,0,3,3,0,3,3,0
110,公立,一般大學,0032,國立聯合大學,07141019,光電工程學系,4,3,1,2,0,1,0,0,0,0,1,0,0,3,3,0,4,3,1
110,公立,一般大學,0032,國立聯合大學,07151025,機械工程學系,7,7,0,1,0,4,0,1,0,1,0,0,0,6,6,0,7,7,0
110,公立,一般大學,0032,國立聯合大學,07311040,建築學系,16,15,1,1,0,0,0,3,0,11,1,0,0,4,4,0,16,15,1
110,公立,一般大學,0032,國立聯合大學,07321027,土木與防災工程學系,11,9,2,0,0,0,0,4,1,5,1,0,0,5,4,1,11,9,2
110,公立,一般大學,0032,國立聯合大學,10151042,文化觀光產業學系,15,8,7,1,0,1,0,1,3,5,4,0,0,6,3,3,15,8,7
110,公立,一般大學,0032,國立聯合大學,99999Z01,通識教育中心,61,44,17,2,0,3,1,17,9,22,7,0,0,32,22,10,61,44,17
110,公立,一般大學,0032,國立聯合大學,99999Z08,語文中心,16,10,6,0,0,0,0,2,2,8,4,0,0,4,2,2,16,10,6
110,公立,技專校院,0033,國立虎尾科技大學,02112002,多媒體設計系,8,3,5,0,0,0,0,0,0,3,5,0,0,0,0,0,8,3,5
110,公立,技專校院,0033,國立虎尾科技大學,02311001,應用外語系,10,6,4,0,0,1,1,0,0,5,3,0,0,2,1,1,10,6,4
110,公立,技專校院,0033,國立虎尾科技大學,04121005,財務金融系,11,6,5,0,0,0,0,1,1,5,4,0,0,2,1,1,11,6,5
110,公立,技專校院,0033,國立虎尾科技大學,04131003,企業管理系,12,10,2,0,0,0,1,6,1,4,0,0,0,8,6,2,12,10,2
110,公立,技專校院,0033,國立虎尾科技大學,05121007,生物科技系,1,1,0,0,0,0,0,1,0,0,0,0,0,1,1,0,1,1,0
110,公立,技專校院,0033,國立虎尾科技大學,06131008,資訊管理系,6,5,1,0,0,0,0,2,0,3,1,0,0,2,2,0,6,5,1
110,公立,技專校院,0033,國立虎尾科技大學,06131013,資訊工程系,3,2,1,0,0,1,0,0,0,1,1,0,0,1,1,0,3,2,1
110,公立,技專校院,0033,國立虎尾科技大學,07141009,電機工程系,7,7,0,1,0,1,0,2,0,3,0,0,0,4,4,0,7,7,0
110,公立,技專校院,0033,國立虎尾科技大學,07141010,電子工程系,7,6,1,0,0,0,1,5,0,1,0,0,0,6,5,1,7,6,1
110,公立,技專校院,0033,國立虎尾科技大學,07141011,光電工程系,1,1,0,0,0,0,0,0,0,1,0,0,0,0,0,0,1,1,0
110,公立,技專校院,0033,國立虎尾科技大學,07151014,自動化工程系,5,4,1,1,0,0,0,2,0,1,1,0,0,3,3,0,5,4,1
110,公立,技專校院,0033,國立虎尾科技大學,07151016,動力機械工程系,12,12,0,0,0,0,0,5,0,7,0,0,0,5,5,0,12,12,0
110,公立,技專校院,0033,國立虎尾科技大學,07151019,機械設計工程系,4,4,0,0,0,1,0,2,0,1,0,0,0,3,3,0,4,4,0
110,公立,技專校院,0033,國立虎尾科技大學,07151020,機械與電腦輔助工程系,29,27,2,2,0,5,0,8,0,12,2,0,0,15,15,0,29,27,2
110,公立,技專校院,0033,國立虎尾科技大學,07161017,車輛工程系,6,5,1,0,0,1,0,1,0,3,1,0,0,2,2,0,6,5,1
110,公立,技專校院,0033,國立虎尾科技大學,07162018,飛機工程系,6,6,0,1,0,0,0,4,0,1,0,0,0,5,5,0,6,6,0
110,公立,技專校院,0033,國立虎尾科技大學,07191006,工業管理系,7,7,0,0,0,0,0,3,0,4,0,0,0,3,3,0,7,7,0
110,公立,技專校院,0033,國立虎尾科技大學,07312030,休閒遊憩系,2,2,0,1,0,0,0,0,0,1,0,0,0,1,1,0,2,2,0
110,公立,技專校院,0033,國立虎尾科技大學,08111034,農業科技系,2,1,1,0,1,0,0,0,0,1,0,0,0,1,0,1,2,1,1
110,公立,技專校院,0033,國立虎尾科技大學,99999Z01,通識教育中心,53,36,17,0,1,0,1,12,5,24,10,0,0,19,12,7,53,36,17
110,公立,技專校院,0033,國立虎尾科技大學,99999Z07,體育教育中心,9,7,2,0,0,0,0,2,0,5,2,0,0,2,2,0,9,7,2
110,公立,技專校院,0033,國立虎尾科技大學,99999Z08,語言教學中心,36,8,28,0,0,0,0,1,5,7,23,0,0,6,1,5,36,8,28
110,公立,一般大學,0035,國立臺南藝術大學,02111009,音像紀錄研究所,1,1,0,0,0,0,0,1,0,0,0,0,0,1,1,0,1,1,0
110,公立,一般大學,0035,國立臺南藝術大學,02111013,動畫藝術與影像美學研究所,3,2,1,2,1,0,0,0,0,0,0,0,0,3,2,1,3,2,1
110,公立,一般大學,0035,國立臺南藝術大學,02131012,造形藝術研究所,2,2,0,0,0,0,0,2,0,0,0,0,0,2,2,0,2,2,0
110,公立,一般大學,0035,國立臺南藝術大學,02141017,應用藝術研究所,2,0,2,0,0,0,0,0,2,0,0,0,0,2,0,2,2,0,2
110,公立,一般大學,0035,國立臺南藝術大學,02141020,材質創作與設計系,6,3,3,0,0,0,0,0,0,3,3,0,0,0,0,0,6,3,3
110,公立,一般大學,0035,國立臺南藝術大學,02151001,音樂學系,32,9,23,0,0,0,1,4,15,5,7,0,0,20,4,16,32,9,23
110,公立,一般大學,0035,國立臺南藝術大學,02151002,中國音樂學系,41,12,29,0,0,1,0,1,5,10,24,0,0,7,2,5,41,12,29
110,公立,一般大學,0035,國立臺南藝術大學,02151003,應用音樂學系,4,3,1,0,0,0,0,1,0,2,1,0,0,1,1,0,4,3,1
110,公立,一般大學,0035,國立臺南藝術大學,02151006,鋼琴合作藝術研究所,6,0,6,0,0,0,0,0,6,0,0,0,0,6,0,6,6,0,6
110,公立,一般大學,0035,國立臺南藝術大學,02191014,藝術史學系,7,5,2,2,0,1,0,2,0,0,2,0,0,5,5,0,7,5,2
110,公立,一般大學,0035,國立臺南藝術大學,02192022,博物館學與古物維護研究所,2,1,1,0,0,0,0,1,1,0,0,0,0,2,1,1,2,1,1
110,公立,一般大學,0035,國立臺南藝術大學,02192024,高階藝術管理碩士在職學位學程,3,0,3,0,1,0,1,0,1,0,0,0,0,3,0,3,3,0,3
110,公立,一般大學,0035,國立臺南藝術大學,02199023,建築藝術研究所,1,1,0,0,0,0,0,1,0,0,0,0,0,1,1,0,1,1,0
110,公立,一般大學,0035,國立臺南藝術大學,99999Z01,通識教育中心,15,8,7,0,0,0,0,5,2,3,5,0,0,7,5,2,15,8,7
110,公立,一般大學,0036,國立臺南大學,01111001,教育學系,20,12,8,1,0,1,0,9,8,1,0,0,0,19,11,8,20,12,8
110,公立,一般大學,0036,國立臺南大學,01113019,特殊教育學系,5,2,3,0,1,2,0,0,1,0,1,0,0,4,2,2,5,2,3
110,公立,一般大學,0036,國立臺南大學,01141017,體育學系,12,10,2,0,0,3,0,1,1,6,1,0,0,5,4,1,12,10,2
110,公立,一般大學,0036,國立臺南大學,01199Y03,教育學院,2,2,0,0,0,0,0,2,0,0,0,0,0,2,2,0,2,2,0
110,公立,一般大學,0036,國立臺南大學,02111030,視覺藝術與設計學系,11,9,2,0,0,3,0,2,1,4,1,0,0,6,5,1,11,9,2
110,公立,一般大學,0036,國立臺南大學,02151027,音樂學系,61,21,40,0,1,1,3,13,23,7,13,0,0,41,14,27,61,21,40
110,公立,一般大學,0036,國立臺南大學,02152029,戲劇創作與應用學系,3,1,2,0,0,0,0,0,0,1,2,0,0,0,0,0,3,1,2
110,公立,一般大學,0036,國立臺南大學,02199Y09,藝術學院,1,0,1,0,0,0,0,0,0,0,1,0,0,0,0,0,1,0,1
110,公立,一般大學,0036,國立臺南大學,02299Y14,人文學院,2,1,1,0,0,0,0,0,0,1,1,0,0,0,0,0,2,1,1
110,公立,一般大學,0036,國立臺南大學,02311032,英語學系,17,1,16,0,0,0,0,0,2,1,14,0,0,2,0,2,17,1,16
110,公立,一般大學,0036,國立臺南大學,02322031,國語文學系,17,5,12,1,0,0,1,2,7,2,4,0,0,11,3,8,17,5,12
110,公立,一般大學,0036,國立臺南大學,03131036,諮商與輔導學系,5,1,4,0,0,0,1,1,3,0,0,0,0,5,1,4,5,1,4
110,公立,一般大學,0036,國立臺南大學,03143037,文化與自然資源學系,8,7,1,1,0,1,0,3,1,2,0,0,0,6,5,1,8,7,1
110,公立,一般大學,0036,國立臺南大學,04131041,經營與管理學系,5,3,2,0,0,2,0,1,0,0,2,0,0,3,3,0,5,3,2
110,公立,一般大學,0036,國立臺南大學,04134040,行政管理學系,4,4,0,1,0,0,0,1,0,2,0,0,0,2,2,0,4,4,0
110,公立,一般大學,0036,國立臺南大學,05121044,生物科技學系,1,1,0,0,0,0,0,0,0,1,0,0,0,0,0,0,1,1,0
110,公立,一般大學,0036,國立臺南大學,05212063,生態暨環境資源學系,5,4,1,3,0,0,0,0,0,1,1,0,0,3,3,0,5,4,1
110,公立,一般大學,0036,國立臺南大學,05399Y36,理工學院,1,1,0,0,0,0,0,0,0,1,0,0,0,0,0,0,1,1,0
110,公立,一般大學,0036,國立臺南大學,05411047,應用數學系,4,1,3,0,0,0,1,0,1,1,1,0,0,2,0,2,4,1,3
110,公立,一般大學,0036,國立臺南大學,06131052,資訊工程學系,2,2,0,0,0,0,0,1,0,1,0,0,0,1,1,0,2,2,0
110,公立,一般大學,0036,國立臺南大學,06134024,數位學習科技學系,4,3,1,0,0,0,0,0,1,3,0,0,0,1,0,1,4,3,1
110,公立,一般大學,0036,國立臺南大學,07132058,綠色能源科技學系,12,12,0,1,0,2,0,7,0,2,0,0,0,10,10,0,12,12,0
110,公立,一般大學,0036,國立臺南大學,07141049,電機工程學系,1,1,0,0,0,0,0,1,0,0,0,0,0,1,1,0,1,1,0
110,公立,一般大學,0036,國立臺南大學,07151054,機電系統工程研究所,1,1,0,0,0,0,0,1,0,0,0,0,0,1,1,0,1,1,0
110,公立,一般大學,0036,國立臺南大學,99999Z01,通識教育中心,48,36,12,2,0,2,0,20,8,12,4,0,0,32,24,8,48,36,12
110,公立,一般大學,0036,國立臺南大學,99999Z05,師資培育中心,11,7,4,1,0,1,0,5,1,0,3,0,0,8,7,1,11,7,4
110,公立,一般大學,0037,國立臺北教育大學,01113003,特殊教育學系,6,3,3,0,0,1,0,0,2,2,1,0,0,3,1,2,6,3,3
110,公立,一般大學,0037,國立臺北教育大學,01114044,教育經營與管理學系,10,8,2,4,1,2,0,2,1,0,0,0,0,10,8,2,10,8,2
110,公立,一般大學,0037,國立臺北教育大學,01115020,課程與教學傳播科技研究所,3,1,2,0,1,1,0,0,1,0,0,0,0,3,1,2,3,1,2
110,公立,一般大學,0037,國立臺北教育大學,01121035,幼兒與家庭教育學系,5,0,5,0,0,0,0,0,1,0,4,0,0,1,0,1,5,0,5
110,公立,一般大學,0037,國立臺北教育大學,01131001,教育學系,6,3,3,0,0,1,1,1,1,1,1,0,0,4,2,2,6,3,3
110,公立,一般大學,0037,國立臺北教育大學,01131038,數學暨資訊教育學系,6,4,2,1,0,0,0,3,2,0,0,0,0,6,4,2,6,4,2
110,公立,一般大學,0037,國立臺北教育大學,01141002,體育學系,16,10,6,3,0,3,1,2,2,2,3,0,0,11,8,3,16,10,6
110,公立,一般大學,0037,國立臺北教育大學,02121014,藝術與造形設計學系,19,10,9,2,1,4,1,1,4,3,3,0,0,13,7,6,19,10,9
110,公立,一般大學,0037,國立臺北教育大學,02121028,文化創意產業經營學系,10,8,2,0,0,2,0,5,2,1,0,0,0,9,7,2,10,8,2
110,公立,一般大學,0037,國立臺北教育大學,02122011,數位科技設計學系,8,6,2,1,0,1,0,1,0,3,2,0,0,3,3,0,8,6,2
110,公立,一般大學,0037,國立臺北教育大學,02151031,音樂學系,45,20,25,4,5,6,8,6,4,4,8,0,0,33,16,17,45,20,25
110,公立,一般大學,0037,國立臺北教育大學,02192027,當代藝術評論與策展研究全英語碩士學位學程,1,1,0,0,0,0,0,1,0,0,0,0,0,1,1,0,1,1,0
110,公立,一般大學,0037,國立臺北教育大學,02299025,臺灣文化研究所,3,3,0,2,0,1,0,0,0,0,0,0,0,3,3,0,3,3,0
110,公立,一般大學,0037,國立臺北教育大學,02311023,兒童英語教育學系,16,8,8,2,0,0,1,1,4,5,3,0,0,8,3,5,16,8,8
110,公立,一般大學,0037,國立臺北教育大學,02322018,語文與創作學系,11,5,6,0,0,2,0,2,4,1,2,0,0,8,4,4,11,5,6
110,公立,一般大學,0037,國立臺北教育大學,03131007,心理與諮商學系,2,0,2,0,0,0,0,0,1,0,1,0,0,1,0,1,2,0,2
110,公立,一般大學,0037,國立臺北教育大學,03143005,社會與區域發展學系,4,4,0,1,0,1,0,2,0,0,0,0,0,4,4,0,4,4,0
110,公立,一般大學,0037,國立臺北教育大學,05399040,自然科學教育學系,5,4,1,1,0,1,0,1,1,1,0,0,0,4,3,1,5,4,1
110,公立,一般大學,0037,國立臺北教育大學,06131004,資訊科學系,2,2,0,1,0,0,0,1,0,0,0,0,0,2,2,0,2,2,0
110,公立,一般大學,0037,國立臺北教育大學,99999Z01,通識教育中心,21,8,13,3,0,0,0,2,9,3,4,0,0,14,5,9,21,8,13
110,公立,一般大學,0037,國立臺北教育大學,99999Z05,師資培育暨就業輔導處,23,13,10,0,0,0,0,5,2,8,8,0,0,7,5,2,23,13,10
110,公立,一般大學,0039,國立臺中教育大學,01111001,教育學系,14,7,7,1,0,1,2,5,4,0,1,0,0,13,7,6,14,7,7
110,公立,一般大學,0039,國立臺中教育大學,01111005,教師專業碩士學位學程,12,7,5,0,0,0,0,1,0,6,5,0,0,1,1,0,12,7,5
110,公立,一般大學,0039,國立臺中教育大學,01113022,特殊教育學系,8,6,2,1,0,0,0,5,2,0,0,0,0,8,6,2,8,6,2
110,公立,一般大學,0039,國立臺中教育大學,01114025,高等教育經營管理碩士學位學程,2,1,1,0,0,0,0,1,1,0,0,0,0,2,1,1,2,1,1
110,公立,一般大學,0039,國立臺中教育大學,01117028,教育資訊與測驗統計研究所,5,4,1,2,1,0,0,2,0,0,0,0,0,5,4,1,5,4,1
110,公立,一般大學,0039,國立臺中教育大學,01121021,幼兒教育學系,2,1,1,0,0,0,0,0,1,1,0,0,0,1,0,1,2,1,1
110,公立,一般大學,0039,國立臺中教育大學,01131006,語文教育學系,11,4,7,1,1,0,2,3,4,0,0,0,0,11,4,7,11,4,7
110,公立,一般大學,0039,國立臺中教育大學,01131008,科學教育與應用學系,5,3,2,0,0,1,0,1,1,1,1,0,0,3,2,1,5,3,2
110,公立,一般大學,0039,國立臺中教育大學,01131011,數學教育學系,4,4,0,1,0,0,0,1,0,2,0,0,0,2,2,0,4,4,0
110,公立,一般大學,0039,國立臺中教育大學,01131019,體育學系,7,6,1,0,0,0,0,0,0,6,1,0,0,0,0,0,7,6,1
110,公立,一般大學,0039,國立臺中教育大學,02122034,文化創意產業設計與營運學系,7,5,2,0,0,1,0,0,2,4,0,0,0,3,1,2,7,5,2
110,公立,一般大學,0039,國立臺中教育大學,02131029,美術學系,5,3,2,0,0,0,0,0,0,3,2,0,0,0,0,0,5,3,2
110,公立,一般大學,0039,國立臺中教育大學,02151030,音樂學系,86,23,63,2,1,2,7,10,22,9,33,0,0,44,14,30,86,23,63
110,公立,一般大學,0039,國立臺中教育大學,02311032,英語學系,12,1,11,0,0,1,1,0,4,0,6,0,0,6,1,5,12,1,11
110,公立,一般大學,0039,國立臺中教育大學,03131035,諮商與應用心理學系,6,3,3,0,0,1,0,2,3,0,0,0,0,6,3,3,6,3,3
110,公立,一般大學,0039,國立臺中教育大學,03191037,區域與社會發展學系,4,2,2,0,0,0,0,0,1,2,1,0,0,1,0,1,4,2,2
110,公立,一般大學,0039,國立臺中教育大學,04131039,國際企業學系,7,6,1,0,0,1,0,1,0,4,1,0,0,2,2,0,7,6,1
110,公立,一般大學,0039,國立臺中教育大學,04131040,管理學院國際經營管理碩士在職專班,1,1,0,0,0,0,0,1,0,0,0,0,0,1,1,0,1,1,0
110,公立,一般大學,0039,國立臺中教育大學,06131042,資訊工程學系,2,2,0,0,0,0,0,1,0,1,0,0,0,1,1,0,2,2,0
110,公立,一般大學,0039,國立臺中教育大學,06133041,數位內容科技學系,3,3,0,0,0,0,0,0,0,3,0,0,0,0,0,0,3,3,0
110,公立,一般大學,0039,國立臺中教育大學,99999Z01,通識教育中心,41,15,26,0,1,1,1,5,9,9,15,0,0,17,6,11,41,15,26
110,公立,一般大學,0039,國立臺中教育大學,99999Z05,師資培育暨就業輔導處,8,5,3,0,0,0,0,2,1,3,2,0,0,3,2,1,8,5,3
110,公立,技專校院,0042,國立澎湖科技大學,07141005,電機工程系,2,2,0,0,0,0,0,0,0,2,0,0,0,0,0,0,2,2,0
110,公立,技專校院,0042,國立澎湖科技大學,07141009,電信工程系,1,1,0,0,0,1,0,0,0,0,0,0,0,1,1,0,1,1,0
110,公立,技專校院,0042,國立澎湖科技大學,07211011,食品科學系,3,1,2,0,0,1,0,0,1,0,1,0,0,2,1,1,3,1,2
110,公立,技專校院,0042,國立澎湖科技大學,08312012,水產養殖系,3,2,1,0,0,0,0,1,1,1,0,0,0,2,1,1,3,2,1
110,公立,技專校院,0042,國立澎湖科技大學,10151016,觀光休閒系,9,6,3,0,0,0,0,1,0,5,3,0,0,1,1,0,9,6,3
110,公立,技專校院,0042,國立澎湖科技大學,10152022,海洋遊憩系,4,3,1,0,0,0,0,1,0,2,1,0,0,1,1,0,4,3,1
110,公立,技專校院,0042,國立澎湖科技大學,99999Z01,基礎能力教學中心,1,1,0,0,0,0,0,0,0,1,0,0,0,0,0,0,1,1,0
110,公立,技專校院,0042,國立澎湖科技大學,99999Z01,通識教育中心,26,14,12,0,0,0,0,4,2,10,10,0,0,6,4,2,26,14,12
110,公立,技專校院,0043,國立勤益科技大學,02299005,文化創意事業系,6,6,0,0,0,3,0,0,0,3,0,0,0,3,3,0,6,6,0
110,公立,技專校院,0043,國立勤益科技大學,02311001,應用英語(文)系,19,7,12,0,0,0,1,6,6,1,5,0,0,13,6,7,19,7,12
110,公立,技專校院,0043,國立勤益科技大學,04131002,企業管理(學)系,32,26,6,0,1,1,0,20,4,5,1,0,0,26,21,5,32,26,6
110,公立,技專校院,0043,國立勤益科技大學,04132003,流通(科技)管理系,10,7,3,1,0,3,0,1,1,2,2,0,0,6,5,1,10,7,3
110,公立,技專校院,0043,國立勤益科技大學,06131010,資訊管理(學)系,21,16,5,0,0,2,0,10,4,4,1,0,0,16,12,4,21,16,5
110,公立,技專校院,0043,國立勤益科技大學,06131013,資訊工程系,23,19,4,3,0,4,2,9,0,3,2,0,0,18,16,2,23,19,4
110,公立,技專校院,0043,國立勤益科技大學,07111020,化工與材料工程系,19,18,1,3,0,2,1,11,0,2,0,0,0,17,16,1,19,18,1
110,公立,技專校院,0043,國立勤益科技大學,07132026,冷凍空調與能源系,23,22,1,0,0,1,0,15,1,6,0,0,0,17,16,1,23,22,1
110,公立,技專校院,0043,國立勤益科技大學,07141011,電機工程(學)系,22,21,1,3,0,2,0,11,1,5,0,0,0,17,16,1,22,21,1
110,公立,技專校院,0043,國立勤益科技大學,07141012,電子工程(學)系,19,16,3,1,0,2,0,12,1,1,2,0,0,16,15,1,19,16,3
110,公立,技專校院,0043,國立勤益科技大學,07151016,機械工程系,19,19,0,2,0,4,0,10,0,3,0,0,0,16,16,0,19,19,0
110,公立,技專校院,0043,國立勤益科技大學,07191022,工業工程與管理系,49,41,8,7,0,6,1,18,3,10,4,0,0,35,31,4,49,41,8
110,公立,技專校院,0043,國立勤益科技大學,07194024,精密製造科技研究所博士班,1,1,0,0,0,0,0,1,0,0,0,0,0,1,1,0,1,1,0
110,公立,技專校院,0043,國立勤益科技大學,07312029,景觀系,35,25,10,0,0,1,1,8,2,16,7,0,0,12,9,3,35,25,10
110,公立,技專校院,0043,國立勤益科技大學,10152032,休閒產業管理系,29,20,9,4,0,2,0,8,3,6,6,0,0,17,14,3,29,20,9
110,公立,技專校院,0043,國立勤益科技大學,99999Z01,基礎通識教育中心,64,37,27,3,0,4,2,23,17,7,8,0,0,49,30,19,64,37,27
110,公立,技專校院,0043,國立勤益科技大學,99999Z01,博雅通識教育中心,39,23,16,1,0,2,0,15,9,5,7,0,0,27,18,9,39,23,16
110,公立,技專校院,0043,國立勤益科技大學,99999Z07,體育室,31,28,3,3,0,7,0,7,3,11,0,0,0,20,17,3,31,28,3
110,公立,技專校院,0043,國立勤益科技大學,99999Z08,語言中心,52,11,41,0,0,0,2,4,13,7,26,0,0,19,4,15,52,11,41
110,公立,一般大學,0044,國立體育大學,01141001,體育研究所,5,5,0,3,0,0,0,2,0,0,0,0,0,5,5,0,5,5,0
110,公立,一般大學,0044,國立體育大學,10141005,球類運動技術學系,2,0,2,0,1,0,0,0,1,0,0,0,0,2,0,2,2,0,2
110,公立,一般大學,0044,國立體育大學,10141006,陸上運動技術學系,4,2,2,2,0,0,0,0,1,0,1,0,0,3,2,1,4,2,2
110,公立,一般大學,0044,國立體育大學,10141007,技擊運動技術學系,3,1,2,0,0,0,0,0,0,1,2,0,0,0,0,0,3,1,2
110,公立,一般大學,0044,國立體育大學,10141008,競技與教練科學研究所,2,2,0,1,0,0,0,1,0,0,0,0,0,2,2,0,2,2,0
110,公立,一般大學,0044,國立體育大學,10142010,運動科學研究所,1,1,0,1,0,0,0,0,0,0,0,0,0,1,1,0,1,1,0
110,公立,一般大學,0044,國立體育大學,10152014,運動保健學系,9,7,2,0,0,2,0,1,0,4,2,0,0,3,3,0,9,7,2
110,公立,一般大學,0044,國立體育大學,10152015,休閒產業經營學系,9,6,3,0,0,1,0,1,0,4,3,0,0,2,2,0,9,6,3
110,公立,一般大學,0044,國立體育大學,10152016,體育推廣學系,13,9,4,0,0,1,0,4,1,4,3,0,0,6,5,1,13,9,4
110,公立,一般大學,0044,國立體育大學,10152016,體育學院體育推廣原住民專班,5,4,1,1,0,0,0,0,0,3,1,0,0,1,1,0,5,4,1
110,公立,一般大學,0044,國立體育大學,10152017,適應體育學系,6,5,1,0,0,0,0,1,0,4,1,0,0,1,1,0,6,5,1
110,公立,一般大學,0044,國立體育大學,99999Z01,通識教育中心,20,12,8,1,1,1,0,7,0,3,7,0,0,10,9,1,20,12,8
110,公立,一般大學,0044,國立體育大學,99999Z03,學生事務處,2,2,0,1,0,1,0,0,0,0,0,0,0,2,2,0,2,2,0
110,公立,一般大學,0044,國立體育大學,99999Z05,師資培育中心,6,4,2,1,0,1,1,2,1,0,0,0,0,6,4,2,6,4,2
110,公立,技專校院,0046,國立臺北護理健康大學,01141019,醫護教育暨數位學習系,1,1,0,0,0,0,0,1,0,0,0,0,0,1,1,0,1,1,0
110,公立,技專校院,0046,國立臺北護理健康大學,03131002,生死與健康心理諮商系,6,4,2,0,1,1,0,0,0,3,1,0,0,2,1,1,6,4,2
110,公立,技專校院,0046,國立臺北護理健康大學,04133004,健康事業管理系,45,29,16,2,0,3,0,10,7,14,9,0,0,22,15,7,45,29,16
110,公立,技專校院,0046,國立臺北護理健康大學,06131006,資訊管理系,10,9,1,0,0,2,0,4,0,3,1,0,0,6,6,0,10,9,1
110,公立,技專校院,0046,國立臺北護理健康大學,09131009,護理系,68,22,46,2,1,4,4,10,8,6,33,0,0,29,16,13,68,22,46
110,公立,技專校院,0046,國立臺北護理健康大學,09131021,護理助產及婦女健康系,9,4,5,0,1,2,2,2,1,0,1,0,0,8,4,4,9,4,5
110,公立,技專校院,0046,國立臺北護理健康大學,09153007,語言治療與聽力學系,14,3,11,0,0,1,0,1,0,1,11,0,0,2,2,0,14,3,11
110,公立,技專校院,0046,國立臺北護理健康大學,09211015,高齡健康照護系,3,1,2,0,0,0,0,0,1,1,1,0,0,1,0,1,3,1,2
110,公立,技專校院,0046,國立臺北護理健康大學,09221014,嬰幼兒保育系,18,5,13,2,0,0,0,1,5,2,8,0,0,8,3,5,18,5,13
110,公立,技專校院,0046,國立臺北護理健康大學,10142017,運動保健系,7,4,3,0,0,2,0,1,0,1,3,0,0,3,3,0,7,4,3
110,公立,技專校院,0046,國立臺北護理健康大學,10151018,休閒產業與健康促進系,5,3,2,0,0,0,0,0,1,3,1,0,0,1,0,1,5,3,2
110,公立,技專校院,0046,國立臺北護理健康大學,99999Z01,通識(教育)中心,60,31,29,2,0,4,2,12,10,13,17,0,0,30,18,12,60,31,29
110,公立,技專校院,0047,國立高雄餐旅大學,02311002,應用英語系,33,11,22,0,0,0,1,0,1,11,20,0,0,2,0,2,33,11,22
110,公立,技專校院,0047,國立高雄餐旅大學,02311003,應用日語系,8,3,5,0,0,0,0,0,0,3,5,0,0,0,0,0,8,3,5
110,公立,技專校院,0047,國立高雄餐旅大學,04199010,餐旅暨會展行銷管理系,5,2,3,0,0,0,0,0,0,2,3,0,0,0,0,0,5,2,3
110,公立,技專校院,0047,國立高雄餐旅大學,10131004,旅館管理系,5,4,1,0,0,0,0,1,0,3,1,0,0,1,1,0,5,4,1
110,公立,技專校院,0047,國立高雄餐旅大學,10131007,烘焙管理系,5,4,1,0,0,0,0,1,0,3,1,0,0,1,1,0,5,4,1
110,公立,技專校院,0047,國立高雄餐旅大學,10131009,國際廚藝學士學位學程,2,0,2,0,0,0,0,0,0,0,2,0,0,0,0,0,2,0,2
110,公立,技專校院,0047,國立高雄餐旅大學,10131011,飲食文化暨餐飲創新研究所,1,0,1,0,0,0,1,0,0,0,0,0,0,1,0,1,1,0,1
110,公立,技專校院,0047,國立高雄餐旅大學,10131028,餐飲廚藝科,6,3,3,0,0,0,0,0,0,3,3,0,0,0,0,0,6,3,3
110,公立,技專校院,0047,國立高雄餐旅大學,10131030,餐飲管理系,7,5,2,1,0,1,0,0,0,3,2,0,0,2,2,0,7,5,2
110,公立,技專校院,0047,國立高雄餐旅大學,10151013,休閒暨遊憩管理系,3,3,0,0,0,1,0,1,0,1,0,0,0,2,2,0,3,3,0
110,公立,技專校院,0047,國立高雄餐旅大學,10151015,旅運管理系,11,7,4,0,0,1,0,1,0,5,4,0,0,2,2,0,11,7,4
110,公立,技專校院,0047,國立高雄餐旅大學,10151016,國際觀光學士學位學程,1,1,0,0,0,0,0,0,0,1,0,0,0,0,0,0,1,1,0
110,公立,技專校院,0047,國立高雄餐旅大學,10151029,觀光研究所,2,2,0,1,0,1,0,0,0,0,0,0,0,2,2,0,2,2,0
110,公立,技專校院,0047,國立高雄餐旅大學,10499019,航空暨運輸服務管理系,12,7,5,0,0,2,0,2,0,3,5,0,0,4,4,0,12,7,5
110,公立,技專校院,0047,國立高雄餐旅大學,99999Z01,通識教育中心,44,28,16,0,0,1,0,9,5,18,11,0,0,15,10,5,44,28,16
110,公立,技專校院,0047,國立高雄餐旅大學,99999Z05,師資培育中心,2,1,1,0,0,0,0,0,0,1,1,0,0,0,0,0,2,1,1
110,公立,一般大學,0048,國立金門大學,02311002,應用英語學系,4,3,1,0,0,1,0,2,0,0,1,0,0,3,3,0,4,3,1
110,公立,一般大學,0048,國立金門大學,02322001,華語文學系,5,3,2,0,0,0,0,0,0,3,2,0,0,0,0,0,5,3,2
110,公立,一般大學,0048,國立金門大學,03121006,國際暨大陸事務學系,8,6,2,1,0,0,0,5,2,0,0,0,0,8,6,2,8,6,2
110,公立,一般大學,0048,國立金門大學,03143005,閩南文化碩士學位學程,2,1,1,1,1,0,0,0,0,0,0,0,0,2,1,1,2,1,1
110,公立,一般大學,0048,國立金門大學,04131009,企業管理學系,12,7,5,0,0,0,0,2,0,5,5,0,0,2,2,0,12,7,5
110,公立,一般大學,0048,國立金門大學,04212013,海洋與邊境管理學系,11,9,2,0,0,0,0,4,0,5,2,0,0,4,4,0,11,9,2
110,公立,一般大學,0048,國立金門大學,05399Y36,理工學院,1,1,0,0,0,0,0,1,0,0,0,0,0,1,1,0,1,1,0
110,公立,一般大學,0048,國立金門大學,07141017,電子工程學系,2,2,0,0,0,0,0,0,0,2,0,0,0,0,0,0,2,2,0
110,公立,一般大學,0048,國立金門大學,07311026,建築學系,13,11,2,0,0,0,0,2,0,9,2,0,0,2,2,0,13,11,2
110,公立,一般大學,0048,國立金門大學,07313028,都市計畫與景觀學系,3,3,0,0,0,0,0,0,0,3,0,0,0,0,0,0,3,3,0
110,公立,一般大學,0048,國立金門大學,07321021,土木與工程管理學系,2,2,0,0,0,0,0,0,0,2,0,0,0,0,0,0,2,2,0
110,公立,一般大學,0048,國立金門大學,09131031,護理學系,8,3,5,0,0,0,0,0,1,3,4,0,0,1,0,1,8,3,5
110,公立,一般大學,0048,國立金門大學,09191032,長期照護學系,1,0,1,0,0,0,0,0,0,0,1,0,0,0,0,0,1,0,1
110,公立,一般大學,0048,國立金門大學,09231033,社會工作學系,9,4,5,0,0,0,0,0,0,4,5,0,0,0,0,0,9,4,5
110,公立,一般大學,0048,國立金門大學,10151034,觀光管理學系,7,5,2,0,0,0,0,2,0,3,2,0,0,2,2,0,7,5,2
110,公立,一般大學,0048,國立金門大學,10152036,運動與休閒學系,11,10,1,0,0,0,0,2,0,8,1,0,0,2,2,0,11,10,1
110,公立,一般大學,0048,國立金門大學,99999Z01,通識教育中心,28,25,3,1,0,1,0,9,3,14,0,0,0,14,11,3,28,25,3
110,公立,一般大學,0049,國立臺灣體育運動大學,01141001,體育學系,42,25,17,0,0,0,2,3,1,22,14,0,0,6,3,3,42,25,17
110,公立,一般大學,0049,國立臺灣體育運動大學,02112012,運動資訊與傳播學系,7,5,2,0,0,0,0,2,1,3,1,0,0,3,2,1,7,5,2
110,公立,一般大學,0049,國立臺灣體育運動大學,02152002,舞蹈學系,18,4,14,0,0,0,0,1,0,3,14,0,0,1,1,0,18,4,14
110,公立,一般大學,0049,國立臺灣體育運動大學,04199010,運動事業管理學系,6,5,1,1,0,0,0,0,0,4,1,0,0,1,1,0,6,5,1
110,公立,一般大學,0049,國立臺灣體育運動大學,10141003,競技運動學系,13,5,8,0,0,0,1,0,1,5,6,0,0,2,0,2,13,5,8
110,公立,一般大學,0049,國立臺灣體育運動大學,10141004,球類運動學系,13,7,6,0,0,0,1,0,0,7,5,0,0,1,0,1,13,7,6
110,公立,一般大學,0049,國立臺灣體育運動大學,10141005,技擊運動學系,13,8,5,0,0,0,0,0,0,8,5,0,0,0,0,0,13,8,5
110,公立,一般大學,0049,國立臺灣體育運動大學,10142006,運動健康科學學系,19,14,5,0,0,1,1,3,2,10,2,0,0,7,4,3,19,14,5
110,公立,一般大學,0049,國立臺灣體育運動大學,10152007,休閒運動學系,15,11,4,0,0,0,0,0,1,11,3,0,0,1,0,1,15,11,4
110,公立,一般大學,0049,國立臺灣體育運動大學,99999Z01,通識教育中心,28,17,11,1,0,0,1,3,2,13,8,0,0,7,4,3,28,17,11
110,公立,一般大學,0049,國立臺灣體育運動大學,99999Z05,師資培育中心,4,1,3,0,0,0,0,0,1,1,2,0,0,1,0,1,4,1,3
110,公立,技專校院,0050,國立臺中科技大學,02112005,多媒體設計系,2,2,0,0,0,0,0,0,0,2,0,0,0,0,0,0,2,2,0
110,公立,技專校院,0050,國立臺中科技大學,02122006,商業設計系,40,24,16,1,0,3,1,2,3,18,12,0,0,10,6,4,40,24,16
110,公立,技專校院,0050,國立臺中科技大學,02123007,創意商品設計系,9,8,1,0,0,0,0,2,0,6,1,0,0,2,2,0,9,8,1
110,公立,技專校院,0050,國立臺中科技大學,02124008,室內設計系,19,13,6,0,0,2,0,3,1,8,5,0,0,6,5,1,19,13,6
110,公立,技專校院,0050,國立臺中科技大學,02311003,應用英語系科,55,20,35,0,1,1,4,4,5,15,25,0,0,15,5,10,55,20,35
110,公立,技專校院,0050,國立臺中科技大學,02311004,應用日語系,33,12,21,1,0,1,2,1,6,9,13,0,0,11,3,8,33,12,21
110,公立,技專校院,0050,國立臺中科技大學,02322001,應用中文系,5,3,2,1,0,0,0,2,1,0,1,0,0,4,3,1,5,3,2
110,公立,技專校院,0050,國立臺中科技大學,04111012,會計資訊系,49,31,18,0,0,4,0,5,5,22,13,0,0,14,9,5,49,31,18
110,公立,技專校院,0050,國立臺中科技大學,04121021,財務金融系,37,24,13,1,0,6,0,3,2,14,11,0,0,12,10,2,37,24,13
110,公立,技專校院,0050,國立臺中科技大學,04122028,財政稅務系,17,13,4,1,0,1,0,2,1,9,3,0,0,5,4,1,17,13,4
110,公立,技專校院,0050,國立臺中科技大學,04123027,保險金融管理系,28,19,9,0,0,0,0,4,5,15,4,0,0,9,4,5,28,19,9
110,公立,技專校院,0050,國立臺中科技大學,04131015,企業管理系,36,25,11,0,3,1,3,5,1,19,4,0,0,13,6,7,36,25,11
110,公立,技專校院,0050,國立臺中科技大學,04132029,流通管理系,5,2,3,0,0,0,1,1,2,1,0,0,0,4,1,3,5,2,3
110,公立,技專校院,0050,國立臺中科技大學,04141020,國際貿易與經營系,38,22,16,0,0,0,1,7,4,15,11,0,0,12,7,5,38,22,16
110,公立,技專校院,0050,國立臺中科技大學,04191009,商業經營系,70,39,31,2,0,3,1,6,7,28,23,0,0,19,11,8,70,39,31
110,公立,技專校院,0050,國立臺中科技大學,05421032,應用統計系,2,1,1,0,0,0,0,1,1,0,0,0,0,2,1,1,2,1,1
110,公立,技專校院,0050,國立臺中科技大學,06131033,資訊管理系,46,34,12,1,0,3,1,8,0,22,11,0,0,13,12,1,46,34,12
110,公立,技專校院,0050,國立臺中科技大學,07141036,資訊工程系,27,23,4,1,0,3,0,5,2,14,2,0,0,11,9,2,27,23,4
110,公立,技專校院,0050,國立臺中科技大學,07191044,智慧生產工程系,1,1,0,1,0,0,0,0,0,0,0,0,0,1,1,0,1,1,0
110,公立,技專校院,0050,國立臺中科技大學,09131037,護理系(科),43,9,34,0,1,3,3,6,7,0,23,0,0,20,9,11,43,9,34
110,公立,技專校院,0050,國立臺中科技大學,09211038,老人服務事業管理系(科),30,11,19,1,0,1,1,3,2,6,16,0,0,8,5,3,30,11,19
110,公立,技專校院,0050,國立臺中科技大學,10121040,美容系(科),34,10,24,2,0,3,0,3,2,2,22,0,0,10,8,2,34,10,24
110,公立,技專校院,0050,國立臺中科技大學,10151039,休閒事業經營系,59,32,27,2,0,2,3,7,5,21,19,0,0,19,11,8,59,32,27
110,公立,技專校院,0050,國立臺中科技大學,99999Z01,通識教育中心,120,68,52,4,0,6,3,32,24,26,25,0,0,69,42,27,120,68,52
110,公立,技專校院,0050,國立臺中科技大學,99999Z07,體育室,43,35,8,2,0,5,0,7,3,21,5,0,0,17,14,3,43,35,8
110,公立,技專校院,0050,國立臺中科技大學,99999Z08,語言中心,50,12,38,0,0,0,2,1,3,11,33,0,0,6,1,5,50,12,38
110,公立,技專校院,0051,國立臺北商業大學,02112007,數位多媒體設計系,14,12,2,0,0,0,0,4,0,8,2,0,0,4,4,0,14,12,2
110,公立,技專校院,0051,國立臺北商業大學,02122015,商業設計管理系,14,8,6,0,0,0,0,2,0,6,6,0,0,2,2,0,14,8,6
110,公立,技專校院,0051,國立臺北商業大學,02122026,創意科技與產品設計系,4,3,1,0,0,0,0,1,0,2,1,0,0,1,1,0,4,3,1
110,公立,技專校院,0051,國立臺北商業大學,02311006,應用外語系,44,25,19,0,0,2,0,4,3,19,16,0,0,9,6,3,44,25,19
110,公立,技專校院,0051,國立臺北商業大學,04111009,會計資訊系,24,17,7,3,0,3,0,8,1,3,6,0,0,15,14,1,24,17,7
110,公立,技專校院,0051,國立臺北商業大學,04111027,會計與資料科學科,8,5,3,0,0,1,0,1,1,3,2,0,0,3,2,1,8,5,3
110,公立,技專校院,0051,國立臺北商業大學,04121013,財務金融系,14,10,4,0,0,0,0,2,0,8,4,0,0,2,2,0,14,10,4
110,公立,技專校院,0051,國立臺北商業大學,04122014,財政稅務系,31,18,13,0,1,2,3,5,4,11,5,0,0,15,7,8,31,18,13
110,公立,技專校院,0051,國立臺北商業大學,04131010,企業管理系,92,53,39,3,2,7,6,15,11,28,20,0,0,44,25,19,92,53,39
110,公立,技專校院,0051,國立臺北商業大學,04141012,國際商務系,30,17,13,0,0,1,0,3,3,13,10,0,0,7,4,3,30,17,13
110,公立,技專校院,0051,國立臺北商業大學,04199Y70,財經學院,1,1,0,1,0,0,0,0,0,0,0,0,0,1,1,0,1,1,0
110,公立,技專校院,0051,國立臺北商業大學,06131017,資訊管理系,27,23,4,0,1,4,1,8,0,11,2,0,0,14,12,2,27,23,4
110,公立,技專校院,0051,國立臺北商業大學,99999Z01,通識教育中心,42,16,26,0,0,1,2,8,15,7,9,0,0,26,9,17,42,16,26
110,公立,技專校院,0051,國立臺北商業大學,99999Z03,軍訓教官,3,0,3,0,0,0,0,0,0,0,3,0,0,0,0,0,3,0,3
110,公立,技專校院,0051,國立臺北商業大學,99999Z07,體育室,12,8,4,1,1,0,0,3,1,4,2,0,0,6,4,2,12,8,4
110,公立,一般大學,0052,國立屏東大學,01111001,教育學系,9,5,4,0,1,0,0,5,3,0,0,0,0,9,5,4,9,5,4
110,公立,一般大學,0052,國立屏東大學,01111003,教育心理與輔導學系,3,1,2,0,0,0,1,1,1,0,0,0,0,3,1,2,3,1,2
110,公立,一般大學,0052,國立屏東大學,01113017,特殊教育學系,10,5,5,2,1,1,0,1,1,1,3,0,0,6,4,2,10,5,5
110,公立,一般大學,0052,國立屏東大學,01114018,教育行政研究所,3,3,0,1,0,0,0,2,0,0,0,0,0,3,3,0,3,3,0
110,公立,一般大學,0052,國立屏東大學,01121016,幼兒教育學系,5,0,5,0,0,0,0,0,0,0,5,0,0,0,0,0,5,0,5
110,公立,一般大學,0052,國立屏東大學,01141014,體育學系,3,2,1,0,0,0,0,0,0,2,1,0,0,0,0,0,3,2,1
110,公立,一般大學,0052,國立屏東大學,01199Y03,教育學院,2,0,2,0,0,0,0,0,0,0,2,0,0,0,0,0,2,0,2
110,公立,一般大學,0052,國立屏東大學,02111025,視覺藝術學系,9,8,1,2,0,1,0,0,1,5,0,0,0,4,3,1,9,8,1
110,公立,一般大學,0052,國立屏東大學,02151024,音樂學系,29,9,20,0,0,0,1,3,7,6,12,0,0,11,3,8,29,9,20
110,公立,一般大學,0052,國立屏東大學,02299033,文化創意產業學系,2,1,1,0,0,0,0,0,0,1,1,0,0,0,0,0,2,1,1
110,公立,一般大學,0052,國立屏東大學,02299069,客家文化產業碩士學位學程,1,0,1,0,1,0,0,0,0,0,0,0,0,1,0,1,1,0,1
110,公立,一般大學,0052,國立屏東大學,02299075,文化發展學士學位學程原住民專班,11,6,5,0,0,0,0,2,1,4,4,0,0,3,2,1,11,6,5
110,公立,一般大學,0052,國立屏東大學,02311030,應用英語學系,1,0,1,0,0,0,0,0,0,0,1,0,0,0,0,0,1,0,1
110,公立,一般大學,0052,國立屏東大學,03141036,社會發展學系,2,2,0,0,0,2,0,0,0,0,0,0,0,2,2,0,2,2,0
110,公立,一般大學,0052,國立屏東大學,04111038,會計學系,1,0,1,0,0,0,0,0,0,0,1,0,0,0,0,0,1,0,1
110,公立,一般大學,0052,國立屏東大學,04121045,財務金融學系,2,2,0,1,0,0,0,1,0,0,0,0,0,2,2,0,2,2,0
110,公立,一般大學,0052,國立屏東大學,04131039,企業管理學系,3,2,1,0,0,0,1,2,0,0,0,0,0,3,2,1,3,2,1
110,公立,一般大學,0052,國立屏東大學,04132046,行銷與流通管理學系,1,0,1,0,0,0,0,0,1,0,0,0,0,1,0,1,1,0,1
110,公立,一般大學,0052,國立屏東大學,04141044,國際貿易學系,3,2,1,0,0,0,0,1,0,1,1,0,0,1,1,0,3,2,1
110,公立,一般大學,0052,國立屏東大學,05311050,應用化學系,1,1,0,1,0,0,0,0,0,0,0,0,0,1,1,0,1,1,0
110,公立,一般大學,0052,國立屏東大學,05331053,應用物理系,1,1,0,1,0,0,0,0,0,0,0,0,0,1,1,0,1,1,0
110,公立,一般大學,0052,國立屏東大學,05411055,應用數學系,2,2,0,0,0,0,0,1,0,1,0,0,0,1,1,0,2,2,0
110,公立,一般大學,0052,國立屏東大學,06131057,資訊管理學系,3,3,0,0,0,0,0,1,0,2,0,0,0,1,1,0,3,3,0
110,公立,一般大學,0052,國立屏東大學,06131061,資訊科學系,1,1,0,1,0,0,0,0,0,0,0,0,0,1,1,0,1,1,0
110,公立,一般大學,0052,國立屏東大學,10151065,休閒事業經營學系,1,1,0,0,0,0,0,0,0,1,0,0,0,0,0,0,1,1,0
110,公立,一般大學,0052,國立屏東大學,99999Z05,師資培育中心,6,3,3,0,0,0,0,3,2,0,1,0,0,5,3,2,6,3,3
110,公立,一般大學,0052,國立屏東大學,99999Z07,體育室,3,2,1,0,0,0,0,1,0,1,1,0,0,1,1,0,3,2,1
110,公立,一般大學,0052,國立屏東大學,99999Z99,大武山學院,35,21,14,2,0,3,1,9,7,7,6,0,0,22,14,8,35,21,14
110,公立,一般大學,0052,國立屏東大學,99999Z99,秘書室,2,2,0,2,0,0,0,0,0,0,0,0,0,2,2,0,2,2,0
110,公立,一般大學,0052,國立屏東大學,99999Z99,國際暨創新學院,2,1,1,1,0,0,0,0,0,0,1,0,0,1,1,0,2,1,1
110,公立,技專校院,0053,國立高雄科技大學,02121006,文化創意產業系,5,4,1,0,0,1,0,0,0,3,1,0,0,1,1,0,5,4,1
110,公立,技專校院,0053,國立高雄科技大學,02123015,工業設計系,3,2,1,0,0,0,0,1,0,1,1,0,0,1,1,0,3,2,1
110,公立,技專校院,0053,國立高雄科技大學,02199Y88,商業智慧學院,1,1,0,0,0,0,0,1,0,0,0,0,0,1,1,0,1,1,0
110,公立,技專校院,0053,國立高雄科技大學,02311002,應用英語系,14,4,10,0,0,0,0,1,2,3,8,0,0,3,1,2,14,4,10
110,公立,技專校院,0053,國立高雄科技大學,02311003,應用德語系,4,2,2,0,0,0,0,0,0,2,2,0,0,0,0,0,4,2,2
110,公立,技專校院,0053,國立高雄科技大學,02311008,應用日語系,7,2,5,0,0,1,0,0,0,1,5,0,0,1,1,0,7,2,5
110,公立,技專校院,0053,國立高雄科技大學,02399Y17,外語學院,4,1,3,0,0,0,0,1,1,0,2,0,0,2,1,1,4,1,3
110,公立,技專校院,0053,國立高雄科技大學,04111020,會計資訊系,19,13,6,2,0,1,0,2,2,8,4,0,0,7,5,2,19,13,6
110,公立,技專校院,0053,國立高雄科技大學,04121034,金融資訊系,11,9,2,0,0,2,1,5,1,2,0,0,0,9,7,2,11,9,2
110,公立,技專校院,0053,國立高雄科技大學,04121040,財務管理系,5,5,0,0,0,1,0,2,0,2,0,0,0,3,3,0,5,5,0
110,公立,技專校院,0053,國立高雄科技大學,04121104,金融系,17,13,4,0,0,1,0,6,1,6,3,0,0,8,7,1,17,13,4
110,公立,技專校院,0053,國立高雄科技大學,04122043,財政稅務系,8,4,4,1,0,0,1,1,0,2,3,0,0,3,2,1,8,4,4
110,公立,技專校院,0053,國立高雄科技大學,04123054,風險管理與保險系,5,4,1,0,0,0,0,2,0,2,1,0,0,2,2,0,5,4,1
110,公立,技專校院,0053,國立高雄科技大學,04131101,企業管理系,11,5,6,0,0,0,0,1,1,4,5,0,0,2,1,1,11,5,6
110,公立,技專校院,0053,國立高雄科技大學,04132004,供應鏈管理系,14,9,5,0,0,0,0,4,3,5,2,0,0,7,4,3,14,9,5
110,公立,技專校院,0053,國立高雄科技大學,04132059,行銷與流通管理系,5,4,1,1,0,2,0,0,1,1,0,0,0,4,3,1,5,4,1
110,公立,技專校院,0053,國立高雄科技大學,04132107,運籌管理系,4,3,1,1,0,0,0,0,0,2,1,0,0,1,1,0,4,3,1
110,公立,技專校院,0053,國立高雄科技大學,04141023,國際企業系,25,14,11,0,0,0,0,7,1,7,10,0,0,8,7,1,25,14,11
110,公立,技專校院,0053,國立高雄科技大學,04212068,科技法律研究所,3,3,0,0,0,1,0,2,0,0,0,0,0,3,3,0,3,3,0
110,公立,技專校院,0053,國立高雄科技大學,05111050,水圈學院水產科技產業博士班,2,1,1,0,0,0,0,1,1,0,0,0,0,2,1,1,2,1,1
110,公立,技專校院,0053,國立高雄科技大學,06131066,海事資訊科技系,3,3,0,0,0,0,0,0,0,3,0,0,0,0,0,0,3,3,0
110,公立,技專校院,0053,國立高雄科技大學,06131067,資訊工程系,4,4,0,0,0,2,0,1,0,1,0,0,0,3,3,0,4,4,0
110,公立,技專校院,0053,國立高雄科技大學,06131080,商務資訊應用系,2,1,1,0,0,0,0,0,1,1,0,0,0,1,0,1,2,1,1
110,公立,技專校院,0053,國立高雄科技大學,06131100,資訊管理系,8,5,3,0,0,1,0,3,1,1,2,0,0,5,4,1,8,5,3
110,公立,技專校院,0053,國立高雄科技大學,06132005,智慧商務系,3,2,1,0,0,0,0,0,0,2,1,0,0,0,0,0,3,2,1
110,公立,技專校院,0053,國立高雄科技大學,07111085,化學工程與材料工程系,9,8,1,3,0,1,0,4,0,0,1,0,0,8,8,0,9,8,1
110,公立,技專校院,0053,國立高雄科技大學,07121030,海洋環境工程系,14,14,0,2,0,0,0,9,0,3,0,0,0,11,11,0,14,14,0
110,公立,技專校院,0053,國立高雄科技大學,07121086,環境與安全衛生工程系,4,3,1,0,0,1,0,0,1,2,0,0,0,2,1,1,4,3,1
110,公立,技專校院,0053,國立高雄科技大學,07141021,電訊工程系,8,6,2,0,0,0,0,4,1,2,1,0,0,5,4,1,8,6,2
110,公立,技專校院,0053,國立高雄科技大學,07141081,半導體工程系,4,3,1,0,0,1,0,1,0,1,1,0,0,2,2,0,4,3,1
110,公立,技專校院,0053,國立高雄科技大學,07141103,電子工程系(建工校區),18,16,2,2,0,5,0,7,2,2,0,0,0,16,14,2,18,16,2
110,公立,技專校院,0053,國立高雄科技大學,07141103,電子工程系(第一校區),6,6,0,0,0,2,0,2,0,2,0,0,0,4,4,0,6,6,0
110,公立,技專校院,0053,國立高雄科技大學,07141105,電機工程系,18,16,2,2,0,8,1,5,0,1,1,0,0,16,15,1,18,16,2
110,公立,技專校院,0053,國立高雄科技大學,07141111,電機與資訊學院,1,1,0,1,0,0,0,0,0,0,0,0,0,1,1,0,1,1,0
110,公立,技專校院,0053,國立高雄科技大學,07141111,電機與資訊學院_智慧系統技優專班,3,3,0,0,0,0,0,0,0,3,0,0,0,0,0,0,3,3,0
110,公立,技專校院,0053,國立高雄科技大學,07151026,輪機工程系,19,18,1,0,0,3,0,4,0,11,1,0,0,7,7,0,19,18,1
110,公立,技專校院,0053,國立高雄科技大學,07151072,機械工程系,5,5,0,0,0,0,0,5,0,0,0,0,0,5,5,0,5,5,0
110,公立,技專校院,0053,國立高雄科技大學,07151074,模具工程系,26,24,2,2,0,4,0,8,1,10,1,0,0,15,14,1,26,24,2
110,公立,技專校院,0053,國立高雄科技大學,07163029,造船及海洋工程系,14,14,0,0,0,2,0,3,0,9,0,0,0,5,5,0,14,14,0
110,公立,技專校院,0053,國立高雄科技大學,07191091,工業工程與管理系,10,9,1,0,0,2,1,4,0,3,0,0,0,7,6,1,10,9,1
110,公立,技專校院,0053,國立高雄科技大學,07194094,海事學院海事科技產學合作博士班,1,1,0,1,0,0,0,0,0,0,0,0,0,1,1,0,1,1,0
110,公立,技專校院,0053,國立高雄科技大學,07211039,水產食品科學系,8,6,2,0,0,0,0,2,1,4,1,0,0,3,2,1,8,6,2
110,公立,技專校院,0053,國立高雄科技大學,07321077,土木工程系,9,8,1,0,0,0,0,4,1,4,0,0,0,5,4,1,9,8,1
110,公立,技專校院,0053,國立高雄科技大學,07321082,營建工程系,3,3,0,0,0,3,0,0,0,0,0,0,0,3,3,0,3,3,0
110,公立,技專校院,0053,國立高雄科技大學,08193007,海洋事務與產業管理研究所,3,3,0,1,0,1,0,0,0,1,0,0,0,2,2,0,3,3,0
110,公立,技專校院,0053,國立高雄科技大學,08311045,漁業生產與管理系,6,5,1,1,0,2,0,0,0,2,1,0,0,3,3,0,6,5,1
110,公立,技專校院,0053,國立高雄科技大學,08312047,水產養殖系,5,4,1,0,0,0,0,2,1,2,0,0,0,3,2,1,5,4,1
110,公立,技專校院,0053,國立高雄科技大學,10151055,海洋休閒管理系,11,8,3,0,0,0,0,2,2,6,1,0,0,4,2,2,11,8,3
110,公立,技專校院,0053,國立高雄科技大學,10151096,觀光管理系,16,8,8,0,0,1,0,1,0,6,8,0,0,2,2,0,16,8,8
110,公立,技專校院,0053,國立高雄科技大學,10412060,航運管理系,21,15,6,0,0,0,0,5,0,10,6,0,0,5,5,0,21,15,6
110,公立,技專校院,0053,國立高雄科技大學,10414061,航運技術系,10,9,1,0,0,1,0,3,0,5,1,0,0,4,4,0,10,9,1
110,公立,技專校院,0053,國立高雄科技大學,99999Z01,基礎教育中心,51,24,27,0,0,6,1,13,15,5,11,0,0,35,19,16,51,24,27
110,公立,技專校院,0053,國立高雄科技大學,99999Z01,博雅教育中心,109,50,59,1,0,2,1,27,21,20,37,0,0,52,30,22,109,50,59
110,公立,技專校院,0053,國立高雄科技大學,99999Z07,體育室,63,51,12,3,0,6,2,5,2,37,8,0,0,18,14,4,63,51,12
110,公立,技專校院,0053,國立高雄科技大學,99999Z08,外語教育中心,96,23,73,0,0,0,1,4,7,19,65,0,0,12,4,8,96,23,73
110,公立,技專校院,0053,國立高雄科技大學,99999Z99,創新創業教育中心,2,2,0,0,0,0,0,0,0,2,0,0,0,0,0,0,2,2,0
110,公立,技專校院,0144,國立臺灣戲曲學院,02151001,戲曲音樂學系,36,16,20,0,0,1,0,0,3,15,17,0,0,4,1,3,36,16,20
110,公立,技專校院,0144,國立臺灣戲曲學院,02152004,歌仔戲學系,12,7,5,0,1,0,0,0,1,7,3,0,0,2,0,2,12,7,5
110,公立,技專校院,0144,國立臺灣戲曲學院,02152005,京劇學系,8,7,1,0,0,1,1,2,0,4,0,0,0,4,3,1,8,7,1
110,公立,技專校院,0144,國立臺灣戲曲學院,02152006,客家戲學系,8,3,5,0,0,1,0,0,0,2,5,0,0,1,1,0,8,3,5
110,公立,技專校院,0144,國立臺灣戲曲學院,02152007,劇場藝術學系,18,14,4,0,0,0,0,1,1,13,3,0,0,2,1,1,18,14,4
110,公立,技專校院,0144,國立臺灣戲曲學院,02152009,民俗技藝學系,24,12,12,0,0,1,1,0,1,11,10,0,0,3,1,2,24,12,12
110,公立,技專校院,0144,國立臺灣戲曲學院,99999Z01,通識教育中心,18,13,5,1,0,1,0,6,0,5,5,0,0,8,8,0,18,13,5
110,公立,技專校院,0221,國立臺南護理專科學校,09131001,護理科,29,8,21,0,0,1,0,2,4,5,17,0,0,7,3,4,29,8,21
110,公立,技專校院,0221,國立臺南護理專科學校,09211003,老人服務事業科,10,4,6,0,0,1,0,1,1,2,5,0,0,3,2,1,10,4,6
110,公立,技專校院,0221,國立臺南護理專科學校,10121004,化妝品應用科,10,6,4,0,0,1,0,1,1,4,3,0,0,3,2,1,10,6,4
110,公立,技專校院,0221,國立臺南護理專科學校,99999Z01,共同科目,52,21,31,1,0,1,0,4,7,13,24,2,0,13,6,7,50,19,31
110,公立,技專校院,0222,國立臺東專科學校,02141017,創意商品設計科,2,2,0,0,0,0,0,0,0,2,0,0,0,0,0,0,2,2,0
110,公立,技專校院,0222,國立臺東專科學校,04131015,行銷與流通管理科,1,1,0,0,0,0,0,0,0,1,0,0,0,0,0,0,1,1,0
110,公立,技專校院,0222,國立臺東專科學校,06131003,資訊管理科,1,1,0,0,0,0,0,0,0,1,0,0,0,0,0,0,1,1,0
110,公立,技專校院,0222,國立臺東專科學校,07161005,動力機械科,2,2,0,0,0,0,0,0,0,2,0,0,0,0,0,0,2,2,0
110,公立,技專校院,0222,國立臺東專科學校,07211012,食品科技科,4,2,2,0,0,0,0,1,0,1,2,0,0,1,1,0,4,2,2
110,公立,技專校院,0222,國立臺東專科學校,07311007,建築科,1,1,0,0,0,0,0,0,0,1,0,0,0,0,0,0,1,1,0
110,公立,技專校院,0222,國立臺東專科學校,08121011,園藝暨景觀科,10,8,2,0,0,0,0,3,1,5,1,0,0,4,3,1,10,8,2
110,公立,技專校院,0222,國立臺東專科學校,10131014,餐旅管理科,3,0,3,0,0,0,0,0,0,0,3,0,0,0,0,0,3,0,3
110,公立,技專校院,0222,國立臺東專科學校,99999Z01,通識教育中心,14,9,5,0,0,0,0,1,2,8,3,0,0,3,1,2,14,9,5
110,私立,一般大學,1001,東海大學,02123011,工業設計學系,9,9,0,0,0,0,0,1,0,8,0,0,0,1,1,0,9,9,0
110,私立,一般大學,1001,東海大學,02131002,美術學系,28,20,8,1,2,0,0,7,2,12,4,0,0,12,8,4,28,20,8
110,私立,一般大學,1001,東海大學,02151003,音樂學系,52,18,34,3,2,0,1,9,17,6,14,0,0,32,12,20,52,18,34
110,私立,一般大學,1001,東海大學,02152058,表演藝術與創作碩士學位學程,3,2,1,1,0,0,0,1,1,0,0,0,0,3,2,1,3,2,1
110,私立,一般大學,1001,東海大學,02199Y09,創意設計暨藝術學院,7,6,1,2,0,3,0,0,1,1,0,0,0,6,5,1,7,6,1
110,私立,一般大學,1001,東海大學,02221009,歷史學系,8,6,2,1,1,2,1,2,0,1,0,0,0,7,5,2,8,6,2
110,私立,一般大學,1001,東海大學,02231010,哲學系,3,3,0,0,0,0,0,3,0,0,0,0,0,3,3,0,3,3,0
110,私立,一般大學,1001,東海大學,02311005,外國語文學系,23,3,20,0,0,2,0,0,0,1,20,0,0,2,2,0,23,3,20
110,私立,一般大學,1001,東海大學,02311007,日本語言文化學系,28,8,20,0,1,3,0,1,3,4,16,0,0,8,4,4,28,8,20
110,私立,一般大學,1001,東海大學,02322004,中國文學系,34,16,18,1,0,2,2,9,13,4,3,0,0,27,12,15,34,16,18
110,私立,一般大學,1001,東海大學,03111012,經濟學系,11,8,3,2,0,3,0,3,0,0,3,0,0,8,8,0,11,8,3
110,私立,一般大學,1001,東海大學,03121013,政治學系,11,11,0,4,0,3,0,3,0,1,0,0,0,10,10,0,11,11,0
110,私立,一般大學,1001,東海大學,03141014,社會學系,13,11,2,0,0,1,0,6,1,4,1,0,0,8,7,1,13,11,2
110,私立,一般大學,1001,東海大學,04111018,會計學系,15,12,3,2,0,1,0,6,2,3,1,0,0,11,9,2,15,12,3
110,私立,一般大學,1001,東海大學,04121024,財務金融學系,12,11,1,2,0,1,0,6,1,2,0,0,0,10,9,1,12,11,1
110,私立,一般大學,1001,東海大學,04131019,企業管理學系,8,7,1,0,0,2,0,4,1,1,0,0,0,7,6,1,8,7,1
110,私立,一般大學,1001,東海大學,04131021,國際學院國際經營管理學位學程,1,1,0,0,0,0,0,1,0,0,0,0,0,1,1,0,1,1,0
110,私立,一般大學,1001,東海大學,04131025,高階經營管理碩士在職專班,15,14,1,6,1,6,0,2,0,0,0,0,0,15,14,1,15,14,1
110,私立,一般大學,1001,東海大學,04134016,行政管理暨政策學系,3,2,1,0,0,0,0,1,0,1,1,0,0,1,1,0,3,2,1
110,私立,一般大學,1001,東海大學,04134017,公共事務碩士專班,1,0,1,0,0,0,0,0,1,0,0,0,0,1,0,1,1,0,1
110,私立,一般大學,1001,東海大學,04141023,國際經營與貿易學系,10,9,1,1,0,4,0,4,1,0,0,0,0,10,9,1,10,9,1
110,私立,一般大學,1001,東海大學,04199Y31,管理學院,7,7,0,1,0,1,0,4,0,1,0,0,0,6,6,0,7,7,0
110,私立,一般大學,1001,東海大學,04211027,法律學系,26,20,6,6,2,5,2,5,0,4,2,0,0,20,16,4,26,20,6
110,私立,一般大學,1001,東海大學,05111028,生命科學系,14,11,3,3,0,1,2,7,1,0,0,0,0,14,11,3,14,11,3
110,私立,一般大學,1001,東海大學,05111061,生物多樣性國際研究生博士學位學程,8,7,1,2,0,3,0,2,1,0,0,0,0,8,7,1,8,7,1
110,私立,一般大學,1001,東海大學,05211056,永續科學與工程學士學位學程,1,1,0,1,0,0,0,0,0,0,0,0,0,1,1,0,1,1,0
110,私立,一般大學,1001,東海大學,05311030,化學系,6,5,1,3,1,1,0,1,0,0,0,0,0,6,5,1,6,5,1
110,私立,一般大學,1001,東海大學,05331032,應用物理學系,4,4,0,1,0,1,0,2,0,0,0,0,0,4,4,0,4,4,0
110,私立,一般大學,1001,東海大學,05411034,應用數學系,5,4,1,1,0,0,0,2,1,1,0,0,0,4,3,1,5,4,1
110,私立,一般大學,1001,東海大學,05421035,統計學系,1,1,0,0,0,1,0,0,0,0,0,0,0,1,1,0,1,1,0
110,私立,一般大學,1001,東海大學,06131039,資訊工程學系,6,6,0,1,0,2,0,1,0,2,0,0,0,4,4,0,6,6,0
110,私立,一般大學,1001,東海大學,06134036,資訊管理學系,2,1,1,0,0,0,0,1,0,0,1,0,0,1,1,0,2,1,1
110,私立,一般大學,1001,東海大學,07111042,化學工程與材料工程學系,9,8,1,2,0,0,0,3,0,3,1,0,0,5,5,0,9,8,1
110,私立,一般大學,1001,東海大學,07121045,環境科學與工程學系,4,4,0,0,0,1,0,2,0,1,0,0,0,3,3,0,4,4,0
110,私立,一般大學,1001,東海大學,07141037,電機工程學系,3,3,0,1,0,0,0,2,0,0,0,0,0,3,3,0,3,3,0
110,私立,一般大學,1001,東海大學,07191044,工業工程與經營資訊學系,17,13,4,0,0,5,2,7,0,1,2,0,0,14,12,2,17,13,4
110,私立,一般大學,1001,東海大學,07199Y40,工學院,1,0,1,0,0,0,0,0,0,0,1,0,0,0,0,0,1,0,1
110,私立,一般大學,1001,東海大學,07211052,食品科學系,8,5,3,1,0,1,0,3,2,0,1,0,0,7,5,2,8,5,3
110,私立,一般大學,1001,東海大學,07311048,建築學系,21,16,5,0,0,4,1,5,1,7,3,0,0,11,9,2,21,16,5
110,私立,一般大學,1001,東海大學,07312049,景觀學系,26,19,7,1,1,4,1,7,1,7,4,0,0,15,12,3,26,19,7
110,私立,一般大學,1001,東海大學,08112051,畜產與生物科技學系,5,3,2,2,0,0,2,0,0,1,0,0,0,4,2,2,5,3,2
110,私立,一般大學,1001,東海大學,08199Y41,農學院,13,7,6,2,1,1,1,4,4,0,0,0,0,13,7,6,13,7,6
110,私立,一般大學,1001,東海大學,09199063,高齡健康與運動科學學士學位學程,6,2,4,0,0,0,0,2,0,0,4,0,0,2,2,0,6,2,4
110,私立,一般大學,1001,東海大學,09231053,社會工作學系,21,6,15,0,0,0,0,2,2,4,13,0,0,4,2,2,21,6,15
110,私立,一般大學,1001,東海大學,10131054,餐旅管理學系,5,4,1,2,0,0,0,2,1,0,0,0,0,5,4,1,5,4,1
110,私立,一般大學,1001,東海大學,10152055,運動休閒與健康管理學位學程,7,6,1,0,0,2,0,2,0,2,1,0,0,4,4,0,7,6,1
110,私立,一般大學,1001,東海大學,99999Z01,共同學科暨通識教育中心,68,48,20,11,2,9,2,16,7,12,9,0,0,47,36,11,68,48,20
110,私立,一般大學,1001,東海大學,99999Z05,師資培育中心,3,3,0,0,0,0,0,0,0,3,0,0,0,0,0,0,3,3,0
110,私立,一般大學,1001,東海大學,99999Z07,體育室,21,14,7,3,0,3,3,1,1,7,3,0,0,11,7,4,21,14,7
110,私立,一般大學,1001,東海大學,99999Z08,英語中心,41,7,34,0,1,0,0,1,2,6,31,0,0,4,1,3,41,7,34
110,私立,一般大學,1002,輔仁大學,01114046,教育領導與科技發展學士學位學程,4,2,2,0,0,0,0,1,2,1,0,0,0,3,1,2,4,2,2
110,私立,一般大學,1002,輔仁大學,02122029,品牌與時尚經營管理碩士學位學程,1,0,1,0,0,0,0,0,1,0,0,0,0,1,0,1,1,0,1
110,私立,一般大學,1002,輔仁大學,02122078,應用美術學系,27,20,7,2,0,2,0,3,0,13,7,0,0,7,7,0,27,20,7
110,私立,一般大學,1002,輔仁大學,02122087,藝術與文化創意學士學位學程,17,11,6,0,0,0,0,3,2,8,4,0,0,5,3,2,17,11,6
110,私立,一般大學,1002,輔仁大學,02124095,室內設計進修學士學位學程,5,2,3,0,0,0,0,0,0,2,3,0,0,0,0,0,5,2,3
110,私立,一般大學,1002,輔仁大學,02125082,織品服裝學系,26,16,10,1,1,3,2,5,2,7,5,0,0,14,9,5,26,16,10
110,私立,一般大學,1002,輔仁大學,02151034,音樂學系,93,41,52,6,6,9,9,14,25,12,12,0,0,69,29,40,93,41,52
110,私立,一般大學,1002,輔仁大學,02199Y09,藝術學院,2,1,1,0,0,0,0,0,0,1,1,0,0,0,0,0,2,1,1
110,私立,一般大學,1002,輔仁大學,02211006,天主教研修學士學位學程,11,6,5,1,0,1,2,0,1,4,2,0,0,5,2,3,11,6,5
110,私立,一般大學,1002,輔仁大學,02211019,宗教學系,15,6,9,0,1,1,2,0,2,5,4,0,0,6,1,5,15,6,9
110,私立,一般大學,1002,輔仁大學,02221074,歷史學系,29,16,13,11,4,3,5,2,3,0,1,0,0,28,16,12,29,16,13
110,私立,一般大學,1002,輔仁大學,02231037,哲學系,19,10,9,4,2,3,4,2,2,1,1,0,0,17,9,8,19,10,9
110,私立,一般大學,1002,輔仁大學,02299060,跨文化研究所,24,19,5,6,0,2,1,6,1,5,3,0,0,16,14,2,24,19,5
110,私立,一般大學,1002,輔仁大學,02299093,人文社會服務進修學士學位學程,4,2,2,0,0,1,0,1,0,0,2,0,0,2,2,0,4,2,2
110,私立,一般大學,1002,輔仁大學,02311009,日本語文學系,26,6,20,0,0,1,1,1,2,4,17,0,0,5,2,3,26,6,20
110,私立,一般大學,1002,輔仁大學,02311016,西班牙語文學系,7,3,4,1,0,1,1,0,0,1,3,0,0,3,2,1,7,3,4
110,私立,一般大學,1002,輔仁大學,02311021,法國語文學系,10,4,6,0,1,0,3,1,0,3,2,0,0,5,1,4,10,4,6
110,私立,一般大學,1002,輔仁大學,02311033,英國語文學系,19,8,11,0,0,1,0,1,3,6,8,0,0,5,2,3,19,8,11
110,私立,一般大學,1002,輔仁大學,02311057,義大利語文學系,5,3,2,0,0,0,0,1,0,2,2,0,0,1,1,0,5,3,2
110,私立,一般大學,1002,輔仁大學,02311072,德語語文學系,7,2,5,0,1,2,0,0,1,0,3,0,0,4,2,2,7,2,5
110,私立,一般大學,1002,輔仁大學,02322003,中國文學系,25,18,7,5,0,4,1,5,4,4,2,0,0,19,14,5,25,18,7
110,私立,一般大學,1002,輔仁大學,02399Y16,外國語文學院,5,2,3,0,0,0,1,0,1,2,1,0,0,2,0,2,5,2,3
110,私立,一般大學,1002,輔仁大學,03111055,經濟學系,18,12,6,2,1,2,1,4,3,4,1,0,0,13,8,5,18,12,6
110,私立,一般大學,1002,輔仁大學,03131007,心理學系,8,7,1,1,0,3,0,1,1,2,0,0,0,6,5,1,8,7,1
110,私立,一般大學,1002,輔仁大學,03131081,臨床心理學系,8,3,5,1,0,0,2,0,1,2,2,0,0,4,1,3,8,3,5
110,私立,一般大學,1002,輔仁大學,03141023,社會學系,5,3,2,0,1,0,0,3,0,0,1,0,0,4,3,1,5,3,2
110,私立,一般大學,1002,輔仁大學,03199Y19,社會科學院,1,1,0,0,0,1,0,0,0,0,0,0,0,1,1,0,1,1,0
110,私立,一般大學,1002,輔仁大學,03211001,大眾傳播學士學位學程,15,9,6,0,0,2,0,2,3,5,3,0,0,7,4,3,15,9,6
110,私立,一般大學,1002,輔仁大學,03212053,新聞傳播學系,7,4,3,0,0,1,0,1,3,2,0,0,0,5,2,3,7,4,3
110,私立,一般大學,1002,輔仁大學,03213070,影像傳播學系,7,4,3,0,0,1,2,1,0,2,1,0,0,4,2,2,7,4,3
110,私立,一般大學,1002,輔仁大學,03222065,圖書資訊學系,17,9,8,0,2,1,2,4,2,4,2,0,0,11,5,6,17,9,8
110,私立,一般大學,1002,輔仁大學,04111054,會計學系,4,3,1,1,0,0,1,2,0,0,0,0,0,4,3,1,4,3,1
110,私立,一般大學,1002,輔仁大學,04121027,金融與國際企業學系,9,9,0,3,0,4,0,1,0,1,0,0,0,8,8,0,9,9,0
110,私立,一般大學,1002,輔仁大學,04131015,企業管理學系,10,6,4,2,0,1,2,3,2,0,0,0,0,10,6,4,10,6,4
110,私立,一般大學,1002,輔仁大學,04131025,社會企業碩士在職學位學程,2,2,0,0,0,0,0,2,0,0,0,0,0,2,2,0,2,2,0
110,私立,一般大學,1002,輔仁大學,04131025,社會企業碩士學位學程,1,1,0,0,0,1,0,0,0,0,0,0,0,1,1,0,1,1,0
110,私立,一般大學,1002,輔仁大學,04131039,商業管理學士學位學程,25,16,9,0,2,1,4,14,1,1,2,0,0,22,15,7,25,16,9
110,私立,一般大學,1002,輔仁大學,04131041,國際創業與經營管理碩士學位學程,4,4,0,1,0,2,0,1,0,0,0,0,0,4,4,0,4,4,0
110,私立,一般大學,1002,輔仁大學,04131044,國際經營管理碩士學位學程,1,1,0,0,0,0,0,1,0,0,0,0,0,1,1,0,1,1,0
110,私立,一般大學,1002,輔仁大學,04143069,廣告傳播學系,7,7,0,0,0,0,0,4,0,3,0,0,0,4,4,0,7,7,0
110,私立,一般大學,1002,輔仁大學,04191040,商學研究所,3,3,0,1,0,2,0,0,0,0,0,0,0,3,3,0,3,3,0
110,私立,一般大學,1002,輔仁大學,04199028,非營利組織管理碩士學位學程,4,4,0,1,0,3,0,0,0,0,0,0,0,4,4,0,4,4,0
110,私立,一般大學,1002,輔仁大學,04199032,科技管理碩士學位學程,1,1,0,1,0,0,0,0,0,0,0,0,0,1,1,0,1,1,0
110,私立,一般大學,1002,輔仁大學,04211020,法律學系,24,22,2,9,1,7,0,4,1,2,0,0,0,22,20,2,24,22,2
110,私立,一般大學,1002,輔仁大學,04211020,學士後法律學系,1,0,1,0,0,0,0,0,1,0,0,0,0,1,0,1,1,0,1
110,私立,一般大學,1002,輔仁大學,04211038,財經法律學系,7,5,2,1,0,2,1,1,1,1,0,0,0,6,4,2,7,5,2
110,私立,一般大學,1002,輔仁大學,05111011,生命科學系,4,1,3,0,1,0,2,1,0,0,0,0,0,4,1,3,4,1,3
110,私立,一般大學,1002,輔仁大學,05191080,營養科學系,2,1,1,1,0,0,0,0,0,0,1,0,0,1,1,0,2,1,1
110,私立,一般大學,1002,輔仁大學,05311005,化學系,7,7,0,6,0,0,0,1,0,0,0,0,0,7,7,0,7,7,0
110,私立,一般大學,1002,輔仁大學,05331022,物理學系,1,1,0,0,0,1,0,0,0,0,0,0,0,1,1,0,1,1,0
110,私立,一般大學,1002,輔仁大學,05399Y36,理工學院,1,1,0,0,0,0,0,0,0,1,0,0,0,0,0,0,1,1,0
110,私立,一般大學,1002,輔仁大學,05411073,數學系,4,2,2,0,0,0,1,1,1,1,0,0,0,3,1,2,4,2,2
110,私立,一般大學,1002,輔仁大學,05421049,統計資訊學系,7,5,2,1,0,1,1,3,0,0,1,0,0,6,5,1,7,5,2
110,私立,一般大學,1002,輔仁大學,06131058,資訊工程學系,3,2,1,2,0,0,1,0,0,0,0,0,0,3,2,1,3,2,1
110,私立,一般大學,1002,輔仁大學,06131059,資訊管理學系,3,3,0,0,0,0,0,3,0,0,0,0,0,3,3,0,3,3,0
110,私立,一般大學,1002,輔仁大學,06131077,應用科學與工程研究所,1,1,0,0,0,1,0,0,0,0,0,0,0,1,1,0,1,1,0
110,私立,一般大學,1002,輔仁大學,06132050,軟體工程與數位創意學士學位學程,7,7,0,0,0,1,0,4,0,2,0,0,0,5,5,0,7,7,0
110,私立,一般大學,1002,輔仁大學,06132097,醫學資訊與健康科技進修學士學位學程,4,4,0,0,0,0,0,1,0,3,0,0,0,1,1,0,4,4,0
110,私立,一般大學,1002,輔仁大學,06134096,資訊創新與數位生活進修學士學位學程,3,2,1,0,0,0,0,0,1,2,0,0,0,1,0,1,3,2,1
110,私立,一般大學,1002,輔仁大學,06199086,醫學資訊與創新應用學士學位學程,9,8,1,1,0,1,0,5,1,1,0,0,0,8,7,1,9,8,1
110,私立,一般大學,1002,輔仁大學,07141064,電機工程學系,3,3,0,1,0,1,0,1,0,0,0,0,0,3,3,0,3,3,0
110,私立,一般大學,1002,輔仁大學,07211035,食品科學系,9,8,1,2,0,0,0,3,1,3,0,0,0,6,5,1,9,8,1
110,私立,一般大學,1002,輔仁大學,07312052,景觀設計學系,17,9,8,0,0,1,0,3,4,5,4,0,0,8,4,4,17,9,8
110,私立,一般大學,1002,輔仁大學,09121013,生物醫學暨藥學研究所,1,1,0,0,0,0,0,0,0,1,0,0,0,0,0,0,1,1,0
110,私立,一般大學,1002,輔仁大學,09121085,醫學系,252,203,49,22,3,36,5,60,12,85,29,0,0,138,118,20,252,203,49
110,私立,一般大學,1002,輔仁大學,09121090,生物醫學海量資料分析碩士學位學程,1,1,0,1,0,0,0,0,0,0,0,0,0,1,1,0,1,1,0
110,私立,一般大學,1002,輔仁大學,09131088,護理學系,50,2,48,0,1,0,0,0,3,2,44,0,0,4,0,4,50,2,48
110,私立,一般大學,1002,輔仁大學,09152084,職能治療學系,6,2,4,0,0,0,1,1,0,1,3,0,0,2,1,1,6,2,4
110,私立,一般大學,1002,輔仁大學,09161091,生技醫藥博士學位學程,4,3,1,1,0,0,0,2,0,0,1,0,0,3,3,0,4,3,1
110,私立,一般大學,1002,輔仁大學,09191004,公共衛生學系,4,3,1,0,0,1,1,2,0,0,0,0,0,4,3,1,4,3,1
110,私立,一般大學,1002,輔仁大學,09199018,呼吸治療學系,8,2,6,0,0,0,0,2,1,0,5,0,0,3,2,1,8,2,6
110,私立,一般大學,1002,輔仁大學,09199Y42,醫學院,3,1,2,0,0,0,0,0,1,1,1,0,0,1,0,1,3,1,2
110,私立,一般大學,1002,輔仁大學,09211061,跨專業長期照護碩士學位學程,6,3,3,1,0,1,2,1,1,0,0,0,0,6,3,3,6,3,3
110,私立,一般大學,1002,輔仁大學,09211094,長期照護與健康管理進修學士學位學程,9,3,6,0,0,0,0,0,1,3,5,0,0,1,0,1,9,3,6
110,私立,一般大學,1002,輔仁大學,09221017,兒童與家庭學系,12,2,10,0,0,0,2,1,2,1,6,0,0,5,1,4,12,2,10
110,私立,一般大學,1002,輔仁大學,09231024,社會工作學系,3,2,1,0,0,0,1,0,0,2,0,0,0,1,0,1,3,2,1
110,私立,一般大學,1002,輔仁大學,10131075,餐旅管理學系,15,8,7,1,0,1,0,2,0,4,7,0,0,4,4,0,15,8,7
110,私立,一般大學,1002,輔仁大學,10141089,體育學系,11,8,3,1,0,2,0,3,2,2,1,0,0,8,6,2,11,8,3
110,私立,一般大學,1002,輔仁大學,10152062,運動休閒管理學士學位學程,10,7,3,0,0,1,0,0,1,6,2,0,0,2,1,1,10,7,3
110,私立,一般大學,1002,輔仁大學,99999Z05,師資培育中心,8,2,6,0,0,1,0,1,2,0,4,0,0,4,2,2,8,2,6
110,私立,一般大學,1002,輔仁大學,99999Z99,全人教育課程中心,197,106,91,8,6,14,7,34,23,50,55,0,0,92,56,36,197,106,91
110,私立,一般大學,1003,東吳大學,02151001,音樂學系,90,36,54,6,2,5,12,13,18,12,22,0,0,56,24,32,90,36,54
110,私立,一般大學,1003,東吳大學,02221006,歷史學系,12,7,5,2,0,1,1,4,4,0,0,0,0,12,7,5,12,7,5
110,私立,一般大學,1003,東吳大學,02231007,哲學系,22,18,4,6,0,0,0,6,4,6,0,0,0,16,12,4,22,18,4
110,私立,一般大學,1003,東吳大學,02311004,英文學系,40,18,22,4,0,3,3,5,5,6,14,0,0,20,12,8,40,18,22
110,私立,一般大學,1003,東吳大學,02311005,日本語文學系,62,23,39,5,0,0,0,5,7,13,32,0,0,17,10,7,62,23,39
110,私立,一般大學,1003,東吳大學,02311012,德國文化學系,16,7,9,0,1,4,0,0,0,3,8,0,0,5,4,1,16,7,9
110,私立,一般大學,1003,東吳大學,02322002,中國文學系,65,40,25,8,2,4,2,14,12,14,9,0,0,42,26,16,65,40,25
110,私立,一般大學,1003,東吳大學,03111008,經濟學系,27,23,4,6,1,4,3,8,0,5,0,0,0,22,18,4,27,23,4
110,私立,一般大學,1003,東吳大學,03121009,政治學系,22,20,2,5,1,2,0,8,0,5,1,0,0,16,15,1,22,20,2
110,私立,一般大學,1003,東吳大學,03131011,心理學系,32,11,21,2,1,3,1,2,8,4,11,0,0,17,7,10,32,11,21
110,私立,一般大學,1003,東吳大學,03141010,社會學系,6,5,1,0,0,2,0,3,1,0,0,0,0,6,5,1,6,5,1
110,私立,一般大學,1003,東吳大學,03199013,人權碩士學位學程,2,2,0,0,0,1,0,1,0,0,0,0,0,2,2,0,2,2,0
110,私立,一般大學,1003,東吳大學,04111015,會計學系,55,30,25,7,1,0,0,9,7,14,17,0,0,24,16,8,55,30,25
110,私立,一般大學,1003,東吳大學,04121027,財務工程與精算數學系,20,16,4,3,1,3,1,3,1,7,1,0,0,12,9,3,20,16,4
110,私立,一般大學,1003,東吳大學,04131016,企業管理學系,39,33,6,3,0,6,1,10,2,14,3,0,0,22,19,3,39,33,6
110,私立,一般大學,1003,東吳大學,04131020,商學院EMBA高階經營碩士在職專班,5,2,3,0,0,1,1,1,2,0,0,0,0,5,2,3,5,2,3
110,私立,一般大學,1003,東吳大學,04141019,國際經營與貿易學系,29,18,11,1,1,3,2,7,6,7,2,0,0,20,11,9,29,18,11
110,私立,一般大學,1003,東吳大學,04199031,巨量資料管理學院,1,1,0,1,0,0,0,0,0,0,0,0,0,1,1,0,1,1,0
110,私立,一般大學,1003,東吳大學,04211021,法律學系,141,114,27,33,7,23,5,36,11,22,4,0,0,115,92,23,141,114,27
110,私立,一般大學,1003,東吳大學,05122022,微生物學系,10,8,2,2,0,3,0,3,2,0,0,0,0,10,8,2,10,8,2
110,私立,一般大學,1003,東吳大學,05311023,化學系,7,4,3,1,0,2,1,0,1,1,1,0,0,5,3,2,7,4,3
110,私立,一般大學,1003,東吳大學,05331024,物理學系,7,7,0,2,0,3,0,1,0,1,0,0,0,6,6,0,7,7,0
110,私立,一般大學,1003,東吳大學,05411025,數學系,3,3,0,2,0,0,0,1,0,0,0,0,0,3,3,0,3,3,0
110,私立,一般大學,1003,東吳大學,06131028,資訊管理學系,10,8,2,1,0,0,0,4,0,3,2,0,0,5,5,0,10,8,2
110,私立,一般大學,1003,東吳大學,06134033,資料科學系,12,9,3,0,0,0,0,4,2,5,1,0,0,6,4,2,12,9,3
110,私立,一般大學,1003,東吳大學,09231030,社會工作學系,28,7,21,0,0,1,1,4,1,2,19,0,0,7,5,2,28,7,21
110,私立,一般大學,1003,東吳大學,99999Z01,通識教育中心,26,19,7,3,0,2,0,4,3,10,4,0,0,12,9,3,26,19,7
110,私立,一般大學,1003,東吳大學,99999Z05,師資培育中心,5,1,4,0,0,0,0,1,2,0,2,0,0,3,1,2,5,1,4
110,私立,一般大學,1003,東吳大學,99999Z07,體育室,25,18,7,1,0,2,0,0,1,15,6,0,0,4,3,1,25,18,7
110,私立,一般大學,1003,東吳大學,99999Z08,語言教學中心,41,6,35,0,0,0,1,1,6,5,28,0,0,8,1,7,41,6,35
110,私立,一般大學,1004,中原大學,01113002,特殊教育學系,11,6,5,0,0,0,0,2,2,4,3,0,0,4,2,2,11,6,5
110,私立,一般大學,1004,中原大學,02112008,商業設計學系,33,22,11,0,0,6,2,5,2,11,7,0,0,15,11,4,33,22,11
110,私立,一般大學,1004,中原大學,02122048,設計學院設計學士原住民專班,11,7,4,0,0,1,0,2,0,4,4,0,0,3,3,0,11,7,4
110,私立,一般大學,1004,中原大學,02124009,室內設計學系,58,45,13,0,0,6,0,7,0,32,13,0,0,13,13,0,58,45,13
110,私立,一般大學,1004,中原大學,02151058,音樂產業碩士學位學程,4,4,0,0,0,1,0,3,0,0,0,0,0,4,4,0,4,4,0
110,私立,一般大學,1004,中原大學,02299053,人文與教育學院學士學位學程,3,3,0,0,0,1,0,2,0,0,0,0,0,3,3,0,3,3,0
110,私立,一般大學,1004,中原大學,02311005,應用外國語文學系,61,13,48,0,0,0,0,2,2,11,46,0,0,4,2,2,61,13,48
110,私立,一般大學,1004,中原大學,02323004,應用華語文學系,18,8,10,3,0,0,1,1,1,4,8,0,0,6,4,2,18,8,10
110,私立,一般大學,1004,中原大學,03131011,心理學系,19,9,10,1,0,0,0,3,5,5,5,0,0,9,4,5,19,9,10
110,私立,一般大學,1004,中原大學,04111013,會計學系,16,4,12,0,0,0,1,0,2,4,9,0,0,3,0,3,16,4,12
110,私立,一般大學,1004,中原大學,04121019,財務金融學系,2,2,0,0,0,0,0,1,0,1,0,0,0,1,1,0,2,2,0
110,私立,一般大學,1004,中原大學,04131014,企業管理學系,32,21,11,3,1,2,1,5,1,11,8,0,0,13,10,3,32,21,11
110,私立,一般大學,1004,中原大學,04141018,國際經營與貿易學系,10,7,3,1,0,2,0,2,3,2,0,0,0,8,5,3,10,7,3
110,私立,一般大學,1004,中原大學,04212021,財經法律學系,26,20,6,4,0,4,0,4,1,8,5,0,0,13,12,1,26,20,6
110,私立,一般大學,1004,中原大學,05121022,生物科技學系,7,6,1,0,0,1,0,5,0,0,1,0,0,6,6,0,7,6,1
110,私立,一般大學,1004,中原大學,05311023,化學系,6,5,1,3,1,1,0,1,0,0,0,0,0,6,5,1,6,5,1
110,私立,一般大學,1004,中原大學,05331024,物理學系,8,8,0,2,0,1,0,3,0,2,0,0,0,6,6,0,8,8,0
110,私立,一般大學,1004,中原大學,05411027,應用數學系,14,13,1,4,0,2,0,4,1,3,0,0,0,11,10,1,14,13,1
110,私立,一般大學,1004,中原大學,06121060,中原大學美國威大密爾瓦基分校電機與資訊工程雙學士學位學程,1,1,0,1,0,0,0,0,0,0,0,0,0,1,1,0,1,1,0
110,私立,一般大學,1004,中原大學,06131028,資訊管理學系,9,6,3,1,0,2,0,1,1,2,2,0,0,5,4,1,9,6,3
110,私立,一般大學,1004,中原大學,07111037,化學工程學系,9,8,1,3,0,1,0,3,0,1,1,0,0,7,7,0,9,8,1
110,私立,一般大學,1004,中原大學,07121042,環境工程學系,15,14,1,1,0,1,0,11,1,1,0,0,0,14,13,1,15,14,1
110,私立,一般大學,1004,中原大學,07141029,電機工程學系,11,10,1,5,0,0,0,3,1,2,0,0,0,9,8,1,11,10,1
110,私立,一般大學,1004,中原大學,07141030,電子工程學系,6,6,0,0,0,1,0,2,0,3,0,0,0,3,3,0,6,6,0
110,私立,一般大學,1004,中原大學,07141031,資訊工程學系,4,4,0,2,0,1,0,0,0,1,0,0,0,3,3,0,4,4,0
110,私立,一般大學,1004,中原大學,07151034,機械工程學系,26,25,1,7,0,2,0,15,1,1,0,0,0,25,24,1,26,25,1
110,私立,一般大學,1004,中原大學,07191041,工業與系統工程學系,14,10,4,2,0,0,0,5,3,3,1,0,0,10,7,3,14,10,4
110,私立,一般大學,1004,中原大學,07193043,生物醫學工程學系,11,10,1,3,0,1,0,5,1,1,0,0,0,10,9,1,11,10,1
110,私立,一般大學,1004,中原大學,07311046,建築學系,43,33,10,2,0,0,0,2,1,29,9,0,0,5,4,1,43,33,10
110,私立,一般大學,1004,中原大學,07312059,地景建築學系,32,19,13,0,0,3,2,3,3,13,8,0,0,11,6,5,32,19,13
110,私立,一般大學,1004,中原大學,07321035,土木工程學系,7,7,0,2,0,1,0,4,0,0,0,0,0,7,7,0,7,7,0
110,私立,一般大學,1004,中原大學,99999061,全校外籍生大一不分系學士學位學程,2,0,2,0,0,0,0,0,0,0,2,0,0,0,0,0,2,0,2
110,私立,一般大學,1004,中原大學,99999Z01,通識教育中心,112,65,47,3,0,8,2,48,30,6,15,0,0,91,59,32,112,65,47
110,私立,一般大學,1004,中原大學,99999Z05,師資培育中心,3,2,1,0,0,0,0,1,0,1,1,0,0,1,1,0,3,2,1
110,私立,一般大學,1004,中原大學,99999Z07,體育室,27,23,4,0,0,1,0,6,0,16,4,0,0,7,7,0,27,23,4
110,私立,一般大學,1005,淡江大學學校財團法人淡江大學,01116092,教育科技學系,6,0,6,0,0,0,0,0,1,0,5,0,0,1,0,1,6,0,6
110,私立,一般大學,1005,淡江大學學校財團法人淡江大學,01199108,教育與未來設計學系,3,2,1,0,0,0,0,2,1,0,0,0,0,3,2,1,3,2,1
110,私立,一般大學,1005,淡江大學學校財團法人淡江大學,02221078,歷史學系,25,21,4,4,0,3,1,11,2,3,1,0,0,21,18,3,25,21,4
110,私立,一般大學,1005,淡江大學學校財團法人淡江大學,02311081,俄國語文學系,8,3,5,1,0,0,0,1,0,1,5,0,0,2,2,0,8,3,5
110,私立,一般大學,1005,淡江大學學校財團法人淡江大學,02311082,日本語文學系,38,12,26,0,0,0,2,1,2,11,22,0,0,5,1,4,38,12,26
110,私立,一般大學,1005,淡江大學學校財團法人淡江大學,02311084,西班牙語文學系,11,6,5,0,0,0,1,1,0,5,4,0,0,2,1,1,11,6,5
110,私立,一般大學,1005,淡江大學學校財團法人淡江大學,02311085,德國語文學系,10,4,6,0,0,1,0,1,0,2,6,0,0,2,2,0,10,4,6
110,私立,一般大學,1005,淡江大學學校財團法人淡江大學,02311086,法國語文學系,20,11,9,1,0,4,1,1,3,5,5,0,0,10,6,4,20,11,9
110,私立,一般大學,1005,淡江大學學校財團法人淡江大學,02311088,英文學系,80,29,51,0,0,4,2,4,11,21,38,0,0,21,8,13,80,29,51
110,私立,一般大學,1005,淡江大學學校財團法人淡江大學,02322090,中國文學學系,36,16,20,3,1,2,2,3,11,8,6,0,0,22,8,14,36,16,20
110,私立,一般大學,1005,淡江大學學校財團法人淡江大學,03111075,產業經濟學系,11,9,2,0,0,2,0,3,2,4,0,0,0,7,5,2,11,9,2
110,私立,一般大學,1005,淡江大學學校財團法人淡江大學,03111076,經濟學系,16,13,3,1,1,2,0,4,0,6,2,0,0,8,7,1,16,13,3
110,私立,一般大學,1005,淡江大學學校財團法人淡江大學,03122059,外交與國際關係學系,4,3,1,0,1,0,0,1,0,2,0,0,0,2,1,1,4,3,1
110,私立,一般大學,1005,淡江大學學校財團法人淡江大學,03122060,國際事務與戰略研究所,3,3,0,1,0,1,0,1,0,0,0,0,0,3,3,0,3,3,0
110,私立,一般大學,1005,淡江大學學校財團法人淡江大學,03131096,教育心理與諮商研究所,1,0,1,0,0,0,0,0,1,0,0,0,0,1,0,1,1,0,1
110,私立,一般大學,1005,淡江大學學校財團法人淡江大學,03143064,拉丁美洲研究所,2,0,2,0,0,0,2,0,0,0,0,0,0,2,0,2,2,0,2
110,私立,一般大學,1005,淡江大學學校財團法人淡江大學,03143067,中國大陸研究所,3,3,0,1,0,0,0,2,0,0,0,0,0,3,3,0,3,3,0
110,私立,一般大學,1005,淡江大學學校財團法人淡江大學,03143068,歐洲研究所,2,2,0,1,0,0,0,1,0,0,0,0,0,2,2,0,2,2,0
110,私立,一般大學,1005,淡江大學學校財團法人淡江大學,03143073,日本政經研究所,1,1,0,1,0,0,0,0,0,0,0,0,0,1,1,0,1,1,0
110,私立,一般大學,1005,淡江大學學校財團法人淡江大學,03211055,大眾傳播學系,10,7,3,0,0,0,0,2,1,5,2,0,0,3,2,1,10,7,3
110,私立,一般大學,1005,淡江大學學校財團法人淡江大學,03214054,資訊傳播學系,6,3,3,0,0,1,0,2,0,0,3,0,0,3,3,0,6,3,3
110,私立,一般大學,1005,淡江大學學校財團法人淡江大學,03222052,資訊與圖書館學系,11,4,7,0,1,0,0,3,1,1,5,0,0,5,3,2,11,4,7
110,私立,一般大學,1005,淡江大學學校財團法人淡江大學,04111051,會計學系,21,8,13,1,0,0,2,2,8,5,3,0,0,13,3,10,21,8,13
110,私立,一般大學,1005,淡江大學學校財團法人淡江大學,04121037,財務金融學系,27,18,9,1,0,6,1,2,2,9,6,0,0,12,9,3,27,18,9
110,私立,一般大學,1005,淡江大學學校財團法人淡江大學,04123104,風險管理與保險學系,12,9,3,1,0,1,0,3,3,4,0,0,0,8,5,3,12,9,3
110,私立,一般大學,1005,淡江大學學校財團法人淡江大學,04131040,國際企業學系,16,9,7,1,0,0,1,2,1,6,5,0,0,5,3,2,16,9,7
110,私立,一般大學,1005,淡江大學學校財團法人淡江大學,04131047,管理科學學系,17,7,10,0,2,1,2,3,4,3,2,0,0,12,4,8,17,7,10
110,私立,一般大學,1005,淡江大學學校財團法人淡江大學,04131049,企業管理學系,23,17,6,0,0,1,2,3,4,13,0,0,0,10,4,6,23,17,6
110,私立,一般大學,1005,淡江大學學校財團法人淡江大學,04134061,公共行政學系,17,13,4,0,0,1,0,7,0,5,4,0,0,8,8,0,17,13,4
110,私立,一般大學,1005,淡江大學學校財團法人淡江大學,05311031,化學學系,7,5,2,1,1,0,0,4,1,0,0,0,0,7,5,2,7,5,2
110,私立,一般大學,1005,淡江大學學校財團法人淡江大學,05331030,物理學系,7,6,1,2,0,2,1,2,0,0,0,0,0,7,6,1,7,6,1
110,私立,一般大學,1005,淡江大學學校財團法人淡江大學,05411026,數學學系,17,15,2,4,1,5,1,4,0,2,0,0,0,15,13,2,17,15,2
110,私立,一般大學,1005,淡江大學學校財團法人淡江大學,05421024,統計學系,15,10,5,2,0,5,1,1,2,2,2,0,0,11,8,3,15,10,5
110,私立,一般大學,1005,淡江大學學校財團法人淡江大學,06131018,資訊工程學系,35,34,1,2,0,2,1,22,0,8,0,0,0,27,26,1,35,34,1
110,私立,一般大學,1005,淡江大學學校財團法人淡江大學,06131023,資訊管理學系,21,17,4,0,0,2,0,4,2,11,2,0,0,8,6,2,21,17,4
110,私立,一般大學,1005,淡江大學學校財團法人淡江大學,06131107,人工智慧學系,1,1,0,0,0,0,0,1,0,0,0,0,0,1,1,0,1,1,0
110,私立,一般大學,1005,淡江大學學校財團法人淡江大學,07111010,化學工程與材料工程學系,2,2,0,1,0,0,0,0,0,1,0,0,0,1,1,0,2,2,0
110,私立,一般大學,1005,淡江大學學校財團法人淡江大學,07122009,水資源及環境工程學系,10,10,0,1,0,1,0,5,0,3,0,0,0,7,7,0,10,10,0
110,私立,一般大學,1005,淡江大學學校財團法人淡江大學,07141019,電機工程學系,25,23,2,2,0,2,0,11,1,8,1,0,0,16,15,1,25,23,2
110,私立,一般大學,1005,淡江大學學校財團法人淡江大學,07151015,機械與機電工程學系,13,12,1,4,0,0,0,2,0,6,1,0,0,6,6,0,13,12,1
110,私立,一般大學,1005,淡江大學學校財團法人淡江大學,07162017,航空太空工程學系,4,4,0,1,0,0,0,1,0,2,0,0,0,2,2,0,4,4,0
110,私立,一般大學,1005,淡江大學學校財團法人淡江大學,07311007,建築學系,41,32,9,0,0,3,0,2,0,27,9,0,0,5,5,0,41,32,9
110,私立,一般大學,1005,淡江大學學校財團法人淡江大學,07321012,土木工程學系,9,8,1,1,0,2,0,4,1,1,0,0,0,8,7,1,9,8,1
110,私立,一般大學,1005,淡江大學學校財團法人淡江大學,10151005,國際觀光管理學系,4,2,2,0,0,0,0,0,0,2,2,0,0,0,0,0,4,2,2
110,私立,一般大學,1005,淡江大學學校財團法人淡江大學,10411002,運輸管理學系,9,8,1,0,1,3,0,1,0,4,0,0,0,5,4,1,9,8,1
110,私立,一般大學,1005,淡江大學學校財團法人淡江大學,99999Z01,通識與核心課程中心,11,9,2,0,0,1,0,4,1,4,1,0,0,6,5,1,11,9,2
110,私立,一般大學,1005,淡江大學學校財團法人淡江大學,99999Z05,師資培育中心,6,3,3,0,0,0,0,1,1,2,2,0,0,2,1,1,6,3,3
110,私立,一般大學,1005,淡江大學學校財團法人淡江大學,99999Z07,體育事務處,31,24,7,3,1,3,2,5,2,13,2,0,0,16,11,5,31,24,7
110,私立,一般大學,1006,中國文化大學,01111046,教育學系,1,1,0,1,0,0,0,0,0,0,0,0,0,1,1,0,1,1,0
110,私立,一般大學,1006,中國文化大學,01141023,體育學系,26,17,9,2,1,7,3,2,0,6,5,0,0,15,11,4,26,17,9
110,私立,一般大學,1006,中國文化大學,02111121,科技藝術碩士學位學程,1,1,0,0,0,0,0,1,0,0,0,0,0,1,1,0,1,1,0
110,私立,一般大學,1006,中國文化大學,02112060,數位媒體學士學位學程,15,8,7,0,1,0,0,2,0,6,6,0,0,3,2,1,15,8,7
110,私立,一般大學,1006,中國文化大學,02131059,美術學系,10,6,4,2,1,0,1,1,1,3,1,0,0,6,3,3,10,6,4
110,私立,一般大學,1006,中國文化大學,02151007,中國音樂學系,60,25,35,0,1,2,3,11,16,12,15,0,0,33,13,20,60,25,35
110,私立,一般大學,1006,中國文化大學,02151040,音樂學系,90,29,61,3,3,7,13,11,20,8,25,0,0,57,21,36,90,29,61
110,私立,一般大學,1006,中國文化大學,02152008,中國戲劇學系,11,6,5,0,0,1,1,3,4,2,0,0,0,9,4,5,11,6,5
110,私立,一般大學,1006,中國文化大學,02152009,舞蹈學系,10,2,8,0,2,0,3,0,1,2,2,0,0,6,0,6,10,2,8
110,私立,一般大學,1006,中國文化大學,02152043,戲劇學系,13,9,4,2,0,0,0,2,1,5,3,0,0,5,4,1,13,9,4
110,私立,一般大學,1006,中國文化大學,02221098,史學系,10,8,2,3,1,4,0,1,1,0,0,0,0,10,8,2,10,8,2
110,私立,一般大學,1006,中國文化大學,02231081,哲學系,8,6,2,3,0,1,0,2,2,0,0,0,0,8,6,2,8,6,2
110,私立,一般大學,1006,中國文化大學,02311010,韓國語文學系,8,1,7,1,0,0,0,0,2,0,5,0,0,3,1,2,8,1,7
110,私立,一般大學,1006,中國文化大學,02311047,俄國語文學系,2,0,2,0,0,0,1,0,1,0,0,0,0,2,0,2,2,0,2
110,私立,一般大學,1006,中國文化大學,02311052,英國語文學系,15,7,8,0,2,1,1,5,3,1,2,0,0,12,6,6,15,7,8
110,私立,一般大學,1006,中國文化大學,02311077,日本語文學系,15,8,7,0,1,5,0,0,1,3,5,0,0,7,5,2,15,8,7
110,私立,一般大學,1006,中國文化大學,02311079,德國語文學系,4,1,3,0,0,0,1,0,1,1,1,0,0,2,0,2,4,1,3
110,私立,一般大學,1006,中國文化大學,02311089,法國語文學系,7,2,5,0,0,0,0,1,2,1,3,0,0,3,1,2,7,2,5
110,私立,一般大學,1006,中國文化大學,02322001,中國文學系,43,10,33,5,5,1,4,3,20,1,4,0,0,38,9,29,43,10,33
110,私立,一般大學,1006,中國文化大學,03111099,經濟學系,11,8,3,2,0,1,0,5,3,0,0,0,0,11,8,3,11,8,3
110,私立,一般大學,1006,中國文化大學,03121011,國家發展與中國大陸研究所,3,3,0,3,0,0,0,0,0,0,0,0,0,3,3,0,3,3,0
110,私立,一般大學,1006,中國文化大學,03121061,政治學系,9,7,2,2,0,1,2,3,0,1,0,0,0,8,6,2,9,7,2
110,私立,一般大學,1006,中國文化大學,03131004,心理輔導學系,3,2,1,1,1,0,0,0,0,1,0,0,0,2,1,1,3,2,1
110,私立,一般大學,1006,中國文化大學,03142087,地學研究所,1,1,0,1,0,0,0,0,0,0,0,0,0,1,1,0,1,1,0
110,私立,一般大學,1006,中國文化大學,03199051,勞動暨人力資源學系,11,10,1,0,0,4,0,4,1,2,0,0,0,9,8,1,11,10,1
110,私立,一般大學,1006,中國文化大學,03211036,大眾傳播學系,4,3,1,0,0,0,0,3,0,0,1,0,0,3,3,0,4,3,1
110,私立,一般大學,1006,中國文化大學,03212033,新聞學系,14,13,1,2,0,4,1,3,0,4,0,0,0,10,9,1,14,13,1
110,私立,一般大學,1006,中國文化大學,03214101,資訊傳播學系,7,6,1,1,0,1,0,3,0,1,1,0,0,5,5,0,7,6,1
110,私立,一般大學,1006,中國文化大學,04111065,會計學系,15,10,5,3,0,2,2,2,0,3,3,0,0,9,7,2,15,10,5
110,私立,一般大學,1006,中國文化大學,04121037,財務金融學系,29,22,7,3,0,3,0,9,2,7,5,0,0,17,15,2,29,22,7
110,私立,一般大學,1006,中國文化大學,04131015,國際企業管理學系,49,17,32,2,1,4,2,7,8,4,21,0,0,24,13,11,49,17,32
110,私立,一般大學,1006,中國文化大學,04134012,行政管理學系,5,5,0,2,0,2,0,1,0,0,0,0,0,5,5,0,5,5,0
110,私立,一般大學,1006,中國文化大學,04134062,社會企業管理碩士在職學位學程,5,2,3,0,1,0,2,2,0,0,0,0,0,5,2,3,5,2,3
110,私立,一般大學,1006,中國文化大學,04141041,國際貿易學系,16,10,6,3,0,1,0,3,2,3,4,0,0,9,7,2,16,10,6
110,私立,一般大學,1006,中國文化大學,04143013,廣告學系,16,9,7,1,0,2,1,4,3,2,3,0,0,11,7,4,16,9,7
110,私立,一般大學,1006,中國文化大學,04143027,行銷碩士學位學程,2,2,0,1,0,0,0,1,0,0,0,0,0,2,2,0,2,2,0
110,私立,一般大學,1006,中國文化大學,04191014,全球商務碩士學位學程,1,1,0,0,0,0,0,1,0,0,0,0,0,1,1,0,1,1,0
110,私立,一般大學,1006,中國文化大學,04191014,全球商務學士學位學程,1,1,0,0,0,1,0,0,0,0,0,0,0,1,1,0,1,1,0
110,私立,一般大學,1006,中國文化大學,04199064,時尚與創意產業品牌建構及經營進修學士學位學程,16,6,10,1,0,0,2,1,3,4,5,0,0,7,2,5,16,6,10
110,私立,一般大學,1006,中國文化大學,04212020,法律學系,59,49,10,13,0,10,1,8,3,18,6,0,0,35,31,4,59,49,10
110,私立,一般大學,1006,中國文化大學,05111091,生命科學系,5,2,3,1,1,0,0,1,2,0,0,0,0,5,2,3,5,2,3
110,私立,一般大學,1006,中國文化大學,05191057,保健營養學系,1,0,1,0,0,0,0,0,0,0,1,0,0,0,0,0,1,0,1
110,私立,一般大學,1006,中國文化大學,05311026,化學系,4,4,0,1,0,1,0,2,0,0,0,0,0,4,4,0,4,4,0
110,私立,一般大學,1006,中國文化大學,05321083,土地資源學系,7,7,0,1,0,2,0,4,0,0,0,0,0,7,7,0,7,7,0
110,私立,一般大學,1006,中國文化大學,05321112,地質學系,2,2,0,0,0,1,0,1,0,0,0,0,0,2,2,0,2,2,0
110,私立,一般大學,1006,中國文化大學,05322097,大氣科學系,6,4,2,1,0,1,0,2,2,0,0,0,0,6,4,2,6,4,2
110,私立,一般大學,1006,中國文化大學,05331115,光電物理學系,8,6,2,1,0,1,0,3,2,1,0,0,0,7,5,2,8,6,2
110,私立,一般大學,1006,中國文化大學,05411114,應用數學系,10,9,1,0,0,4,0,3,1,2,0,0,0,8,7,1,10,9,1
110,私立,一般大學,1006,中國文化大學,06131021,資訊工程學系,11,11,0,0,0,5,0,4,0,2,0,0,0,9,9,0,11,11,0
110,私立,一般大學,1006,中國文化大學,06132006,資訊管理學系,23,17,6,1,0,3,0,11,4,2,2,0,0,19,15,4,23,17,6
110,私立,一般大學,1006,中國文化大學,07111028,化學工程與材料工程學系,5,5,0,1,0,1,0,2,0,1,0,0,0,4,4,0,5,5,0
110,私立,一般大學,1006,中國文化大學,07112C01,紡織產業碩士專班,3,3,0,0,0,0,0,3,0,0,0,0,0,3,3,0,3,3,0
110,私立,一般大學,1006,中國文化大學,07141085,電機工程學系,5,5,0,1,0,0,0,4,0,0,0,0,0,5,5,0,5,5,0
110,私立,一般大學,1006,中國文化大學,07151107,機械工程學系,7,7,0,0,0,2,0,3,0,2,0,0,0,5,5,0,7,7,0
110,私立,一般大學,1006,中國文化大學,07192108,紡織工程學系,3,1,2,0,0,0,1,1,1,0,0,0,0,3,1,2,3,1,2
110,私立,一般大學,1006,中國文化大學,07311068,建築及都市設計學系,43,37,6,1,0,6,0,14,3,16,3,0,0,24,21,3,43,37,6
110,私立,一般大學,1006,中國文化大學,07312103,景觀學系,25,15,10,2,0,3,4,4,4,6,2,0,0,17,9,8,25,15,10
110,私立,一般大學,1006,中國文化大學,07313118,都市計劃與開發管理學系,16,11,5,2,0,2,0,4,1,3,4,0,0,9,8,1,16,11,5
110,私立,一般大學,1006,中國文化大學,08112116,動物科學系,1,0,1,0,0,0,1,0,0,0,0,0,0,1,0,1,1,0,1
110,私立,一般大學,1006,中國文化大學,08121106,園藝暨生物技術學系,3,3,0,2,0,1,0,0,0,0,0,0,0,3,3,0,3,3,0
110,私立,一般大學,1006,中國文化大學,08211054,森林暨自然保育學系,2,2,0,0,0,1,0,1,0,0,0,0,0,2,2,0,2,2,0
110,私立,一般大學,1006,中國文化大學,09221069,青少年兒童福利碩士學位學程,1,0,1,0,1,0,0,0,0,0,0,0,0,1,0,1,1,0,1
110,私立,一般大學,1006,中國文化大學,09299082,社會福利學系,8,3,5,1,0,1,1,0,0,1,4,0,0,3,2,1,8,3,5
110,私立,一般大學,1006,中國文化大學,10111090,生活應用科學系,4,2,2,1,0,0,2,0,0,1,0,0,0,3,1,2,4,2,2
110,私立,一般大學,1006,中國文化大學,10141002,技擊運動暨國術學系,8,6,2,0,0,1,0,2,1,3,1,0,0,4,3,1,8,6,2
110,私立,一般大學,1006,中國文化大學,10142093,運動與健康促進學系,16,10,6,0,1,5,0,3,3,2,2,0,0,12,8,4,16,10,6
110,私立,一般大學,1006,中國文化大學,10151005,觀光事業學系,2,1,1,0,0,1,1,0,0,0,0,0,0,2,1,1,2,1,1
110,私立,一般大學,1006,中國文化大學,10151070,休閒事業管理學士學位學程,12,6,6,0,0,2,0,1,4,3,2,0,0,7,3,4,12,6,6
110,私立,一般大學,1006,中國文化大學,99999Z08,語文教學中心,35,10,25,0,0,0,1,1,2,9,22,0,0,4,1,3,35,10,25
110,私立,一般大學,1007,逢甲大學,02311002,外國語文學系,3,3,0,0,0,1,0,2,0,0,0,0,0,3,3,0,3,3,0
110,私立,一般大學,1007,逢甲大學,02322001,中國文學系,2,1,1,1,0,0,1,0,0,0,0,0,0,2,1,1,2,1,1
110,私立,一般大學,1007,逢甲大學,03111009,經濟學系,7,6,1,2,0,2,1,1,0,1,0,0,0,6,5,1,7,6,1
110,私立,一般大學,1007,逢甲大學,03111012,合作經濟暨社會事業經營學系,5,5,0,1,0,3,0,1,0,0,0,0,0,5,5,0,5,5,0
110,私立,一般大學,1007,逢甲大學,04111017,會計學系,18,11,7,2,0,2,0,6,7,1,0,0,0,17,10,7,18,11,7
110,私立,一般大學,1007,逢甲大學,04121025,財務金融學系,2,1,1,0,0,1,0,0,0,0,1,0,0,1,1,0,2,1,1
110,私立,一般大學,1007,逢甲大學,04121026,金融碩士在職學位學程,1,1,0,1,0,0,0,0,0,0,0,0,0,1,1,0,1,1,0
110,私立,一般大學,1007,逢甲大學,04122032,財稅學系,7,4,3,2,0,2,0,0,1,0,2,0,0,5,4,1,7,4,3
110,私立,一般大學,1007,逢甲大學,04123029,風險管理與保險學系,8,8,0,2,0,3,0,2,0,1,0,0,0,7,7,0,8,8,0
110,私立,一般大學,1007,逢甲大學,04131019,企業管理學系,7,5,2,0,0,0,0,4,2,1,0,0,0,6,4,2,7,5,2
110,私立,一般大學,1007,逢甲大學,04131021,國際企業管理全英語學士學位學程,3,2,1,0,0,0,0,2,0,0,1,0,0,2,2,0,3,2,1
110,私立,一般大學,1007,逢甲大學,04134086,土地管理學系,14,12,2,1,0,4,0,7,2,0,0,0,0,14,12,2,14,12,2
110,私立,一般大學,1007,逢甲大學,04141024,國際經營與貿易學系,5,4,1,2,0,0,0,2,1,0,0,0,0,5,4,1,5,4,1
110,私立,一般大學,1007,逢甲大學,04143033,行銷學系,8,6,2,0,0,0,0,6,2,0,0,0,0,8,6,2,8,6,2
110,私立,一般大學,1007,逢甲大學,04191014,商學進修學士學位學程,2,1,1,0,0,0,0,1,1,0,0,0,0,2,1,1,2,1,1
110,私立,一般大學,1007,逢甲大學,04191016,商學專業碩士在職學位學程,2,2,0,0,0,0,0,2,0,0,0,0,0,2,2,0,2,2,0
110,私立,一般大學,1007,逢甲大學,04199035,澳洲墨爾本皇家理工大學商學與創新雙學士學位學程,2,2,0,0,0,1,0,1,0,0,0,0,0,2,2,0,2,2,0
110,私立,一般大學,1007,逢甲大學,04199037,專案管理碩士在職學位學程,3,3,0,0,0,0,0,3,0,0,0,0,0,3,3,0,3,3,0
110,私立,一般大學,1007,逢甲大學,04199096,建設碩士在職學位學程,8,5,3,0,0,0,1,5,2,0,0,0,0,8,5,3,8,5,3
110,私立,一般大學,1007,逢甲大學,04199Y28,國際科技與管理學院,8,7,1,2,0,1,0,3,1,1,0,0,0,7,6,1,8,7,1
110,私立,一般大學,1007,逢甲大學,04199Y29,經營管理學院,13,12,1,11,1,1,0,0,0,0,0,0,0,13,12,1,13,12,1
110,私立,一般大學,1007,逢甲大學,04212038,財經法律研究所,8,8,0,2,0,3,0,2,0,1,0,0,0,7,7,0,8,8,0
110,私立,一般大學,1007,逢甲大學,05411039,應用數學系,8,6,2,1,0,0,1,3,1,2,0,0,0,6,4,2,8,6,2
110,私立,一般大學,1007,逢甲大學,05421040,統計學系,12,10,2,2,1,5,1,3,0,0,0,0,0,12,10,2,12,10,2
110,私立,一般大學,1007,逢甲大學,06131048,資訊工程學系,4,4,0,1,0,1,0,2,0,0,0,0,0,4,4,0,4,4,0
110,私立,一般大學,1007,逢甲大學,07111068,化學工程學系,4,3,1,0,0,2,0,1,1,0,0,0,0,4,3,1,4,3,1
110,私立,一般大學,1007,逢甲大學,07112069,材料科學與工程學系,4,4,0,1,0,1,0,2,0,0,0,0,0,4,4,0,4,4,0
110,私立,一般大學,1007,逢甲大學,07121075,環境工程與科學學系,5,5,0,1,0,1,0,3,0,0,0,0,0,5,5,0,5,5,0
110,私立,一般大學,1007,逢甲大學,07122077,水利工程與資源保育學系,5,5,0,1,0,0,0,4,0,0,0,0,0,5,5,0,5,5,0
110,私立,一般大學,1007,逢甲大學,07132079,綠色能源科技碩士學位學程,1,1,0,0,0,0,0,1,0,0,0,0,0,1,1,0,1,1,0
110,私立,一般大學,1007,逢甲大學,07141044,電機工程學系,4,4,0,2,0,1,0,1,0,0,0,0,0,4,4,0,4,4,0
110,私立,一般大學,1007,逢甲大學,07141046,電子工程學系,4,4,0,2,0,0,0,2,0,0,0,0,0,4,4,0,4,4,0
110,私立,一般大學,1007,逢甲大學,07141050,通訊工程學系,1,1,0,0,0,0,0,1,0,0,0,0,0,1,1,0,1,1,0
110,私立,一般大學,1007,逢甲大學,07141052,自動控制工程學系,9,9,0,2,0,1,0,6,0,0,0,0,0,9,9,0,9,9,0
110,私立,一般大學,1007,逢甲大學,07141053,資訊電機工程碩士在職學位學程,1,1,0,0,0,1,0,0,0,0,0,0,0,1,1,0,1,1,0
110,私立,一般大學,1007,逢甲大學,07141101,光電科學與工程學系,5,5,0,1,0,3,0,1,0,0,0,0,0,5,5,0,5,5,0
110,私立,一般大學,1007,逢甲大學,07151061,機械與電腦輔助工程學系,8,8,0,1,0,3,0,4,0,0,0,0,0,8,8,0,8,8,0
110,私立,一般大學,1007,逢甲大學,07151062,精密系統設計學士學位學程,5,5,0,0,0,1,0,4,0,0,0,0,0,5,5,0,5,5,0
110,私立,一般大學,1007,逢甲大學,07162059,航太與系統工程學系,8,8,0,1,0,2,0,5,0,0,0,0,0,8,8,0,8,8,0
110,私立,一般大學,1007,逢甲大學,07191072,工業工程與系統管理學系,4,3,1,1,0,1,0,0,1,1,0,0,0,3,2,1,4,3,1
110,私立,一般大學,1007,逢甲大學,07192074,纖維與複合材料學系,12,8,4,1,1,2,1,5,2,0,0,0,0,12,8,4,12,8,4
110,私立,一般大學,1007,逢甲大學,07193078,生醫資訊暨生醫工程碩士學位學程,4,4,0,0,0,1,0,3,0,0,0,0,0,4,4,0,4,4,0
110,私立,一般大學,1007,逢甲大學,07199080,電聲碩士學位學程,3,3,0,1,0,1,0,1,0,0,0,0,0,3,3,0,3,3,0
110,私立,一般大學,1007,逢甲大學,07199098,智能製造與工程管理碩士在職學位學程,2,2,0,2,0,0,0,0,0,0,0,0,0,2,2,0,2,2,0
110,私立,一般大學,1007,逢甲大學,07199Y53,資訊電機學院,1,1,0,1,0,0,0,0,0,0,0,0,0,1,1,0,1,1,0
110,私立,一般大學,1007,逢甲大學,07311083,建築專業學院,85,67,18,2,0,5,1,21,5,39,12,0,0,34,28,6,85,67,18
110,私立,一般大學,1007,逢甲大學,07313087,都市計畫與空間資訊學系,14,10,4,0,1,2,0,7,3,1,0,0,0,13,9,4,14,10,4
110,私立,一般大學,1007,逢甲大學,07321063,土木工程學系,16,13,3,3,0,2,0,6,3,2,0,0,0,14,11,3,16,13,3
110,私立,一般大學,1007,逢甲大學,07321100,土木水利工程與建設規劃博士學位學程,1,1,0,0,0,0,0,1,0,0,0,0,0,1,1,0,1,1,0
110,私立,一般大學,1007,逢甲大學,07399102,智慧城市碩士學位學程,2,2,0,0,0,0,0,2,0,0,0,0,0,2,2,0,2,2,0
110,私立,一般大學,1007,逢甲大學,10411093,運輸與物流學系,6,6,0,1,0,1,0,4,0,0,0,0,0,6,6,0,6,6,0
110,私立,一般大學,1007,逢甲大學,99999Z01,通識教育中心,105,66,39,4,0,8,5,46,28,8,6,0,0,91,58,33,105,66,39
110,私立,一般大學,1007,逢甲大學,99999Z07,體育教學中心,22,15,7,0,0,7,1,8,6,0,0,0,0,22,15,7,22,15,7
110,私立,一般大學,1007,逢甲大學,99999Z08,外語教學中心,52,12,40,0,0,0,1,3,7,9,32,0,0,11,3,8,52,12,40
110,私立,一般大學,1007,逢甲大學,99999Z08,國語文教學中心,40,18,22,0,0,0,0,18,15,0,7,0,0,33,18,15,40,18,22
110,私立,一般大學,1007,逢甲大學,99999Z99,創能學院,2,2,0,0,0,0,0,2,0,0,0,0,0,2,2,0,2,2,0
110,私立,一般大學,1008,靜宜大學,01111001,教育研究所,1,0,1,0,0,0,0,0,1,0,0,0,0,1,0,1,1,0,1
110,私立,一般大學,1008,靜宜大學,02299040,原住民族文化碩士學位學程,6,2,4,1,1,0,1,1,2,0,0,0,0,6,2,4,6,2,4
110,私立,一般大學,1008,靜宜大學,02299Y13,人文暨社會科學院,12,7,5,1,0,0,0,4,0,2,5,0,0,5,5,0,12,7,5
110,私立,一般大學,1008,靜宜大學,02311004,英國語文學系,21,11,10,1,1,0,3,1,1,9,5,0,0,7,2,5,21,11,10
110,私立,一般大學,1008,靜宜大學,02311005,西班牙語文學系,17,4,13,0,0,1,0,0,2,3,11,0,0,3,1,2,17,4,13
110,私立,一般大學,1008,靜宜大學,02311006,日本語文學系,27,4,23,0,0,1,0,0,5,3,18,0,0,6,1,5,27,4,23
110,私立,一般大學,1008,靜宜大學,02311007,寰宇外語教育學士學位學程,6,1,5,0,1,0,0,0,0,1,4,0,0,1,0,1,6,1,5
110,私立,一般大學,1008,靜宜大學,02321002,台灣文學系,7,4,3,0,0,1,0,1,0,2,3,0,0,2,2,0,7,4,3
110,私立,一般大學,1008,靜宜大學,02322003,中國文學系,10,5,5,1,0,1,0,1,2,2,3,0,0,5,3,2,10,5,5
110,私立,一般大學,1008,靜宜大學,03141038,犯罪防治碩士學位學程,6,5,1,2,0,1,0,2,1,0,0,0,0,6,5,1,6,5,1
110,私立,一般大學,1008,靜宜大學,03211008,大眾傳播學系,6,3,3,0,0,0,0,1,1,2,2,0,0,2,1,1,6,3,3
110,私立,一般大學,1008,靜宜大學,04111011,會計學系,18,10,8,2,0,2,1,3,2,3,5,0,0,10,7,3,18,10,8
110,私立,一般大學,1008,靜宜大學,04121019,財務金融學系,18,10,8,1,0,0,2,5,3,4,3,0,0,11,6,5,18,10,8
110,私立,一般大學,1008,靜宜大學,04131010,寰宇管理碩士學位學程,2,0,2,0,1,0,1,0,0,0,0,0,0,2,0,2,2,0,2
110,私立,一般大學,1008,靜宜大學,04131012,企業管理學系,9,7,2,2,0,0,0,3,2,2,0,0,0,7,5,2,9,7,2
110,私立,一般大學,1008,靜宜大學,04131014,管理碩士在職專班,4,4,0,1,0,0,0,3,0,0,0,0,0,4,4,0,4,4,0
110,私立,一般大學,1008,靜宜大學,04131015,國際企業學系,8,7,1,1,0,1,0,3,0,2,1,0,0,5,5,0,8,7,1
110,私立,一般大學,1008,靜宜大學,04131018,創新與創業管理碩士學位學程,1,1,0,0,0,0,0,1,0,0,0,0,0,1,1,0,1,1,0
110,私立,一般大學,1008,靜宜大學,04191010,寰宇管理學士學位學程,2,2,0,0,0,0,0,1,0,1,0,0,0,1,1,0,2,2,0
110,私立,一般大學,1008,靜宜大學,04211020,法律學系,22,18,4,0,0,1,0,5,0,12,4,0,0,6,6,0,22,18,4
110,私立,一般大學,1008,靜宜大學,05191031,食品營養學系,12,8,4,3,1,0,2,4,0,1,1,0,0,10,7,3,12,8,4
110,私立,一般大學,1008,靜宜大學,05212021,生態人文學系,3,2,1,0,0,0,0,1,0,1,1,0,0,1,1,0,3,2,1
110,私立,一般大學,1008,靜宜大學,05311023,應用化學系,5,5,0,3,0,1,0,1,0,0,0,0,0,5,5,0,5,5,0
110,私立,一般大學,1008,靜宜大學,05499036,財務工程學系,5,5,0,1,0,1,0,1,0,2,0,0,0,3,3,0,5,5,0
110,私立,一般大學,1008,靜宜大學,05499037,資料科學暨大數據分析與應用學系,6,5,1,1,0,1,0,1,0,2,1,0,0,3,3,0,6,5,1
110,私立,一般大學,1008,靜宜大學,06131027,資訊管理學系,7,7,0,3,0,0,0,1,0,3,0,0,0,4,4,0,7,7,0
110,私立,一般大學,1008,靜宜大學,06132009,資訊傳播工程學系,11,5,6,1,0,0,0,0,2,4,4,0,0,3,1,2,11,5,6
110,私立,一般大學,1008,靜宜大學,06199Y39,資訊學院,6,4,2,1,0,0,0,2,0,1,2,0,0,3,3,0,6,4,2
110,私立,一般大學,1008,靜宜大學,07141030,資訊工程學系,6,5,1,3,0,0,0,1,0,1,1,0,0,4,4,0,6,5,1
110,私立,一般大學,1008,靜宜大學,09161035,化粧品科學系,22,15,7,2,0,5,1,5,2,3,4,0,0,15,12,3,22,15,7
110,私立,一般大學,1008,靜宜大學,09231032,社會工作與兒童少年福利學系,36,19,17,0,0,2,1,2,2,15,14,0,0,7,4,3,36,19,17
110,私立,一般大學,1008,靜宜大學,09299039,社會企業與文化創意碩士學位學程,4,4,0,1,0,0,0,3,0,0,0,0,0,4,4,0,4,4,0
110,私立,一般大學,1008,靜宜大學,10151034,觀光事業學系,17,10,7,2,0,3,0,2,2,3,5,0,0,9,7,2,17,10,7
110,私立,一般大學,1008,靜宜大學,99999Y45,國際學院,5,0,5,0,0,0,0,0,1,0,4,0,0,1,0,1,5,0,5
110,私立,一般大學,1008,靜宜大學,99999Z01,通識教育中心,61,37,24,3,0,0,2,13,7,21,15,0,0,25,16,9,61,37,24
110,私立,一般大學,1008,靜宜大學,99999Z05,師資培育中心,9,5,4,0,0,0,0,3,0,2,4,0,0,3,3,0,9,5,4
110,私立,一般大學,1008,靜宜大學,99999Z07,體育室,30,25,5,0,0,1,0,5,1,19,4,0,0,7,6,1,30,25,5
110,私立,一般大學,1008,靜宜大學,99999Z08,外語教學中心,29,8,21,0,0,0,0,2,1,6,20,0,0,3,2,1,29,8,21
110,私立,一般大學,1008,靜宜大學,99999Z99,閱讀書寫暨素養課程研發中心,18,10,8,0,0,0,0,6,5,4,3,0,0,11,6,5,18,10,8
110,私立,一般大學,1009,長庚大學,02122001,工業設計學系,6,5,1,0,0,0,0,1,0,4,1,0,0,1,1,0,6,5,1
110,私立,一般大學,1009,長庚大學,04131005,工商管理學系,3,2,1,0,0,2,0,0,0,0,1,0,0,2,2,0,3,2,1
110,私立,一般大學,1009,長庚大學,04131008,商管專業學院碩士學位學程,2,2,0,0,0,0,0,2,0,0,0,0,0,2,2,0,2,2,0
110,私立,一般大學,1009,長庚大學,04133053,國際健康管理學士學位學程,1,1,0,0,0,0,0,1,0,0,0,0,0,1,1,0,1,1,0
110,私立,一般大學,1009,長庚大學,05123012,生物醫學研究所,1,1,0,0,0,0,0,1,0,0,0,0,0,1,1,0,1,1,0
110,私立,一般大學,1009,長庚大學,06131013,資訊管理學系,1,1,0,0,0,0,0,1,0,0,0,0,0,1,1,0,1,1,0
110,私立,一般大學,1009,長庚大學,06132054,人工智慧學士學位學程,3,3,0,0,0,1,0,2,0,0,0,0,0,3,3,0,3,3,0
110,私立,一般大學,1009,長庚大學,07141016,電子工程學系,1,1,0,0,0,1,0,0,0,0,0,0,0,1,1,0,1,1,0
110,私立,一般大學,1009,長庚大學,07193027,生物醫學工程研究所,1,1,0,0,0,0,0,1,0,0,0,0,0,1,1,0,1,1,0
110,私立,一般大學,1009,長庚大學,09111049,顱顏口腔醫學研究所,4,2,2,1,0,1,0,0,2,0,0,0,0,4,2,2,4,2,2
110,私立,一般大學,1009,長庚大學,09121028,醫學系,485,404,81,94,8,113,16,156,50,41,7,0,0,437,363,74,485,404,81
110,私立,一般大學,1009,長庚大學,09121029,臨床醫學研究所,2,2,0,2,0,0,0,0,0,0,0,0,0,2,2,0,2,2,0
110,私立,一般大學,1009,長庚大學,09131040,護理學系,49,2,47,0,0,0,2,0,2,2,43,0,0,4,0,4,49,2,47
110,私立,一般大學,1009,長庚大學,09141046,醫學生物技術暨檢驗學系,19,6,13,0,0,1,0,1,5,4,8,0,0,7,2,5,19,6,13
110,私立,一般大學,1009,長庚大學,09141048,醫學影像暨放射科學系,32,24,8,1,1,6,1,8,3,9,3,0,0,20,15,5,32,24,8
110,私立,一般大學,1009,長庚大學,09151037,物理治療學系,4,1,3,0,0,0,0,1,0,0,3,0,0,1,1,0,4,1,3
110,私立,一般大學,1009,長庚大學,09152038,職能治療學系,1,0,1,0,0,0,0,0,0,0,1,0,0,0,0,0,1,0,1
110,私立,一般大學,1009,長庚大學,09171031,中醫學系,55,49,6,15,1,14,0,11,3,9,2,0,0,44,40,4,55,49,6
110,私立,一般大學,1009,長庚大學,09199042,呼吸治療學系,5,2,3,1,0,1,0,0,1,0,2,0,0,3,2,1,5,2,3
110,私立,一般大學,1009,長庚大學,99999Z01,通識教育中心,6,3,3,0,0,0,0,1,0,2,3,0,0,1,1,0,6,3,3
110,私立,一般大學,1010,元智大學,02191001,藝術與設計學系,13,10,3,1,0,0,0,1,0,8,3,0,0,2,2,0,13,10,3
110,私立,一般大學,1010,元智大學,02299049,人文社會學院英語學士班,3,2,1,0,0,0,0,0,0,2,1,0,0,0,0,0,3,2,1
110,私立,一般大學,1010,元智大學,02311007,應用外語學系,11,4,7,0,0,1,1,1,1,2,5,0,0,4,2,2,11,4,7
110,私立,一般大學,1010,元智大學,02322004,中國語文學系,5,2,3,0,0,0,0,1,1,1,2,0,0,2,1,1,5,2,3
110,私立,一般大學,1010,元智大學,03141009,社會暨政策科學學系,11,7,4,4,0,0,0,1,2,2,2,0,0,7,5,2,11,7,4
110,私立,一般大學,1010,元智大學,04199Y31,管理學院,41,34,7,3,0,4,1,20,3,7,3,0,0,31,27,4,41,34,7
110,私立,一般大學,1010,元智大學,05121025,生物科技與工程研究所,1,1,0,1,0,0,0,0,0,0,0,0,0,1,1,0,1,1,0
110,私立,一般大學,1010,元智大學,05124027,生物與醫學資訊碩士學位學程,1,1,0,0,0,0,0,1,0,0,0,0,0,1,1,0,1,1,0
110,私立,一般大學,1010,元智大學,06131011,資訊管理學系,1,1,0,0,0,1,0,0,0,0,0,0,0,1,1,0,1,1,0
110,私立,一般大學,1010,元智大學,06131028,資訊工程學系,14,13,1,1,1,2,0,7,0,3,0,0,0,11,10,1,14,13,1
110,私立,一般大學,1010,元智大學,06131051,資訊學院英語學士班,1,1,0,1,0,0,0,0,0,0,0,0,0,1,1,0,1,1,0
110,私立,一般大學,1010,元智大學,06133013,資訊傳播學系,4,3,1,0,0,0,0,1,0,2,1,0,0,1,1,0,4,3,1
110,私立,一般大學,1010,元智大學,07111041,化學工程與材料科學學系,8,8,0,2,0,0,0,6,0,0,0,0,0,8,8,0,8,8,0
110,私立,一般大學,1010,元智大學,07141033,電機工程學系,23,21,2,4,0,3,1,12,1,2,0,0,0,21,19,2,23,21,2
110,私立,一般大學,1010,元智大學,07151037,機械工程學系,12,12,0,3,0,1,0,8,0,0,0,0,0,12,12,0,12,12,0
110,私立,一般大學,1010,元智大學,07191043,工業工程與管理學系,10,6,4,0,0,2,2,3,2,1,0,0,0,9,5,4,10,6,4
110,私立,一般大學,1010,元智大學,07193055,醫學研究所,5,5,0,0,0,1,0,4,0,0,0,0,0,5,5,0,5,5,0
110,私立,一般大學,1010,元智大學,07194050,工程學院英語學士班,2,0,2,0,0,0,0,0,1,0,1,0,0,1,0,1,2,0,2
110,私立,一般大學,1010,元智大學,99999Z01,通識教學部,57,34,23,5,1,4,3,18,11,7,8,0,0,42,27,15,57,34,23
110,私立,一般大學,1010,元智大學,99999Z07,體育室,19,13,6,0,0,0,0,5,0,8,6,0,0,5,5,0,19,13,6
110,私立,一般大學,1010,元智大學,99999Z08,國際語言文化中心,41,9,32,0,0,0,0,0,3,9,29,0,0,3,0,3,41,9,32
110,私立,一般大學,1011,中華大學學校財團法人中華大學,02123004,工業產品設計學系,4,4,0,0,0,0,0,1,0,3,0,0,0,1,1,0,4,4,0
110,私立,一般大學,1011,中華大學學校財團法人中華大學,02124005,建築與設計學院,12,6,6,0,0,0,0,3,3,3,3,0,0,6,3,3,12,6,6
110,私立,一般大學,1011,中華大學學校財團法人中華大學,02311002,應用日語學系,7,2,5,0,0,0,0,0,0,2,5,0,0,0,0,0,7,2,5
110,私立,一般大學,1011,中華大學學校財團法人中華大學,04121012,財務管理學系,3,2,1,0,0,0,0,1,0,1,1,0,0,1,1,0,3,2,1
110,私立,一般大學,1011,中華大學學校財團法人中華大學,04131007,企業管理學系,4,3,1,0,0,0,0,1,0,2,1,0,0,1,1,0,4,3,1
110,私立,一般大學,1011,中華大學學校財團法人中華大學,04131017,管理學院,4,3,1,0,0,0,0,3,1,0,0,0,0,4,3,1,4,3,1
110,私立,一般大學,1011,中華大學學校財團法人中華大學,04134006,行政管理學系,2,2,0,1,0,0,0,0,0,1,0,0,0,1,1,0,2,2,0
110,私立,一般大學,1011,中華大學學校財團法人中華大學,04199014,科技管理博士學位學程,2,2,0,0,0,1,0,1,0,0,0,0,0,2,2,0,2,2,0
110,私立,一般大學,1011,中華大學學校財團法人中華大學,04199Y31,管理學院,1,1,0,1,0,0,0,0,0,0,0,0,0,1,1,0,1,1,0
110,私立,一般大學,1011,中華大學學校財團法人中華大學,06131025,資訊工程學系,2,2,0,0,0,0,0,1,0,1,0,0,0,1,1,0,2,2,0
110,私立,一般大學,1011,中華大學學校財團法人中華大學,06134059,應用外語暨智慧商務學士學位學程,1,1,0,0,0,1,0,0,0,0,0,0,0,1,1,0,1,1,0
110,私立,一般大學,1011,中華大學學校財團法人中華大學,07141022,電機工程學系,6,5,1,0,0,0,0,1,0,4,1,0,0,1,1,0,6,5,1
110,私立,一般大學,1011,中華大學學校財團法人中華大學,07141024,電子工程學系,4,4,0,0,0,2,0,2,0,0,0,0,0,4,4,0,4,4,0
110,私立,一般大學,1011,中華大學學校財團法人中華大學,07151028,機械工程學系,2,2,0,0,0,0,0,2,0,0,0,0,0,2,2,0,2,2,0
110,私立,一般大學,1011,中華大學學校財團法人中華大學,07191015,工業管理學系,3,3,0,0,0,1,0,2,0,0,0,0,0,3,3,0,3,3,0
110,私立,一般大學,1011,中華大學學校財團法人中華大學,07194037,工程科學博士學位學程,1,1,0,0,0,0,0,1,0,0,0,0,0,1,1,0,1,1,0
110,私立,一般大學,1011,中華大學學校財團法人中華大學,07199053,光電與材料工程學系,1,1,0,1,0,0,0,0,0,0,0,0,0,1,1,0,1,1,0
110,私立,一般大學,1011,中華大學學校財團法人中華大學,07311038,建築與都市計畫學系,33,28,5,0,0,2,0,1,1,25,4,0,0,4,3,1,33,28,5
110,私立,一般大學,1011,中華大學學校財團法人中華大學,07312039,景觀建築學系,11,6,5,0,0,2,0,2,1,2,4,0,0,5,4,1,11,6,5
110,私立,一般大學,1011,中華大學學校財團法人中華大學,07321032,土木工程學系,1,1,0,0,0,0,0,1,0,0,0,0,0,1,1,0,1,1,0
110,私立,一般大學,1011,中華大學學校財團法人中華大學,10131041,餐旅管理學系,4,3,1,0,0,0,0,1,1,2,0,0,0,2,1,1,4,3,1
110,私立,一般大學,1011,中華大學學校財團法人中華大學,10151046,觀光學院碩士班,1,1,0,1,0,0,0,0,0,0,0,0,0,1,1,0,1,1,0
110,私立,一般大學,1011,中華大學學校財團法人中華大學,10151056,國際觀光與酒店管理雙學士學位學程,3,3,0,1,0,0,0,0,0,2,0,0,0,1,1,0,3,3,0
110,私立,一般大學,1011,中華大學學校財團法人中華大學,99999Z01,通識教育中心,21,14,7,2,1,3,0,4,2,5,4,0,0,12,9,3,21,14,7
110,私立,一般大學,1011,中華大學學校財團法人中華大學,99999Z08,語言中心,1,1,0,0,0,0,0,0,0,1,0,0,0,0,0,0,1,1,0
110,私立,一般大學,1012,大葉大學,02112011,視覺傳達設計學系,19,12,7,0,0,2,0,1,0,9,7,0,0,3,3,0,19,12,7
110,私立,一般大學,1012,大葉大學,02112037,多媒體數位內容學士學位學程,5,4,1,0,0,0,0,0,0,4,1,0,0,0,0,0,5,4,1
110,私立,一般大學,1012,大葉大學,02121002,造形藝術學系,16,10,6,0,0,1,0,1,0,8,6,0,0,2,2,0,16,10,6
110,私立,一般大學,1012,大葉大學,02122015,設計暨藝術學院,3,3,0,0,0,3,0,0,0,0,0,0,0,3,3,0,3,3,0
110,私立,一般大學,1012,大葉大學,02123012,工業設計學系,10,7,3,0,0,1,0,1,2,5,1,0,0,4,2,2,10,7,3
110,私立,一般大學,1012,大葉大學,02124014,空間設計學系,35,24,11,0,0,0,0,3,1,21,10,0,0,4,3,1,35,24,11
110,私立,一般大學,1012,大葉大學,02311004,英語學系,1,1,0,1,0,0,0,0,0,0,0,0,0,1,1,0,1,1,0
110,私立,一般大學,1012,大葉大學,02311006,應用日語學系,9,3,6,0,0,0,0,1,2,2,4,0,0,3,1,2,9,3,6
110,私立,一般大學,1012,大葉大學,02399Y17,外語學院,2,2,0,0,0,1,0,0,0,1,0,0,0,1,1,0,2,2,0
110,私立,一般大學,1012,大葉大學,03211018,傳播藝術學士學位學程,9,5,4,0,0,1,0,0,0,4,4,0,0,1,1,0,9,5,4
110,私立,一般大學,1012,大葉大學,04111020,會計資訊學系,2,1,1,0,0,0,0,0,1,1,0,0,0,1,0,1,2,1,1
110,私立,一般大學,1012,大葉大學,04121025,財務金融學系,9,7,2,0,0,0,0,1,0,6,2,0,0,1,1,0,9,7,2
110,私立,一般大學,1012,大葉大學,04131021,企業管理學系,10,8,2,0,0,2,0,5,0,1,2,0,0,7,7,0,10,8,2
110,私立,一般大學,1012,大葉大學,04131024,國際企業管理學系,1,0,1,0,0,0,0,0,0,0,1,0,0,0,0,0,1,0,1
110,私立,一般大學,1012,大葉大學,04199029,管理學院碩士在職專班,1,1,0,1,0,0,0,0,0,0,0,0,0,1,1,0,1,1,0
110,私立,一般大學,1012,大葉大學,05121080,生物醫學系,5,4,1,1,0,1,0,1,1,1,0,0,0,4,3,1,5,4,1
110,私立,一般大學,1012,大葉大學,06131036,資訊管理學系,1,0,1,0,0,0,0,0,0,0,1,0,0,0,0,0,1,0,1
110,私立,一般大學,1012,大葉大學,06131039,資訊工程學系,2,2,0,0,0,1,0,1,0,0,0,0,0,2,2,0,2,2,0
110,私立,一般大學,1012,大葉大學,07121054,環境工程學系,7,7,0,2,0,0,0,5,0,0,0,0,0,7,7,0,7,7,0
110,私立,一般大學,1012,大葉大學,07141038,電機工程學系,1,1,0,0,0,0,0,1,0,0,0,0,0,1,1,0,1,1,0
110,私立,一般大學,1012,大葉大學,07151046,機械與自動化工程學系,2,2,0,0,0,0,0,2,0,0,0,0,0,2,2,0,2,2,0
110,私立,一般大學,1012,大葉大學,07193081,醫學工程學系,3,3,0,0,0,0,0,3,0,0,0,0,0,3,3,0,3,3,0
110,私立,一般大學,1012,大葉大學,07199Y40,工學院,2,2,0,0,0,0,0,0,0,2,0,0,0,0,0,0,2,2,0
110,私立,一般大學,1012,大葉大學,07211078,食品暨應用生物科技學系,6,5,1,3,0,1,1,1,0,0,0,0,0,6,5,1,6,5,1
110,私立,一般大學,1012,大葉大學,09131065,護理學系,27,11,16,1,0,4,0,4,5,2,11,0,0,14,9,5,27,11,16
110,私立,一般大學,1012,大葉大學,09131Y55,護理暨健康學院,4,0,4,0,0,0,1,0,0,0,3,0,0,1,0,1,4,0,4
110,私立,一般大學,1012,大葉大學,09141066,視光學系,4,4,0,0,0,1,0,0,0,3,0,0,0,1,1,0,4,4,0
110,私立,一般大學,1012,大葉大學,09161064,藥用植物與保健學系,5,2,3,1,1,0,0,0,1,1,1,0,0,3,1,2,5,2,3
110,私立,一般大學,1012,大葉大學,10131067,餐旅管理學系,5,3,2,0,0,0,0,2,1,1,1,0,0,3,2,1,5,3,2
110,私立,一般大學,1012,大葉大學,10142072,運動健康管理學系,15,6,9,0,0,3,1,0,2,3,6,0,0,6,3,3,15,6,9
110,私立,一般大學,1012,大葉大學,10151069,觀光旅遊學系,9,2,7,0,0,0,0,1,2,1,5,0,0,3,1,2,9,2,7
110,私立,一般大學,1012,大葉大學,10152070,休閒事業管理學系,6,4,2,0,0,0,0,0,1,4,1,0,0,1,0,1,6,4,2
110,私立,一般大學,1012,大葉大學,10199074,烘焙暨飲料調製學士學位學程,5,4,1,0,0,0,0,0,0,4,1,0,0,0,0,0,5,4,1
110,私立,一般大學,1012,大葉大學,10199075,婚禮企劃暨節慶管理學士學位學程,1,0,1,0,0,0,0,0,0,0,1,0,0,0,0,0,1,0,1
110,私立,一般大學,1012,大葉大學,10199Y77,觀光餐旅學院,1,0,1,0,0,0,0,0,0,0,1,0,0,0,0,0,1,0,1
110,私立,一般大學,1012,大葉大學,10321076,消防安全學士學位學程,2,2,0,0,0,0,0,1,0,1,0,0,0,1,1,0,2,2,0
110,私立,一般大學,1012,大葉大學,99999Z01,通識教育中心,37,22,15,2,0,1,1,14,6,5,8,0,0,24,17,7,37,22,15
110,私立,一般大學,1012,大葉大學,99999Z07,體育室,3,2,1,0,0,0,0,1,0,1,1,0,0,1,1,0,3,2,1
110,私立,一般大學,1012,大葉大學,99999Z08,國際語言中心,22,3,19,0,0,0,0,0,2,3,17,0,0,2,0,2,22,3,19
110,私立,一般大學,1013,華梵大學,02112024,攝影與VR設計學系,5,3,2,1,0,0,0,1,1,1,1,0,0,3,2,1,5,3,2
110,私立,一般大學,1013,華梵大學,02122023,智慧生活設計學系,9,7,2,1,0,0,0,0,0,6,2,0,0,1,1,0,9,7,2
110,私立,一般大學,1013,華梵大學,02131002,美術與文創學系,11,8,3,3,0,1,0,1,2,3,1,0,0,7,5,2,11,8,3
110,私立,一般大學,1013,華梵大學,02131025,佛教藝術學系,14,9,5,5,2,0,1,3,2,1,0,0,0,13,8,5,14,9,5
110,私立,一般大學,1013,華梵大學,02299009,東方人文思想研究所,5,3,2,3,0,0,1,0,1,0,0,0,0,5,3,2,5,3,2
110,私立,一般大學,1013,華梵大學,02299X05,人文與藝術學院,5,5,0,0,0,1,0,2,0,2,0,0,0,3,3,0,5,5,0
110,私立,一般大學,1013,華梵大學,99999Z99,人文教育研究中心,12,7,5,1,1,0,0,1,4,5,0,0,0,7,2,5,12,7,5
110,私立,一般大學,1014,義守大學,02111001,電影與電視學系,4,2,2,0,0,0,0,0,0,2,2,0,0,0,0,0,4,2,2
110,私立,一般大學,1014,義守大學,02122004,傳播與設計學院原住民專班,3,1,2,0,0,0,0,0,0,1,2,0,0,0,0,0,3,1,2
110,私立,一般大學,1014,義守大學,02122068,國際傳媒與娛樂管理學系,1,1,0,0,0,0,0,0,0,1,0,0,0,0,0,0,1,1,0
110,私立,一般大學,1014,義守大學,02123006,創意商品設計學系,1,0,1,0,0,0,0,0,0,0,1,0,0,0,0,0,1,0,1
110,私立,一般大學,1014,義守大學,02311002,應用英語學系,3,2,1,0,0,0,0,1,0,1,1,0,0,1,1,0,3,2,1
110,私立,一般大學,1014,義守大學,02311003,應用日語學系,3,1,2,0,0,0,2,0,0,1,0,0,0,2,0,2,3,1,2
110,私立,一般大學,1014,義守大學,02311065,語文學院,16,3,13,0,0,0,0,0,2,3,11,0,0,2,0,2,16,3,13
110,私立,一般大學,1014,義守大學,03211008,大眾傳播學系,8,6,2,0,0,0,0,1,0,5,2,0,0,1,1,0,8,6,2
110,私立,一般大學,1014,義守大學,03214063,傳播產製英語學士學位學程,3,0,3,0,0,0,0,0,2,0,1,0,0,2,0,2,3,0,3
110,私立,一般大學,1014,義守大學,04121017,國際財務金融學系,1,0,1,0,0,0,0,0,0,0,1,0,0,0,0,0,1,0,1
110,私立,一般大學,1014,義守大學,04121066,財務金融管理學系,5,4,1,0,0,0,0,3,0,1,1,0,0,3,3,0,5,4,1
110,私立,一般大學,1014,義守大學,04131010,企業管理學系,18,13,5,1,0,0,0,8,2,4,3,0,0,11,9,2,18,13,5
110,私立,一般大學,1014,義守大學,04131012,管理學院管理博士班,1,1,0,1,0,0,0,0,0,0,0,0,0,1,1,0,1,1,0
110,私立,一般大學,1014,義守大學,04131013,國際企業經營學系,1,1,0,0,0,0,0,0,0,1,0,0,0,0,0,0,1,1,0
110,私立,一般大學,1014,義守大學,04133018,醫務管理學系,6,4,2,0,0,0,0,1,1,3,1,0,0,2,1,1,6,4,2
110,私立,一般大學,1014,義守大學,04134007,公共政策與管理學系,6,6,0,1,0,1,0,3,0,1,0,0,0,5,5,0,6,6,0
110,私立,一般大學,1014,義守大學,04141015,國際商務學系,2,1,1,0,0,0,0,1,0,0,1,0,0,1,1,0,2,1,1
110,私立,一般大學,1014,義守大學,04199019,工業管理學系,10,7,3,0,0,0,1,4,1,3,1,0,0,6,4,2,10,7,3
110,私立,一般大學,1014,義守大學,05191044,營養學系,4,2,2,0,0,0,0,0,0,2,2,0,0,0,0,0,4,2,2
110,私立,一般大學,1014,義守大學,06131024,資訊管理學系,12,10,2,0,0,0,0,5,1,5,1,0,0,6,5,1,12,10,2
110,私立,一般大學,1014,義守大學,07111033,化學工程學系,1,1,0,0,0,0,0,1,0,0,0,0,0,1,1,0,1,1,0
110,私立,一般大學,1014,義守大學,07141025,電機工程學系,10,9,1,0,0,0,0,4,1,5,0,0,0,5,4,1,10,9,1
110,私立,一般大學,1014,義守大學,07151030,機械與自動化工程學系,1,1,0,0,0,0,0,1,0,0,0,0,0,1,1,0,1,1,0
110,私立,一般大學,1014,義守大學,07193037,生物醫學工程學系,1,0,1,0,0,0,0,0,0,0,1,0,0,0,0,0,1,0,1
110,私立,一般大學,1014,義守大學,07194062,智慧化自動控制英語學士學位學程,1,1,0,0,0,0,0,0,0,1,0,0,0,0,0,0,1,1,0
110,私立,一般大學,1014,義守大學,07321031,土木工程學系,5,5,0,0,0,2,0,1,0,2,0,0,0,3,3,0,5,5,0
110,私立,一般大學,1014,義守大學,09121011,學士後醫學系外國學生專班,57,42,15,0,0,2,0,2,1,38,14,0,0,5,4,1,57,42,15
110,私立,一般大學,1014,義守大學,09121040,學士後中醫學系,57,50,7,2,0,1,0,15,1,32,6,0,0,19,18,1,57,50,7
110,私立,一般大學,1014,義守大學,09131046,護理學系,11,7,4,0,0,0,0,1,0,6,4,0,0,1,1,0,11,7,4
110,私立,一般大學,1014,義守大學,09141050,醫學影像暨放射科學系,9,6,3,0,0,1,0,2,0,3,3,0,0,3,3,0,9,6,3
110,私立,一般大學,1014,義守大學,09141061,醫學檢驗技術學系,7,5,2,0,0,0,0,0,0,5,2,0,0,0,0,0,7,5,2
110,私立,一般大學,1014,義守大學,09151042,物理治療學系,6,5,1,0,0,0,0,0,0,5,1,0,0,0,0,0,6,5,1
110,私立,一般大學,1014,義守大學,09152043,職能治療學系,12,8,4,0,0,0,1,0,1,8,2,0,0,2,0,2,12,8,4
110,私立,一般大學,1014,義守大學,09191041,健康管理學系,2,1,1,0,0,0,0,0,1,1,0,0,0,1,0,1,2,1,1
110,私立,一般大學,1014,義守大學,10131051,餐旅管理學系,12,9,3,0,0,0,0,0,1,9,2,0,0,1,0,1,12,9,3
110,私立,一般大學,1014,義守大學,10131052,廚藝學系,12,8,4,0,0,0,0,1,2,7,2,0,0,3,1,2,12,8,4
110,私立,一般大學,1014,義守大學,10151053,觀光學系,3,1,2,0,0,0,0,0,0,1,2,0,0,0,0,0,3,1,2
110,私立,一般大學,1014,義守大學,10151057,休閒事業管理學系,7,6,1,0,0,0,0,3,1,3,0,0,0,4,3,1,7,6,1
110,私立,一般大學,1014,義守大學,10199059,觀光餐旅學院原住民專班,4,3,1,0,0,0,0,0,0,3,1,0,0,0,0,0,4,3,1
110,私立,一般大學,1014,義守大學,99999Z01,通識教育中心,58,31,27,0,0,2,0,12,9,17,18,0,0,23,14,9,58,31,27
110,私立,一般大學,1015,世新大學,02111018,廣播電視電影學系,47,31,16,1,0,4,1,11,7,15,8,0,0,24,16,8,47,31,16
110,私立,一般大學,1015,世新大學,02112004,數位多媒體設計學系,11,9,2,0,0,0,0,3,1,6,1,0,0,4,3,1,11,9,2
110,私立,一般大學,1015,世新大學,02311003,日本語文學系,12,5,7,0,0,1,1,2,0,2,6,0,0,4,3,1,12,5,7
110,私立,一般大學,1015,世新大學,02311044,英語暨傳播應用學系,21,6,15,0,0,0,0,4,1,2,14,0,0,5,4,1,21,6,15
110,私立,一般大學,1015,世新大學,02322001,中國文學系,41,14,27,5,2,0,0,3,13,6,12,0,0,23,8,15,41,14,27
110,私立,一般大學,1015,世新大學,03111005,經濟學系,5,5,0,2,0,0,0,1,0,2,0,0,0,3,3,0,5,5,0
110,私立,一般大學,1015,世新大學,03141008,社會心理學系,10,4,6,0,0,0,0,1,3,3,3,0,0,4,1,3,10,4,6
110,私立,一般大學,1015,世新大學,03212017,新聞學系,14,9,5,3,0,1,1,2,2,3,2,0,0,9,6,3,14,9,5
110,私立,一般大學,1015,世新大學,03214013,資訊傳播學系,13,10,3,0,0,1,0,0,0,9,3,0,0,1,1,0,13,10,3
110,私立,一般大學,1015,世新大學,03214014,口語傳播暨社群媒體學系,12,7,5,0,0,1,0,2,3,4,2,0,0,6,3,3,12,7,5
110,私立,一般大學,1015,世新大學,03214020,圖文傳播暨數位出版學系,17,15,2,0,0,0,0,6,0,9,2,0,0,6,6,0,17,15,2
110,私立,一般大學,1015,世新大學,04121024,財務金融學系,10,7,3,1,0,1,0,3,1,2,2,0,0,6,5,1,10,7,3
110,私立,一般大學,1015,世新大學,04131023,企業管理學系,9,7,2,0,0,0,0,4,0,3,2,0,0,4,4,0,9,7,2
110,私立,一般大學,1015,世新大學,04134009,行政管理學系,11,8,3,2,0,1,1,4,2,1,0,0,0,10,7,3,11,8,3
110,私立,一般大學,1015,世新大學,04143019,公共關係暨廣告學系,8,4,4,0,0,0,2,3,0,1,2,0,0,5,3,2,8,4,4
110,私立,一般大學,1015,世新大學,04199025,傳播管理學系,5,2,3,0,0,0,0,0,0,2,3,0,0,0,0,0,5,2,3
110,私立,一般大學,1015,世新大學,04211026,法律學系,31,26,5,9,1,5,1,3,3,9,0,0,0,22,17,5,31,26,5
110,私立,一般大學,1015,世新大學,04212039,智慧財產暨傳播科技法律研究所,5,3,2,0,0,1,1,2,1,0,0,0,0,5,3,2,5,3,2
110,私立,一般大學,1015,世新大學,06131028,資訊管理學系,13,10,3,1,0,0,0,5,0,4,3,0,0,6,6,0,13,10,3
110,私立,一般大學,1015,世新大學,10151029,觀光學系,5,3,2,0,0,1,0,0,2,2,0,0,0,3,1,2,5,3,2
110,私立,一般大學,1015,世新大學,99999Z01,通識教育中心,48,30,18,6,5,9,2,8,6,7,5,0,0,36,23,13,48,30,18
110,私立,一般大學,1015,世新大學,99999Z07,體育室,15,9,6,1,0,2,0,1,1,5,5,0,0,5,4,1,15,9,6
110,私立,一般大學,1015,世新大學,99999Z08,外語教學中心,11,7,4,0,0,0,0,0,0,7,4,0,0,0,0,0,11,7,4
110,私立,一般大學,1016,銘傳大學,01111052,教育研究所,7,5,2,4,0,0,0,1,2,0,0,0,0,7,5,2,7,5,2
110,私立,一般大學,1016,銘傳大學,02112012,數位媒體設計學系,18,6,12,0,0,0,0,1,2,5,10,0,0,3,1,2,18,6,12
110,私立,一般大學,1016,銘傳大學,02112072,商業設計學系,24,18,6,1,0,1,0,0,2,16,4,0,0,4,2,2,24,18,6
110,私立,一般大學,1016,銘傳大學,02121090,動漫文創設計學士學位學程,5,3,2,0,0,0,0,0,0,3,2,0,0,0,0,0,5,3,2
110,私立,一般大學,1016,銘傳大學,02123073,商品設計學系,26,23,3,0,0,1,0,3,0,19,3,0,0,4,4,0,26,23,3
110,私立,一般大學,1016,銘傳大學,02125095,時尚與創新管理學士學位學程,6,2,4,0,1,1,0,0,1,1,2,0,0,3,1,2,6,2,4
110,私立,一般大學,1016,銘傳大學,02311010,應用日語學系,25,8,17,1,0,1,0,0,2,6,15,0,0,4,2,2,25,8,17
110,私立,一般大學,1016,銘傳大學,02311031,應用英語學系,29,18,11,1,0,1,0,2,2,14,9,0,0,6,4,2,29,18,11
110,私立,一般大學,1016,銘傳大學,02322002,應用中國文學系,39,11,28,1,2,0,2,7,19,3,5,0,0,31,8,23,39,11,28
110,私立,一般大學,1016,銘傳大學,02323042,華語文教學學系,8,4,4,0,0,0,1,2,0,2,3,0,0,3,2,1,8,4,4
110,私立,一般大學,1016,銘傳大學,03122005,國際事務與外交學士學位學程,11,11,0,2,0,3,0,5,0,1,0,0,0,10,10,0,11,11,0
110,私立,一般大學,1016,銘傳大學,03131054,諮商與工商心理學系,9,5,4,0,0,1,0,1,2,3,2,0,0,4,2,2,9,5,4
110,私立,一般大學,1016,銘傳大學,03141088,犯罪防治學系,23,17,6,4,1,5,1,5,2,3,2,0,0,18,14,4,23,17,6
110,私立,一般大學,1016,銘傳大學,03211063,新聞與大眾傳播學士學位學程,5,3,2,0,0,1,0,0,0,2,2,0,0,1,1,0,5,3,2
110,私立,一般大學,1016,銘傳大學,03212046,新聞學系,9,4,5,0,0,0,0,1,1,3,4,0,0,2,1,1,9,4,5
110,私立,一般大學,1016,銘傳大學,03213047,廣播電視學系,17,10,7,0,0,2,0,4,4,4,3,0,0,10,6,4,17,10,7
110,私立,一般大學,1016,銘傳大學,03213064,新媒體暨傳播管理學系,13,9,4,0,2,1,0,4,0,4,2,0,0,7,5,2,13,9,4
110,私立,一般大學,1016,銘傳大學,04111032,會計學系,17,8,9,0,0,2,1,5,5,1,3,0,0,13,7,6,17,8,9
110,私立,一般大學,1016,銘傳大學,04121020,財務金融學系,9,8,1,2,0,2,0,3,1,1,0,0,0,8,7,1,9,8,1
110,私立,一般大學,1016,銘傳大學,04121059,經濟與金融學系,5,3,2,0,1,0,0,1,0,2,1,0,0,2,1,1,5,3,2
110,私立,一般大學,1016,銘傳大學,04123056,風險管理與保險學系,15,6,9,0,0,2,1,4,4,0,4,0,0,11,6,5,15,6,9
110,私立,一般大學,1016,銘傳大學,04131017,國際企業與貿易學士學位學程,2,1,1,0,0,0,0,1,0,0,1,0,0,1,1,0,2,1,1
110,私立,一般大學,1016,銘傳大學,04131036,企業管理學系,13,9,4,0,1,1,0,6,2,2,1,0,0,10,7,3,13,9,4
110,私立,一般大學,1016,銘傳大學,04131061,國際企業學系,10,5,5,2,0,1,1,0,0,2,4,0,0,4,3,1,10,5,5
110,私立,一般大學,1016,銘傳大學,04133022,醫療資訊與管理學系,14,10,4,1,0,1,0,4,2,4,2,0,0,8,6,2,14,10,4
110,私立,一般大學,1016,銘傳大學,04134006,公共事務學系,11,10,1,4,0,2,0,3,1,1,0,0,0,10,9,1,11,10,1
110,私立,一般大學,1016,銘傳大學,04143015,廣告暨策略行銷學系,6,4,2,0,0,0,0,1,0,3,2,0,0,1,1,0,6,4,2
110,私立,一般大學,1016,銘傳大學,04199027,時尚創意管理學士學位學程,3,1,2,0,0,0,0,0,0,1,2,0,0,0,0,0,3,1,2
110,私立,一般大學,1016,銘傳大學,04199089,金融科技應用學士學位學程,2,2,0,0,0,0,0,0,0,2,0,0,0,0,0,0,2,2,0
110,私立,一般大學,1016,銘傳大學,04199094,金融科技碩士學位學程,4,3,1,0,0,0,0,3,1,0,0,0,0,4,3,1,4,3,1
110,私立,一般大學,1016,銘傳大學,04211039,法律學系,28,24,4,3,0,0,1,6,0,15,3,0,0,10,9,1,28,24,4
110,私立,一般大學,1016,銘傳大學,04212024,財金法律學系,11,5,6,0,1,1,0,3,2,1,3,0,0,7,4,3,11,5,6
110,私立,一般大學,1016,銘傳大學,05121009,生物科技學系,16,12,4,0,0,0,0,7,2,5,2,0,0,9,7,2,16,12,4
110,私立,一般大學,1016,銘傳大學,05421079,應用統計與資料科學學系,6,4,2,0,0,2,0,2,1,0,1,0,0,5,4,1,6,4,2
110,私立,一般大學,1016,銘傳大學,06131029,資訊工程學系,8,8,0,1,0,1,0,2,0,4,0,0,0,4,4,0,8,8,0
110,私立,一般大學,1016,銘傳大學,06131045,資訊管理學系,10,7,3,1,0,2,0,1,1,3,2,0,0,5,4,1,10,7,3
110,私立,一般大學,1016,銘傳大學,06132078,資訊傳播工程學系,9,8,1,1,0,1,0,3,0,3,1,0,0,5,5,0,9,8,1
110,私立,一般大學,1016,銘傳大學,06134050,電腦與通訊工程學系,15,11,4,0,0,1,0,3,0,7,4,0,0,4,4,0,15,11,4
110,私立,一般大學,1016,銘傳大學,06134068,資訊科技應用學士學位學程,2,2,0,1,0,0,0,1,0,0,0,0,0,2,2,0,2,2,0
110,私立,一般大學,1016,銘傳大學,06134096,資訊科技應用與管理學士學位學程,2,2,0,0,0,1,0,0,0,1,0,0,0,1,1,0,2,2,0
110,私立,一般大學,1016,銘傳大學,07141025,電子工程學系,9,7,2,1,0,2,0,2,1,2,1,0,0,6,5,1,9,7,2
110,私立,一般大學,1016,銘傳大學,07193043,生物醫學工程學系,10,8,2,1,0,1,0,2,1,4,1,0,0,5,4,1,10,8,2
110,私立,一般大學,1016,銘傳大學,07311026,建築學系,24,23,1,0,0,0,0,3,0,20,1,0,0,3,3,0,24,23,1
110,私立,一般大學,1016,銘傳大學,07313048,都市規劃與防災學系,15,12,3,1,0,1,1,5,1,5,1,0,0,9,7,2,15,12,3
110,私立,一般大學,1016,銘傳大學,10131044,餐旅管理學系,9,7,2,1,0,0,0,0,1,6,1,0,0,2,1,1,9,7,2
110,私立,一般大學,1016,銘傳大學,10151008,旅遊與觀光學士學位學程,6,3,3,0,0,0,1,1,1,2,1,0,0,3,1,2,6,3,3
110,私立,一般大學,1016,銘傳大學,10151033,觀光事業學系,8,5,3,1,0,0,0,1,0,3,3,0,0,2,2,0,8,5,3
110,私立,一般大學,1016,銘傳大學,10152076,休閒遊憩管理學系,5,4,1,1,0,2,0,0,0,1,1,0,0,3,3,0,5,4,1
110,私立,一般大學,1016,銘傳大學,99999Z01,通識教育中心,33,17,16,0,0,5,1,6,8,6,7,0,0,20,11,9,33,17,16
110,私立,一般大學,1016,銘傳大學,99999Z05,師資培育中心,3,2,1,0,0,0,0,0,1,2,0,0,0,1,0,1,3,2,1
110,私立,一般大學,1016,銘傳大學,99999Z07,體育室,23,20,3,1,0,2,0,6,1,11,2,0,0,10,9,1,23,20,3
110,私立,一般大學,1016,銘傳大學,99999Z08,英語教學中心,73,29,44,0,0,0,0,10,3,19,41,0,0,13,10,3,73,29,44
110,私立,一般大學,1017,實踐大學,02112012,媒體傳達設計學系,30,24,6,1,0,0,0,4,2,19,4,0,0,7,5,2,30,24,6
110,私立,一般大學,1017,實踐大學,02112013,電腦動畫學士學位學程,3,3,0,0,0,1,0,2,0,0,0,0,0,3,3,0,3,3,0
110,私立,一般大學,1017,實踐大學,02112039,資訊模擬與設計學系,8,2,6,0,0,0,0,1,2,1,4,0,0,3,1,2,8,2,6
110,私立,一般大學,1017,實踐大學,02122009,時尚設計學系,13,3,10,0,0,0,0,0,1,3,9,0,0,1,0,1,13,3,10
110,私立,一般大學,1017,實踐大學,02123014,工業產品設計學系,20,16,4,0,0,2,1,3,0,11,3,0,0,6,5,1,20,16,4
110,私立,一般大學,1017,實踐大學,02125051,服裝設計學系,47,21,26,0,0,2,0,3,2,16,24,0,0,7,5,2,47,21,26
110,私立,一般大學,1017,實踐大學,02125053,服飾設計與經營學系,26,10,16,1,0,1,1,1,2,7,13,0,0,6,3,3,26,10,16
110,私立,一般大學,1017,實踐大學,02151001,音樂學系,66,26,40,0,2,2,13,8,10,16,15,0,0,35,10,25,66,26,40
110,私立,一般大學,1017,實踐大學,02311004,應用外語學系,17,9,8,0,0,1,0,0,1,8,7,0,0,2,1,1,17,9,8
110,私立,一般大學,1017,實踐大學,02311005,應用英語學系,4,1,3,0,1,0,1,0,1,1,0,0,0,3,0,3,4,1,3
110,私立,一般大學,1017,實踐大學,02311006,應用日文學系,6,2,4,0,0,0,0,0,0,2,4,0,0,0,0,0,6,2,4
110,私立,一般大學,1017,實踐大學,02322002,應用中文學系,3,2,1,0,0,1,0,0,0,1,1,0,0,1,1,0,3,2,1
110,私立,一般大學,1017,實踐大學,04111019,會計學系,8,5,3,0,0,1,0,2,0,2,3,0,0,3,3,0,8,5,3
110,私立,一般大學,1017,實踐大學,04111020,會計暨稅務學系,3,2,1,0,0,0,0,1,1,1,0,0,0,2,1,1,3,2,1
110,私立,一般大學,1017,實踐大學,04121029,財務金融學系,15,14,1,1,0,4,0,6,1,3,0,0,0,12,11,1,15,14,1
110,私立,一般大學,1017,實踐大學,04121032,金融管理學系,6,4,2,0,0,0,1,2,0,2,1,0,0,3,2,1,6,4,2
110,私立,一般大學,1017,實踐大學,04123033,風險管理與保險學系,10,7,3,0,0,1,0,4,1,2,2,0,0,6,5,1,10,7,3
110,私立,一般大學,1017,實踐大學,04131021,企業管理學系,29,23,6,1,0,1,1,8,1,13,4,0,0,12,10,2,29,23,6
110,私立,一般大學,1017,實踐大學,04131022,國際企業管理學系,2,0,2,0,0,0,0,0,1,0,1,0,0,1,0,1,2,0,2
110,私立,一般大學,1017,實踐大學,04131023,國際企業英語碩士學位學程,1,1,0,0,0,0,0,1,0,0,0,0,0,1,1,0,1,1,0
110,私立,一般大學,1017,實踐大學,04131023,國際企業英語學士學位學程,10,8,2,1,0,1,0,2,0,4,2,0,0,4,4,0,10,8,2
110,私立,一般大學,1017,實踐大學,04141026,國際貿易學系,4,2,2,0,0,0,0,0,0,2,2,0,0,0,0,0,4,2,2
110,私立,一般大學,1017,實踐大學,04141028,國際經營與貿易學系,7,7,0,1,0,3,0,1,0,2,0,0,0,5,5,0,7,7,0
110,私立,一般大學,1017,實踐大學,04143035,行銷管理學系,5,3,2,0,0,0,0,1,1,2,1,0,0,2,1,1,5,3,2
110,私立,一般大學,1017,實踐大學,04199036,管理學院創意產業博士班,3,2,1,0,0,1,0,1,1,0,0,0,0,3,2,1,3,2,1
110,私立,一般大學,1017,實踐大學,05191043,食品營養與保健生技學系,7,5,2,3,0,0,0,0,0,2,2,0,0,3,3,0,7,5,2
110,私立,一般大學,1017,實踐大學,06131037,資訊科技與管理學系,3,3,0,0,0,1,0,1,0,1,0,0,0,2,2,0,3,3,0
110,私立,一般大學,1017,實踐大學,06131038,資訊管理學系,5,5,0,0,0,2,0,1,0,2,0,0,0,3,3,0,5,5,0
110,私立,一般大學,1017,實踐大學,06131040,資訊科技與通訊學系,6,6,0,0,0,2,0,3,0,1,0,0,0,5,5,0,6,6,0
110,私立,一般大學,1017,實踐大學,07311041,建築設計學系,28,24,4,2,0,4,1,12,1,6,2,0,0,20,18,2,28,24,4
110,私立,一般大學,1017,實踐大學,09221045,家庭研究與兒童發展學系,18,5,13,0,0,0,2,1,5,4,6,0,0,8,1,7,18,5,13
110,私立,一般大學,1017,實踐大學,09231044,社會工作學系,25,14,11,2,0,1,0,2,0,9,11,0,0,5,5,0,25,14,11
110,私立,一般大學,1017,實踐大學,10131046,餐飲管理學系,18,12,6,2,1,3,0,5,0,2,5,0,0,11,10,1,18,12,6
110,私立,一般大學,1017,實踐大學,10131054,智慧服務管理英語學士學位學程,4,2,2,0,0,0,0,0,1,2,1,0,0,1,0,1,4,2,2
110,私立,一般大學,1017,實踐大學,10151047,觀光管理學系,11,7,4,0,0,0,0,4,0,3,4,0,0,4,4,0,11,7,4
110,私立,一般大學,1017,實踐大學,10152049,休閒產業管理學系,4,3,1,1,0,0,0,1,0,1,1,0,0,2,2,0,4,3,1
110,私立,一般大學,1017,實踐大學,99999Z01,共同課程委員會,162,90,72,8,3,8,0,30,20,44,49,0,0,69,46,23,162,90,72
110,私立,技專校院,1018,朝陽科技大學,02112003,視覺傳達設計系,27,19,8,0,1,0,0,3,0,16,7,0,0,4,3,1,27,19,8
110,私立,技專校院,1018,朝陽科技大學,02123004,工業設計系,26,19,7,0,0,1,0,0,1,18,6,0,0,2,1,1,26,19,7
110,私立,技專校院,1018,朝陽科技大學,02311001,應用英語系,6,1,5,0,0,0,0,0,0,1,5,0,0,0,0,0,6,1,5
110,私立,技專校院,1018,朝陽科技大學,03211006,傳播藝術系,19,15,4,0,0,1,0,1,0,13,4,0,0,2,2,0,19,15,4
110,私立,技專校院,1018,朝陽科技大學,04111007,會計系,11,7,4,0,0,1,1,2,1,4,2,0,0,5,3,2,11,7,4
110,私立,技專校院,1018,朝陽科技大學,04121010,財務金融系,20,13,7,0,0,2,0,2,1,9,6,0,0,5,4,1,20,13,7
110,私立,技專校院,1018,朝陽科技大學,04123011,保險金融管理系,14,11,3,1,0,1,0,2,2,7,1,0,0,6,4,2,14,11,3
110,私立,技專校院,1018,朝陽科技大學,04131008,企業管理系,26,18,8,1,0,1,0,5,2,11,6,0,0,9,7,2,26,18,8
110,私立,技專校院,1018,朝陽科技大學,04132012,行銷與流通管理系,19,14,5,0,0,0,0,4,2,10,3,0,0,6,4,2,19,14,5
110,私立,技專校院,1018,朝陽科技大學,04199014,銀髮產業管理系,11,8,3,0,0,1,0,3,0,4,3,0,0,4,4,0,11,8,3
110,私立,技專校院,1018,朝陽科技大學,05311017,應用化學系,5,4,1,1,0,0,0,1,0,2,1,0,0,2,2,0,5,4,1
110,私立,技專校院,1018,朝陽科技大學,06111023,資訊與通訊系,5,5,0,0,0,1,0,2,0,2,0,0,0,3,3,0,5,5,0
110,私立,技專校院,1018,朝陽科技大學,06131019,資訊管理系,16,9,7,1,0,0,0,2,1,6,6,0,0,4,3,1,16,9,7
110,私立,技專校院,1018,朝陽科技大學,07121027,環境工程與管理系,13,11,2,0,0,0,0,2,2,9,0,0,0,4,2,2,13,11,2
110,私立,技專校院,1018,朝陽科技大學,07141020,資訊工程系,5,5,0,1,0,0,0,0,0,4,0,0,0,1,1,0,5,5,0
110,私立,技專校院,1018,朝陽科技大學,07162039,航空機械系,3,3,0,0,0,0,0,2,0,1,0,0,0,2,2,0,3,3,0
110,私立,技專校院,1018,朝陽科技大學,07191026,工業工程與管理系,14,11,3,0,0,2,0,1,1,8,2,0,0,4,3,1,14,11,3
110,私立,技專校院,1018,朝陽科技大學,07311028,建築系,34,31,3,0,0,0,0,4,0,27,3,0,0,4,4,0,34,31,3
110,私立,技專校院,1018,朝陽科技大學,07312031,景觀及都市設計系,21,12,9,0,0,0,0,2,0,10,9,0,0,2,2,0,21,12,9
110,私立,技專校院,1018,朝陽科技大學,07321025,營建工程系,12,12,0,1,0,1,0,6,0,4,0,0,0,8,8,0,12,12,0
110,私立,技專校院,1018,朝陽科技大學,09221035,幼兒保育系,13,3,10,0,0,0,0,0,0,3,10,0,0,0,0,0,13,3,10
110,私立,技專校院,1018,朝陽科技大學,09231034,社會工作系,21,7,14,0,0,0,0,1,2,6,12,0,0,3,1,2,21,7,14
110,私立,技專校院,1018,朝陽科技大學,10152036,休閒事業管理系,36,23,13,1,2,0,0,4,2,18,9,0,0,9,5,4,36,23,13
110,私立,技專校院,1018,朝陽科技大學,99999Z01,通識教育中心,85,61,24,1,1,7,1,17,10,36,12,0,0,37,25,12,85,61,24
110,私立,技專校院,1018,朝陽科技大學,99999Z05,師資培育中心,6,3,3,1,0,0,0,1,1,1,2,0,0,3,2,1,6,3,3
110,私立,技專校院,1018,朝陽科技大學,99999Z08,華語中心,9,1,8,0,0,0,0,0,1,1,7,0,0,1,0,1,9,1,8
110,私立,技專校院,1018,朝陽科技大學,99999Z08,語言中心,52,14,38,0,0,2,1,0,6,12,31,0,0,9,2,7,52,14,38
110,私立,一般大學,1019,高雄醫學大學,03131002,心理學系,2,1,1,0,0,0,0,0,0,1,1,0,0,0,0,0,2,1,1
110,私立,一般大學,1019,高雄醫學大學,04133003,醫務管理暨醫療資訊學系,6,5,1,2,0,0,0,1,0,2,1,0,0,3,3,0,6,5,1
110,私立,一般大學,1019,高雄醫學大學,05111016,生物醫學暨環境生物學系,1,1,0,0,0,0,0,1,0,0,0,0,0,1,1,0,1,1,0
110,私立,一般大學,1019,高雄醫學大學,05121005,生物科技學系,1,1,0,0,0,1,0,0,0,0,0,0,0,1,1,0,1,1,0
110,私立,一般大學,1019,高雄醫學大學,09121011,學士後醫學系,1,1,0,1,0,0,0,0,0,0,0,0,0,1,1,0,1,1,0
110,私立,一般大學,1019,高雄醫學大學,09121011,醫學系,62,44,18,4,1,7,3,31,14,2,0,0,0,60,42,18,62,44,18
110,私立,一般大學,1019,高雄醫學大學,09121011,醫學研究所,2,0,2,0,0,0,1,0,1,0,0,0,0,2,0,2,2,0,2
110,私立,一般大學,1019,高雄醫學大學,09121018,臨床醫學研究所,1,1,0,0,0,0,0,1,0,0,0,0,0,1,1,0,1,1,0
110,私立,一般大學,1019,高雄醫學大學,09131032,護理學系,2,1,1,0,0,1,0,0,0,0,1,0,0,1,1,0,2,1,1
110,私立,一般大學,1019,高雄醫學大學,09141036,醫學檢驗生物技術學系,3,2,1,0,0,0,0,1,0,1,1,0,0,1,1,0,3,2,1
110,私立,一般大學,1019,高雄醫學大學,09141037,醫學影像暨放射科學系,8,5,3,0,0,0,0,1,0,4,3,0,0,1,1,0,8,5,3
110,私立,一般大學,1019,高雄醫學大學,09151028,物理治療學系,5,2,3,0,0,0,0,0,0,2,3,0,0,0,0,0,5,2,3
110,私立,一般大學,1019,高雄醫學大學,09152029,職能治療學系,1,1,0,0,0,0,0,0,0,1,0,0,0,0,0,0,1,1,0
110,私立,一般大學,1019,高雄醫學大學,09161024,藥學系,20,9,11,2,0,2,1,1,1,4,9,0,0,7,5,2,20,9,11
110,私立,一般大學,1019,高雄醫學大學,09161026,天然藥物研究所,1,1,0,0,0,0,0,1,0,0,0,0,0,1,1,0,1,1,0
110,私立,一般大學,1019,高雄醫學大學,09161027,香粧品學系,6,3,3,0,0,0,0,2,0,1,3,0,0,2,2,0,6,3,3
110,私立,一般大學,1019,高雄醫學大學,09191021,公共衛生學系,2,1,1,0,1,0,0,0,0,1,0,0,0,1,0,1,2,1,1
110,私立,一般大學,1019,高雄醫學大學,09231049,醫學社會學與社會工作學系,9,1,8,0,0,0,1,0,2,1,5,0,0,3,0,3,9,1,8
110,私立,一般大學,1019,高雄醫學大學,99999Z01,通識教育中心,42,21,21,3,0,1,0,9,8,8,13,0,0,21,13,8,42,21,21
110,私立,一般大學,1020,南華大學,02111059,視覺藝術與設計學系,1,1,0,0,0,0,0,0,0,1,0,0,0,0,0,0,1,1,0
110,私立,一般大學,1020,南華大學,02122062,產品與室內設計學系,8,7,1,0,0,0,0,0,0,7,1,0,0,0,0,0,8,7,1
110,私立,一般大學,1020,南華大學,02151003,民族音樂學系,51,24,27,0,0,2,0,9,8,13,19,0,0,19,11,8,51,24,27
110,私立,一般大學,1020,南華大學,02199Y08,藝術與設計學院,5,2,3,0,0,0,0,0,1,2,2,0,0,1,0,1,5,2,3
110,私立,一般大學,1020,南華大學,02211010,宗教學研究所,3,0,3,0,1,0,0,0,2,0,0,0,0,3,0,3,3,0,3
110,私立,一般大學,1020,南華大學,02299011,生死學系,18,7,11,1,0,0,1,1,2,5,8,0,0,5,2,3,18,7,11
110,私立,一般大學,1020,南華大學,02299Y14,人文學院,1,0,1,0,0,0,0,0,0,0,1,0,0,0,0,0,1,0,1
110,私立,一般大學,1020,南華大學,02311008,外國語文學系,1,1,0,0,0,0,0,0,0,1,0,0,0,0,0,0,1,1,0
110,私立,一般大學,1020,南華大學,02322009,文學系,2,1,1,0,0,0,0,0,1,1,0,0,0,1,0,1,2,1,1
110,私立,一般大學,1020,南華大學,03122019,國際事務與企業學系,1,1,0,1,0,0,0,0,0,0,0,0,0,1,1,0,1,1,0
110,私立,一般大學,1020,南華大學,03141017,應用社會學系,8,2,6,0,0,0,0,1,1,1,5,0,0,2,1,1,8,2,6
110,私立,一般大學,1020,南華大學,03214026,傳播學系,5,4,1,0,0,0,0,0,0,4,1,0,0,0,0,0,5,4,1
110,私立,一般大學,1020,南華大學,04121031,財務金融學系,2,1,1,0,0,0,0,0,0,1,1,0,0,0,0,0,2,1,1
110,私立,一般大學,1020,南華大學,04131029,企業管理學系,13,9,4,1,0,0,0,5,2,3,2,0,0,8,6,2,13,9,4
110,私立,一般大學,1020,南華大學,04141030,管理學院國際企業學士學位學程,3,2,1,0,0,1,0,1,0,0,1,0,0,2,2,0,3,2,1
110,私立,一般大學,1020,南華大學,04199033,文化創意事業管理學系,6,6,0,1,0,1,0,2,0,2,0,0,0,4,4,0,6,6,0
110,私立,一般大學,1020,南華大學,04199Y31,管理學院,7,4,3,0,0,0,0,0,0,4,3,0,0,0,0,0,7,4,3
110,私立,一般大學,1020,南華大學,05121040,自然生物科技學系,8,6,2,0,0,1,0,4,1,1,1,0,0,6,5,1,8,6,2
110,私立,一般大學,1020,南華大學,05211060,科技學院永續綠色科技碩士學位學程,8,8,0,1,0,2,0,5,0,0,0,0,0,8,8,0,8,8,0
110,私立,一般大學,1020,南華大學,06121043,科技學院資訊科技進修學士班,9,6,3,0,0,1,0,2,0,3,3,0,0,3,3,0,9,6,3
110,私立,一般大學,1020,南華大學,06131042,資訊管理學系,1,0,1,0,0,0,0,0,0,0,1,0,0,0,0,0,1,0,1
110,私立,一般大學,1020,南華大學,06134058,科技學院,3,3,0,1,0,0,0,0,0,2,0,0,0,1,1,0,3,3,0
110,私立,一般大學,1020,南華大學,07141044,資訊工程學系,6,5,1,0,0,1,0,0,0,4,1,0,0,1,1,0,6,5,1
110,私立,一般大學,1020,南華大學,07311045,建築與景觀學系,16,12,4,0,0,0,0,3,0,9,4,0,0,3,3,0,16,12,4
110,私立,一般大學,1020,南華大學,10141061,運動與健康促進學士學位學程,7,5,2,1,0,0,0,0,0,4,2,0,0,1,1,0,7,5,2
110,私立,一般大學,1020,南華大學,10151048,旅遊管理學系,16,9,7,0,0,0,0,2,1,7,6,0,0,3,2,1,16,9,7
110,私立,一般大學,1020,南華大學,99999Z01,通識教育中心,24,14,10,1,0,0,0,5,3,8,7,0,0,9,6,3,24,14,10
110,私立,一般大學,1020,南華大學,99999Z07,體育教學中心,12,8,4,0,0,1,0,0,1,7,3,0,0,2,1,1,12,8,4
110,私立,一般大學,1020,南華大學,99999Z08,語文教學中心,24,5,19,0,0,0,0,2,7,3,12,0,0,9,2,7,24,5,19
110,私立,一般大學,1021,真理大學,02151001,音樂應用學系,44,16,28,2,0,0,1,5,9,9,18,0,0,17,7,10,44,16,28
110,私立,一般大學,1021,真理大學,02211064,宗教文化與資訊管理學系,3,2,1,0,0,0,0,1,1,1,0,0,0,2,1,1,3,2,1
110,私立,一般大學,1021,真理大學,02299013,人文與資訊學系,6,4,2,0,0,0,0,4,0,0,2,0,0,4,4,0,6,4,2
110,私立,一般大學,1021,真理大學,02311006,英美語文學系,5,3,2,0,1,0,0,0,0,3,1,0,0,1,0,1,5,3,2
110,私立,一般大學,1021,真理大學,02311009,應用日語學系,4,1,3,0,0,0,0,0,1,1,2,0,0,1,0,1,4,1,3
110,私立,一般大學,1021,真理大學,02321002,台灣文學系,5,5,0,0,0,0,0,0,0,5,0,0,0,0,0,0,5,5,0
110,私立,一般大學,1021,真理大學,03214058,運動資訊傳播學系,4,2,2,0,0,0,0,1,1,1,1,0,0,2,1,1,4,2,2
110,私立,一般大學,1021,真理大學,04111019,會計資訊學系,5,4,1,0,0,0,0,0,0,4,1,0,0,0,0,0,5,4,1
110,私立,一般大學,1021,真理大學,04199057,運動管理學系,6,5,1,0,0,1,0,3,0,1,1,0,0,4,4,0,6,5,1
110,私立,一般大學,1021,真理大學,04199062,航空事業學系,1,0,1,0,0,0,0,0,0,0,1,0,0,0,0,0,1,0,1
110,私立,一般大學,1021,真理大學,04211031,法律學系,7,7,0,0,0,0,0,2,0,5,0,0,0,2,2,0,7,7,0
110,私立,一般大學,1021,真理大學,06131041,資訊工程學系,3,3,0,0,0,0,0,0,0,3,0,0,0,0,0,0,3,3,0
110,私立,一般大學,1021,真理大學,10151044,觀光事業學系,4,3,1,0,0,0,0,1,0,2,1,0,0,1,1,0,4,3,1
110,私立,一般大學,1021,真理大學,99999Z01,通識教育中心,14,6,8,0,0,1,0,3,1,2,7,0,0,5,4,1,14,6,8
110,私立,一般大學,1022,大同大學,02112004,媒體設計學系,21,12,9,0,0,1,1,5,5,6,3,0,0,12,6,6,21,12,9
110,私立,一般大學,1022,大同大學,02122003,設計科學研究所,1,1,0,1,0,0,0,0,0,0,0,0,0,1,1,0,1,1,0
110,私立,一般大學,1022,大同大學,02123005,工業設計學系,29,27,2,2,0,3,1,10,1,12,0,0,0,17,15,2,29,27,2
110,私立,一般大學,1022,大同大學,02311001,應用外語學系,6,3,3,0,0,0,0,1,1,2,2,0,0,2,1,1,6,3,3
110,私立,一般大學,1022,大同大學,04131007,事業經營學系,8,7,1,0,0,1,0,4,0,2,1,0,0,5,5,0,8,7,1
110,私立,一般大學,1022,大同大學,06131006,資訊經營學系,6,5,1,1,0,1,0,2,0,1,1,0,0,4,4,0,6,5,1
110,私立,一般大學,1022,大同大學,06131012,資訊工程學系,6,6,0,3,0,2,0,1,0,0,0,0,0,6,6,0,6,6,0
110,私立,一般大學,1022,大同大學,07111021,化學工程與生物科技學系,11,10,1,6,0,0,0,1,0,3,1,0,0,7,7,0,11,10,1
110,私立,一般大學,1022,大同大學,07141010,電機工程學系,7,7,0,1,0,1,0,3,0,2,0,0,0,5,5,0,7,7,0
110,私立,一般大學,1022,大同大學,07151023,機械與材料工程學系,15,15,0,4,0,4,0,6,0,1,0,0,0,14,14,0,15,15,0
110,私立,一般大學,1022,大同大學,99999Z01,通識教育中心,32,18,14,0,0,2,1,5,8,11,5,0,0,16,7,9,32,18,14
110,私立,一般大學,1022,大同大學,99999Z07,體育室,7,5,2,0,0,0,0,0,2,5,0,0,0,2,0,2,7,5,2
110,私立,一般大學,1022,大同大學,99999Z08,外語教育中心,16,5,11,0,0,0,0,2,1,3,10,0,0,3,2,1,16,5,11
110,私立,技專校院,1023,南臺學校財團法人南臺科技大學,02112008,視覺傳達設計系,17,12,5,0,0,0,0,3,0,9,5,0,0,3,3,0,17,12,5
110,私立,技專校院,1023,南臺學校財團法人南臺科技大學,02123010,創新產品設計系,6,4,2,0,0,0,0,0,0,4,2,0,0,0,0,0,6,4,2
110,私立,技專校院,1023,南臺學校財團法人南臺科技大學,02151003,流行音樂產業系,24,18,6,2,1,4,0,5,0,7,5,0,0,12,11,1,24,18,6
110,私立,技專校院,1023,南臺學校財團法人南臺科技大學,02311005,應用英語系,3,0,3,0,0,0,0,0,0,0,3,0,0,0,0,0,3,0,3
110,私立,技專校院,1023,南臺學校財團法人南臺科技大學,02311006,應用日語系,9,2,7,0,0,0,0,0,0,2,7,0,0,0,0,0,9,2,7
110,私立,技專校院,1023,南臺學校財團法人南臺科技大學,03214011,資訊傳播系,7,5,2,0,0,0,0,1,0,4,2,0,0,1,1,0,7,5,2
110,私立,技專校院,1023,南臺學校財團法人南臺科技大學,04111013,會計資訊系,6,5,1,0,0,0,0,1,0,4,1,0,0,1,1,0,6,5,1
110,私立,技專校院,1023,南臺學校財團法人南臺科技大學,04121021,財務金融系,7,4,3,0,0,1,0,3,1,0,2,0,0,5,4,1,7,4,3
110,私立,技專校院,1023,南臺學校財團法人南臺科技大學,04131015,企業管理系,16,11,5,0,1,0,0,3,1,8,3,0,0,5,3,2,16,11,5
110,私立,技專校院,1023,南臺學校財團法人南臺科技大學,04131017,國際企業系,2,2,0,0,0,0,0,1,0,1,0,0,0,1,1,0,2,2,0
110,私立,技專校院,1023,南臺學校財團法人南臺科技大學,04132024,行銷與流通管理系,15,12,3,2,0,0,0,3,1,7,2,0,0,6,5,1,15,12,3
110,私立,技專校院,1023,南臺學校財團法人南臺科技大學,04199060,工業管理與資訊系,3,1,2,0,0,0,0,1,1,0,1,0,0,2,1,1,3,1,2
110,私立,技專校院,1023,南臺學校財團法人南臺科技大學,04212033,財經法律研究所,11,8,3,1,0,2,0,4,1,1,2,0,0,8,7,1,11,8,3
110,私立,技專校院,1023,南臺學校財團法人南臺科技大學,05121063,生物與食品科技系,6,4,2,1,0,2,1,1,1,0,0,0,0,6,4,2,6,4,2
110,私立,技專校院,1023,南臺學校財團法人南臺科技大學,06131036,資訊管理系,9,5,4,0,0,1,1,0,0,4,3,0,0,2,1,1,9,5,4
110,私立,技專校院,1023,南臺學校財團法人南臺科技大學,06131043,資訊工程系,2,2,0,0,0,0,0,1,0,1,0,0,0,1,1,0,2,2,0
110,私立,技專校院,1023,南臺學校財團法人南臺科技大學,06132038,多媒體與電腦娛樂科學系,7,6,1,0,0,0,0,0,0,6,1,0,0,0,0,0,7,6,1
110,私立,技專校院,1023,南臺學校財團法人南臺科技大學,07141039,電機工程系,12,12,0,0,0,1,0,7,0,4,0,0,0,8,8,0,12,12,0
110,私立,技專校院,1023,南臺學校財團法人南臺科技大學,07141040,電子工程系,2,2,0,0,0,0,0,0,0,2,0,0,0,0,0,0,2,2,0
110,私立,技專校院,1023,南臺學校財團法人南臺科技大學,07151045,機械工程系,12,12,0,0,0,0,0,3,0,9,0,0,0,3,3,0,12,12,0
110,私立,技專校院,1023,南臺學校財團法人南臺科技大學,09211054,高齡服務學士學位學程,1,1,0,0,0,0,0,1,0,0,0,0,0,1,1,0,1,1,0
110,私立,技專校院,1023,南臺學校財團法人南臺科技大學,09211062,高齡福祉服務系,16,10,6,1,1,0,0,5,0,4,5,0,0,7,6,1,16,10,6
110,私立,技專校院,1023,南臺學校財團法人南臺科技大學,09221055,幼兒保育系,8,1,7,0,1,0,0,1,1,0,5,0,0,3,1,2,8,1,7
110,私立,技專校院,1023,南臺學校財團法人南臺科技大學,10131056,餐旅管理系,14,8,6,0,0,1,1,2,2,5,3,0,0,6,3,3,14,8,6
110,私立,技專校院,1023,南臺學校財團法人南臺科技大學,10152058,休閒事業管理系,15,10,5,1,0,1,0,2,1,6,4,0,0,5,4,1,15,10,5
110,私立,技專校院,1023,南臺學校財團法人南臺科技大學,99999Z01,通識(教育)中心,34,14,20,2,0,4,4,5,6,3,10,0,0,21,11,10,34,14,20
110,私立,技專校院,1023,南臺學校財團法人南臺科技大學,99999Z05,師資培育中心,4,4,0,1,0,1,0,2,0,0,0,0,0,4,4,0,4,4,0
110,私立,技專校院,1023,南臺學校財團法人南臺科技大學,99999Z07,體育教育中心,17,14,3,0,0,1,0,2,1,11,2,0,0,4,3,1,17,14,3
110,私立,技專校院,1023,南臺學校財團法人南臺科技大學,99999Z08,語言中心,30,6,24,0,0,0,1,0,1,6,22,0,0,2,0,2,30,6,24
110,私立,技專校院,1024,崑山科技大學,02111009,視訊傳播設計系,13,9,4,1,0,0,0,1,0,7,4,0,0,2,2,0,13,9,4
110,私立,技專校院,1024,崑山科技大學,02112004,視覺傳達設計系,15,12,3,1,0,0,0,0,0,11,3,0,0,1,1,0,15,12,3
110,私立,技專校院,1024,崑山科技大學,02122050,電腦與遊戲發展科學學士學位學程,3,2,1,0,0,0,0,0,0,2,1,0,0,0,0,0,3,2,1
110,私立,技專校院,1024,崑山科技大學,02124007,空間設計系,32,28,4,0,0,1,0,2,1,25,3,0,0,4,3,1,32,28,4
110,私立,技專校院,1024,崑山科技大學,04131015,企業管理系,18,12,6,1,0,2,0,4,1,5,5,0,0,8,7,1,18,12,6
110,私立,技專校院,1024,崑山科技大學,04141049,全球商務與行銷系,2,2,0,0,0,0,0,0,0,2,0,0,0,0,0,0,2,2,0
110,私立,技專校院,1024,崑山科技大學,04143012,公共關係暨廣告系,7,5,2,0,0,0,0,3,0,2,2,0,0,3,3,0,7,5,2
110,私立,技專校院,1024,崑山科技大學,04199022,房地產開發與管理系,17,15,2,0,0,1,0,8,0,6,2,0,0,9,9,0,17,15,2
110,私立,技專校院,1024,崑山科技大學,06131008,資訊傳播系,2,2,0,0,0,0,0,0,0,2,0,0,0,0,0,0,2,2,0
110,私立,技專校院,1024,崑山科技大學,06131023,資訊管理系,10,8,2,0,0,0,0,0,0,8,2,0,0,0,0,0,10,8,2
110,私立,技專校院,1024,崑山科技大學,06131028,資訊工程系,6,5,1,0,0,0,0,1,0,4,1,0,0,1,1,0,6,5,1
110,私立,技專校院,1024,崑山科技大學,07112034,材料工程系,9,8,1,2,0,2,0,3,1,1,0,0,0,8,7,1,9,8,1
110,私立,技專校院,1024,崑山科技大學,07121038,環境工程系,6,6,0,0,0,3,0,1,0,2,0,0,0,4,4,0,6,6,0
110,私立,技專校院,1024,崑山科技大學,07141025,電機工程系,5,4,1,0,0,1,0,1,0,2,1,0,0,2,2,0,5,4,1
110,私立,技專校院,1024,崑山科技大學,07141026,電子工程系,6,5,1,0,0,2,0,0,1,3,0,0,0,3,2,1,6,5,1
110,私立,技專校院,1024,崑山科技大學,07141051,智慧機器人工程系,2,2,0,0,0,1,0,0,0,1,0,0,0,1,1,0,2,2,0
110,私立,技專校院,1024,崑山科技大學,07151030,機械工程系,34,29,5,3,0,1,1,17,2,8,2,0,0,24,21,3,34,29,5
110,私立,技專校院,1024,崑山科技大學,09221039,幼兒保育系,4,2,2,0,0,0,0,0,0,2,2,0,0,0,0,0,4,2,2
110,私立,技專校院,1024,崑山科技大學,10131040,餐飲管理及廚藝系,23,16,7,1,0,0,0,0,0,15,7,0,0,1,1,0,23,16,7
110,私立,技專校院,1024,崑山科技大學,10151048,旅遊文化系,10,6,4,1,0,0,1,1,2,4,1,0,0,5,2,3,10,6,4
110,私立,技專校院,1024,崑山科技大學,10152044,休閒遊憩與運動管理系,12,9,3,0,0,0,0,1,0,8,3,0,0,1,1,0,12,9,3
110,私立,技專校院,1024,崑山科技大學,10199046,時尚展演事業學士學位學程,11,3,8,1,0,0,0,1,1,1,7,0,0,3,2,1,11,3,8
110,私立,技專校院,1024,崑山科技大學,99999Z01,通識教育中心,34,10,24,0,0,1,0,1,2,8,22,0,0,4,2,2,34,10,24
110,私立,技專校院,1024,崑山科技大學,99999Z07,體育室,4,4,0,1,0,0,0,0,0,3,0,0,0,1,1,0,4,4,0
110,私立,技專校院,1024,崑山科技大學,99999Z08,華語中心,6,1,5,0,0,0,0,0,1,1,4,0,0,1,0,1,6,1,5
110,私立,技專校院,1024,崑山科技大學,99999Z08,語言中心,1,1,0,1,0,0,0,0,0,0,0,0,0,1,1,0,1,1,0
110,私立,技專校院,1025,嘉藥學校財團法人嘉南藥理大學,02311002,應用外語系,7,3,4,0,0,0,0,1,0,2,4,0,0,1,1,0,7,3,4
110,私立,技專校院,1025,嘉藥學校財團法人嘉南藥理大學,04133003,醫務管理系(含碩士班),13,11,2,0,0,0,1,2,1,9,0,0,0,4,2,2,13,11,2
110,私立,技專校院,1025,嘉藥學校財團法人嘉南藥理大學,05121005,生物科技系(含碩士班),2,1,1,0,0,0,1,0,0,1,0,0,0,1,0,1,2,1,1
110,私立,技專校院,1025,嘉藥學校財團法人嘉南藥理大學,05191015,保健營養系(含碩士班),27,8,19,1,0,0,0,2,2,5,17,0,0,5,3,2,27,8,19
110,私立,技專校院,1025,嘉藥學校財團法人嘉南藥理大學,05211027,環境資源管理系(含碩士班),7,5,2,0,0,1,1,1,0,3,1,0,0,3,2,1,7,5,2
110,私立,技專校院,1025,嘉藥學校財團法人嘉南藥理大學,06111006,資訊管理系,10,6,4,1,0,0,0,0,0,5,4,0,0,1,1,0,10,6,4
110,私立,技專校院,1025,嘉藥學校財團法人嘉南藥理大學,06132046,多媒體與遊戲發展系,8,3,5,0,0,0,0,0,0,3,5,0,0,0,0,0,8,3,5
110,私立,技專校院,1025,嘉藥學校財團法人嘉南藥理大學,06134007,應用空間資訊系(含碩士班),5,4,1,0,0,0,0,4,0,0,1,0,0,4,4,0,5,4,1
110,私立,技專校院,1025,嘉藥學校財團法人嘉南藥理大學,07121009,環境工程與科學系(含碩士班),17,13,4,1,0,0,1,6,2,6,1,0,0,10,7,3,17,13,4
110,私立,技專校院,1025,嘉藥學校財團法人嘉南藥理大學,07211010,食品科技系,6,6,0,0,0,2,0,1,0,3,0,0,0,3,3,0,6,6,0
110,私立,技專校院,1025,嘉藥學校財團法人嘉南藥理大學,07321043,公共安全及消防系,8,8,0,0,0,0,0,1,0,7,0,0,0,1,1,0,8,8,0
110,私立,技專校院,1025,嘉藥學校財團法人嘉南藥理大學,09161012,藥學系(含碩士班),39,18,21,0,0,3,2,5,4,10,15,0,0,14,8,6,39,18,21
110,私立,技專校院,1025,嘉藥學校財團法人嘉南藥理大學,09161014,藥用植物與保健應用學士學位學程,1,1,0,0,0,0,0,1,0,0,0,0,0,1,1,0,1,1,0
110,私立,技專校院,1025,嘉藥學校財團法人嘉南藥理大學,09199013,醫藥化學系,6,3,3,1,1,2,1,0,1,0,0,0,0,6,3,3,6,3,3
110,私立,技專校院,1025,嘉藥學校財團法人嘉南藥理大學,09211047,高齡福祉養生管理系,1,0,1,0,0,0,0,0,0,0,1,0,0,0,0,0,1,0,1
110,私立,技專校院,1025,嘉藥學校財團法人嘉南藥理大學,09221018,嬰幼兒保育系,6,1,5,0,0,0,1,1,2,0,2,0,0,4,1,3,6,1,5
110,私立,技專校院,1025,嘉藥學校財團法人嘉南藥理大學,09231017,社會工作系,14,6,8,0,0,0,1,0,0,6,7,0,0,1,0,1,14,6,8
110,私立,技專校院,1025,嘉藥學校財團法人嘉南藥理大學,10111023,生活應用與保健系,9,6,3,0,0,1,0,1,0,4,3,0,0,2,2,0,9,6,3
110,私立,技專校院,1025,嘉藥學校財團法人嘉南藥理大學,10121024,化粧品應用與管理系(含化粧品科技碩士班),40,15,25,1,0,1,1,2,4,11,20,0,0,9,4,5,40,15,25
110,私立,技專校院,1025,嘉藥學校財團法人嘉南藥理大學,10121025,藥粧生技產業學士學位學程,7,3,4,0,0,0,0,0,0,3,4,0,0,0,0,0,7,3,4
110,私立,技專校院,1025,嘉藥學校財團法人嘉南藥理大學,10131019,餐旅管理系,21,15,6,0,0,0,0,2,1,13,5,0,0,3,2,1,21,15,6
110,私立,技專校院,1025,嘉藥學校財團法人嘉南藥理大學,10151020,觀光事業管理系(含溫泉產業碩士班),15,8,7,0,0,0,0,2,1,6,6,0,0,3,2,1,15,8,7
110,私立,技專校院,1025,嘉藥學校財團法人嘉南藥理大學,10152021,休閒保健管理系(含碩士班),23,8,15,0,0,0,0,4,1,4,14,0,0,5,4,1,23,8,15
110,私立,技專校院,1025,嘉藥學校財團法人嘉南藥理大學,10152022,運動管理系,16,14,2,0,0,3,0,3,0,8,2,0,0,6,6,0,16,14,2
110,私立,技專校院,1025,嘉藥學校財團法人嘉南藥理大學,10221011,職業安全衛生系(含產業安全衛生與防災碩士班),9,7,2,0,0,4,0,1,0,2,2,0,0,5,5,0,9,7,2
110,私立,技專校院,1025,嘉藥學校財團法人嘉南藥理大學,99999Z01,通識教育中心,35,26,9,1,0,1,0,4,0,20,9,0,0,6,6,0,35,26,9
110,私立,技專校院,1026,樹德科技大學,02112009,視覺傳達設計系,18,9,9,2,0,1,0,1,0,5,9,0,0,4,4,0,18,9,9
110,私立,技專校院,1026,樹德科技大學,02122004,流行設計系,20,4,16,0,0,1,0,0,1,3,15,0,0,2,1,1,20,4,16
110,私立,技專校院,1026,樹德科技大學,02122004,流行設計系_美髮美容設計專班,1,0,1,0,0,0,0,0,0,0,1,0,0,0,0,0,1,0,1
110,私立,技專校院,1026,樹德科技大學,02122006,動畫與遊戲設計系,23,12,11,0,0,0,0,3,1,9,10,0,0,4,3,1,23,12,11
110,私立,技專校院,1026,樹德科技大學,02123010,生活產品設計系,18,9,9,1,0,0,0,1,0,7,9,0,0,2,2,0,18,9,9
110,私立,技專校院,1026,樹德科技大學,02124011,室內設計系,22,16,6,0,0,2,0,5,2,9,4,0,0,9,7,2,22,16,6
110,私立,技專校院,1026,樹德科技大學,02124012,建築與室內設計研究所,1,1,0,0,0,1,0,0,0,0,0,0,0,1,1,0,1,1,0
110,私立,技專校院,1026,樹德科技大學,02152001,表演藝術系,16,5,11,0,0,0,0,0,2,5,9,0,0,2,0,2,16,5,11
110,私立,技專校院,1026,樹德科技大學,02192002,藝術管理與藝術經紀系,10,3,7,0,0,0,0,1,0,2,7,0,0,1,1,0,10,3,7
110,私立,技專校院,1026,樹德科技大學,02311003,應用外語系,16,4,12,1,1,0,0,0,0,3,11,0,0,2,1,1,16,4,12
110,私立,技專校院,1026,樹德科技大學,04121026,金融管理系,21,12,9,0,0,0,0,6,2,6,7,0,0,8,6,2,21,12,9
110,私立,技專校院,1026,樹德科技大學,04131016,企業管理系,19,14,5,0,0,0,0,3,1,11,4,0,0,4,3,1,19,14,5
110,私立,技專校院,1026,樹德科技大學,04131016,企業管理系_現役軍人營區在職專班,6,4,2,0,0,0,0,1,0,3,2,0,0,1,1,0,6,4,2
110,私立,技專校院,1026,樹德科技大學,04132029,流通管理系,22,20,2,0,0,3,0,6,0,11,2,0,0,9,9,0,22,20,2
110,私立,技專校院,1026,樹德科技大學,04143027,行銷管理系,25,11,14,0,0,0,0,2,2,9,12,0,0,4,2,2,25,11,14
110,私立,技專校院,1026,樹德科技大學,04199048,會展行銷與活動管理系,14,11,3,0,0,0,0,3,0,8,3,0,0,3,3,0,14,11,3
110,私立,技專校院,1026,樹德科技大學,06121032,資訊管理系,15,11,4,1,0,1,0,4,0,5,4,0,0,6,6,0,15,11,4
110,私立,技專校院,1026,樹德科技大學,06121032,資訊管理系_國際學生產學合作專班,1,0,1,0,0,0,0,0,0,0,1,0,0,0,0,0,1,0,1
110,私立,技專校院,1026,樹德科技大學,06131033,資訊工程系,16,12,4,2,0,1,1,2,1,7,2,0,0,7,5,2,16,12,4
110,私立,技專校院,1026,樹德科技大學,07141034,電腦與通訊系,16,10,6,0,0,0,0,3,0,7,6,0,0,3,3,0,16,10,6
110,私立,技專校院,1026,樹德科技大學,09221038,兒童與家庭服務系,12,4,8,0,0,0,0,3,3,1,5,0,0,6,3,3,12,4,8
110,私立,技專校院,1026,樹德科技大學,09231037,社會工作學士學位學程,15,7,8,0,0,0,0,4,3,3,5,0,0,7,4,3,15,7,8
110,私立,技專校院,1026,樹德科技大學,10131046,餐旅與烘焙管理系,13,6,7,0,0,1,0,2,0,3,7,0,0,3,3,0,13,6,7
110,私立,技專校院,1026,樹德科技大學,10151041,休閒與觀光管理系,22,12,10,0,0,0,0,2,2,10,8,0,0,4,2,2,22,12,10
110,私立,技專校院,1026,樹德科技大學,10152044,休閒遊憩與運動管理系,38,26,12,1,0,0,0,4,2,21,10,0,0,7,5,2,38,26,12
110,私立,技專校院,1026,樹德科技大學,99999045,人類性學研究所,5,3,2,1,1,1,0,1,1,0,0,0,0,5,3,2,5,3,2
110,私立,一般大學,1027,慈濟學校財團法人慈濟大學,01111001,教育研究所,1,0,1,0,0,0,0,0,1,0,0,0,0,1,0,1,1,0,1
110,私立,一般大學,1027,慈濟學校財團法人慈濟大學,02211005,宗教與人文研究所,1,1,0,0,0,1,0,0,0,0,0,0,0,1,1,0,1,1,0
110,私立,一般大學,1027,慈濟學校財團法人慈濟大學,02311003,英美語文學系,5,4,1,0,0,0,0,1,1,3,0,0,0,2,1,1,5,4,1
110,私立,一般大學,1027,慈濟學校財團法人慈濟大學,02322004,東方語文學系,3,2,1,0,1,1,0,0,0,1,0,0,0,2,1,1,3,2,1
110,私立,一般大學,1027,慈濟學校財團法人慈濟大學,03213036,國際數位媒體科技學士學位學程,2,1,1,0,0,0,0,0,0,1,1,0,0,0,0,0,2,1,1
110,私立,一般大學,1027,慈濟學校財團法人慈濟大學,03214009,傳播學系,9,7,2,0,0,0,0,3,0,4,2,0,0,3,3,0,9,7,2
110,私立,一般大學,1027,慈濟學校財團法人慈濟大學,04131035,國際服務產業管理學士學位學程,5,1,4,0,0,0,0,1,1,0,3,0,0,2,1,1,5,1,4
110,私立,一般大學,1027,慈濟學校財團法人慈濟大學,05111010,生命科學系,4,3,1,2,0,1,1,0,0,0,0,0,0,4,3,1,4,3,1
110,私立,一般大學,1027,慈濟學校財團法人慈濟大學,05121012,分子生物暨人類遺傳學系,2,1,1,1,0,0,0,0,1,0,0,0,0,2,1,1,2,1,1
110,私立,一般大學,1027,慈濟學校財團法人慈濟大學,06133032,醫學資訊學系,2,1,1,0,0,1,0,0,1,0,0,0,0,2,1,1,2,1,1
110,私立,一般大學,1027,慈濟學校財團法人慈濟大學,09121015,醫學系,321,281,40,42,1,60,3,90,17,89,19,0,0,213,192,21,321,281,40
110,私立,一般大學,1027,慈濟學校財團法人慈濟大學,09121019,醫學科學研究所,8,7,1,5,0,2,1,0,0,0,0,0,0,8,7,1,8,7,1
110,私立,一般大學,1027,慈濟學校財團法人慈濟大學,09121023,學士後中醫學系,45,39,6,2,0,4,0,13,1,20,5,0,0,20,19,1,45,39,6
110,私立,一般大學,1027,慈濟學校財團法人慈濟大學,09131028,護理學系,7,1,6,0,0,1,0,0,1,0,5,0,0,2,1,1,7,1,6
110,私立,一般大學,1027,慈濟學校財團法人慈濟大學,09141031,醫學檢驗生物技術學系,5,1,4,0,0,1,0,0,3,0,1,0,0,4,1,3,5,1,4
110,私立,一般大學,1027,慈濟學校財團法人慈濟大學,09191024,公共衛生學系,3,2,1,0,0,1,0,0,1,1,0,0,0,2,1,1,3,2,1
110,私立,一般大學,1027,慈濟學校財團法人慈濟大學,09221002,兒童發展與家庭教育學系,3,0,3,0,0,0,0,0,1,0,2,0,0,1,0,1,3,0,3
110,私立,一般大學,1027,慈濟學校財團法人慈濟大學,09231034,社會工作學系,2,0,2,0,0,0,1,0,0,0,1,0,0,1,0,1,2,0,2
110,私立,一般大學,1027,慈濟學校財團法人慈濟大學,99999Z01,通識教育中心,8,2,6,0,0,1,0,0,2,1,4,0,0,3,1,2,8,2,6
110,私立,一般大學,1027,慈濟學校財團法人慈濟大學,99999Z05,師資培育中心,4,1,3,0,1,0,0,0,0,1,2,0,0,1,0,1,4,1,3
110,私立,一般大學,1027,慈濟學校財團法人慈濟大學,99999Z08,外語教學中心,8,1,7,0,0,0,0,0,1,1,6,0,0,1,0,1,8,1,7
110,私立,一般大學,1027,慈濟學校財團法人慈濟大學,99999Z99,國際暨跨領域學院,5,4,1,2,0,0,0,2,0,0,1,0,0,4,4,0,5,4,1
110,私立,一般大學,1028,臺北醫學大學,03131057,心智意識與腦科學研究所,1,1,0,0,0,1,0,0,0,0,0,0,0,1,1,0,1,1,0
110,私立,一般大學,1028,臺北醫學大學,03199001,醫學人文研究所,1,0,1,0,0,0,0,0,1,0,0,0,0,1,0,1,1,0,1
110,私立,一般大學,1028,臺北醫學大學,04133002,醫務管理學系,9,4,5,0,0,0,0,3,3,1,2,0,0,6,3,3,9,4,5
110,私立,一般大學,1028,臺北醫學大學,04199050,管理學院生物科技高階管理碩士在職專班,4,4,0,0,0,0,0,3,0,1,0,0,0,3,3,0,4,4,0
110,私立,一般大學,1028,臺北醫學大學,04212003,醫療暨生物科技法律研究所,1,1,0,0,0,0,0,1,0,0,0,0,0,1,1,0,1,1,0
110,私立,一般大學,1028,臺北醫學大學,05121016,醫學科學研究所,5,1,4,1,4,0,0,0,0,0,0,0,0,5,1,4,5,1,4
110,私立,一般大學,1028,臺北醫學大學,05191032,保健營養學系,11,3,8,0,1,0,0,3,3,0,4,0,0,7,3,4,11,3,8
110,私立,一般大學,1028,臺北醫學大學,06131042,醫學資訊研究所,3,2,1,1,0,0,0,1,1,0,0,0,0,3,2,1,3,2,1
110,私立,一般大學,1028,臺北醫學大學,06199051,大數據科技及管理研究所,3,2,1,1,0,1,0,0,1,0,0,0,0,3,2,1,3,2,1
110,私立,一般大學,1028,臺北醫學大學,07112008,生醫材料暨組織工程研究所,1,1,0,0,0,1,0,0,0,0,0,0,0,1,1,0,1,1,0
110,私立,一般大學,1028,臺北醫學大學,07193009,生物醫學工程學系,11,9,2,0,0,1,0,3,1,5,1,0,0,5,4,1,11,9,2
110,私立,一般大學,1028,臺北醫學大學,09111044,牙醫學系,36,27,9,0,0,6,0,8,2,13,7,0,0,16,14,2,36,27,9
110,私立,一般大學,1028,臺北醫學大學,09111045,牙體技術學系,12,9,3,1,0,1,0,0,0,7,3,0,0,2,2,0,12,9,3
110,私立,一般大學,1028,臺北醫學大學,09111046,口腔衛生學系,13,4,9,0,1,0,1,0,0,4,7,0,0,2,0,2,13,4,9
110,私立,一般大學,1028,臺北醫學大學,09121013,醫學系,123,85,38,12,2,11,3,22,9,40,24,0,0,59,45,14,123,85,38
110,私立,一般大學,1028,臺北醫學大學,09121014,臨床醫學研究所,4,4,0,3,0,0,0,1,0,0,0,0,0,4,4,0,4,4,0
110,私立,一般大學,1028,臺北醫學大學,09121017,轉譯醫學博士學位學程,1,1,0,1,0,0,0,0,0,0,0,0,0,1,1,0,1,1,0
110,私立,一般大學,1028,臺北醫學大學,09121018,神經再生醫學博士學位學程,7,6,1,3,0,2,1,1,0,0,0,0,0,7,6,1,7,6,1
110,私立,一般大學,1028,臺北醫學大學,09121054,細胞治療與再生醫學國際博士學位學程,5,5,0,1,0,1,0,3,0,0,0,0,0,5,5,0,5,5,0
110,私立,一般大學,1028,臺北醫學大學,09131037,學士後護理學系,5,0,5,0,0,0,0,0,1,0,4,0,0,1,0,1,5,0,5
110,私立,一般大學,1028,臺北醫學大學,09131037,護理學系,17,1,16,0,0,0,0,0,1,1,15,0,0,1,0,1,17,1,16
110,私立,一般大學,1028,臺北醫學大學,09141040,醫學生物科技博士學位學程,1,1,0,0,0,1,0,0,0,0,0,0,0,1,1,0,1,1,0
110,私立,一般大學,1028,臺北醫學大學,09141041,醫學檢驗暨生物技術學系,10,5,5,1,0,1,1,1,0,2,4,0,0,4,3,1,10,5,5
110,私立,一般大學,1028,臺北醫學大學,09141058,醫學院人工智慧醫療碩士在職專班,1,1,0,0,0,0,0,1,0,0,0,0,0,1,1,0,1,1,0
110,私立,一般大學,1028,臺北醫學大學,09161024,藥學系,37,7,30,0,0,1,0,2,3,4,27,0,0,6,3,3,37,7,30
110,私立,一般大學,1028,臺北醫學大學,09161026,生藥學研究所,9,6,3,2,2,1,1,3,0,0,0,0,0,9,6,3,9,6,3
110,私立,一般大學,1028,臺北醫學大學,09161028,癌症生物學與藥物研發研究所,1,1,0,0,0,0,0,1,0,0,0,0,0,1,1,0,1,1,0
110,私立,一般大學,1028,臺北醫學大學,09161028,癌症生物學與藥物研發博士學位學程,9,6,3,3,1,2,0,1,2,0,0,0,0,9,6,3,9,6,3
110,私立,一般大學,1028,臺北醫學大學,09161030,中草藥臨床藥物研發博士學位學程,3,3,0,1,0,1,0,1,0,0,0,0,0,3,3,0,3,3,0
110,私立,一般大學,1028,臺北醫學大學,09161060,新藥研發產業博士學位學程,2,2,0,0,0,2,0,0,0,0,0,0,0,2,2,0,2,2,0
110,私立,一般大學,1028,臺北醫學大學,09191020,公共衛生學系,2,1,1,0,0,0,0,1,1,0,0,0,0,2,1,1,2,1,1
110,私立,一般大學,1028,臺北醫學大學,09191022,傷害防治學研究所,4,3,1,0,0,0,0,3,1,0,0,0,0,4,3,1,4,3,1
110,私立,一般大學,1028,臺北醫學大學,09191023,全球衛生暨發展碩士學位學程,1,1,0,1,0,0,0,0,0,0,0,0,0,1,1,0,1,1,0
110,私立,一般大學,1028,臺北醫學大學,09199035,呼吸治療學系,13,3,10,0,0,0,2,0,3,3,5,0,0,5,0,5,13,3,10
110,私立,一般大學,1028,臺北醫學大學,09199052,代謝與肥胖科學研究所,1,1,0,1,0,0,0,0,0,0,0,0,0,1,1,0,1,1,0
110,私立,一般大學,1028,臺北醫學大學,09199064,臨床基因體學暨蛋白質體學碩士學位學程,3,2,1,2,1,0,0,0,0,0,0,0,0,3,2,1,3,2,1
110,私立,一般大學,1028,臺北醫學大學,09211049,高齡健康管理學系,4,1,3,0,0,0,0,0,0,1,3,0,0,0,0,0,4,1,3
110,私立,一般大學,1028,臺北醫學大學,99999Z01,通識教育中心,35,20,15,2,0,3,3,7,4,8,8,0,0,19,12,7,35,20,15
110,私立,一般大學,1029,中山醫學大學,02311003,應用外國語言學系,3,1,2,0,0,0,1,0,0,1,1,0,0,1,0,1,3,1,2
110,私立,一般大學,1029,中山醫學大學,03131004,心理學系,1,0,1,0,0,0,0,0,0,0,1,0,0,0,0,0,1,0,1
110,私立,一般大學,1029,中山醫學大學,04133006,醫療產業科技管理學系,8,5,3,2,0,0,1,1,0,2,2,0,0,4,3,1,8,5,3
110,私立,一般大學,1029,中山醫學大學,05121012,生物醫學科學學系,5,4,1,1,1,1,0,2,0,0,0,0,0,5,4,1,5,4,1
110,私立,一般大學,1029,中山醫學大學,05191026,營養學系,4,2,2,1,0,0,0,0,0,1,2,0,0,1,1,0,4,2,2
110,私立,一般大學,1029,中山醫學大學,05399015,醫學應用化學系,1,1,0,0,0,0,0,1,0,0,0,0,0,1,1,0,1,1,0
110,私立,一般大學,1029,中山醫學大學,06131033,醫學資訊學系,1,1,0,0,0,0,0,0,0,1,0,0,0,0,0,0,1,1,0
110,私立,一般大學,1029,中山醫學大學,09111038,牙醫學系,21,17,4,3,3,3,1,8,0,3,0,0,0,18,14,4,21,17,4
110,私立,一般大學,1029,中山醫學大學,09121018,醫學系,99,85,14,15,0,11,4,30,4,29,6,0,0,64,56,8,99,85,14
110,私立,一般大學,1029,中山醫學大學,09121018,醫學研究所,13,13,0,9,0,1,0,3,0,0,0,0,0,13,13,0,13,13,0
110,私立,一般大學,1029,中山醫學大學,09131028,護理學系,31,0,31,0,3,0,1,0,3,0,24,0,0,7,0,7,31,0,31
110,私立,一般大學,1029,中山醫學大學,09141030,醫學檢驗暨生物技術學系,4,1,3,0,0,1,0,0,0,0,3,0,0,1,1,0,4,1,3
110,私立,一般大學,1029,中山醫學大學,09141031,醫學影像暨放射科學系,6,4,2,1,0,0,0,1,1,2,1,0,0,3,2,1,6,4,2
110,私立,一般大學,1029,中山醫學大學,09141032,視光學系,4,2,2,0,0,0,0,1,1,1,1,0,0,2,1,1,4,2,2
110,私立,一般大學,1029,中山醫學大學,09151022,物理治療學系,5,4,1,0,0,1,0,2,0,1,1,0,0,3,3,0,5,4,1
110,私立,一般大學,1029,中山醫學大學,09153024,語言治療與聽力學系,11,4,7,0,0,0,0,1,0,3,7,0,0,1,1,0,11,4,7
110,私立,一般大學,1029,中山醫學大學,09191020,公共衛生學系,1,1,0,1,0,0,0,0,0,0,0,0,0,1,1,0,1,1,0
110,私立,一般大學,1029,中山醫學大學,09231045,醫學社會暨社會工作學系,8,2,6,0,0,0,0,1,1,1,5,0,0,2,1,1,8,2,6
110,私立,一般大學,1029,中山醫學大學,10131049,健康產業科技管理學系,3,0,3,0,0,0,0,0,1,0,2,0,0,1,0,1,3,0,3
110,私立,一般大學,1029,中山醫學大學,10221021,職業安全衛生學系,4,4,0,0,0,0,0,4,0,0,0,0,0,4,4,0,4,4,0
110,私立,一般大學,1029,中山醫學大學,99999Z01,通識教育中心,21,8,13,0,0,1,1,3,2,4,10,0,0,7,4,3,21,8,13
110,私立,一般大學,1029,中山醫學大學,99999Z07,體育中心,12,9,3,0,0,0,0,3,0,6,3,0,0,3,3,0,12,9,3
110,私立,技專校院,1030,龍華科技大學,02112011,多媒體與遊戲發展科學系,9,7,2,0,0,0,0,2,0,5,2,0,0,2,2,0,9,7,2
110,私立,技專校院,1030,龍華科技大學,02122002,文化創意與數位媒體設計系,9,4,5,0,0,0,0,1,0,3,5,0,0,1,1,0,9,4,5
110,私立,技專校院,1030,龍華科技大學,02311001,應用外語系,11,5,6,0,0,0,0,1,1,4,5,0,0,2,1,1,11,5,6
110,私立,技專校院,1030,龍華科技大學,04121007,財務金融(學)系,4,3,1,0,0,1,0,1,0,1,1,0,0,2,2,0,4,3,1
110,私立,技專校院,1030,龍華科技大學,04131004,企業管理(學)系,11,8,3,0,0,1,0,3,0,4,3,0,0,4,4,0,11,8,3
110,私立,技專校院,1030,龍華科技大學,04141005,國際企業系,4,3,1,0,0,0,0,1,0,2,1,0,0,1,1,0,4,3,1
110,私立,技專校院,1030,龍華科技大學,04199008,工業管理(學)系,20,14,6,0,0,0,0,5,1,9,5,0,0,6,5,1,20,14,6
110,私立,技專校院,1030,龍華科技大學,06131009,資訊管理(學)系,3,3,0,0,0,1,0,0,0,2,0,0,0,1,1,0,3,3,0
110,私立,技專校院,1030,龍華科技大學,06131015,資訊網路工程系,16,15,1,0,0,1,0,7,0,7,1,0,0,8,8,0,16,15,1
110,私立,技專校院,1030,龍華科技大學,07111018,化工與材料工程系,27,23,4,2,1,3,0,9,0,9,3,0,0,15,14,1,27,23,4
110,私立,技專校院,1030,龍華科技大學,07141013,電機工程(學)系,29,29,0,0,0,4,0,7,0,18,0,0,0,11,11,0,29,29,0
110,私立,技專校院,1030,龍華科技大學,07141014,電子工程(學)系,20,18,2,1,0,1,1,4,0,12,1,0,0,7,6,1,20,18,2
110,私立,技專校院,1030,龍華科技大學,07151016,機械工程(學)系,44,36,8,0,0,2,0,10,0,24,8,0,0,12,12,0,44,36,8
110,私立,技專校院,1030,龍華科技大學,10151021,觀光休閒系,30,21,9,0,0,0,0,4,0,17,9,0,0,4,4,0,30,21,9
110,私立,技專校院,1030,龍華科技大學,99999Z01,通識(教育)中心,171,102,69,1,0,4,4,21,13,76,52,0,0,43,26,17,171,102,69
110,私立,技專校院,1031,輔英科技大學,01121035,幼兒保育暨產業系,3,1,2,0,0,0,0,0,0,1,2,0,0,0,0,0,3,1,2
110,私立,技專校院,1031,輔英科技大學,02311001,應用外語系,7,4,3,0,0,0,0,0,0,4,3,0,0,0,0,0,7,4,3
110,私立,技專校院,1031,輔英科技大學,04133003,健康事業管理系,7,2,5,0,0,0,0,1,2,1,3,0,0,3,1,2,7,2,5
110,私立,技專校院,1031,輔英科技大學,05191018,保健營養系,7,3,4,0,0,0,0,0,1,3,3,0,0,1,0,1,7,3,4
110,私立,技專校院,1031,輔英科技大學,06131034,資訊科技與管理系,4,2,2,0,0,0,0,1,0,1,2,0,0,1,1,0,4,2,2
110,私立,技專校院,1031,輔英科技大學,07121012,環境工程與科學系,4,3,1,0,0,0,0,2,1,1,0,0,0,3,2,1,4,3,1
110,私立,技專校院,1031,輔英科技大學,09131019,護理系,45,15,30,1,0,5,1,4,6,5,23,0,0,17,10,7,45,15,30
110,私立,技專校院,1031,輔英科技大學,09131019,護理科,32,6,26,0,0,1,0,2,4,3,22,0,0,7,3,4,32,6,26
110,私立,技專校院,1031,輔英科技大學,09141024,醫學檢驗生物技術系,12,7,5,0,0,1,2,3,1,3,2,0,0,7,4,3,12,7,5
110,私立,技專校院,1031,輔英科技大學,09151016,物理治療系,5,4,1,0,0,1,0,1,0,2,1,0,0,2,2,0,5,4,1
110,私立,技專校院,1031,輔英科技大學,09211027,高齡及長期照護事業系,15,4,11,0,1,1,0,0,1,3,9,0,0,3,1,2,15,4,11
110,私立,技專校院,1031,輔英科技大學,10121032,健康美容系,8,3,5,0,0,0,0,1,0,2,5,0,0,1,1,0,8,3,5
110,私立,技專校院,1031,輔英科技大學,10199029,休閒與遊憩事業管理系,15,7,8,0,0,2,0,1,2,4,6,0,0,5,3,2,15,7,8
110,私立,技專校院,1031,輔英科技大學,10221015,職業安全衛生系,15,12,3,1,0,0,0,2,0,9,3,0,0,3,3,0,15,12,3
110,私立,技專校院,1031,輔英科技大學,99999Z01,基本能力教育組,48,25,23,0,1,1,1,5,5,19,16,0,0,13,6,7,48,25,23
110,私立,技專校院,1031,輔英科技大學,99999Z01,博雅教育組,29,18,11,0,0,2,0,6,5,10,6,0,0,13,8,5,29,18,11
110,私立,技專校院,1032,明新學校財團法人明新科技大學,02112036,多媒體與遊戲發展系,4,2,2,0,0,0,0,0,0,2,2,0,0,0,0,0,4,2,2
110,私立,技專校院,1032,明新學校財團法人明新科技大學,02311001,應用外語系,29,14,15,0,0,0,0,1,1,13,14,0,0,2,1,1,29,14,15
110,私立,技專校院,1032,明新學校財團法人明新科技大學,04121007,財務金融系,9,4,5,0,0,0,0,1,0,3,5,0,0,1,1,0,9,4,5
110,私立,技專校院,1032,明新學校財團法人明新科技大學,04131002,企業管理系,40,29,11,0,0,0,0,11,4,18,7,0,0,15,11,4,40,29,11
110,私立,技專校院,1032,明新學校財團法人明新科技大學,04131003,管理研究所,3,0,3,0,0,0,1,0,2,0,0,0,0,3,0,3,3,0,3
110,私立,技專校院,1032,明新學校財團法人明新科技大學,04143008,行銷與流通管理系,11,5,6,0,0,0,0,0,1,5,5,0,0,1,0,1,11,5,6
110,私立,技專校院,1032,明新學校財團法人明新科技大學,04199031,運動管理系,3,1,2,0,0,0,0,0,2,1,0,0,0,2,0,2,3,1,2
110,私立,技專校院,1032,明新學校財團法人明新科技大學,06131009,資訊管理系,12,8,4,0,0,0,1,1,0,7,3,0,0,2,1,1,12,8,4
110,私立,技專校院,1032,明新學校財團法人明新科技大學,07111022,化學工程與材料科技系,9,7,2,3,0,0,2,2,0,2,0,0,0,7,5,2,9,7,2
110,私立,技專校院,1032,明新學校財團法人明新科技大學,07141011,電機工程系,28,24,4,0,0,1,1,5,1,18,2,0,0,8,6,2,28,24,4
110,私立,技專校院,1032,明新學校財團法人明新科技大學,07141012,電子工程系,20,19,1,2,0,2,0,7,0,8,1,0,0,11,11,0,20,19,1
110,私立,技專校院,1032,明新學校財團法人明新科技大學,07141013,資訊工程學系,10,7,3,0,0,1,0,1,0,5,3,0,0,2,2,0,10,7,3
110,私立,技專校院,1032,明新學校財團法人明新科技大學,07141037,光電工程系,9,8,1,0,0,1,0,5,0,2,1,0,0,6,6,0,9,8,1
110,私立,技專校院,1032,明新學校財團法人明新科技大學,07151016,機械工程系,14,14,0,0,0,2,0,8,0,4,0,0,0,10,10,0,14,14,0
110,私立,技專校院,1032,明新學校財團法人明新科技大學,07191024,工業工程與管理系,36,28,8,1,0,2,0,6,1,19,7,0,0,10,9,1,36,28,8
110,私立,技專校院,1032,明新學校財團法人明新科技大學,07321020,土木工程與環境資源管理系,9,9,0,0,0,1,0,5,0,3,0,0,0,6,6,0,9,9,0
110,私立,技專校院,1032,明新學校財團法人明新科技大學,09211038,樂齡服務產業管理系,23,11,12,0,0,0,0,6,1,5,11,0,0,7,6,1,23,11,12
110,私立,技專校院,1032,明新學校財團法人明新科技大學,09221027,幼兒保育系,19,3,16,0,0,0,1,1,0,2,15,0,0,2,1,1,19,3,16
110,私立,技專校院,1032,明新學校財團法人明新科技大學,10121040,時尚造型與設計系,8,3,5,0,0,0,0,0,0,3,5,0,0,0,0,0,8,3,5
110,私立,技專校院,1032,明新學校財團法人明新科技大學,10131039,旅館管理與廚藝創意系,15,10,5,0,0,0,0,4,2,6,3,0,0,6,4,2,15,10,5
110,私立,技專校院,1032,明新學校財團法人明新科技大學,10152030,休閒事業管理系,14,10,4,0,0,1,0,2,0,7,4,0,0,3,3,0,14,10,4
110,私立,技專校院,1032,明新學校財團法人明新科技大學,99999Z01,通識教育中心,69,32,37,0,1,2,0,10,12,20,24,0,0,25,12,13,69,32,37
110,私立,技專校院,1032,明新學校財團法人明新科技大學,99999Z07,體育教育中心,11,7,4,0,0,0,0,0,0,7,4,0,0,0,0,0,11,7,4
110,私立,一般大學,1033,長榮大學,02111081,數位媒體設計學系,2,1,1,0,0,0,0,0,0,1,1,0,0,0,0,0,2,1,1
110,私立,一般大學,1033,長榮大學,02131001,美術學系,3,1,2,1,0,0,1,0,1,0,0,0,0,3,1,2,3,1,2
110,私立,一般大學,1033,長榮大學,02131002,書畫藝術學系,7,7,0,1,0,0,0,4,0,2,0,0,0,5,5,0,7,7,0
110,私立,一般大學,1033,長榮大學,02141004,台灣文化創意產業學士學位學程,11,6,5,1,0,1,0,0,1,4,4,0,0,3,2,1,11,6,5
110,私立,一般大學,1033,長榮大學,02231012,應用哲學系,2,1,1,0,0,0,0,1,1,0,0,0,0,2,1,1,2,1,1
110,私立,一般大學,1033,長榮大學,02299066,東南亞文化與產業學士學位學程,4,0,4,0,0,0,0,0,0,0,4,0,0,0,0,0,4,0,4
110,私立,一般大學,1033,長榮大學,02311005,應用日語學系,11,4,7,1,0,0,1,3,2,0,4,0,0,7,4,3,11,4,7
110,私立,一般大學,1033,長榮大學,02311076,日語進修學士學位學程,1,0,1,0,0,0,1,0,0,0,0,0,0,1,0,1,1,0,1
110,私立,一般大學,1033,長榮大學,02312007,翻譯學系,4,1,3,0,0,0,0,1,0,0,3,0,0,1,1,0,4,1,3
110,私立,一般大學,1033,長榮大學,03211021,大眾傳播學系,2,1,1,0,0,0,0,1,0,0,1,0,0,1,1,0,2,1,1
110,私立,一般大學,1033,長榮大學,04131026,管理學院經營管理博士班,1,1,0,0,0,0,0,1,0,0,0,0,0,1,1,0,1,1,0
110,私立,一般大學,1033,長榮大學,04131026,管理學院經營管理碩士班,2,1,1,0,0,0,0,1,1,0,0,0,0,2,1,1,2,1,1
110,私立,一般大學,1033,長榮大學,04131028,國際企業學系,6,3,3,1,1,0,0,1,2,1,0,0,0,5,2,3,6,3,3
110,私立,一般大學,1033,長榮大學,04131033,高階管理碩士在職專班,2,2,0,0,0,0,0,2,0,0,0,0,0,2,2,0,2,2,0
110,私立,一般大學,1033,長榮大學,04133031,醫務管理學系,5,4,1,0,0,0,0,3,0,1,1,0,0,3,3,0,5,4,1
110,私立,一般大學,1033,長榮大學,04199027,管理進修學士學位學程,18,16,2,0,0,3,0,9,2,4,0,0,0,14,12,2,18,16,2
110,私立,一般大學,1033,長榮大學,04199067,創新應用管理學系,1,1,0,0,0,0,0,1,0,0,0,0,0,1,1,0,1,1,0
110,私立,一般大學,1033,長榮大學,05211065,永續發展國際學士學位學程,1,1,0,0,0,0,0,1,0,0,0,0,0,1,1,0,1,1,0
110,私立,一般大學,1033,長榮大學,05211078,綠能與環境資源學系,8,3,5,1,0,0,0,1,3,1,2,0,0,5,2,3,8,3,5
110,私立,一般大學,1033,長榮大學,07162069,無人機應用學士學位學程,4,4,0,0,0,0,0,3,0,1,0,0,0,3,3,0,4,4,0
110,私立,一般大學,1033,長榮大學,07211053,環境與食品安全檢驗學士學位學程,2,2,0,1,0,0,0,1,0,0,0,0,0,2,2,0,2,2,0
110,私立,一般大學,1033,長榮大學,08193075,蘭花產業應用學士學位學程,3,3,0,0,0,0,0,0,0,3,0,0,0,0,0,0,3,3,0
110,私立,一般大學,1033,長榮大學,09131049,護理學系,9,1,8,1,0,0,0,0,1,0,7,0,0,2,1,1,9,1,8
110,私立,一般大學,1033,長榮大學,09199071,醫藥科學產業學系,3,2,1,0,0,1,0,1,1,0,0,0,0,3,2,1,3,2,1
110,私立,一般大學,1033,長榮大學,09299070,醫學社會暨健康照護學士學位學程,4,1,3,0,0,1,1,0,1,0,1,0,0,3,1,2,4,1,3
110,私立,一般大學,1033,長榮大學,10141058,運動競技學系,12,10,2,0,0,2,0,5,1,3,1,0,0,8,7,1,12,10,2
110,私立,一般大學,1033,長榮大學,10151056,觀光與餐飲服務事業進修學士學位學程,6,3,3,0,0,0,0,1,0,2,3,0,0,1,1,0,6,3,3
110,私立,一般大學,1033,長榮大學,10151057,觀光與餐飲管理學系,3,2,1,0,0,0,0,0,1,2,0,0,0,1,0,1,3,2,1
110,私立,一般大學,1033,長榮大學,10221045,職業安全與衛生學系,7,6,1,0,0,1,0,4,0,1,1,0,0,5,5,0,7,6,1
110,私立,一般大學,1033,長榮大學,10221079,職安消防進修學士學位學程,1,1,0,0,0,0,0,0,0,1,0,0,0,0,0,0,1,1,0
110,私立,一般大學,1033,長榮大學,10321062,消防安全學士學位學程,4,4,0,0,0,0,0,1,0,3,0,0,0,1,1,0,4,4,0
110,私立,一般大學,1033,長榮大學,10412061,航運管理學系,2,2,0,0,0,1,0,1,0,0,0,0,0,2,2,0,2,2,0
110,私立,一般大學,1033,長榮大學,99999Z01,共同教育中心,16,15,1,1,0,8,0,2,0,4,1,0,0,11,11,0,16,15,1
110,私立,一般大學,1033,長榮大學,99999Z01,通識教育中心,9,6,3,0,0,0,0,4,2,2,1,0,0,6,4,2,9,6,3
110,私立,一般大學,1033,長榮大學,99999Z08,華語文教育中心,2,0,2,0,0,0,0,0,0,0,2,0,0,0,0,0,2,0,2
110,私立,一般大學,1033,長榮大學,99999Z08,語文教育中心,24,8,16,0,0,0,0,5,8,3,8,0,0,13,5,8,24,8,16
110,私立,技專校院,1034,弘光科技大學,02122003,文化創意產業系,17,13,4,0,0,1,0,2,2,10,2,0,0,5,3,2,17,13,4
110,私立,技專校院,1034,弘光科技大學,02311038,國際溝通英語系,37,13,24,0,0,0,0,3,2,10,22,0,0,5,3,2,37,13,24
110,私立,技專校院,1034,弘光科技大學,04133005,健康事業管理系,16,10,6,1,0,1,0,4,2,4,4,0,0,8,6,2,16,10,6
110,私立,技專校院,1034,弘光科技大學,05111007,動物保健學士學位學程,2,2,0,0,0,0,0,0,0,2,0,0,0,0,0,0,2,2,0
110,私立,技專校院,1034,弘光科技大學,05121008,生物科技系,1,0,1,0,0,0,0,0,1,0,0,0,0,1,0,1,1,0,1
110,私立,技專校院,1034,弘光科技大學,05191023,營養系暨營養醫學研究所,17,10,7,0,0,4,0,5,0,1,7,0,0,9,9,0,17,10,7
110,私立,技專校院,1034,弘光科技大學,06131011,資訊工程系,18,17,1,0,0,0,0,4,0,13,1,0,0,4,4,0,18,17,1
110,私立,技專校院,1034,弘光科技大學,06133039,多媒體遊戲發展與應用系,16,13,3,0,0,0,0,5,0,8,3,0,0,5,5,0,16,13,3
110,私立,技專校院,1034,弘光科技大學,07121014,環境與安全衛生工程系,23,20,3,0,0,0,1,7,0,13,2,0,0,8,7,1,23,20,3
110,私立,技專校院,1034,弘光科技大學,07193015,生物醫學工程系,5,5,0,0,0,1,0,2,0,2,0,0,0,3,3,0,5,5,0
110,私立,技專校院,1034,弘光科技大學,07211017,食品科技系,33,21,12,4,1,1,0,9,3,7,8,0,0,18,14,4,33,21,12
110,私立,技專校院,1034,弘光科技大學,09131025,護理系,47,16,31,1,2,2,3,6,4,7,22,0,0,18,9,9,47,16,31
110,私立,技專校院,1034,弘光科技大學,09151020,物理治療系,9,3,6,0,0,0,2,1,2,2,2,0,0,5,1,4,9,3,6
110,私立,技專校院,1034,弘光科技大學,09153021,語言治療與聽力學系,4,2,2,0,0,0,0,2,1,0,1,0,0,3,2,1,4,2,2
110,私立,技專校院,1034,弘光科技大學,09211037,老人福利與長期照顧事業系,13,7,6,0,0,0,0,3,0,4,6,0,0,3,3,0,13,7,6
110,私立,技專校院,1034,弘光科技大學,09221028,幼兒保育系,8,2,6,0,0,0,1,1,1,1,4,0,0,3,1,2,8,2,6
110,私立,技專校院,1034,弘光科技大學,10121031,化妝品應用系,26,14,12,0,0,0,1,4,2,10,9,0,0,7,4,3,26,14,12
110,私立,技專校院,1034,弘光科技大學,10121034,美髮造型設計系,8,5,3,0,0,1,0,0,0,4,3,0,0,1,1,0,8,5,3
110,私立,技專校院,1034,弘光科技大學,10131029,餐旅管理系,27,18,9,4,0,1,2,8,3,5,4,0,0,18,13,5,27,18,9
110,私立,技專校院,1034,弘光科技大學,10152030,運動休閒系,19,13,6,1,0,1,0,2,1,9,5,0,0,5,4,1,19,13,6
110,私立,技專校院,1034,弘光科技大學,99999Z01,通識教育中心,100,61,39,1,0,2,1,20,14,38,24,0,0,38,23,15,100,61,39
110,私立,一般大學,1035,中國醫藥大學,04133029,醫務管理學系,12,8,4,5,0,3,1,0,1,0,2,0,0,10,8,2,12,8,4
110,私立,一般大學,1035,中國醫藥大學,04199058,科技管理碩士學位學程,1,1,0,0,0,0,0,1,0,0,0,0,0,1,1,0,1,1,0
110,私立,一般大學,1035,中國醫藥大學,04212057,科技法律碩士學位學程,1,1,0,1,0,0,0,0,0,0,0,0,0,1,1,0,1,1,0
110,私立,一般大學,1035,中國醫藥大學,05121043,生物科技學系,3,1,2,1,1,0,0,0,1,0,0,0,0,3,1,2,3,1,2
110,私立,一般大學,1035,中國醫藥大學,05191021,營養學系,5,1,4,1,1,0,0,0,2,0,1,0,0,4,1,3,5,1,4
110,私立,一般大學,1035,中國醫藥大學,09111019,牙醫學系,19,15,4,3,0,2,0,3,0,7,4,0,0,8,8,0,19,15,4
110,私立,一般大學,1035,中國醫藥大學,09121003,生物醫學研究所,24,17,7,9,0,5,3,3,4,0,0,0,0,24,17,7,24,17,7
110,私立,一般大學,1035,中國醫藥大學,09121014,中醫學系,35,28,7,4,0,8,1,11,3,5,3,0,0,27,23,4,35,28,7
110,私立,一般大學,1035,中國醫藥大學,09121014,學士後中醫學系,19,15,4,0,0,3,1,8,1,4,2,0,0,13,11,2,19,15,4
110,私立,一般大學,1035,中國醫藥大學,09121016,醫學系,63,46,17,7,0,9,4,19,10,11,3,0,0,49,35,14,63,46,17
110,私立,一般大學,1035,中國醫藥大學,09121046,中西醫結合研究所,5,5,0,1,0,3,0,1,0,0,0,0,0,5,5,0,5,5,0
110,私立,一般大學,1035,中國醫藥大學,09131045,護理學系,9,1,8,0,1,0,0,0,1,1,6,0,0,2,0,2,9,1,8
110,私立,一般大學,1035,中國醫藥大學,09141017,醫學檢驗生物技術學系,5,1,4,0,0,0,0,1,2,0,2,0,0,3,1,2,5,1,4
110,私立,一般大學,1035,中國醫藥大學,09141032,生物醫學影像暨放射科學學系,9,7,2,1,0,0,0,3,2,3,0,0,0,6,4,2,9,7,2
110,私立,一般大學,1035,中國醫藥大學,09151010,物理治療學系,1,1,0,0,0,1,0,0,0,0,0,0,0,1,1,0,1,1,0
110,私立,一般大學,1035,中國醫藥大學,09159047,運動醫學系,2,2,0,0,0,0,0,2,0,0,0,0,0,2,2,0,2,2,0
110,私立,一般大學,1035,中國醫藥大學,09161015,新藥開發研究所,1,0,1,0,1,0,0,0,0,0,0,0,0,1,0,1,1,0,1
110,私立,一般大學,1035,中國醫藥大學,09161034,藥學系,14,9,5,2,0,1,0,3,3,3,2,0,0,9,6,3,14,9,5
110,私立,一般大學,1035,中國醫藥大學,09161039,中國藥學暨中藥資源學系,13,12,1,2,0,1,1,6,0,3,0,0,0,10,9,1,13,12,1
110,私立,一般大學,1035,中國醫藥大學,09161042,藥用化妝品學系,4,2,2,0,0,0,0,0,0,2,2,0,0,0,0,0,4,2,2
110,私立,一般大學,1035,中國醫藥大學,09171013,針灸研究所,2,2,0,1,0,0,0,0,0,1,0,0,0,1,1,0,2,2,0
110,私立,一般大學,1035,中國醫藥大學,09191026,公共衛生學系,4,4,0,4,0,0,0,0,0,0,0,0,0,4,4,0,4,4,0
110,私立,一般大學,1035,中國醫藥大學,10221038,職業安全與衛生學系,2,1,1,0,1,0,0,1,0,0,0,0,0,2,1,1,2,1,1
110,私立,一般大學,1035,中國醫藥大學,99999Z01,通識教育中心,39,26,13,3,3,2,4,15,4,6,2,0,0,31,20,11,39,26,13
110,私立,技專校院,1036,健行學校財團法人健行科技大學,02112002,數位多媒體設計系,9,6,3,0,0,0,0,2,0,4,3,0,0,2,2,0,9,6,3
110,私立,技專校院,1036,健行學校財團法人健行科技大學,02124028,室內設計與管理系,10,8,2,0,0,0,0,0,0,8,2,0,0,0,0,0,10,8,2
110,私立,技專校院,1036,健行學校財團法人健行科技大學,02311001,應用外語系,15,3,12,0,0,0,0,0,2,3,10,0,0,2,0,2,15,3,12
110,私立,技專校院,1036,健行學校財團法人健行科技大學,04121009,財務金融系,10,6,4,0,0,0,0,1,0,5,4,0,0,1,1,0,10,6,4
110,私立,技專校院,1036,健行學校財團法人健行科技大學,04131004,企業管理系,21,11,10,0,0,0,0,1,0,10,10,0,0,1,1,0,21,11,10
110,私立,技專校院,1036,健行學校財團法人健行科技大學,04131006,國際企業經營系,18,12,6,0,0,0,0,1,0,11,6,0,0,1,1,0,18,12,6
110,私立,技專校院,1036,健行學校財團法人健行科技大學,04143010,行銷與流通管理系,15,10,5,0,0,0,0,1,0,9,5,0,0,1,1,0,15,10,5
110,私立,技專校院,1036,健行學校財團法人健行科技大學,06111014,資訊管理系,6,4,2,0,0,1,0,0,1,3,1,0,0,2,1,1,6,4,2
110,私立,技專校院,1036,健行學校財團法人健行科技大學,06131018,資訊工程系,5,5,0,0,0,2,0,3,0,0,0,0,0,5,5,0,5,5,0
110,私立,技專校院,1036,健行學校財團法人健行科技大學,07112023,材料製造科技學位學程,1,1,0,0,0,0,0,1,0,0,0,0,0,1,1,0,1,1,0
110,私立,技專校院,1036,健行學校財團法人健行科技大學,07141016,電機工程系,5,5,0,0,0,1,0,1,0,3,0,0,0,2,2,0,5,5,0
110,私立,技專校院,1036,健行學校財團法人健行科技大學,07141017,電子工程系,1,1,0,1,0,0,0,0,0,0,0,0,0,1,1,0,1,1,0
110,私立,技專校院,1036,健行學校財團法人健行科技大學,07151020,機械工程系,12,12,0,0,0,4,0,3,0,5,0,0,0,7,7,0,12,12,0
110,私立,技專校院,1036,健行學校財團法人健行科技大學,07161027,車輛工程系,5,4,1,0,0,0,0,1,0,3,1,0,0,1,1,0,5,4,1
110,私立,技專校院,1036,健行學校財團法人健行科技大學,07191011,工業管理系,9,9,0,0,0,0,0,3,0,6,0,0,0,3,3,0,9,9,0
110,私立,技專校院,1036,健行學校財團法人健行科技大學,07321021,土木工程(學)系,5,5,0,0,0,0,0,3,0,2,0,0,0,3,3,0,5,5,0
110,私立,技專校院,1036,健行學校財團法人健行科技大學,07322015,應用空間資訊系,5,3,2,0,0,1,0,1,0,1,2,0,0,2,2,0,5,3,2
110,私立,技專校院,1036,健行學校財團法人健行科技大學,10131025,餐旅管理系,30,18,12,0,0,0,0,9,3,9,9,0,0,12,9,3,30,18,12
110,私立,技專校院,1036,健行學校財團法人健行科技大學,99999Z01,通識(教育)中心,52,22,30,0,0,2,0,5,3,15,27,0,0,10,7,3,52,22,30
110,私立,技專校院,1036,健行學校財團法人健行科技大學,99999Z07,體育教育中心,16,12,4,0,0,1,1,5,0,6,3,0,0,7,6,1,16,12,4
110,私立,技專校院,1037,正修學校財團法人正修科技大學,02112003,數位多媒體設計系,8,6,2,0,0,1,0,1,0,4,2,0,0,2,2,0,8,6,2
110,私立,技專校院,1037,正修學校財團法人正修科技大學,02122042,視覺傳達設計系,14,7,7,0,0,0,0,1,2,6,5,0,0,3,1,2,14,7,7
110,私立,技專校院,1037,正修學校財團法人正修科技大學,02311001,應用外語系,46,16,30,0,0,0,1,0,0,16,29,0,0,1,0,1,46,16,30
110,私立,技專校院,1037,正修學校財團法人正修科技大學,04121008,金融管理系,5,2,3,0,0,0,1,0,1,2,1,0,0,2,0,2,5,2,3
110,私立,技專校院,1037,正修學校財團法人正修科技大學,04131005,企業管理系,89,52,37,0,0,2,0,17,2,33,35,0,0,21,19,2,89,52,37
110,私立,技專校院,1037,正修學校財團法人正修科技大學,06131010,資訊管理系,23,18,5,3,0,1,0,4,2,10,3,0,0,10,8,2,23,18,5
110,私立,技專校院,1037,正修學校財團法人正修科技大學,07141011,電機工程系,18,17,1,1,0,3,0,6,1,7,0,0,0,11,10,1,18,17,1
110,私立,技專校院,1037,正修學校財團法人正修科技大學,07141012,電子工程系,9,8,1,1,0,1,0,1,0,5,1,0,0,3,3,0,9,8,1
110,私立,技專校院,1037,正修學校財團法人正修科技大學,07141013,資訊工程系,21,19,2,1,0,0,1,8,1,10,0,0,0,11,9,2,21,19,2
110,私立,技專校院,1037,正修學校財團法人正修科技大學,07151015,機械工程系,26,25,1,3,0,3,0,12,1,7,0,0,0,19,18,1,26,25,1
110,私立,技專校院,1037,正修學校財團法人正修科技大學,07191018,工業工程與管理系,16,11,5,1,1,1,0,6,0,3,4,0,0,9,8,1,16,11,5
110,私立,技專校院,1037,正修學校財團法人正修科技大學,07311004,建築與室內設計系,58,48,10,1,0,3,0,2,1,42,9,0,0,7,6,1,58,48,10
110,私立,技專校院,1037,正修學校財團法人正修科技大學,07321016,土木與空間資訊系,19,18,1,4,0,1,0,4,1,9,0,0,0,10,9,1,19,18,1
110,私立,技專校院,1037,正修學校財團法人正修科技大學,09221021,幼兒保育系,33,10,23,1,0,0,0,5,4,4,19,0,0,10,6,4,33,10,23
110,私立,技專校院,1037,正修學校財團法人正修科技大學,10121026,化妝品與時尚彩妝系,20,8,12,0,0,0,0,1,0,7,12,0,0,1,1,0,20,8,12
110,私立,技專校院,1037,正修學校財團法人正修科技大學,10131022,餐飲管理系,21,9,12,1,0,1,0,0,0,7,12,0,0,2,2,0,21,9,12
110,私立,技專校院,1037,正修學校財團法人正修科技大學,10151023,觀光遊憩系,22,11,11,1,0,1,0,3,2,6,9,0,0,7,5,2,22,11,11
110,私立,技專校院,1037,正修學校財團法人正修科技大學,10152025,休閒與運動管理系,83,52,31,1,0,0,0,16,6,35,25,0,0,23,17,6,83,52,31
110,私立,技專校院,1037,正修學校財團法人正修科技大學,99999Z01,通識教育中心,149,97,52,6,0,8,1,40,22,43,29,0,0,77,54,23,149,97,52
110,私立,技專校院,1037,正修學校財團法人正修科技大學,99999Z05,師資培育中心,1,1,0,1,0,0,0,0,0,0,0,0,0,1,1,0,1,1,0
110,私立,技專校院,1038,萬能學校財團法人萬能科技大學,02123002,商業設計系,7,6,1,0,0,0,0,0,0,6,1,0,0,0,0,0,7,6,1
110,私立,技專校院,1038,萬能學校財團法人萬能科技大學,04131004,企業管理系,18,11,7,0,0,0,0,2,0,9,7,0,0,2,2,0,18,11,7
110,私立,技專校院,1038,萬能學校財團法人萬能科技大學,04132010,行銷與流通管理系,19,10,9,0,0,0,0,2,2,8,7,0,0,4,2,2,19,10,9
110,私立,技專校院,1038,萬能學校財團法人萬能科技大學,06131015,資訊管理系,2,2,0,0,0,0,0,0,0,2,0,0,0,0,0,0,2,2,0
110,私立,技專校院,1038,萬能學校財團法人萬能科技大學,07121034,環境工程系,9,8,1,0,0,0,0,1,0,7,1,0,0,1,1,0,9,8,1
110,私立,技專校院,1038,萬能學校財團法人萬能科技大學,07141019,資訊工程系,11,11,0,0,0,0,0,4,0,7,0,0,0,4,4,0,11,11,0
110,私立,技專校院,1038,萬能學校財團法人萬能科技大學,07161045,車輛工程系,1,1,0,0,0,0,0,0,0,1,0,0,0,0,0,0,1,1,0
110,私立,技專校院,1038,萬能學校財團法人萬能科技大學,07162022,航空光機電系,2,2,0,0,0,0,0,1,0,1,0,0,0,1,1,0,2,2,0
110,私立,技專校院,1038,萬能學校財團法人萬能科技大學,07191047,精密機械與工業工程系,24,17,7,1,0,1,0,6,1,9,6,0,0,9,8,1,24,17,7
110,私立,技專校院,1038,萬能學校財團法人萬能科技大學,07321024,室內設計與營建科技系,10,7,3,1,0,0,1,0,0,6,2,0,0,2,1,1,10,7,3
110,私立,技專校院,1038,萬能學校財團法人萬能科技大學,10121041,化妝品應用與管理系,34,11,23,1,0,0,0,3,2,7,21,0,0,6,4,2,34,11,23
110,私立,技專校院,1038,萬能學校財團法人萬能科技大學,10121044,時尚造型設計系,13,4,9,0,0,0,0,2,2,2,7,0,0,4,2,2,13,4,9
110,私立,技專校院,1038,萬能學校財團法人萬能科技大學,10131036,旅館管理系,8,6,2,0,0,0,0,1,0,5,2,0,0,1,1,0,8,6,2
110,私立,技專校院,1038,萬能學校財團法人萬能科技大學,10131037,餐飲管理系,22,16,6,0,0,1,0,6,1,9,5,0,0,8,7,1,22,16,6
110,私立,技專校院,1038,萬能學校財團法人萬能科技大學,10151038,觀光與休閒事業管理系,38,22,16,0,0,0,0,6,1,16,15,0,0,7,6,1,38,22,16
110,私立,技專校院,1038,萬能學校財團法人萬能科技大學,10413043,航空暨運輸服務管理系,1,1,0,0,0,0,0,0,0,1,0,0,0,0,0,0,1,1,0
110,私立,技專校院,1038,萬能學校財團法人萬能科技大學,99999Z01,通識教育中心,102,57,45,0,0,4,2,12,6,41,37,0,0,24,16,8,102,57,45
110,私立,一般大學,1039,玄奘大學,02112013,視覺傳達設計學系,2,0,2,0,0,0,0,0,0,0,2,0,0,0,0,0,2,0,2
110,私立,一般大學,1039,玄奘大學,02152004,影劇藝術學系,2,1,1,0,0,0,0,0,0,1,1,0,0,0,0,0,2,1,1
110,私立,一般大學,1039,玄奘大學,02199005,藝術與創意設計學系,4,3,1,0,0,0,0,1,1,2,0,0,0,2,1,1,4,3,1
110,私立,一般大學,1039,玄奘大學,02211010,宗教與文化學系,9,6,3,1,0,1,1,2,2,2,0,0,0,7,4,3,9,6,3
110,私立,一般大學,1039,玄奘大學,03131016,應用心理學系,1,0,1,0,0,0,0,0,1,0,0,0,0,1,0,1,1,0,1
110,私立,一般大學,1039,玄奘大學,03299Y22,傳播學院,1,1,0,0,0,0,0,0,0,1,0,0,0,0,0,0,1,1,0
110,私立,一般大學,1039,玄奘大學,04131024,企業管理學系,1,0,1,0,0,0,0,0,0,0,1,0,0,0,0,0,1,0,1
110,私立,一般大學,1039,玄奘大學,04211032,法律學系,3,2,1,0,0,1,0,1,1,0,0,0,0,3,2,1,3,2,1
110,私立,一般大學,1039,玄奘大學,06134034,資訊管理學系,1,1,0,0,0,0,0,1,0,0,0,0,0,1,1,0,1,1,0
110,私立,一般大學,1039,玄奘大學,09231036,社會工作學系,4,1,3,0,0,0,0,0,1,1,2,0,0,1,0,1,4,1,3
110,私立,一般大學,1039,玄奘大學,10131040,餐旅管理學系,2,2,0,0,0,0,0,1,0,1,0,0,0,1,1,0,2,2,0
110,私立,一般大學,1039,玄奘大學,99999Z01,通識教育中心,16,8,8,0,0,1,0,3,3,4,5,0,0,7,4,3,16,8,8
110,私立,技專校院,1040,建國科技大學,02112004,數位媒體設計系,1,0,1,0,0,0,0,0,0,0,1,0,0,0,0,0,1,0,1
110,私立,技專校院,1040,建國科技大學,02112005,商業設計系,2,1,1,0,0,0,0,0,0,1,1,0,0,0,0,0,2,1,1
110,私立,技專校院,1040,建國科技大學,02122003,創意產品與遊戲設計系,11,7,4,0,0,0,0,1,0,6,4,0,0,1,1,0,11,7,4
110,私立,技專校院,1040,建國科技大學,02124007,空間設計系暨創意生活應用設計研究所,15,12,3,0,0,1,0,2,0,9,3,0,0,3,3,0,15,12,3
110,私立,技專校院,1040,建國科技大學,02311001,應用外語系,5,3,2,0,0,0,0,1,0,2,2,0,0,1,1,0,5,3,2
110,私立,技專校院,1040,建國科技大學,04131009,國際企業管理系,12,11,1,0,0,1,0,0,0,10,1,0,0,1,1,0,12,11,1
110,私立,技專校院,1040,建國科技大學,04143010,行銷與服務管理系,12,7,5,0,0,2,0,2,0,3,5,0,0,4,4,0,12,7,5
110,私立,技專校院,1040,建國科技大學,06131012,資訊管理系,5,4,1,0,0,1,0,1,1,2,0,0,0,3,2,1,5,4,1
110,私立,技專校院,1040,建國科技大學,07141013,電機工程系,4,3,1,0,0,1,0,0,1,2,0,0,0,2,1,1,4,3,1
110,私立,技專校院,1040,建國科技大學,07141013,電機工程系_智慧機電整合控制產業碩士專班,2,2,0,0,0,1,0,1,0,0,0,0,0,2,2,0,2,2,0
110,私立,技專校院,1040,建國科技大學,07141014,電子工程系,2,2,0,0,0,0,0,0,0,2,0,0,0,0,0,0,2,2,0
110,私立,技專校院,1040,建國科技大學,07141015,自動化工程系暨機電光系統研究所,5,3,2,0,0,1,0,0,1,2,1,0,0,2,1,1,5,3,2
110,私立,技專校院,1040,建國科技大學,07151018,機械工程系暨製造科技研究所,19,17,2,0,0,1,0,2,0,14,2,0,0,3,3,0,19,17,2
110,私立,技專校院,1040,建國科技大學,07191024,工業與服務管理系,1,0,1,0,0,0,1,0,0,0,0,0,0,1,0,1,1,0,1
110,私立,技專校院,1040,建國科技大學,07321021,土木工程系暨土木與防災研究所,6,6,0,0,0,1,0,1,0,4,0,0,0,2,2,0,6,6,0
110,私立,技專校院,1040,建國科技大學,10121027,美容系暨美容科技研究所,18,5,13,0,0,0,0,2,1,3,12,0,0,3,2,1,18,5,13
110,私立,技專校院,1040,建國科技大學,10151025,觀光系,6,4,2,0,0,0,0,0,1,4,1,0,0,1,0,1,6,4,2
110,私立,技專校院,1040,建國科技大學,10152026,運動健康與休閒系,28,18,10,0,0,0,0,7,1,11,9,0,0,8,7,1,28,18,10
110,私立,技專校院,1040,建國科技大學,99999Z01,通識教育中心,12,6,6,0,0,0,0,5,1,1,5,0,0,6,5,1,12,6,6
110,私立,技專校院,1041,明志科技大學,02112003,視覺傳達設計系,10,9,1,0,0,0,0,1,0,8,1,0,0,1,1,0,10,9,1
110,私立,技專校院,1041,明志科技大學,02123004,工業設計系,6,6,0,0,0,1,0,2,0,3,0,0,0,3,3,0,6,6,0
110,私立,技專校院,1041,明志科技大學,04131005,經營管理系,12,8,4,0,0,0,0,6,2,2,2,0,0,8,6,2,12,8,4
110,私立,技專校院,1041,明志科技大學,04199Y30,管理暨設計學院,1,1,0,0,0,0,0,1,0,0,0,0,0,1,1,0,1,1,0
110,私立,技專校院,1041,明志科技大學,05211Y83,環境資源學院,1,1,0,0,0,0,0,1,0,0,0,0,0,1,1,0,1,1,0
110,私立,技專校院,1041,明志科技大學,07111018,化學工程系,6,5,1,0,0,1,0,2,1,2,0,0,0,4,3,1,6,5,1
110,私立,技專校院,1041,明志科技大學,07112022,材料工程系,6,4,2,1,1,0,0,3,1,0,0,0,0,6,4,2,6,4,2
110,私立,技專校院,1041,明志科技大學,07121025,環境與安全衛生工程系,6,5,1,0,0,0,0,2,0,3,1,0,0,2,2,0,6,5,1
110,私立,技專校院,1041,明志科技大學,07132021,能源電池科技博士學位學程,2,2,0,1,0,0,0,1,0,0,0,0,0,2,2,0,2,2,0
110,私立,技專校院,1041,明志科技大學,07141010,電機工程系,7,7,0,0,0,4,0,2,0,1,0,0,0,6,6,0,7,7,0
110,私立,技專校院,1041,明志科技大學,07141011,電子工程系,19,17,2,2,0,3,1,6,0,6,1,0,0,12,11,1,19,17,2
110,私立,技專校院,1041,明志科技大學,07151014,機械工程系,6,6,0,0,0,1,0,0,0,5,0,0,0,1,1,0,6,6,0
110,私立,技專校院,1041,明志科技大學,07191024,工業工程與管理系,8,6,2,0,0,0,0,3,0,3,2,0,0,3,3,0,8,6,2
110,私立,技專校院,1041,明志科技大學,07193031,創新科技應用於生物醫學暨醫療照護產品研發國際博士學位學程,4,3,1,1,0,1,0,1,1,0,0,0,0,4,3,1,4,3,1
110,私立,技專校院,1041,明志科技大學,99999Z01,通識教育中心,72,28,44,0,0,3,1,9,13,16,30,0,0,26,12,14,72,28,44
110,私立,技專校院,1042,高苑科技大學,02112044,電競與動畫遊戲學位學程,3,2,1,0,0,0,0,1,0,1,1,0,0,1,1,0,3,2,1
110,私立,技專校院,1042,高苑科技大學,02311001,應用外語系,12,4,8,0,0,0,0,1,0,3,8,0,0,1,1,0,12,4,8
110,私立,技專校院,1042,高苑科技大學,03214046,資訊傳播與行銷系,1,1,0,0,0,0,0,0,0,1,0,0,0,0,0,0,1,1,0
110,私立,技專校院,1042,高苑科技大學,04131045,數位經營管理系,15,12,3,1,0,2,0,5,0,4,3,0,0,8,8,0,15,12,3
110,私立,技專校院,1042,高苑科技大學,07141018,電機工程系,6,6,0,0,0,1,0,3,0,2,0,0,0,4,4,0,6,6,0
110,私立,技專校院,1042,高苑科技大學,07151022,機械與自動化工程系,12,11,1,0,0,2,0,5,0,4,1,0,0,7,7,0,12,11,1
110,私立,技專校院,1042,高苑科技大學,07311033,建築系,6,5,1,2,0,1,0,1,0,1,1,0,0,4,4,0,6,5,1
110,私立,技專校院,1042,高苑科技大學,07321024,土木工程系,10,9,1,2,0,3,1,2,0,2,0,0,0,8,7,1,10,9,1
110,私立,技專校院,1042,高苑科技大學,09211036,銀髮事業暨社會工作學士學位學程,1,1,0,0,0,0,0,0,0,1,0,0,0,0,0,0,1,1,0
110,私立,技專校院,1042,高苑科技大學,10121005,香妝與養生保健系,10,4,6,1,0,1,1,1,1,1,4,0,0,5,3,2,10,4,6
110,私立,技專校院,1042,高苑科技大學,10151037,觀光事業管理系,2,2,0,0,0,0,0,0,0,2,0,0,0,0,0,0,2,2,0
110,私立,技專校院,1042,高苑科技大學,10152039,休閒運動管理系,6,6,0,1,0,0,0,1,0,4,0,0,0,2,2,0,6,6,0
110,私立,技專校院,1043,大仁科技大學,02112046,多媒體設計系文創碩士在職專班,3,1,2,0,0,0,0,0,0,1,2,0,0,0,0,0,3,1,2
110,私立,技專校院,1043,大仁科技大學,02311044,應用日語系,2,0,2,0,0,0,0,0,1,0,1,0,0,1,0,1,2,0,2
110,私立,技專校院,1043,大仁科技大學,07121014,環境與職業安全衛生系,6,4,2,0,0,0,1,4,0,0,1,0,0,5,4,1,6,4,2
110,私立,技專校院,1043,大仁科技大學,08199043,寵物照護暨美容學士學位學程,10,7,3,0,0,0,0,1,0,6,3,0,0,1,1,0,10,7,3
110,私立,技專校院,1043,大仁科技大學,09131016,護理系,7,3,4,0,0,0,0,2,0,1,4,0,0,2,2,0,7,3,4
110,私立,技專校院,1043,大仁科技大學,09161015,藥學系,36,27,9,0,0,6,1,15,2,6,6,0,0,24,21,3,36,27,9
110,私立,技專校院,1043,大仁科技大學,09221019,幼兒保育系,1,0,1,0,1,0,0,0,0,0,0,0,0,1,0,1,1,0,1
110,私立,技專校院,1043,大仁科技大學,09231018,社會工作系,15,5,10,0,0,0,0,0,0,5,10,0,0,0,0,0,15,5,10
110,私立,技專校院,1043,大仁科技大學,10121025,時尚美容應用系,1,0,1,0,0,0,0,0,0,0,1,0,0,0,0,0,1,0,1
110,私立,技專校院,1043,大仁科技大學,10131021,餐旅管理系,3,3,0,0,0,0,0,0,0,3,0,0,0,0,0,0,3,3,0
110,私立,技專校院,1043,大仁科技大學,10151023,觀光事業系,1,0,1,0,0,0,0,0,0,0,1,0,0,0,0,0,1,0,1
110,私立,技專校院,1043,大仁科技大學,10152024,休閒運動管理系,8,4,4,0,0,0,0,1,0,3,4,0,0,1,1,0,8,4,4
110,私立,技專校院,1043,大仁科技大學,10321028,消防安全學士學位學程,15,12,3,0,0,0,0,4,0,8,3,0,0,4,4,0,15,12,3
110,私立,技專校院,1043,大仁科技大學,99999Z01,通識教育中心,4,1,3,0,0,0,0,0,0,1,3,0,0,0,0,0,4,1,3
110,私立,技專校院,1044,聖約翰科技大學,02311001,應用英語系,5,4,1,0,0,0,0,0,0,4,1,0,0,0,0,0,5,4,1
110,私立,技專校院,1044,聖約翰科技大學,07141012,電機工程系,4,4,0,0,0,0,0,0,0,4,0,0,0,0,0,0,4,4,0
110,私立,技專校院,1044,聖約翰科技大學,07141013,電子工程系,1,1,0,0,0,0,0,0,0,1,0,0,0,0,0,0,1,1,0
110,私立,技專校院,1044,聖約翰科技大學,07151016,機械與電腦輔助工程系,12,12,0,0,0,2,0,1,0,9,0,0,0,3,3,0,12,12,0
110,私立,技專校院,1044,聖約翰科技大學,07191028,工業管理系,1,1,0,0,0,0,0,0,0,1,0,0,0,0,0,0,1,1,0
110,私立,技專校院,1044,聖約翰科技大學,09211019,老人服務事業系,1,0,1,0,0,0,1,0,0,0,0,0,0,1,0,1,1,0,1
110,私立,技專校院,1044,聖約翰科技大學,10151020,觀光與休閒管理系,3,1,2,0,0,0,0,1,1,0,1,0,0,2,1,1,3,1,2
110,私立,技專校院,1044,聖約翰科技大學,10152021,休閒運動與健康管理系,1,1,0,0,0,0,0,0,0,1,0,0,0,0,0,0,1,1,0
110,私立,技專校院,1045,嶺東科技大學,02112003,視覺傳達設計系,21,16,5,0,0,0,0,1,1,15,4,0,0,2,1,1,21,16,5
110,私立,技專校院,1045,嶺東科技大學,02112005,數位媒體設計系,11,8,3,0,0,0,0,1,1,7,2,0,0,2,1,1,11,8,3
110,私立,技專校院,1045,嶺東科技大學,02122002,流行設計系,22,5,17,0,0,0,0,0,2,5,15,0,0,2,0,2,22,5,17
110,私立,技專校院,1045,嶺東科技大學,02123008,創意產品設計系,19,15,4,0,0,1,0,2,0,12,4,0,0,3,3,0,19,15,4
110,私立,技專校院,1045,嶺東科技大學,02125039,服飾設計系,6,3,3,0,0,0,0,0,0,3,3,0,0,0,0,0,6,3,3
110,私立,技專校院,1045,嶺東科技大學,02311001,應用外語系,21,6,15,0,0,0,0,1,2,5,13,0,0,3,1,2,21,6,15
110,私立,技專校院,1045,嶺東科技大學,04111010,會計資訊系,3,2,1,0,0,0,0,1,1,1,0,0,0,2,1,1,3,2,1
110,私立,技專校院,1045,嶺東科技大學,04121017,財務金融系,17,9,8,0,0,1,0,0,0,8,8,0,0,1,1,0,17,9,8
110,私立,技專校院,1045,嶺東科技大學,04131013,企業管理系,29,15,14,2,0,2,1,4,0,7,13,0,0,9,8,1,29,15,14
110,私立,技專校院,1045,嶺東科技大學,04141015,國際企業系,18,9,9,0,0,0,1,0,2,9,6,0,0,3,0,3,18,9,9
110,私立,技專校院,1045,嶺東科技大學,04143024,行銷與流通管理系,24,19,5,0,0,0,1,2,1,17,3,0,0,4,2,2,24,19,5
110,私立,技專校院,1045,嶺東科技大學,04199040,時尚經營系,12,5,7,0,0,0,0,0,0,5,7,0,0,0,0,0,12,5,7
110,私立,技專校院,1045,嶺東科技大學,06121031,資訊管理系,9,5,4,0,0,0,0,0,0,5,4,0,0,0,0,0,9,5,4
110,私立,技專校院,1045,嶺東科技大學,06131030,資訊科技系,30,24,6,0,0,2,0,3,0,19,6,0,0,5,5,0,30,24,6
110,私立,技專校院,1045,嶺東科技大學,10151036,觀光與休閒管理系,27,19,8,0,0,0,0,4,0,15,8,0,0,4,4,0,27,19,8
110,私立,技專校院,1045,嶺東科技大學,99999Z01,通識(教育)中心,40,17,23,0,0,0,0,4,3,13,20,0,0,7,4,3,40,17,23
110,私立,技專校院,1046,中國科技大學,02112003,視覺傳達設計系,14,5,9,0,0,0,0,0,0,5,9,0,0,0,0,0,14,5,9
110,私立,技專校院,1046,中國科技大學,02112004,數位多媒體設計系,20,14,6,0,0,0,0,2,1,12,5,0,0,3,2,1,20,14,6
110,私立,技專校院,1046,中國科技大學,02124005,室內設計系,91,65,26,0,0,2,0,3,1,60,25,0,0,6,5,1,91,65,26
110,私立,技專校院,1046,中國科技大學,02199006,影視設計系,12,8,4,0,0,0,0,2,0,6,4,0,0,2,2,0,12,8,4
110,私立,技專校院,1046,中國科技大學,02311001,應用英語系,3,1,2,0,0,0,0,0,0,1,2,0,0,0,0,0,3,1,2
110,私立,技專校院,1046,中國科技大學,04121015,財務金融系,4,2,2,0,0,1,0,0,0,1,2,0,0,1,1,0,4,2,2
110,私立,技專校院,1046,中國科技大學,04131010,企業管理系,36,29,7,1,0,2,0,8,0,18,7,0,0,11,11,0,36,29,7
110,私立,技專校院,1046,中國科技大學,04132017,行銷與流通管理系,27,19,8,0,0,2,0,5,0,12,8,0,0,7,7,0,27,19,8
110,私立,技專校院,1046,中國科技大學,04141014,國際商務系,13,9,4,0,0,0,0,1,1,8,3,0,0,2,1,1,13,9,4
110,私立,技專校院,1046,中國科技大學,06131019,資訊管理系,14,13,1,1,0,0,0,2,1,10,0,0,0,4,3,1,14,13,1
110,私立,技專校院,1046,中國科技大學,06131021,資訊工程系,13,10,3,0,0,1,0,5,2,4,1,0,0,8,6,2,13,10,3
110,私立,技專校院,1046,中國科技大學,07311026,建築系,49,41,8,2,0,1,0,7,0,31,8,0,0,10,10,0,49,41,8
110,私立,技專校院,1046,中國科技大學,07321030,土木與防災系,12,10,2,1,0,2,0,4,0,3,2,0,0,7,7,0,12,10,2
110,私立,技專校院,1046,中國科技大學,10151028,觀光與休閒事業管理系,39,23,16,1,0,1,1,1,3,20,12,0,0,7,3,4,39,23,16
110,私立,技專校院,1046,中國科技大學,99999Z01,通識教育中心,75,43,32,0,0,0,1,16,9,27,22,0,0,26,16,10,75,43,32
110,私立,技專校院,1047,中臺科技大學,01111009,文教事業經營研究所,3,2,1,1,0,0,0,1,1,0,0,0,0,3,2,1,3,2,1
110,私立,技專校院,1047,中臺科技大學,01121001,兒童教育暨事業經營系,23,6,17,0,0,1,0,3,5,2,12,0,0,9,4,5,23,6,17
110,私立,技專校院,1047,中臺科技大學,02311002,應用外語系,5,1,4,0,0,0,0,0,0,1,4,0,0,0,0,0,5,1,4
110,私立,技專校院,1047,中臺科技大學,04131038,經營管理系,5,3,2,0,0,0,0,2,0,1,2,0,0,2,2,0,5,3,2
110,私立,技專校院,1047,中臺科技大學,04133008,醫療暨健康產業管理系,12,8,4,0,0,2,0,2,0,4,4,0,0,4,4,0,12,8,4
110,私立,技專校院,1047,中臺科技大學,04143004,行銷管理系,9,7,2,1,0,0,0,1,0,5,2,0,0,2,2,0,9,7,2
110,私立,技專校院,1047,中臺科技大學,06131012,資訊管理系,9,8,1,1,0,1,0,4,0,2,1,0,0,6,6,0,9,8,1
110,私立,技專校院,1047,中臺科技大學,06131037,人工智慧健康管理系,8,5,3,0,0,0,0,2,0,3,3,0,0,2,2,0,8,5,3
110,私立,技專校院,1047,中臺科技大學,07121013,環境與安全衛生工程系,8,5,3,0,0,0,0,2,1,3,2,0,0,3,2,1,8,5,3
110,私立,技專校院,1047,中臺科技大學,07211017,食品科技系,14,12,2,0,0,1,0,2,0,9,2,0,0,3,3,0,14,12,2
110,私立,技專校院,1047,中臺科技大學,09111033,牙體技術暨材料系,19,14,5,1,0,0,0,3,2,10,3,0,0,6,4,2,19,14,5
110,私立,技專校院,1047,中臺科技大學,09131020,護理系,19,14,5,1,0,2,0,9,1,2,4,0,0,13,12,1,19,14,5
110,私立,技專校院,1047,中臺科技大學,09141028,醫學檢驗生物技術系,10,9,1,0,0,2,1,2,0,5,0,0,0,5,4,1,10,9,1
110,私立,技專校院,1047,中臺科技大學,09141029,醫學影像暨放射科學系,17,14,3,1,0,2,1,8,1,3,1,0,0,13,11,2,17,14,3
110,私立,技專校院,1047,中臺科技大學,09141030,視光系,10,10,0,0,0,0,0,4,0,6,0,0,0,4,4,0,10,10,0
110,私立,技專校院,1047,中臺科技大學,09211034,老人照顧系,13,3,10,0,0,0,0,0,1,3,9,0,0,1,0,1,13,3,10
110,私立,技專校院,1047,中臺科技大學,09212024,長期照顧碩士學位學程,1,1,0,0,0,0,0,1,0,0,0,0,0,1,1,0,1,1,0
110,私立,技專校院,1047,中臺科技大學,99999Z01,通識教育中心,4,1,3,0,0,1,0,0,1,0,2,0,0,2,1,1,4,1,3
110,私立,技專校院,1047,中臺科技大學,99999Z07,體育室,2,1,1,0,0,0,0,1,0,0,1,0,0,1,1,0,2,1,1
110,私立,技專校院,1047,中臺科技大學,99999Z08,語言中心,3,1,2,0,0,0,0,0,0,1,2,0,0,0,0,0,3,1,2
110,私立,一般大學,1048,亞洲大學,01121001,幼兒教育學系,7,4,3,1,0,0,0,1,2,2,1,0,0,4,2,2,7,4,3
110,私立,一般大學,1048,亞洲大學,02112006,視覺傳達設計學系,12,9,3,0,0,0,0,0,2,9,1,0,0,2,0,2,12,9,3
110,私立,一般大學,1048,亞洲大學,02112007,數位媒體設計學系,13,10,3,0,0,1,0,1,0,8,3,0,0,2,2,0,13,10,3
110,私立,一般大學,1048,亞洲大學,02122004,時尚設計學系,14,4,10,0,0,0,1,0,1,4,8,0,0,2,0,2,14,4,10
110,私立,一般大學,1048,亞洲大學,02123011,創意商品設計學系,11,8,3,0,0,0,0,1,1,7,2,0,0,2,1,1,11,8,3
110,私立,一般大學,1048,亞洲大學,02124012,室內設計學系,12,9,3,0,0,0,0,2,0,7,3,0,0,2,2,0,12,9,3
110,私立,一般大學,1048,亞洲大學,02311002,外國語文學系,44,14,30,1,0,1,2,2,4,10,24,0,0,10,4,6,44,14,30
110,私立,一般大學,1048,亞洲大學,03131013,心理學系,7,6,1,4,0,0,0,1,1,1,0,0,0,6,5,1,7,6,1
110,私立,一般大學,1048,亞洲大學,03213014,資訊傳播學系,6,5,1,1,0,0,0,0,0,4,1,0,0,1,1,0,6,5,1
110,私立,一般大學,1048,亞洲大學,04111015,會計與資訊學系,14,7,7,1,0,2,1,3,4,1,2,0,0,11,6,5,14,7,7
110,私立,一般大學,1048,亞洲大學,04121019,財務金融學系,6,5,1,1,1,2,0,1,0,1,0,0,0,5,4,1,6,5,1
110,私立,一般大學,1048,亞洲大學,04131017,經營管理學系,25,21,4,14,0,3,0,4,2,0,2,0,0,23,21,2,25,21,4
110,私立,一般大學,1048,亞洲大學,04212027,財經法律學系,22,20,2,1,0,0,0,5,1,14,1,0,0,7,6,1,22,20,2
110,私立,一般大學,1048,亞洲大學,05191053,食品營養與保健生技學系,32,21,11,14,4,2,1,4,2,1,4,0,0,27,20,7,32,21,11
110,私立,一般大學,1048,亞洲大學,06134033,行動商務與多媒體應用學系,2,2,0,1,0,0,0,1,0,0,0,0,0,2,2,0,2,2,0
110,私立,一般大學,1048,亞洲大學,06134037,資訊工程學系,13,13,0,11,0,0,0,2,0,0,0,0,0,13,13,0,13,13,0
110,私立,一般大學,1048,亞洲大學,07193029,生物資訊與醫學工程學系,28,26,2,18,0,3,2,4,0,1,0,0,0,27,25,2,28,26,2
110,私立,一般大學,1048,亞洲大學,08411045,學士後獸醫學系,30,20,10,13,0,4,1,3,9,0,0,0,0,30,20,10,30,20,10
110,私立,一般大學,1048,亞洲大學,09131046,護理學系,39,14,25,5,5,5,2,2,3,2,15,0,0,22,12,10,39,14,25
110,私立,一般大學,1048,亞洲大學,09131061,學士後護理學系,1,1,0,0,0,0,0,1,0,0,0,0,0,1,1,0,1,1,0
110,私立,一般大學,1048,亞洲大學,09141047,視光學系,11,10,1,3,0,0,0,4,1,3,0,0,0,8,7,1,11,10,1
110,私立,一般大學,1048,亞洲大學,09141060,醫學檢驗暨生物技術學系,41,37,4,24,0,4,2,6,2,3,0,0,0,38,34,4,41,37,4
110,私立,一般大學,1048,亞洲大學,09151056,物理治療學系,11,8,3,3,1,1,1,4,0,0,1,0,0,10,8,2,11,8,3
110,私立,一般大學,1048,亞洲大學,09152052,職能治療學系,9,8,1,1,0,1,0,5,1,1,0,0,0,8,7,1,9,8,1
110,私立,一般大學,1048,亞洲大學,09153051,聽力暨語言治療學系,35,19,16,7,0,4,0,5,11,3,5,0,0,27,16,11,35,19,16
110,私立,一般大學,1048,亞洲大學,09191021,健康產業管理學系,33,17,16,6,3,1,3,7,4,3,6,0,0,24,14,10,33,17,16
110,私立,一般大學,1048,亞洲大學,09231048,社會工作學系,19,8,11,3,0,1,1,1,2,3,8,0,0,8,5,3,19,8,11
110,私立,一般大學,1048,亞洲大學,10151049,休閒與遊憩管理學系,11,9,2,2,0,2,0,2,0,3,2,0,0,6,6,0,11,9,2
110,私立,一般大學,1048,亞洲大學,99999Z01,通識教育中心,51,34,17,2,0,3,0,17,10,12,7,0,0,32,22,10,51,34,17
110,私立,一般大學,1048,亞洲大學,99999Z07,體育室,29,20,9,0,0,3,1,2,4,15,4,0,0,10,5,5,29,20,9
110,私立,一般大學,1049,開南大學,02111058,電影與創意媒體學系,3,3,0,0,0,0,0,0,0,3,0,0,0,0,0,0,3,3,0
110,私立,一般大學,1049,開南大學,02122009,數位空間與商品設計學士學位學程,1,1,0,0,0,0,0,0,0,1,0,0,0,0,0,0,1,1,0
110,私立,一般大學,1049,開南大學,02125060,形象管理進修學士學位學程,7,4,3,0,0,0,0,0,0,4,3,0,0,0,0,0,7,4,3
110,私立,一般大學,1049,開南大學,02311006,應用英語學系,2,2,0,0,0,0,0,2,0,0,0,0,0,2,2,0,2,2,0
110,私立,一般大學,1049,開南大學,02311008,應用日語學系,11,6,5,3,0,1,0,1,2,1,3,0,0,7,5,2,11,6,5
110,私立,一般大學,1049,開南大學,02323004,應用華語學系,9,3,6,0,0,0,1,0,2,3,3,0,0,3,0,3,9,3,6
110,私立,一般大學,1049,開南大學,03213003,資訊傳播學系,1,1,0,0,0,1,0,0,0,0,0,0,0,1,1,0,1,1,0
110,私立,一般大學,1049,開南大學,04131016,國際企業學系,8,3,5,0,0,2,0,0,0,1,5,0,0,2,2,0,8,3,5
110,私立,一般大學,1049,開南大學,04134010,人文社會學院公共管理碩士在職專班,2,2,0,1,0,0,0,1,0,0,0,0,0,2,2,0,2,2,0
110,私立,一般大學,1049,開南大學,04143024,行銷學系,1,1,0,0,0,0,0,1,0,0,0,0,0,1,1,0,1,1,0
110,私立,一般大學,1049,開南大學,04211011,法律學系,21,16,5,1,2,5,2,2,0,8,1,0,0,12,8,4,21,16,5
110,私立,一般大學,1049,開南大學,05191037,保健營養學系,1,0,1,0,0,0,0,0,0,0,1,0,0,0,0,0,1,0,1
110,私立,一般大學,1049,開南大學,06121032,資訊管理學系,1,0,1,0,0,0,0,0,1,0,0,0,0,1,0,1,1,0,1
110,私立,一般大學,1049,開南大學,09171057,健康照護管理學院健康照護技術碩士班,1,0,1,0,0,0,1,0,0,0,0,0,0,1,0,1,1,0,1
110,私立,一般大學,1049,開南大學,09191026,健康產業管理學系,5,2,3,0,1,0,0,0,1,2,1,0,0,2,0,2,5,2,3
110,私立,一般大學,1049,開南大學,09199038,養生與健康行銷學系,6,2,4,0,0,0,0,1,1,1,3,0,0,2,1,1,6,2,4
110,私立,一般大學,1049,開南大學,10131039,觀光與餐飲旅館學系,11,6,5,0,0,2,0,2,2,2,3,0,0,6,4,2,11,6,5
110,私立,一般大學,1049,開南大學,10152043,休閒事業管理學系,1,1,0,0,0,0,0,1,0,0,0,0,0,1,1,0,1,1,0
110,私立,一般大學,1049,開南大學,10199041,觀光運輸學院碩士在職專班,3,3,0,0,0,2,0,1,0,0,0,0,0,3,3,0,3,3,0
110,私立,一般大學,1049,開南大學,10199041,觀光運輸學院碩士班,1,1,0,0,0,0,0,1,0,0,0,0,0,1,1,0,1,1,0
110,私立,一般大學,1049,開南大學,10411059,交通運輸學系,1,1,0,0,0,0,0,0,0,1,0,0,0,0,0,0,1,1,0
110,私立,一般大學,1049,開南大學,10411062,國際物流與運輸管理學系,5,4,1,0,0,4,0,0,0,0,1,0,0,4,4,0,5,4,1
110,私立,一般大學,1049,開南大學,10413046,空運管理學系,7,6,1,0,0,4,0,1,0,1,1,0,0,5,5,0,7,6,1
110,私立,一般大學,1049,開南大學,99999Z01,通識教育中心,22,15,7,0,0,2,0,6,1,7,6,0,0,9,8,1,22,15,7
110,私立,一般大學,1050,佛光大學,02123018,產品與媒體設計學系,11,10,1,0,0,0,0,4,0,6,1,0,0,4,4,0,11,10,1
110,私立,一般大學,1050,佛光大學,02211009,宗教學研究所,1,1,0,1,0,0,0,0,0,0,0,0,0,1,1,0,1,1,0
110,私立,一般大學,1050,佛光大學,02211010,佛教學系,4,2,2,1,1,1,0,0,1,0,0,0,0,4,2,2,4,2,2
110,私立,一般大學,1050,佛光大學,02299015,文化資產與創意學系,2,1,1,0,0,0,1,1,0,0,0,0,0,2,1,1,2,1,1
110,私立,一般大學,1050,佛光大學,02311007,外國語文學系,3,1,2,0,0,0,0,0,0,1,2,0,0,0,0,0,3,1,2
110,私立,一般大學,1050,佛光大學,02322006,中國文學與應用學系,2,1,1,0,0,0,0,1,0,0,1,0,0,1,1,0,2,1,1
110,私立,一般大學,1050,佛光大學,03111020,應用經濟學系,3,2,1,0,0,1,0,1,1,0,0,0,0,3,2,1,3,2,1
110,私立,一般大學,1050,佛光大學,03131024,心理學系,2,1,1,0,0,0,0,0,1,1,0,0,0,1,0,1,2,1,1
110,私立,一般大學,1050,佛光大學,03141023,未來與樂活產業學系,5,3,2,0,0,0,0,3,0,0,2,0,0,3,3,0,5,3,2
110,私立,一般大學,1050,佛光大學,03141035,社會學暨社會工作學系,4,0,4,0,0,0,2,0,2,0,0,0,0,4,0,4,4,0,4
110,私立,一般大學,1050,佛光大學,03211028,傳播學系,4,4,0,0,0,0,0,3,0,1,0,0,0,3,3,0,4,4,0
110,私立,一般大學,1050,佛光大學,04131030,管理學系,7,7,0,0,0,3,0,2,0,2,0,0,0,5,5,0,7,7,0
110,私立,一般大學,1050,佛光大學,04134025,公共事務學系,11,10,1,2,0,3,0,5,1,0,0,0,0,11,10,1,11,10,1
110,私立,一般大學,1050,佛光大學,06134032,資訊應用學系,1,1,0,0,0,0,0,1,0,0,0,0,0,1,1,0,1,1,0
110,私立,一般大學,1050,佛光大學,10131036,健康與創意蔬食產業學系,6,5,1,0,0,0,0,4,0,1,1,0,0,4,4,0,6,5,1
110,私立,一般大學,1050,佛光大學,99999Z01,通識教育委員會,34,24,10,0,0,5,0,8,4,11,6,0,0,17,13,4,34,24,10
110,私立,技專校院,1051,台南家專學校財團法人台南應用科技大學,02111046,漫畫系,10,5,5,0,0,0,0,1,1,4,4,0,0,2,1,1,10,5,5
110,私立,技專校院,1051,台南家專學校財團法人台南應用科技大學,02112012,視覺傳達設計系,13,8,5,0,0,1,0,4,1,3,4,0,0,6,5,1,13,8,5
110,私立,技專校院,1051,台南家專學校財團法人台南應用科技大學,02112013,多媒體動畫系,10,7,3,0,0,0,0,1,0,6,3,0,0,1,1,0,10,7,3
110,私立,技專校院,1051,台南家專學校財團法人台南應用科技大學,02122010,時尚設計系,7,5,2,0,0,0,0,1,0,4,2,0,0,1,1,0,7,5,2
110,私立,技專校院,1051,台南家專學校財團法人台南應用科技大學,02123014,商品設計系,15,11,4,0,0,0,0,4,0,7,4,0,0,4,4,0,15,11,4
110,私立,技專校院,1051,台南家專學校財團法人台南應用科技大學,02124015,室內設計系,19,12,7,0,0,2,0,1,0,9,7,0,0,3,3,0,19,12,7
110,私立,技專校院,1051,台南家專學校財團法人台南應用科技大學,02125042,服飾設計管理系,12,3,9,0,0,0,0,2,1,1,8,0,0,3,2,1,12,3,9
110,私立,技專校院,1051,台南家專學校財團法人台南應用科技大學,02131001,美術系,34,20,14,0,0,1,0,3,0,16,14,0,0,4,4,0,34,20,14
110,私立,技專校院,1051,台南家專學校財團法人台南應用科技大學,02151003,音樂系,102,33,69,2,0,1,4,11,31,19,34,0,0,49,14,35,102,33,69
110,私立,技專校院,1051,台南家專學校財團法人台南應用科技大學,02151004,流行音樂系,39,26,13,0,0,0,0,3,2,23,11,0,0,5,3,2,39,26,13
110,私立,技專校院,1051,台南家專學校財團法人台南應用科技大學,02152005,舞蹈系,33,6,27,0,0,0,2,0,3,6,22,0,0,5,0,5,33,6,27
110,私立,技專校院,1051,台南家專學校財團法人台南應用科技大學,02311009,應用英語系,30,9,21,1,0,0,0,1,1,7,20,0,0,3,2,1,30,9,21
110,私立,技專校院,1051,台南家專學校財團法人台南應用科技大學,04111018,會計資訊系,2,1,1,0,0,0,0,0,0,1,1,0,0,0,0,0,2,1,1
110,私立,技專校院,1051,台南家專學校財團法人台南應用科技大學,04121025,財務金融系,3,1,2,0,0,0,0,1,0,0,2,0,0,1,1,0,3,1,2
110,私立,技專校院,1051,台南家專學校財團法人台南應用科技大學,04131021,企業管理系,12,7,5,0,0,1,1,2,1,4,3,0,0,5,3,2,12,7,5
110,私立,技專校院,1051,台南家專學校財團法人台南應用科技大學,04141023,國際企業經營系,2,1,1,0,0,0,0,1,0,0,1,0,0,1,1,0,2,1,1
110,私立,技專校院,1051,台南家專學校財團法人台南應用科技大學,04161047,連鎖加盟經營管理學士學位學程,4,4,0,0,0,0,0,0,0,4,0,0,0,0,0,0,4,4,0
110,私立,技專校院,1051,台南家專學校財團法人台南應用科技大學,06131027,資訊管理系,13,8,5,0,0,0,0,1,1,7,4,0,0,2,1,1,13,8,5
110,私立,技專校院,1051,台南家專學校財團法人台南應用科技大學,09221029,幼兒保育系,14,1,13,0,0,0,0,0,4,1,9,0,0,4,0,4,14,1,13
110,私立,技專校院,1051,台南家專學校財團法人台南應用科技大學,10111038,生活服務產業系,5,2,3,0,0,0,0,0,0,2,3,0,0,0,0,0,5,2,3
110,私立,技專校院,1051,台南家專學校財團法人台南應用科技大學,10121044,美容造型設計系,16,6,10,0,0,0,0,3,1,3,9,0,0,4,3,1,16,6,10
110,私立,技專校院,1051,台南家專學校財團法人台南應用科技大學,10131030,旅館管理系,12,5,7,1,1,0,0,1,1,3,5,0,0,4,2,2,12,5,7
110,私立,技專校院,1051,台南家專學校財團法人台南應用科技大學,10131032,餐飲系,12,6,6,0,0,0,0,1,0,5,6,0,0,1,1,0,12,6,6
110,私立,技專校院,1051,台南家專學校財團法人台南應用科技大學,10152033,運動休閒與健康管理系,21,16,5,0,0,0,0,6,3,10,2,0,0,9,6,3,21,16,5
110,私立,技專校院,1051,台南家專學校財團法人台南應用科技大學,10152034,養生休閒管理系,3,2,1,0,0,0,0,1,0,1,1,0,0,1,1,0,3,2,1
110,私立,技專校院,1051,台南家專學校財團法人台南應用科技大學,99999Z05,師資培育中心,1,0,1,0,0,0,0,0,0,0,1,0,0,0,0,0,1,0,1
110,私立,技專校院,1052,遠東科技大學,02112038,數位媒體設計系,3,1,2,0,0,0,0,0,0,1,2,0,0,0,0,0,3,1,2
110,私立,技專校院,1052,遠東科技大學,02123042,創新商品設計與創業管理系,3,3,0,0,0,1,0,0,0,2,0,0,0,1,1,0,3,3,0
110,私立,技專校院,1052,遠東科技大學,02151036,流行音樂產業管理系,20,16,4,2,0,0,0,0,1,14,3,0,0,3,2,1,20,16,4
110,私立,技專校院,1052,遠東科技大學,04131007,企業管理系,28,22,6,0,0,1,0,4,1,17,5,0,0,6,5,1,28,22,6
110,私立,技專校院,1052,遠東科技大學,04132011,行銷與流通管理系,7,5,2,0,0,0,0,1,0,4,2,0,0,1,1,0,7,5,2
110,私立,技專校院,1052,遠東科技大學,06121020,資訊工程系,2,1,1,0,0,1,0,0,0,0,1,0,0,1,1,0,2,1,1
110,私立,技專校院,1052,遠東科技大學,07132035,冷凍空調與能源系,5,5,0,0,0,0,0,2,0,3,0,0,0,2,2,0,5,5,0
110,私立,技專校院,1052,遠東科技大學,07141017,電機工程系,1,1,0,0,0,0,0,0,0,1,0,0,0,0,0,0,1,1,0
110,私立,技專校院,1052,遠東科技大學,07151022,機械工程系,9,9,0,0,0,0,0,3,0,6,0,0,0,3,3,0,9,9,0
110,私立,技專校院,1052,遠東科技大學,07321041,營建工程系,3,3,0,0,0,1,0,0,0,2,0,0,0,1,1,0,3,3,0
110,私立,技專校院,1052,遠東科技大學,10121034,化妝品應用與管理系,7,3,4,0,0,0,0,1,1,2,3,0,0,2,1,1,7,3,4
110,私立,技專校院,1052,遠東科技大學,10131002,觀光英語系,2,0,2,0,0,0,0,0,0,0,2,0,0,0,0,0,2,0,2
110,私立,技專校院,1052,遠東科技大學,10131031,餐飲管理系,21,11,10,0,0,0,0,2,0,9,10,0,0,2,2,0,21,11,10
110,私立,技專校院,1052,遠東科技大學,10151032,旅遊事業管理系,12,8,4,0,0,1,0,3,0,4,4,0,0,4,4,0,12,8,4
110,私立,技專校院,1052,遠東科技大學,10152033,休閒運動管理系,3,2,1,0,0,0,0,1,1,1,0,0,0,2,1,1,3,2,1
110,私立,技專校院,1052,遠東科技大學,99999Z01,通識教育中心,13,11,2,0,0,0,0,2,0,9,2,0,0,2,2,0,13,11,2
110,私立,技專校院,1053,光宇學校財團法人元培醫事科技大學,02122044,茶陶文創碩士學位學程,4,3,1,1,0,2,0,0,1,0,0,0,0,4,3,1,4,3,1
110,私立,技專校院,1053,光宇學校財團法人元培醫事科技大學,02122044,茶陶文創學士學位學程,16,8,8,0,0,0,0,1,1,7,7,0,0,2,1,1,16,8,8
110,私立,技專校院,1053,光宇學校財團法人元培醫事科技大學,02311041,應用外語系,7,1,6,0,0,0,0,0,1,1,5,0,0,1,0,1,7,1,6
110,私立,技專校院,1053,光宇學校財團法人元培醫事科技大學,04131003,企業管理系,11,6,5,0,0,0,0,2,2,4,3,0,0,4,2,2,11,6,5
110,私立,技專校院,1053,光宇學校財團法人元培醫事科技大學,04133007,醫務管理系,18,13,5,1,0,0,1,8,1,4,3,0,0,11,9,2,18,13,5
110,私立,技專校院,1053,光宇學校財團法人元培醫事科技大學,06131012,資訊管理系,6,6,0,0,0,2,0,1,0,3,0,0,0,3,3,0,6,6,0
110,私立,技專校院,1053,光宇學校財團法人元培醫事科技大學,07121015,環境工程衛生系,13,11,2,1,0,0,1,6,0,4,1,0,0,8,7,1,13,11,2
110,私立,技專校院,1053,光宇學校財團法人元培醫事科技大學,07193016,生物醫學工程系,2,2,0,2,0,0,0,0,0,0,0,0,0,2,2,0,2,2,0
110,私立,技專校院,1053,光宇學校財團法人元培醫事科技大學,08411042,寵物保健系,12,9,3,0,0,0,0,4,0,5,3,0,0,4,4,0,12,9,3
110,私立,技專校院,1053,光宇學校財團法人元培醫事科技大學,09131022,護理系,26,7,19,0,0,2,0,3,4,2,15,0,0,9,5,4,26,7,19
110,私立,技專校院,1053,光宇學校財團法人元培醫事科技大學,09141027,醫學檢驗生物技術系,8,6,2,0,0,2,0,2,1,2,1,0,0,5,4,1,8,6,2
110,私立,技專校院,1053,光宇學校財團法人元培醫事科技大學,09141029,視光系,20,14,6,1,0,0,0,1,1,12,5,0,0,3,2,1,20,14,6
110,私立,技專校院,1053,光宇學校財團法人元培醫事科技大學,09141030,醫學影像暨放射技術系,16,13,3,1,0,0,0,5,0,7,3,0,0,6,6,0,16,13,3
110,私立,技專校院,1053,光宇學校財團法人元培醫事科技大學,09161034,生物科技暨製藥技術系,11,7,4,2,1,1,0,3,2,1,1,0,0,9,6,3,11,7,4
110,私立,技專校院,1053,光宇學校財團法人元培醫事科技大學,09211035,高齡福祉事業管理學士學位學程,3,0,3,0,0,0,0,0,0,0,3,0,0,0,0,0,3,0,3
110,私立,技專校院,1053,光宇學校財團法人元培醫事科技大學,10131036,餐飲管理系,12,6,6,0,0,0,0,1,2,5,4,0,0,3,1,2,12,6,6
110,私立,技專校院,1053,光宇學校財團法人元培醫事科技大學,10152038,健康休閒管理系,18,7,11,0,0,1,0,0,0,6,11,0,0,1,1,0,18,7,11
110,私立,技專校院,1053,光宇學校財團法人元培醫事科技大學,99999Z01,通識(教育)中心,20,10,10,0,0,1,1,3,3,6,6,0,0,8,4,4,20,10,10
110,私立,技專校院,1053,光宇學校財團法人元培醫事科技大學,99999Z07,體育室,2,2,0,0,0,0,0,0,0,2,0,0,0,0,0,0,2,2,0
110,私立,技專校院,1054,景文科技大學,02112005,視覺傳達設計學系,9,8,1,1,0,1,1,2,0,4,0,0,0,5,4,1,9,8,1
110,私立,技專校院,1054,景文科技大學,02311001,應用外語系,20,2,18,0,0,0,0,1,4,1,14,0,0,5,1,4,20,2,18
110,私立,技專校院,1054,景文科技大學,04131007,企業管理(學)系,12,9,3,0,0,0,0,3,0,6,3,0,0,3,3,0,12,9,3
110,私立,技專校院,1054,景文科技大學,04132014,行銷與流通管理系,3,2,1,0,0,0,0,1,1,1,0,0,0,2,1,1,3,2,1
110,私立,技專校院,1054,景文科技大學,07141017,資訊工程學系,1,1,0,0,0,0,0,1,0,0,0,0,0,1,1,0,1,1,0
110,私立,技專校院,1054,景文科技大學,07141018,電腦與通訊系,2,2,0,0,0,0,0,2,0,0,0,0,0,2,2,0,2,2,0
110,私立,技專校院,1054,景文科技大學,10131019,旅館管理系,16,8,8,0,0,2,0,0,1,6,7,0,0,3,2,1,16,8,8
110,私立,技專校院,1054,景文科技大學,10131020,餐飲管理學系,36,23,13,2,0,0,0,6,3,15,10,0,0,11,8,3,36,23,13
110,私立,技專校院,1054,景文科技大學,10141031,電競產業經營學士學位學程,1,1,0,0,0,0,0,0,0,1,0,0,0,0,0,0,1,1,0
110,私立,技專校院,1054,景文科技大學,10151023,旅遊管理系,14,7,7,0,0,0,0,0,1,7,6,0,0,1,0,1,14,7,7
110,私立,技專校院,1054,景文科技大學,99999Z01,通識(教育)中心,31,14,17,0,0,1,0,4,8,9,9,0,0,13,5,8,31,14,17
110,私立,技專校院,1055,中華醫事科技大學,04133002,醫務暨健康事業管理系,5,2,3,0,0,0,0,0,1,2,2,0,0,1,0,1,5,2,3
110,私立,技專校院,1055,中華醫事科技大學,05121005,生物醫學保健科,3,3,0,0,0,0,0,2,0,1,0,0,0,2,2,0,3,3,0
110,私立,技專校院,1055,中華醫事科技大學,05191017,食品營養系,30,12,18,0,1,1,3,6,4,5,10,0,0,15,7,8,30,12,18
110,私立,技專校院,1055,中華醫事科技大學,06131003,數位設計與資訊管理系,2,2,0,0,0,2,0,0,0,0,0,0,0,2,2,0,2,2,0
110,私立,技專校院,1055,中華醫事科技大學,07121009,環境與安全衛生工程系,1,0,1,0,0,0,0,0,0,0,1,0,0,0,0,0,1,0,1
110,私立,技專校院,1055,中華醫事科技大學,07199015,製藥工程系,7,6,1,1,0,0,0,1,0,4,1,0,0,2,2,0,7,6,1
110,私立,技專校院,1055,中華醫事科技大學,09131018,護理系,45,18,27,2,2,3,0,4,4,9,21,0,0,15,9,6,45,18,27
110,私立,技專校院,1055,中華醫事科技大學,09141021,醫學檢驗生物技術系,24,12,12,0,1,4,0,5,5,3,6,0,0,15,9,6,24,12,12
110,私立,技專校院,1055,中華醫事科技大學,09141022,視光系,33,28,5,0,0,0,2,12,1,16,2,0,0,15,12,3,33,28,5
110,私立,技專校院,1055,中華醫事科技大學,09153031,語言治療系,2,2,0,0,0,0,0,1,0,1,0,0,0,1,1,0,2,2,0
110,私立,技專校院,1055,中華醫事科技大學,09171016,調理保健技術系,10,9,1,1,0,0,0,2,0,6,1,0,0,3,3,0,10,9,1
110,私立,技專校院,1055,中華醫事科技大學,09191013,職業安全衛生系,20,18,2,1,0,0,0,6,0,11,2,0,0,7,7,0,20,18,2
110,私立,技專校院,1055,中華醫事科技大學,09211033,長期照顧經營管理系,6,1,5,0,0,0,0,0,1,1,4,0,0,1,0,1,6,1,5
110,私立,技專校院,1055,中華醫事科技大學,09221024,幼兒保育系,3,3,0,0,0,1,0,0,0,2,0,0,0,1,1,0,3,3,0
110,私立,技專校院,1055,中華醫事科技大學,10121027,化妝品應用與管理系,1,0,1,0,0,0,0,0,0,0,1,0,0,0,0,0,1,0,1
110,私立,技專校院,1055,中華醫事科技大學,10131025,餐旅管理系,5,4,1,0,0,1,0,0,0,3,1,0,0,1,1,0,5,4,1
110,私立,技專校院,1055,中華醫事科技大學,10199029,寵物照護與美容系,9,7,2,0,0,0,0,0,0,7,2,0,0,0,0,0,9,7,2
110,私立,技專校院,1055,中華醫事科技大學,99999Z01,通識中心,53,26,27,1,0,2,1,5,6,18,20,0,0,15,8,7,53,26,27
110,私立,技專校院,1056,東南科技大學,02111003,數位媒體設計系,11,7,4,0,0,0,0,0,1,7,3,0,0,1,0,1,11,7,4
110,私立,技專校院,1056,東南科技大學,02112041,數位遊戲設計系,6,4,2,0,0,0,0,1,1,3,1,0,0,2,1,1,6,4,2
110,私立,技專校院,1056,東南科技大學,02123004,創意產品設計系,7,6,1,0,0,0,0,0,0,6,1,0,0,0,0,0,7,6,1
110,私立,技專校院,1056,東南科技大學,02124005,室內設計系,16,9,7,0,0,0,0,2,0,7,7,0,0,2,2,0,16,9,7
110,私立,技專校院,1056,東南科技大學,02152001,表演藝術系,2,1,1,0,0,0,0,0,0,1,1,0,0,0,0,0,2,1,1
110,私立,技專校院,1056,東南科技大學,02311002,應用英語(文)系,4,1,3,0,0,0,0,0,1,1,2,0,0,1,0,1,4,1,3
110,私立,技專校院,1056,東南科技大學,07141011,電機工程(學)系,2,2,0,0,0,0,0,2,0,0,0,0,0,2,2,0,2,2,0
110,私立,技專校院,1056,東南科技大學,07141012,電子工程(學)系,5,3,2,0,0,0,0,1,0,2,2,0,0,1,1,0,5,3,2
110,私立,技專校院,1056,東南科技大學,07151013,機械工程(學)系,24,23,1,0,0,0,0,6,0,17,1,0,0,6,6,0,24,23,1
110,私立,技專校院,1056,東南科技大學,07321015,營建與空間設計系,2,2,0,0,0,1,0,1,0,0,0,0,0,2,2,0,2,2,0
110,私立,技專校院,1056,東南科技大學,10131019,餐旅管理系,22,11,11,0,0,0,0,3,0,8,11,0,0,3,3,0,22,11,11
110,私立,技專校院,1056,東南科技大學,10151042,觀光系,9,6,3,0,0,0,0,3,0,3,3,0,0,3,3,0,9,6,3
110,私立,技專校院,1056,東南科技大學,10152021,休閒事業管理系,8,5,3,0,0,0,0,2,0,3,3,0,0,2,2,0,8,5,3
110,私立,技專校院,1056,東南科技大學,99999Z01,通識(教育)中心,12,9,3,0,0,0,2,3,0,6,1,0,0,5,3,2,12,9,3
110,私立,技專校院,1057,德明財經科技大學,02112002,多媒體設計系,7,7,0,0,0,1,0,3,0,3,0,0,0,4,4,0,7,7,0
110,私立,技專校院,1057,德明財經科技大學,02311001,應用外語系,26,12,14,1,0,0,1,2,2,9,11,0,0,6,3,3,26,12,14
110,私立,技專校院,1057,德明財經科技大學,04111003,會計資訊系,8,4,4,0,0,0,1,3,0,1,3,0,0,4,3,1,8,4,4
110,私立,技專校院,1057,德明財經科技大學,04121008,財務金融系(含財務金融系理財與稅務管理碩士班),20,17,3,1,1,4,0,3,1,9,1,0,0,10,8,2,20,17,3
110,私立,技專校院,1057,德明財經科技大學,04122012,財政稅務系,1,1,0,1,0,0,0,0,0,0,0,0,0,1,1,0,1,1,0
110,私立,技專校院,1057,德明財經科技大學,04123023,風險管理與財富規劃系,5,2,3,0,0,0,0,0,0,2,3,0,0,0,0,0,5,2,3
110,私立,技專校院,1057,德明財經科技大學,04131006,企業管理系(科),21,13,8,0,0,1,2,4,1,8,5,0,0,8,5,3,21,13,8
110,私立,技專校院,1057,德明財經科技大學,04132014,流通管理系(含碩士班),10,9,1,0,0,1,0,0,1,8,0,0,0,2,1,1,10,9,1
110,私立,技專校院,1057,德明財經科技大學,04141007,國際貿易系,9,6,3,0,0,0,0,1,0,5,3,0,0,1,1,0,9,6,3
110,私立,技專校院,1057,德明財經科技大學,04143013,行銷管理系(含碩士班、碩士在職專班),27,21,6,2,0,1,0,8,4,10,2,0,0,15,11,4,27,21,6
110,私立,技專校院,1057,德明財經科技大學,06131019,資訊科技系,1,1,0,0,0,0,0,1,0,0,0,0,0,1,1,0,1,1,0
110,私立,技專校院,1057,德明財經科技大學,06131021,資訊管理系(含碩士在職專班),6,4,2,0,0,0,0,1,2,3,0,0,0,3,1,2,6,4,2
110,私立,技專校院,1057,德明財經科技大學,99999Z01,通識教育中心,34,16,18,1,0,0,0,5,6,10,12,0,0,12,6,6,34,16,18
110,私立,一般大學,1058,明道學校財團法人明道大學,01115001,課程與教學研究所,2,2,0,1,0,0,0,1,0,0,0,0,0,2,2,0,2,2,0
110,私立,一般大學,1058,明道學校財團法人明道大學,02111010,數位設計學系,9,7,2,0,0,0,0,1,0,6,2,0,0,1,1,0,9,7,2
110,私立,一般大學,1058,明道學校財團法人明道大學,02125007,時尚造形學系,2,0,2,0,0,0,0,0,0,0,2,0,0,0,0,0,2,0,2
110,私立,一般大學,1058,明道學校財團法人明道大學,02299043,中華文化與傳播學系,6,6,0,2,0,0,0,3,0,1,0,0,0,5,5,0,6,6,0
110,私立,一般大學,1058,明道學校財團法人明道大學,02311044,應用外語學系,1,1,0,0,0,0,0,0,0,1,0,0,0,0,0,0,1,1,0
110,私立,一般大學,1058,明道學校財團法人明道大學,04131013,企業管理學系,9,5,4,0,0,3,0,1,3,1,1,0,0,7,4,3,9,5,4
110,私立,一般大學,1058,明道學校財團法人明道大學,07112032,材料與能源工程學系,1,1,0,0,0,0,0,1,0,0,0,0,0,1,1,0,1,1,0
110,私立,一般大學,1058,明道學校財團法人明道大學,07312035,景觀與環境設計學系,6,5,1,0,0,0,0,1,0,4,1,0,0,1,1,0,6,5,1
110,私立,一般大學,1058,明道學校財團法人明道大學,08111037,精緻農業學系,12,9,3,1,0,1,1,4,1,3,1,0,0,8,6,2,12,9,3
110,私立,一般大學,1058,明道學校財團法人明道大學,10131039,餐旅管理學系,6,2,4,0,0,0,0,1,2,1,2,0,0,3,1,2,6,2,4
110,私立,一般大學,1058,明道學校財團法人明道大學,10152040,休閒保健學系,16,9,7,0,0,0,0,3,3,6,4,0,0,6,3,3,16,9,7
110,私立,一般大學,1058,明道學校財團法人明道大學,99999Z01,通識教育中心,9,4,5,0,0,0,0,1,0,3,5,0,0,1,1,0,9,4,5
110,私立,技專校院,1060,南開科技大學,02122003,文化創意與設計系,1,1,0,0,0,0,0,0,0,1,0,0,0,0,0,0,1,1,0
110,私立,技專校院,1060,南開科技大學,02311001,應用外語系,4,1,3,0,0,0,0,0,0,1,3,0,0,0,0,0,4,1,3
110,私立,技專校院,1060,南開科技大學,04131004,企業管理系,5,4,1,0,0,0,0,0,0,4,1,0,0,0,0,0,5,4,1
110,私立,技專校院,1060,南開科技大學,04143007,行銷與流通管理系,16,11,5,0,0,0,0,2,2,9,3,0,0,4,2,2,16,11,5
110,私立,技專校院,1060,南開科技大學,06131011,資訊管理系,1,1,0,0,0,0,0,1,0,0,0,0,0,1,1,0,1,1,0
110,私立,技專校院,1060,南開科技大學,06132012,多媒體動畫應用系,1,0,1,0,0,0,0,0,0,0,1,0,0,0,0,0,1,0,1
110,私立,技專校院,1060,南開科技大學,07141021,電機與資訊技術系,20,18,2,2,0,2,0,5,2,9,0,0,0,11,9,2,20,18,2
110,私立,技專校院,1060,南開科技大學,07151018,自動化(控制)工程系,9,9,0,0,0,3,0,0,0,6,0,0,0,3,3,0,9,9,0
110,私立,技專校院,1060,南開科技大學,07151023,機械工程系,31,29,2,3,0,5,1,2,0,19,1,0,0,11,10,1,31,29,2
110,私立,技專校院,1060,南開科技大學,07191008,工業管理系,2,2,0,1,0,0,0,0,0,1,0,0,0,1,1,0,2,2,0
110,私立,技專校院,1060,南開科技大學,09211028,長期照顧與管理系,11,4,7,1,0,0,0,1,2,2,5,0,0,4,2,2,11,4,7
110,私立,技專校院,1060,南開科技大學,10131030,餐飲管理系,4,2,2,0,0,0,0,1,0,1,2,0,0,1,1,0,4,2,2
110,私立,技專校院,1060,南開科技大學,10131033,休閒事業管理系,10,7,3,0,0,0,0,4,0,3,3,0,0,4,4,0,10,7,3
110,私立,技專校院,1060,南開科技大學,99999Z01,通識教育與外語教學中心,17,8,9,0,0,0,0,1,1,7,8,0,0,2,1,1,17,8,9
110,私立,技專校院,1061,中華學校財團法人中華科技大學,02122002,文創與數位多媒體系,1,1,0,0,0,0,0,0,0,1,0,0,0,0,0,0,1,1,0
110,私立,技專校院,1061,中華學校財團法人中華科技大學,04191039,企業資訊與管理系,8,8,0,0,0,1,0,2,0,5,0,0,0,3,3,0,8,8,0
110,私立,技專校院,1061,中華學校財團法人中華科技大學,05121010,生物科技系,9,4,5,0,0,0,0,1,1,3,4,0,0,2,1,1,9,4,5
110,私立,技專校院,1061,中華學校財團法人中華科技大學,07141038,電機與資訊工程系,13,12,1,0,0,1,0,6,0,5,1,0,0,7,7,0,13,12,1
110,私立,技專校院,1061,中華學校財團法人中華科技大學,07151017,機械工程系,20,18,2,0,0,3,0,1,1,14,1,0,0,5,4,1,20,18,2
110,私立,技專校院,1061,中華學校財團法人中華科技大學,07162015,航空電子系,10,10,0,0,0,1,0,1,0,8,0,0,0,2,2,0,10,10,0
110,私立,技專校院,1061,中華學校財團法人中華科技大學,07162019,航空機械系,11,11,0,0,0,1,0,5,0,5,0,0,0,6,6,0,11,11,0
110,私立,技專校院,1061,中華學校財團法人中華科技大學,07311025,建築系,13,11,2,0,0,2,0,2,0,7,2,0,0,4,4,0,13,11,2
110,私立,技專校院,1061,中華學校財團法人中華科技大學,10131040,餐旅管理系,3,2,1,0,0,0,0,0,0,2,1,0,0,0,0,0,3,2,1
110,私立,技專校院,1061,中華學校財團法人中華科技大學,10151035,觀光事業系,6,3,3,0,0,0,0,0,0,3,3,0,0,0,0,0,6,3,3
110,私立,技專校院,1061,中華學校財團法人中華科技大學,10413033,航空服務管理系,1,0,1,0,0,0,0,0,0,0,1,0,0,0,0,0,1,0,1
110,私立,技專校院,1061,中華學校財團法人中華科技大學,99999Z01,通識(教育)中心,7,2,5,0,0,0,0,1,0,1,5,0,0,1,1,0,7,2,5
110,私立,技專校院,1062,僑光科技大學,02122004,生活創意設計系,11,6,5,0,0,0,0,0,2,6,3,0,0,2,0,2,11,6,5
110,私立,技專校院,1062,僑光科技大學,02123005,電腦輔助工業設計系,13,12,1,0,0,0,0,3,0,9,1,0,0,3,3,0,13,12,1
110,私立,技專校院,1062,僑光科技大學,02311003,應用英語系,12,3,9,0,0,0,0,0,1,3,8,0,0,1,0,1,12,3,9
110,私立,技專校院,1062,僑光科技大學,04121013,財務金融系,13,8,5,0,0,0,0,1,0,7,5,0,0,1,1,0,13,8,5
110,私立,技專校院,1062,僑光科技大學,04131009,企業管理系,15,11,4,2,0,0,1,1,1,8,2,0,0,5,3,2,15,11,4
110,私立,技專校院,1062,僑光科技大學,04132016,行銷與流通管理系,25,21,4,1,0,0,0,5,1,15,3,0,0,7,6,1,25,21,4
110,私立,技專校院,1062,僑光科技大學,04141011,國際貿易系,12,5,7,0,0,0,1,1,1,4,5,0,0,3,1,2,12,5,7
110,私立,技專校院,1062,僑光科技大學,04212018,財經法律系,12,4,8,0,0,0,1,2,2,2,5,0,0,5,2,3,12,4,8
110,私立,技專校院,1062,僑光科技大學,06131019,資訊科技系,8,7,1,1,0,0,0,1,0,5,1,0,0,2,2,0,8,7,1
110,私立,技專校院,1062,僑光科技大學,06133021,多媒體與遊戲設計系,13,9,4,0,1,0,0,0,1,9,2,0,0,2,0,2,13,9,4
110,私立,技專校院,1062,僑光科技大學,10131024,餐飲管理系,22,12,10,0,0,0,0,1,1,11,9,0,0,2,1,1,22,12,10
110,私立,技專校院,1062,僑光科技大學,10131025,旅館與會展管理系,11,4,7,0,0,0,0,1,0,3,7,0,0,1,1,0,11,4,7
110,私立,技專校院,1062,僑光科技大學,10151026,觀光與休閒事業管理系,17,10,7,0,0,0,0,2,1,8,6,0,0,3,2,1,17,10,7
110,私立,技專校院,1062,僑光科技大學,99999Z01,通識教育中心,91,46,45,0,0,3,1,13,9,30,35,0,0,26,16,10,91,46,45
110,私立,技專校院,1063,廣亞學校財團法人育達科技大學,02122007,時尚造型設計系,5,1,4,0,0,1,0,0,0,0,4,0,0,1,1,0,5,1,4
110,私立,技專校院,1063,廣亞學校財團法人育達科技大學,04143022,行銷與流通管理系,23,16,7,0,0,0,0,6,2,10,5,0,0,8,6,2,23,16,7
110,私立,技專校院,1063,廣亞學校財團法人育達科技大學,06111032,物聯網工程與應用學士學位學程,2,2,0,0,0,0,0,1,0,1,0,0,0,1,1,0,2,2,0
110,私立,技專校院,1063,廣亞學校財團法人育達科技大學,06131024,資訊管理系,15,13,2,0,0,0,0,3,0,10,2,0,0,3,3,0,15,13,2
110,私立,技專校院,1063,廣亞學校財團法人育達科技大學,09221028,幼兒保育系,14,4,10,0,0,0,1,0,1,4,8,0,0,2,0,2,14,4,10
110,私立,技專校院,1063,廣亞學校財團法人育達科技大學,09231039,社會工作系,11,6,5,0,0,1,0,1,0,4,5,0,0,2,2,0,11,6,5
110,私立,技專校院,1063,廣亞學校財團法人育達科技大學,10131029,餐旅經營系,4,4,0,0,0,2,0,0,0,2,0,0,0,2,2,0,4,4,0
110,私立,技專校院,1063,廣亞學校財團法人育達科技大學,10151038,觀光休閒管理系,21,16,5,1,0,1,0,5,0,9,5,0,0,7,7,0,21,16,5
110,私立,技專校院,1063,廣亞學校財團法人育達科技大學,99999Z01,通識教育中心,19,9,10,0,0,2,1,1,1,6,8,0,0,5,3,2,19,9,10
110,私立,技專校院,1064,美和學校財團法人美和科技大學,02299002,文化創意系,2,2,0,0,0,0,0,0,0,2,0,0,0,0,0,0,2,2,0
110,私立,技專校院,1064,美和學校財團法人美和科技大學,04131004,企業管理系,18,13,5,0,0,0,0,2,1,11,4,0,0,3,2,1,18,13,5
110,私立,技專校院,1064,美和學校財團法人美和科技大學,04133007,健康事業管理系,19,10,9,0,0,0,0,3,1,7,8,0,0,4,3,1,19,10,9
110,私立,技專校院,1064,美和學校財團法人美和科技大學,05121008,生物科技系,1,1,0,1,0,0,0,0,0,0,0,0,0,1,1,0,1,1,0
110,私立,技專校院,1064,美和學校財團法人美和科技大學,05191012,食品營養系,34,22,12,3,1,1,1,7,3,11,7,0,0,16,11,5,34,22,12
110,私立,技專校院,1064,美和學校財團法人美和科技大學,06121011,資訊管理系,3,3,0,0,0,0,0,0,0,3,0,0,0,0,0,0,3,3,0
110,私立,技專校院,1064,美和學校財團法人美和科技大學,09131013,護理系,79,30,49,0,0,1,0,8,3,21,46,0,0,12,9,3,79,30,49
110,私立,技專校院,1064,美和學校財團法人美和科技大學,09131013,護理科,21,7,14,0,0,2,0,0,0,5,14,0,0,2,2,0,21,7,14
110,私立,技專校院,1064,美和學校財團法人美和科技大學,09231016,社會工作系,42,26,16,0,0,2,1,6,2,18,13,0,0,11,8,3,42,26,16
110,私立,技專校院,1064,美和學校財團法人美和科技大學,10121021,美容系,33,16,17,0,0,0,0,2,1,14,16,0,0,3,2,1,33,16,17
110,私立,技專校院,1064,美和學校財團法人美和科技大學,10131018,餐旅管理系,23,17,6,0,0,1,0,3,0,13,6,0,0,4,4,0,23,17,6
110,私立,技專校院,1064,美和學校財團法人美和科技大學,10151019,觀光系,11,6,5,0,0,0,0,0,0,6,5,0,0,0,0,0,11,6,5
110,私立,技專校院,1064,美和學校財團法人美和科技大學,10152020,運動與休閒管理系,9,8,1,0,0,0,0,1,0,7,1,0,0,1,1,0,9,8,1
110,私立,技專校院,1065,吳鳳科技大學,01121023,幼兒保育系,19,1,18,0,0,0,0,1,2,0,16,0,0,3,1,2,19,1,18
110,私立,技專校院,1065,吳鳳科技大學,02112005,應用數位媒體系,18,13,5,0,0,0,0,3,0,10,5,0,0,3,3,0,18,13,5
110,私立,技專校院,1065,吳鳳科技大學,04132011,行銷與流通管理系,9,3,6,0,0,2,0,0,2,1,4,0,0,4,2,2,9,3,6
110,私立,技專校院,1065,吳鳳科技大學,07141016,電機工程系,25,23,2,1,0,5,1,4,0,13,1,0,0,11,10,1,25,23,2
110,私立,技專校院,1065,吳鳳科技大學,07141016,電機工程系_智慧製造產學專班,4,4,0,0,0,0,0,0,0,4,0,0,0,0,0,0,4,4,0
110,私立,技專校院,1065,吳鳳科技大學,07151019,機械工程系,13,12,1,0,0,2,0,0,0,10,1,0,0,2,2,0,13,12,1
110,私立,技專校院,1065,吳鳳科技大學,07151019,機械工程系_國際學生產學合作專班,2,1,1,0,0,0,1,1,0,0,0,0,0,2,1,1,2,1,1
110,私立,技專校院,1065,吳鳳科技大學,09131022,長期照護與管理系,2,2,0,0,0,1,0,0,0,1,0,0,0,1,1,0,2,2,0
110,私立,技專校院,1065,吳鳳科技大學,10131024,餐旅管理系,7,4,3,0,0,0,0,2,1,2,2,0,0,3,2,1,7,4,3
110,私立,技專校院,1065,吳鳳科技大學,10131024,餐旅管理系_餐旅管理產學專班,2,1,1,0,0,0,0,0,0,1,1,0,0,0,0,0,2,1,1
110,私立,技專校院,1065,吳鳳科技大學,10151025,觀光休閒管理系,4,2,2,0,0,0,0,1,0,1,2,0,0,1,1,0,4,2,2
110,私立,技專校院,1065,吳鳳科技大學,10152027,休閒遊憩與運動管理系,20,10,10,0,0,0,0,2,0,8,10,0,0,2,2,0,20,10,10
110,私立,技專校院,1065,吳鳳科技大學,10321029,消防系,9,9,0,0,0,1,0,0,0,8,0,0,0,1,1,0,9,9,0
110,私立,技專校院,1065,吳鳳科技大學,99999Z01,通識教育中心,18,7,11,0,0,0,1,1,0,6,10,0,0,2,1,1,18,7,11
110,私立,技專校院,1066,環球學校財團法人環球科技大學,02111038,數位媒體與產品設計系,1,1,0,0,0,0,0,1,0,0,0,0,0,1,1,0,1,1,0
110,私立,技專校院,1066,環球學校財團法人環球科技大學,02112003,視覺傳達設計系,1,1,0,0,0,0,0,0,0,1,0,0,0,0,0,0,1,1,0
110,私立,技專校院,1066,環球學校財團法人環球科技大學,04121037,東南亞經貿與數位金融管理學士學位學程,2,0,2,0,0,0,0,0,0,0,2,0,0,0,0,0,2,0,2
110,私立,技專校院,1066,環球學校財團法人環球科技大學,04131011,企業管理系,25,13,12,0,0,1,0,3,1,9,11,0,0,5,4,1,25,13,12
110,私立,技專校院,1066,環球學校財團法人環球科技大學,04143021,行銷管理系,5,4,1,1,0,0,0,1,0,2,1,0,0,2,2,0,5,4,1
110,私立,技專校院,1066,環球學校財團法人環球科技大學,06131035,資訊與電子商務管理系,1,0,1,0,0,0,0,0,0,0,1,0,0,0,0,0,1,0,1
110,私立,技專校院,1066,環球學校財團法人環球科技大學,07211024,生物技術系,8,7,1,0,0,0,0,2,0,5,1,0,0,2,2,0,8,7,1
110,私立,技專校院,1066,環球學校財團法人環球科技大學,09221027,幼兒保育系,11,5,6,0,0,0,0,2,1,3,5,0,0,3,2,1,11,5,6
110,私立,技專校院,1066,環球學校財團法人環球科技大學,10121036,時尚造型設計系,1,0,1,0,0,0,0,0,0,0,1,0,0,0,0,0,1,0,1
110,私立,技專校院,1066,環球學校財團法人環球科技大學,10131028,餐飲廚藝系,1,1,0,0,0,0,0,0,0,1,0,0,0,0,0,0,1,1,0
110,私立,技專校院,1066,環球學校財團法人環球科技大學,10131029,觀光與餐飲旅館系,10,5,5,0,0,1,0,1,1,3,4,0,0,3,2,1,10,5,5
110,私立,技專校院,1066,環球學校財團法人環球科技大學,10151030,觀光與生態旅遊系,1,1,0,0,0,0,0,0,0,1,0,0,0,0,0,0,1,1,0
110,私立,技專校院,1066,環球學校財團法人環球科技大學,10152032,運動保健與防護系,3,1,2,0,0,0,0,0,0,1,2,0,0,0,0,0,3,1,2
110,私立,一般大學,1067,台灣首府學校財團法人台灣首府大學,01121002,幼兒教育學系,1,1,0,0,0,0,0,0,0,1,0,0,0,0,0,0,1,1,0
110,私立,一般大學,1067,台灣首府學校財團法人台灣首府大學,10131030,餐旅管理學系,3,2,1,0,0,0,0,1,0,1,1,0,0,1,1,0,3,2,1
110,私立,一般大學,1067,台灣首府學校財團法人台灣首府大學,10131032,烘焙管理學系,1,1,0,0,0,0,0,1,0,0,0,0,0,1,1,0,1,1,0
110,私立,一般大學,1067,台灣首府學校財團法人台灣首府大學,10131034,飯店管理學系,1,1,0,0,0,0,0,1,0,0,0,0,0,1,1,0,1,1,0
110,私立,一般大學,1067,台灣首府學校財團法人台灣首府大學,10151036,觀光事業管理學系,4,3,1,0,0,0,0,0,0,3,1,0,0,0,0,0,4,3,1
110,私立,一般大學,1067,台灣首府學校財團法人台灣首府大學,99999Z01,通識教育中心,7,2,5,0,0,0,0,0,0,2,5,0,0,0,0,0,7,2,5
110,私立,技專校院,1068,中州學校財團法人中州科技大學,02121039,時尚造型與視訊傳播系,4,0,4,0,0,0,0,0,0,0,4,0,0,0,0,0,4,0,4
110,私立,技專校院,1068,中州學校財團法人中州科技大學,04199037,觀光休閒與健康管理系,5,3,2,0,0,1,0,0,0,2,2,0,0,1,1,0,5,3,2
110,私立,技專校院,1068,中州學校財團法人中州科技大學,06131036,多媒體與遊戲科學系,10,6,4,0,0,2,0,1,0,3,4,0,0,3,3,0,10,6,4
110,私立,技專校院,1068,中州學校財團法人中州科技大學,07151035,智慧自動化工程系(含工程技術碩士班),8,8,0,0,0,3,0,0,0,5,0,0,0,3,3,0,8,8,0
110,私立,技專校院,1068,中州學校財團法人中州科技大學,07211023,保健食品系(含碩士班),10,4,6,0,0,1,0,1,3,2,3,0,0,5,2,3,10,4,6
110,私立,技專校院,1068,中州學校財團法人中州科技大學,07312022,景觀造園與維護系,1,0,1,0,0,0,0,0,0,0,1,0,0,0,0,0,1,0,1
110,私立,技專校院,1068,中州學校財團法人中州科技大學,09221032,幼兒保育與家庭服務系,13,3,10,0,0,0,0,1,0,2,10,0,0,1,1,0,13,3,10
110,私立,技專校院,1068,中州學校財團法人中州科技大學,10131027,餐飲廚藝系,3,2,1,0,0,0,0,1,0,1,1,0,0,1,1,0,3,2,1
110,私立,技專校院,1068,中州學校財團法人中州科技大學,10199038,餐旅商務行銷系,8,5,3,0,0,0,0,0,0,5,3,0,0,0,0,0,8,5,3
110,私立,技專校院,1068,中州學校財團法人中州科技大學,99999Z01,通識教育中心,9,5,4,0,0,0,0,0,1,5,3,0,0,1,0,1,9,5,4
110,私立,技專校院,1069,修平學校財團法人修平科技大學,02112005,數位媒體設計系,1,1,0,0,0,0,0,0,0,1,0,0,0,0,0,0,1,1,0
110,私立,技專校院,1069,修平學校財團法人修平科技大學,02311003,應用英語系,2,2,0,0,0,0,0,0,0,2,0,0,0,0,0,0,2,2,0
110,私立,技專校院,1069,修平學校財團法人修平科技大學,02311004,應用日語系,11,1,10,0,0,0,0,0,2,1,8,0,0,2,0,2,11,1,10
110,私立,技專校院,1069,修平學校財團法人修平科技大學,04131030,企業經營管理系,5,4,1,0,0,1,0,3,1,0,0,0,0,5,4,1,5,4,1
110,私立,技專校院,1069,修平學校財團法人修平科技大學,04132013,行銷與流通管理系,8,6,2,0,0,0,0,0,0,6,2,0,0,0,0,0,8,6,2
110,私立,技專校院,1069,修平學校財團法人修平科技大學,04199015,人力資源管理與發展系(含碩士班),2,1,1,0,0,0,0,1,0,0,1,0,0,1,1,0,2,1,1
110,私立,技專校院,1069,修平學校財團法人修平科技大學,06131017,資訊管理系,2,1,1,0,0,0,0,0,0,1,1,0,0,0,0,0,2,1,1
110,私立,技專校院,1069,修平學校財團法人修平科技大學,07141020,電子工程系,3,3,0,0,0,0,0,1,0,2,0,0,0,1,1,0,3,3,0
110,私立,技專校院,1069,修平學校財團法人修平科技大學,07151021,機械工程系(含精密機械與製造科技碩士班),40,39,1,0,0,1,0,6,0,32,1,0,0,7,7,0,40,39,1
110,私立,技專校院,1069,修平學校財團法人修平科技大學,07191026,工業工程與管理系(含精實生產管理碩士班),12,12,0,1,0,1,0,3,0,7,0,0,0,5,5,0,12,12,0
110,私立,技專校院,1069,修平學校財團法人修平科技大學,10151029,觀光與遊憩管理系,4,2,2,0,0,0,0,1,0,1,2,0,0,1,1,0,4,2,2
110,私立,技專校院,1069,修平學校財團法人修平科技大學,99999Z01,博雅學院,42,26,16,1,0,6,1,7,2,12,13,0,0,17,14,3,42,26,16
110,私立,技專校院,1070,長庚學校財團法人長庚科技大學,05121001,健康產業科技研究所,4,3,1,0,0,2,0,0,0,1,1,0,0,2,2,0,4,3,1
110,私立,技專校院,1070,長庚學校財團法人長庚科技大學,05191003,保健營養系,8,4,4,0,0,0,0,2,0,2,4,0,0,2,2,0,8,4,4
110,私立,技專校院,1070,長庚學校財團法人長庚科技大學,09131004,護理系,46,12,34,0,0,0,1,5,0,7,33,0,0,6,5,1,46,12,34
110,私立,技專校院,1070,長庚學校財團法人長庚科技大學,09131006,呼吸照護系,6,4,2,0,0,2,0,0,2,2,0,0,0,4,2,2,6,4,2
110,私立,技專校院,1070,長庚學校財團法人長庚科技大學,09131010,高齡暨健康照護管理系,5,3,2,0,0,0,0,2,0,1,2,0,0,2,2,0,5,3,2
110,私立,技專校院,1070,長庚學校財團法人長庚科技大學,09221008,幼兒保育系,7,0,7,0,0,0,0,0,1,0,6,0,0,1,0,1,7,0,7
110,私立,技專校院,1070,長庚學校財團法人長庚科技大學,10121009,化妝品應用系,18,11,7,1,0,1,2,2,2,7,3,0,0,8,4,4,18,11,7
110,私立,技專校院,1070,長庚學校財團法人長庚科技大學,99999Z01,通識教育中心,11,7,4,0,0,1,0,2,0,4,4,0,0,3,3,0,11,7,4
110,私立,技專校院,1070,長庚學校財團法人長庚科技大學,99999Z01,通識教育學科,5,3,2,0,0,0,0,1,0,2,2,0,0,1,1,0,5,3,2
110,私立,技專校院,1071,城市學校財團法人臺北城市科技大學,02112004,數位多媒體設計系,4,3,1,0,0,1,0,0,0,2,1,0,0,1,1,0,4,3,1
110,私立,技專校院,1071,城市學校財團法人臺北城市科技大學,02151001,流行音樂事業系,5,3,2,0,0,0,0,2,1,1,1,0,0,3,2,1,5,3,2
110,私立,技專校院,1071,城市學校財團法人臺北城市科技大學,02152002,演藝事業系,7,5,2,0,0,0,0,1,0,4,2,0,0,1,1,0,7,5,2
110,私立,技專校院,1071,城市學校財團法人臺北城市科技大學,02311003,應用外語系,11,6,5,0,0,0,1,0,1,6,3,0,0,2,0,2,11,6,5
110,私立,技專校院,1071,城市學校財團法人臺北城市科技大學,04131007,企業管理系,14,8,6,0,1,0,0,4,2,4,3,0,0,7,4,3,14,8,6
110,私立,技專校院,1071,城市學校財團法人臺北城市科技大學,04132009,行銷與流通管理系,15,8,7,0,0,1,0,2,2,5,5,0,0,5,3,2,15,8,7
110,私立,技專校院,1071,城市學校財團法人臺北城市科技大學,04199Y26,商管學院,4,1,3,0,0,0,0,1,0,0,3,0,0,1,1,0,4,1,3
110,私立,技專校院,1071,城市學校財團法人臺北城市科技大學,06131015,資訊工程系,4,4,0,0,0,1,0,1,0,2,0,0,0,2,2,0,4,4,0
110,私立,技專校院,1071,城市學校財團法人臺北城市科技大學,07141013,電機工程系,11,11,0,0,0,1,0,3,0,7,0,0,0,4,4,0,11,11,0
110,私立,技專校院,1071,城市學校財團法人臺北城市科技大學,07141016,電腦與通訊工程系,1,1,0,0,0,1,0,0,0,0,0,0,0,1,1,0,1,1,0
110,私立,技專校院,1071,城市學校財團法人臺北城市科技大學,07151017,機械工程系,32,31,1,1,0,1,0,4,0,25,1,0,0,6,6,0,32,31,1
110,私立,技專校院,1071,城市學校財團法人臺北城市科技大學,10121028,化妝品應用與管理系,16,3,13,0,0,0,0,1,3,2,10,0,0,4,1,3,16,3,13
110,私立,技專校院,1071,城市學校財團法人臺北城市科技大學,10131021,旅館事業管理學士學位學程,6,1,5,0,0,0,0,1,3,0,2,0,0,4,1,3,6,1,5
110,私立,技專校院,1071,城市學校財團法人臺北城市科技大學,10131022,餐飲管理系,21,12,9,0,0,0,1,1,1,11,7,0,0,3,1,2,21,12,9
110,私立,技專校院,1071,城市學校財團法人臺北城市科技大學,10131023,烘焙創意與經營管理學士學位學程,3,2,1,0,0,0,0,1,0,1,1,0,0,1,1,0,3,2,1
110,私立,技專校院,1071,城市學校財團法人臺北城市科技大學,10151024,觀光事業系,9,7,2,0,0,0,0,1,0,6,2,0,0,1,1,0,9,7,2
110,私立,技專校院,1071,城市學校財團法人臺北城市科技大學,10152027,休閒事業系,25,19,6,0,1,0,0,2,0,17,5,0,0,3,2,1,25,19,6
110,私立,技專校院,1071,城市學校財團法人臺北城市科技大學,10199029,會議展覽服務業(專業人員)學位學程,7,4,3,0,0,1,0,0,0,3,3,0,0,1,1,0,7,4,3
110,私立,技專校院,1071,城市學校財團法人臺北城市科技大學,10199Y59,民生學院,1,1,0,1,0,0,0,0,0,0,0,0,0,1,1,0,1,1,0
110,私立,技專校院,1071,城市學校財團法人臺北城市科技大學,99999Z01,通識(教育)中心,96,50,46,1,0,4,1,17,7,28,38,0,0,30,22,8,96,50,46
110,私立,技專校院,1072,大華學校財團法人敏實科技大學,04191005,商務與觀光企劃系,2,0,2,0,0,0,2,0,0,0,0,0,0,2,0,2,2,0,2
110,私立,技專校院,1072,大華學校財團法人敏實科技大學,06121010,資訊管理系,5,3,2,0,0,3,0,0,0,0,2,0,0,3,3,0,5,3,2
110,私立,技專校院,1072,大華學校財團法人敏實科技大學,07191022,工業工程與管理系,4,3,1,0,0,1,0,2,0,0,1,0,0,3,3,0,4,3,1
110,私立,技專校院,1072,大華學校財團法人敏實科技大學,10131023,餐飲管理系,17,12,5,0,1,1,0,0,0,11,4,0,0,2,1,1,17,12,5
110,私立,技專校院,1072,大華學校財團法人敏實科技大學,10151024,觀光管理系,2,1,1,0,0,0,1,0,0,1,0,0,0,1,0,1,2,1,1
110,私立,技專校院,1072,大華學校財團法人敏實科技大學,99999Z01,通識中心,11,5,6,1,0,1,2,0,2,3,2,0,0,6,2,4,11,5,6
110,私立,技專校院,1073,醒吾學校財團法人醒吾科技大學,02112004,數位設計系,6,4,2,0,0,0,0,1,0,3,2,0,0,1,1,0,6,4,2
110,私立,技專校院,1073,醒吾學校財團法人醒吾科技大學,02112033,新媒體傳播系,9,7,2,0,0,0,1,1,0,6,1,0,0,2,1,1,9,7,2
110,私立,技專校院,1073,醒吾學校財團法人醒吾科技大學,02122003,時尚造形設計系,16,4,12,0,0,0,0,0,0,4,12,0,0,0,0,0,16,4,12
110,私立,技專校院,1073,醒吾學校財團法人醒吾科技大學,02123005,商業設計系,10,8,2,0,0,1,0,2,1,5,1,0,0,4,3,1,10,8,2
110,私立,技專校院,1073,醒吾學校財團法人醒吾科技大學,02151032,流行音樂創作學士學位學程,14,12,2,1,0,2,0,4,1,5,1,0,0,8,7,1,14,12,2
110,私立,技專校院,1073,醒吾學校財團法人醒吾科技大學,02152031,表演藝術系,13,7,6,1,0,3,0,1,5,2,1,0,0,10,5,5,13,7,6
110,私立,技專校院,1073,醒吾學校財團法人醒吾科技大學,02311002,應用英語系,1,0,1,0,0,0,0,0,0,0,1,0,0,0,0,0,1,0,1
110,私立,技專校院,1073,醒吾學校財團法人醒吾科技大學,04132019,行銷(與)流通管理系,11,6,5,0,0,1,1,0,1,5,3,0,0,3,1,2,11,6,5
110,私立,技專校院,1073,醒吾學校財團法人醒吾科技大學,04141015,國際商務系,6,3,3,0,0,1,0,1,2,1,1,0,0,4,2,2,6,3,3
110,私立,技專校院,1073,醒吾學校財團法人醒吾科技大學,04191008,時尚產業經營管理系,5,2,3,0,0,0,0,0,0,2,3,0,0,0,0,0,5,2,3
110,私立,技專校院,1073,醒吾學校財團法人醒吾科技大學,04199011,企業管理系,35,17,18,0,0,0,1,5,2,12,15,0,0,8,5,3,35,17,18
110,私立,技專校院,1073,醒吾學校財團法人醒吾科技大學,06121022,資訊管理系,5,5,0,0,0,0,0,2,0,3,0,0,0,2,2,0,5,5,0
110,私立,技專校院,1073,醒吾學校財團法人醒吾科技大學,06134023,資訊科技應用系,5,2,3,0,0,0,0,0,0,2,3,0,0,0,0,0,5,2,3
110,私立,技專校院,1073,醒吾學校財團法人醒吾科技大學,10131025,餐旅管理系,25,16,9,0,0,2,1,4,1,10,7,0,0,8,6,2,25,16,9
110,私立,技專校院,1073,醒吾學校財團法人醒吾科技大學,10151026,觀光休閒系,30,13,17,0,0,0,0,1,0,12,17,0,0,1,1,0,30,13,17
110,私立,技專校院,1073,醒吾學校財團法人醒吾科技大學,10151030,旅運管理系,8,4,4,0,0,1,0,0,1,3,3,0,0,2,1,1,8,4,4
110,私立,技專校院,1073,醒吾學校財團法人醒吾科技大學,99999Z01,共同科目,30,17,13,0,0,2,0,1,2,14,11,0,0,5,3,2,30,17,13
110,私立,技專校院,1075,文藻學校財團法人文藻外語大學,01131002,外語教學系(含外語文教事業發展碩士在職專班),1,0,1,0,0,0,0,0,1,0,0,0,0,1,0,1,1,0,1
110,私立,技專校院,1075,文藻學校財團法人文藻外語大學,02311007,英國語文系(含碩士班),17,4,13,0,0,0,0,2,1,2,12,0,0,3,2,1,17,4,13
110,私立,技專校院,1075,文藻學校財團法人文藻外語大學,02311009,法國語文系,11,4,7,0,0,0,0,0,0,4,7,0,0,0,0,0,11,4,7
110,私立,技專校院,1075,文藻學校財團法人文藻外語大學,02311010,德國語文系,12,5,7,0,0,0,0,0,1,5,6,0,0,1,0,1,12,5,7
110,私立,技專校院,1075,文藻學校財團法人文藻外語大學,02311011,西班牙語文系,7,4,3,0,0,0,0,0,0,4,3,0,0,0,0,0,7,4,3
110,私立,技專校院,1075,文藻學校財團法人文藻外語大學,02311012,日本語文系,29,12,17,0,0,0,0,3,1,9,16,0,0,4,3,1,29,12,17
110,私立,技專校院,1075,文藻學校財團法人文藻外語大學,02312013,翻譯系(含碩士班),2,0,2,0,0,0,0,0,0,0,2,0,0,0,0,0,2,0,2
110,私立,技專校院,1075,文藻學校財團法人文藻外語大學,02323004,應用華語文系,25,10,15,1,0,1,0,7,9,1,6,0,0,18,9,9,25,10,15
110,私立,技專校院,1075,文藻學校財團法人文藻外語大學,03122016,國際事務系(含碩士班),1,1,0,0,0,0,0,1,0,0,0,0,0,1,1,0,1,1,0
110,私立,技專校院,1075,文藻學校財團法人文藻外語大學,03191026,東南亞學系(含碩士班),1,1,0,0,0,0,0,0,0,1,0,0,0,0,0,0,1,1,0
110,私立,技專校院,1075,文藻學校財團法人文藻外語大學,03211018,傳播藝術系(含創意藝術產業碩士在職專班),8,6,2,0,0,0,0,1,1,5,1,0,0,2,1,1,8,6,2
110,私立,技專校院,1075,文藻學校財團法人文藻外語大學,04131020,國際企業管理系(含碩士班及碩士在職專班),6,5,1,2,0,0,0,3,0,0,1,0,0,5,5,0,6,5,1
110,私立,技專校院,1075,文藻學校財團法人文藻外語大學,06134024,數位內容應用與管理系,7,5,2,0,0,0,0,0,1,5,1,0,0,1,0,1,7,5,2
110,私立,技專校院,1075,文藻學校財團法人文藻外語大學,10151025,國際觀光與會展學士學位學程,5,2,3,0,0,0,1,0,0,2,2,0,0,1,0,1,5,2,3
110,私立,技專校院,1075,文藻學校財團法人文藻外語大學,99999Z01,吳甦樂教育中心,1,1,0,0,0,0,0,1,0,0,0,0,0,1,1,0,1,1,0
110,私立,技專校院,1075,文藻學校財團法人文藻外語大學,99999Z01,通識教育中心,17,8,9,0,0,1,0,5,4,2,5,0,0,10,6,4,17,8,9
110,私立,技專校院,1075,文藻學校財團法人文藻外語大學,99999Z05,師資培育中心,4,3,1,0,0,0,0,2,0,1,1,0,0,2,2,0,4,3,1
110,私立,技專校院,1075,文藻學校財團法人文藻外語大學,99999Z07,體育教學中心,8,6,2,0,0,0,0,1,0,5,2,0,0,1,1,0,8,6,2
110,私立,技專校院,1075,文藻學校財團法人文藻外語大學,99999Z08,英語教學中心,30,5,25,0,0,0,1,0,2,5,22,0,0,3,0,3,30,5,25
110,私立,技專校院,1076,華夏學校財團法人華夏科技大學,02112002,數位媒體設計系,4,2,2,0,0,0,0,0,0,2,2,0,0,0,0,0,4,2,2
110,私立,技專校院,1076,華夏學校財團法人華夏科技大學,02124003,室內設計系,6,6,0,0,0,0,0,0,0,6,0,0,0,0,0,0,6,6,0
110,私立,技專校院,1076,華夏學校財團法人華夏科技大學,04131004,企業管理系,11,7,4,0,0,0,0,1,0,6,4,0,0,1,1,0,11,7,4
110,私立,技專校院,1076,華夏學校財團法人華夏科技大學,04199005,資產與物業管理系,8,7,1,0,0,0,0,3,0,4,1,0,0,3,3,0,8,7,1
110,私立,技專校院,1076,華夏學校財團法人華夏科技大學,06131009,資訊管理(學)系,11,5,6,1,0,1,0,1,0,2,6,0,0,3,3,0,11,5,6
110,私立,技專校院,1076,華夏學校財團法人華夏科技大學,06131012,資訊工程系,4,4,0,1,0,0,0,0,0,3,0,0,0,1,1,0,4,4,0
110,私立,技專校院,1076,華夏學校財團法人華夏科技大學,07141010,電機工程(學)系,2,2,0,1,0,0,0,1,0,0,0,0,0,2,2,0,2,2,0
110,私立,技專校院,1076,華夏學校財團法人華夏科技大學,07151013,機械工程(學)系,7,6,1,0,0,2,0,3,0,1,1,0,0,5,5,0,7,6,1
110,私立,技專校院,1076,華夏學校財團法人華夏科技大學,07161021,智慧車輛系,7,7,0,0,0,0,0,0,0,7,0,0,0,0,0,0,7,7,0
110,私立,技專校院,1076,華夏學校財團法人華夏科技大學,07311017,建築(工程)學系,12,12,0,0,0,0,0,1,0,11,0,0,0,1,1,0,12,12,0
110,私立,技專校院,1076,華夏學校財團法人華夏科技大學,10121019,化妝品應用系,8,2,6,0,0,0,0,0,0,2,6,0,0,0,0,0,8,2,6
110,私立,技專校院,1076,華夏學校財團法人華夏科技大學,99999Z01,通識教育中心,20,7,13,0,1,2,2,2,1,3,9,0,0,8,4,4,20,7,13
110,私立,技專校院,1077,慈濟學校財團法人慈濟科技大學,04132003,行銷與流通管理系,2,1,1,0,0,1,1,0,0,0,0,0,0,2,1,1,2,1,1
110,私立,技專校院,1077,慈濟學校財團法人慈濟科技大學,04133012,醫務暨健康管理系,2,2,0,0,0,1,0,1,0,0,0,0,0,2,2,0,2,2,0
110,私立,技專校院,1077,慈濟學校財團法人慈濟科技大學,09131007,護理系,48,21,27,1,0,1,0,10,7,9,20,0,0,19,12,7,48,21,27
110,私立,技專校院,1077,慈濟學校財團法人慈濟科技大學,09131007,護理科,50,14,36,1,0,4,0,2,5,7,31,0,0,12,7,5,50,14,36
110,私立,技專校院,1077,慈濟學校財團法人慈濟科技大學,09141009,放射醫學科學研究所,1,1,0,0,0,0,0,1,0,0,0,0,0,1,1,0,1,1,0
110,私立,技專校院,1077,慈濟學校財團法人慈濟科技大學,09141010,醫學影像暨放射科學系,1,1,0,0,0,0,0,0,0,1,0,0,0,0,0,0,1,1,0
110,私立,技專校院,1077,慈濟學校財團法人慈濟科技大學,09211011,長期照護研究所,1,0,1,0,1,0,0,0,0,0,0,0,0,1,0,1,1,0,1
110,私立,技專校院,1077,慈濟學校財團法人慈濟科技大學,09211011,長期照護科,2,0,2,0,0,0,0,0,0,0,2,0,0,0,0,0,2,0,2
110,私立,技專校院,1078,致理學校財團法人致理科技大學,02112012,多媒體設計系,17,13,4,0,0,0,0,1,0,12,4,0,0,1,1,0,17,13,4
110,私立,技專校院,1078,致理學校財團法人致理科技大學,02311010,應用英語系,30,18,12,0,0,0,1,5,1,13,10,0,0,7,5,2,30,18,12
110,私立,技專校院,1078,致理學校財團法人致理科技大學,02311011,應用日語系,20,10,10,0,0,0,1,4,0,6,9,0,0,5,4,1,20,10,10
110,私立,技專校院,1078,致理學校財團法人致理科技大學,04111013,會計資訊系,31,24,7,4,1,1,0,6,0,13,6,0,0,12,11,1,31,24,7
110,私立,技專校院,1078,致理學校財團法人致理科技大學,04121016,財務金融系,41,26,15,0,0,1,2,3,2,22,11,0,0,8,4,4,41,26,15
110,私立,技專校院,1078,致理學校財團法人致理科技大學,04131014,企業管理系、企業管理系服務業經營管理碩士班(含碩士在職專班),38,23,15,1,1,2,2,9,1,11,11,0,0,16,12,4,38,23,15
110,私立,技專校院,1078,致理學校財團法人致理科技大學,04132019,行銷與流通管理系,34,26,8,0,0,5,2,10,3,11,3,0,0,20,15,5,34,26,8
110,私立,技專校院,1078,致理學校財團法人致理科技大學,04141015,國際貿易系、國際貿易系碩士班,27,16,11,2,0,2,0,3,2,9,9,0,0,9,7,2,27,16,11
110,私立,技專校院,1078,致理學校財團法人致理科技大學,04199020,商務科技管理系,9,5,4,0,0,0,0,1,0,4,4,0,0,1,1,0,9,5,4
110,私立,技專校院,1078,致理學校財團法人致理科技大學,06131021,資訊管理系,19,14,5,1,0,0,0,2,0,11,5,0,0,3,3,0,19,14,5
110,私立,技專校院,1078,致理學校財團法人致理科技大學,10151018,休閒遊憩管理系,27,13,14,0,0,0,1,3,1,10,12,0,0,5,3,2,27,13,14
110,私立,技專校院,1078,致理學校財團法人致理科技大學,99999Z01,通識教育學部,89,48,41,5,0,0,2,10,7,33,32,0,0,24,15,9,89,48,41
110,私立,一般大學,1079,康寧學校財團法人康寧大學,02111001,數位影視動畫科,9,5,4,0,0,0,0,2,1,3,3,0,0,3,2,1,9,5,4
110,私立,一般大學,1079,康寧學校財團法人康寧大學,02311003,應用外語科,5,2,3,0,0,0,0,0,0,2,3,0,0,0,0,0,5,2,3
110,私立,一般大學,1079,康寧學校財團法人康寧大學,04131011,企業管理學系,6,4,2,0,0,0,0,0,0,4,2,0,0,0,0,0,6,4,2
110,私立,一般大學,1079,康寧學校財團法人康寧大學,06131032,資訊管理科,6,4,2,0,0,1,1,0,0,3,1,0,0,2,1,1,6,4,2
110,私立,一般大學,1079,康寧學校財團法人康寧大學,09131042,護理科,20,3,17,0,0,0,0,0,1,3,16,0,0,1,0,1,20,3,17
110,私立,一般大學,1079,康寧學校財團法人康寧大學,09141045,視光科,15,11,4,0,0,0,0,5,0,6,4,0,0,5,5,0,15,11,4
110,私立,一般大學,1079,康寧學校財團法人康寧大學,09212062,長期照護學系,1,0,1,0,0,0,0,0,0,0,1,0,0,0,0,0,1,0,1
110,私立,一般大學,1079,康寧學校財團法人康寧大學,09221048,嬰幼兒保育學系,17,3,14,0,0,0,0,1,2,2,12,0,0,3,1,2,17,3,14
110,私立,一般大學,1079,康寧學校財團法人康寧大學,99999Z01,通識教育中心,31,20,11,0,0,1,0,8,1,11,10,0,0,10,9,1,31,20,11
110,私立,一般大學,1079,康寧學校財團法人康寧大學,99999Z08,外語中心、華語中心,13,7,6,0,0,0,0,0,0,7,6,0,0,0,0,0,13,7,6
110,私立,技專校院,1080,宏國學校財團法人宏國德霖科技大學,02123004,創意產品設計系,15,11,4,0,0,1,0,2,0,8,4,0,0,3,3,0,15,11,4
110,私立,技專校院,1080,宏國學校財團法人宏國德霖科技大學,02124005,室內設計系,12,6,6,0,0,0,0,0,1,6,5,0,0,1,0,1,12,6,6
110,私立,技專校院,1080,宏國學校財團法人宏國德霖科技大學,02311002,應用英語系,10,4,6,0,0,1,0,1,2,2,4,0,0,4,2,2,10,4,6
110,私立,技專校院,1080,宏國學校財團法人宏國德霖科技大學,04131006,企業管理系,14,9,5,0,0,0,0,1,2,8,3,0,0,3,1,2,14,9,5
110,私立,技專校院,1080,宏國學校財團法人宏國德霖科技大學,04199011,不動產經營系,25,21,4,0,0,5,0,5,2,11,2,0,0,12,10,2,25,21,4
110,私立,技專校院,1080,宏國學校財團法人宏國德霖科技大學,04199025,會展活動管理系,8,6,2,0,0,1,0,2,1,3,1,0,0,4,3,1,8,6,2
110,私立,技專校院,1080,宏國學校財團法人宏國德霖科技大學,06131014,資訊工程系,11,10,1,0,0,1,0,4,1,5,0,0,0,6,5,1,11,10,1
110,私立,技專校院,1080,宏國學校財團法人宏國德霖科技大學,06199015,電腦與通訊工程系,5,5,0,0,0,1,0,0,0,4,0,0,0,1,1,0,5,5,0
110,私立,技專校院,1080,宏國學校財團法人宏國德霖科技大學,07151016,機械工程系,6,6,0,0,0,1,0,1,0,4,0,0,0,2,2,0,6,6,0
110,私立,技專校院,1080,宏國學校財團法人宏國德霖科技大學,07321017,土木工程系,13,13,0,2,0,0,0,2,0,9,0,0,0,4,4,0,13,13,0
110,私立,技專校院,1080,宏國學校財團法人宏國德霖科技大學,10131020,餐旅管理系,29,12,17,0,0,0,0,4,4,8,13,0,0,8,4,4,29,12,17
110,私立,技專校院,1080,宏國學校財團法人宏國德霖科技大學,10131021,餐飲廚藝系,15,13,2,0,0,1,0,9,0,3,2,0,0,10,10,0,15,13,2
110,私立,技專校院,1080,宏國學校財團法人宏國德霖科技大學,10151022,休閒事業管理系,2,2,0,0,0,0,0,0,0,2,0,0,0,0,0,0,2,2,0
110,私立,技專校院,1080,宏國學校財團法人宏國德霖科技大學,99999Z01,通識教育中心,26,9,17,0,0,1,1,4,2,4,14,0,0,8,5,3,26,9,17
110,私立,技專校院,1081,東方學校財團法人東方設計大學,02111003,影視藝術系,5,3,2,0,0,1,0,0,0,2,2,0,0,1,1,0,5,3,2
110,私立,技專校院,1081,東方學校財團法人東方設計大學,02122014,流行商品設計系,2,1,1,1,0,0,0,0,0,0,1,0,0,1,1,0,2,1,1
110,私立,技專校院,1081,東方學校財團法人東方設計大學,02122018,文化創意設計研究所,1,1,0,1,0,0,0,0,0,0,0,0,0,1,1,0,1,1,0
110,私立,技專校院,1081,東方學校財團法人東方設計大學,02124017,室內設計系,12,9,3,0,0,1,0,1,2,7,1,0,0,4,2,2,12,9,3
110,私立,技專校院,1081,東方學校財團法人東方設計大學,02141002,美術工藝系,17,11,6,1,0,2,0,2,0,6,6,0,0,5,5,0,17,11,6
110,私立,技專校院,1081,東方學校財團法人東方設計大學,04143020,設計行銷系,14,7,7,0,0,0,0,2,0,5,7,0,0,2,2,0,14,7,7
110,私立,技專校院,1081,東方學校財團法人東方設計大學,06132008,遊戲與動畫設計系,1,1,0,0,0,0,0,0,0,1,0,0,0,0,0,0,1,1,0
110,私立,技專校院,1081,東方學校財團法人東方設計大學,10121032,時尚美妝設計系,3,1,2,0,0,0,0,0,1,1,1,0,0,1,0,1,3,1,2
110,私立,技專校院,1081,東方學校財團法人東方設計大學,10131025,餐飲管理系,14,9,5,0,0,0,0,1,0,8,5,0,0,1,1,0,14,9,5
110,私立,技專校院,1081,東方學校財團法人東方設計大學,10151028,觀光與休閒事業管理系,1,1,0,0,0,0,0,1,0,0,0,0,0,1,1,0,1,1,0
110,私立,技專校院,1082,崇右學校財團法人崇右影藝科技大學,02122007,時尚造型設計系,2,0,2,0,0,0,0,0,0,0,2,0,0,0,0,0,2,0,2
110,私立,技專校院,1082,崇右學校財團法人崇右影藝科技大學,02152002,演藝事業系,8,5,3,0,0,0,0,1,0,4,3,0,0,1,1,0,8,5,3
110,私立,技專校院,1082,崇右學校財團法人崇右影藝科技大學,02152004,表演藝術系,8,5,3,0,0,0,0,2,3,3,0,0,0,5,2,3,8,5,3
110,私立,技專校院,1082,崇右學校財團法人崇右影藝科技大學,03211013,影視傳播系,8,7,1,1,0,2,0,4,1,0,0,0,0,8,7,1,8,7,1
110,私立,技專校院,1082,崇右學校財團法人崇右影藝科技大學,99999Z01,通識(教育)中心,1,0,1,0,0,0,1,0,0,0,0,0,0,1,0,1,1,0,1
110,私立,技專校院,1083,台北海洋學校財團法人台北海洋科技大學,02112004,視覺傳達設計系,4,3,1,0,0,1,0,0,0,2,1,0,0,1,1,0,4,3,1
110,私立,技專校院,1083,台北海洋學校財團法人台北海洋科技大學,02122002,時尚造型設計管理系,6,4,2,0,0,1,0,1,0,2,2,0,0,2,2,0,6,4,2
110,私立,技專校院,1083,台北海洋學校財團法人台北海洋科技大學,02122003,電競數位遊戲與動畫設計系,8,8,0,0,0,0,0,3,0,5,0,0,0,3,3,0,8,8,0
110,私立,技專校院,1083,台北海洋學校財團法人台北海洋科技大學,02152034,演藝時尚事業管理系,8,6,2,0,0,1,0,0,1,5,1,0,0,2,1,1,8,6,2
110,私立,技專校院,1083,台北海洋學校財團法人台北海洋科技大學,07163012,輪機工程系,18,18,0,0,0,5,0,7,0,6,0,0,0,12,12,0,18,18,0
110,私立,技專校院,1083,台北海洋學校財團法人台北海洋科技大學,09211016,健康促進與銀髮保健系,7,3,4,0,0,0,1,2,2,1,1,0,0,5,2,3,7,3,4
110,私立,技專校院,1083,台北海洋學校財團法人台北海洋科技大學,09231017,健康照顧社會工作系,14,5,9,0,0,0,0,2,2,3,7,0,0,4,2,2,14,5,9
110,私立,技專校院,1083,台北海洋學校財團法人台北海洋科技大學,10131019,餐飲管理系,12,8,4,0,0,0,0,3,0,5,4,0,0,3,3,0,12,8,4
110,私立,技專校院,1083,台北海洋學校財團法人台北海洋科技大學,10151035,觀光旅遊事業管理系,10,4,6,0,0,0,0,1,1,3,5,0,0,2,1,1,10,4,6
110,私立,技專校院,1083,台北海洋學校財團法人台北海洋科技大學,10152024,海洋運動休閒系,4,3,1,0,0,1,0,1,0,1,1,0,0,2,2,0,4,3,1
110,私立,技專校院,1083,台北海洋學校財團法人台北海洋科技大學,10412028,海空物流與行銷管理系,17,14,3,0,0,3,0,7,2,4,1,0,0,12,10,2,17,14,3
110,私立,技專校院,1083,台北海洋學校財團法人台北海洋科技大學,10414029,航海系,20,20,0,0,0,8,0,10,0,2,0,0,0,18,18,0,20,20,0
110,私立,技專校院,1083,台北海洋學校財團法人台北海洋科技大學,99999Z01,通識教育中心,46,30,16,1,0,0,0,14,3,15,13,0,0,18,15,3,46,30,16
110,私立,技專校院,1084,亞東學校財團法人亞東科技大學,02123001,工商業設計系,16,14,2,1,0,2,0,3,0,8,2,0,0,6,6,0,16,14,2
110,私立,技專校院,1084,亞東學校財團法人亞東科技大學,04132003,行銷與流通管理系,9,4,5,0,0,1,0,0,1,3,4,0,0,2,1,1,9,4,5
110,私立,技專校院,1084,亞東學校財團法人亞東科技大學,04133005,醫務管理系,15,11,4,0,0,2,0,5,0,4,4,0,0,7,7,0,15,11,4
110,私立,技專校院,1084,亞東學校財團法人亞東科技大學,04199006,工業管理系,8,5,3,0,0,2,1,2,0,1,2,0,0,5,4,1,8,5,3
110,私立,技專校院,1084,亞東學校財團法人亞東科技大學,06131008,資訊管理系,13,10,3,0,0,1,0,3,1,6,2,0,0,5,4,1,13,10,3
110,私立,技專校院,1084,亞東學校財團法人亞東科技大學,07141009,電機工程系,3,3,0,1,0,2,0,0,0,0,0,0,0,3,3,0,3,3,0
110,私立,技專校院,1084,亞東學校財團法人亞東科技大學,07141010,電子工程系,7,6,1,0,0,1,0,2,1,3,0,0,0,4,3,1,7,6,1
110,私立,技專校院,1084,亞東學校財團法人亞東科技大學,07141012,通訊工程系,8,7,1,1,0,0,0,3,0,3,1,0,0,4,4,0,8,7,1
110,私立,技專校院,1084,亞東學校財團法人亞東科技大學,07151014,機械工程系,6,6,0,0,0,0,0,3,0,3,0,0,0,3,3,0,6,6,0
110,私立,技專校院,1084,亞東學校財團法人亞東科技大學,07192019,材料與纖維系,19,15,4,1,0,4,0,6,2,4,2,0,0,13,11,2,19,15,4
110,私立,技專校院,1084,亞東學校財團法人亞東科技大學,09131021,護理系,25,9,16,0,0,0,0,3,0,6,16,0,0,3,3,0,25,9,16
110,私立,技專校院,1084,亞東學校財團法人亞東科技大學,99999Z01,通識(教育)中心,69,39,30,0,1,6,1,23,19,10,9,0,0,50,29,21,69,39,30
110,私立,一般大學,1125,中信學校財團法人中信金融管理學院,04121014,財務金融學系,2,2,0,1,0,0,0,0,0,1,0,0,0,1,1,0,2,2,0
110,私立,一般大學,1125,中信學校財團法人中信金融管理學院,04131012,企業管理學系,7,6,1,2,0,0,0,3,0,1,1,0,0,5,5,0,7,6,1
110,私立,一般大學,1125,中信學校財團法人中信金融管理學院,04212022,財經法律學系,7,6,1,1,0,1,0,2,0,2,1,0,0,4,4,0,7,6,1
110,私立,一般大學,1125,中信學校財團法人中信金融管理學院,06131033,人工智慧學系,3,3,0,0,0,0,0,0,0,3,0,0,0,0,0,0,3,3,0
110,私立,一般大學,1125,中信學校財團法人中信金融管理學院,99999Z01,通識教育中心,10,8,2,0,0,0,0,0,0,8,2,0,0,0,0,0,10,8,2
110,私立,技專校院,1148,大漢技術學院,04131005,企業管理系,7,6,1,0,0,0,0,2,1,4,0,0,0,3,2,1,7,6,1
110,私立,技專校院,1148,大漢技術學院,07151017,機械工程系,1,1,0,0,0,0,0,0,0,1,0,0,0,0,0,0,1,1,0
110,私立,技專校院,1148,大漢技術學院,07321019,土木工程與環境資源管理系,6,6,0,0,0,1,0,0,0,5,0,0,0,1,1,0,6,6,0
110,私立,技專校院,1148,大漢技術學院,10152028,休閒遊憩與觀光餐旅管理系,10,4,6,0,0,1,0,0,2,3,4,0,0,3,1,2,10,4,6
110,私立,技專校院,1159,和春技術學院,02112004,多媒體設計系,2,1,1,0,0,0,0,0,0,1,1,0,0,0,0,0,2,1,1
110,私立,技專校院,1159,和春技術學院,02121033,流行時尚造型設計系,2,0,2,0,0,0,0,0,0,0,2,0,0,0,0,0,2,0,2
110,私立,技專校院,1159,和春技術學院,06131025,資訊管理系,2,2,0,0,0,0,0,0,0,2,0,0,0,0,0,0,2,2,0
110,私立,技專校院,1159,和春技術學院,07191030,工業工程與管理系,2,2,0,0,0,0,0,0,0,2,0,0,0,0,0,0,2,2,0
110,私立,技專校院,1168,南亞科技學校財團法人南亞技術學院,02124005,室內設計系,12,5,7,0,0,0,0,0,1,5,6,0,0,1,0,1,12,5,7
110,私立,技專校院,1168,南亞科技學校財團法人南亞技術學院,04131006,企業管理系,8,4,4,0,0,0,1,1,0,3,3,0,0,2,1,1,8,4,4
110,私立,技專校院,1168,南亞科技學校財團法人南亞技術學院,06131011,資訊工程系,1,1,0,0,0,0,0,0,0,1,0,0,0,0,0,0,1,1,0
110,私立,技專校院,1168,南亞科技學校財團法人南亞技術學院,07121030,環境科技與管理系,4,4,0,1,0,1,0,0,0,2,0,0,0,2,2,0,4,4,0
110,私立,技專校院,1168,南亞科技學校財團法人南亞技術學院,07151012,機械工程系,21,20,1,2,0,7,0,6,0,5,1,0,0,15,15,0,21,20,1
110,私立,技專校院,1168,南亞科技學校財團法人南亞技術學院,09221024,幼兒保育系,18,6,12,0,0,0,0,0,1,6,11,0,0,1,0,1,18,6,12
110,私立,技專校院,1168,南亞科技學校財團法人南亞技術學院,10121031,美容與造型系,4,0,4,0,0,0,0,0,0,0,4,0,0,0,0,0,4,0,4
110,私立,技專校院,1168,南亞科技學校財團法人南亞技術學院,10131025,餐旅管理系,1,1,0,0,0,0,0,0,0,1,0,0,0,0,0,0,1,1,0
110,私立,技專校院,1168,南亞科技學校財團法人南亞技術學院,10152032,休閒事業管理系,7,3,4,0,0,1,0,0,1,2,3,0,0,2,1,1,7,3,4
110,私立,技專校院,1168,南亞科技學校財團法人南亞技術學院,99999Z01,通識教育中心,15,11,4,0,0,0,1,4,1,7,2,0,0,6,4,2,15,11,4
110,私立,技專校院,1168,南亞科技學校財團法人南亞技術學院,99999Z08,國際語文教學中心,4,0,4,0,0,0,0,0,1,0,3,0,0,1,0,1,4,0,4
110,私立,技專校院,1182,蘭陽技術學院,10131029,餐旅管理系,4,3,1,0,0,0,0,0,1,3,0,0,0,1,0,1,4,3,1
110,私立,技專校院,1182,蘭陽技術學院,10151030,觀光旅遊系,1,0,1,0,0,0,0,0,0,0,1,0,0,0,0,0,1,0,1
110,私立,技專校院,1182,蘭陽技術學院,99999Z08,通識暨語文中心,5,2,3,0,0,0,0,1,0,1,3,0,0,1,1,0,5,2,3
110,私立,技專校院,1183,黎明技術學院,02111027,影視傳播系,5,4,1,0,0,0,0,2,0,2,1,0,0,2,2,0,5,4,1
110,私立,技專校院,1183,黎明技術學院,02125007,時尚經營管理系,2,2,0,0,0,0,0,0,0,2,0,0,0,0,0,0,2,2,0
110,私立,技專校院,1183,黎明技術學院,02125029,時尚設計系,5,3,2,0,0,0,0,0,0,3,2,0,0,0,0,0,5,3,2
110,私立,技專校院,1183,黎明技術學院,02125030,服飾設計系,3,0,3,0,0,0,0,0,1,0,2,0,0,1,0,1,3,0,3
110,私立,技專校院,1183,黎明技術學院,02152001,表演藝術系,26,19,7,1,0,0,0,5,2,13,5,0,0,8,6,2,26,19,7
110,私立,技專校院,1183,黎明技術學院,02152028,戲劇系,7,4,3,0,0,0,0,1,1,3,2,0,0,2,1,1,7,4,3
110,私立,技專校院,1183,黎明技術學院,06131008,資訊科技系,3,3,0,0,0,0,0,0,0,3,0,0,0,0,0,0,3,3,0
110,私立,技專校院,1183,黎明技術學院,06132010,數位多媒體系,12,9,3,0,0,0,0,0,1,9,2,0,0,1,0,1,12,9,3
110,私立,技專校院,1183,黎明技術學院,07141011,電機工程系,21,21,0,0,0,2,0,9,0,10,0,0,0,11,11,0,21,21,0
110,私立,技專校院,1183,黎明技術學院,07151015,機械工程系,11,10,1,0,0,1,0,3,0,6,1,0,0,4,4,0,11,10,1
110,私立,技專校院,1183,黎明技術學院,07161026,車輛工程系,12,12,0,0,0,2,0,2,0,8,0,0,0,4,4,0,12,12,0
110,私立,技專校院,1183,黎明技術學院,10121024,化妝品應用系,28,12,16,1,0,1,0,3,1,7,15,0,0,6,5,1,28,12,16
110,私立,技專校院,1183,黎明技術學院,10131020,旅館管理系,1,1,0,0,0,0,0,0,0,1,0,0,0,0,0,0,1,1,0
110,私立,技專校院,1183,黎明技術學院,10131021,餐飲管理系,15,11,4,0,0,1,0,2,0,8,4,0,0,3,3,0,15,11,4
110,私立,技專校院,1183,黎明技術學院,10151022,觀光休閒系,4,3,1,0,0,0,0,1,1,2,0,0,0,2,1,1,4,3,1
110,私立,技專校院,1183,黎明技術學院,99999Z01,通識中心,48,24,24,0,0,1,1,3,2,20,21,0,0,7,4,3,48,24,24
110,私立,技專校院,1185,經國管理暨健康學院,07211007,食品保健系,2,1,1,0,0,0,0,0,0,1,1,0,0,0,0,0,2,1,1
110,私立,技專校院,1185,經國管理暨健康學院,09111021,口腔衛生照護系,6,3,3,0,0,0,0,2,2,1,1,0,0,4,2,2,6,3,3
110,私立,技專校院,1185,經國管理暨健康學院,09131009,護理系,21,4,17,0,0,0,0,0,2,3,15,1,0,2,0,2,20,3,17
110,私立,技專校院,1185,經國管理暨健康學院,09211022,高齡照顧福祉系,6,2,4,0,0,0,0,0,1,2,3,0,0,1,0,1,6,2,4
110,私立,技專校院,1185,經國管理暨健康學院,09221011,幼兒保育系,14,1,13,0,0,0,0,0,1,1,12,0,0,1,0,1,14,1,13
110,私立,技專校院,1185,經國管理暨健康學院,10121016,美容流行設計系,9,1,8,0,0,0,0,0,0,1,8,0,0,0,0,0,9,1,8
110,私立,技專校院,1185,經國管理暨健康學院,10131025,餐旅廚藝管理系,16,9,7,0,0,0,0,2,0,7,7,0,0,2,2,0,16,9,7
110,私立,技專校院,1185,經國管理暨健康學院,10152020,觀光休閒與健康系,7,4,3,0,0,0,0,2,1,2,2,0,0,3,2,1,7,4,3
110,私立,技專校院,1185,經國管理暨健康學院,99999Z01,通識(教育)中心,35,20,15,0,0,1,0,7,5,12,10,0,0,13,8,5,35,20,15
110,私立,技專校院,1188,大同技術學院,04131011,商業經營與設計系,1,1,0,0,0,0,0,0,0,1,0,0,0,0,0,0,1,1,0
110,私立,技專校院,1188,大同技術學院,04131037,茶文化事業經營管理系,5,3,2,0,0,0,0,1,0,2,2,0,0,1,1,0,5,3,2
110,私立,技專校院,1188,大同技術學院,09231021,社會工作與服務管理系,8,3,5,0,0,2,0,1,0,0,5,0,0,3,3,0,8,3,5
110,私立,技專校院,1188,大同技術學院,10121001,時尚造型設計系,5,1,4,0,0,0,0,0,0,1,4,0,0,0,0,0,5,1,4
110,私立,技專校院,1188,大同技術學院,10131024,餐飲管理系,6,3,3,0,0,1,0,1,0,1,3,0,0,2,2,0,6,3,3
110,私立,技專校院,1188,大同技術學院,10131025,烘焙管理系,9,9,0,0,0,0,0,1,0,8,0,0,0,1,1,0,9,9,0
110,私立,技專校院,1188,大同技術學院,10152030,運動健康與休閒系,3,2,1,0,0,0,0,2,1,0,0,0,0,3,2,1,3,2,1
110,私立,技專校院,1188,大同技術學院,99999Z01,通識(教育)中心,2,0,2,0,0,0,0,0,0,0,2,0,0,0,0,0,2,0,2
110,私立,一般大學,1195,馬偕學校財團法人馬偕醫學院,05199001,生物醫學研究所,3,3,0,0,0,0,0,3,0,0,0,0,0,3,3,0,3,3,0
110,私立,一般大學,1195,馬偕學校財團法人馬偕醫學院,09121002,醫學系,158,129,29,17,1,14,0,53,16,45,12,0,0,101,84,17,158,129,29
110,私立,一般大學,1195,馬偕學校財團法人馬偕醫學院,09131004,護理學系,23,1,22,0,1,0,1,1,5,0,15,0,0,8,1,7,23,1,22
110,私立,一般大學,1195,馬偕學校財團法人馬偕醫學院,09131005,長期照護研究所,3,2,1,1,0,0,1,1,0,0,0,0,0,3,2,1,3,2,1
110,私立,一般大學,1195,馬偕學校財團法人馬偕醫學院,09153003,聽力暨語言治療學系,24,3,21,0,0,0,1,1,7,2,13,0,0,9,1,8,24,3,21
110,私立,一般大學,1195,馬偕學校財團法人馬偕醫學院,99999Z01,全人教育中心,21,14,7,6,1,2,1,3,2,3,3,0,0,15,11,4,21,14,7
110,私立,一般大學,1196,法鼓學校財團法人法鼓文理學院,01199001,生命教育碩士學位學程,4,4,0,1,0,1,0,2,0,0,0,0,0,4,4,0,4,4,0
110,私立,一般大學,1196,法鼓學校財團法人法鼓文理學院,02211002,佛教學系,17,7,10,0,2,2,2,2,4,3,2,0,0,12,4,8,17,7,10
110,私立,一般大學,1196,法鼓學校財團法人法鼓文理學院,04134003,社會企業與創新碩士學位學程,4,3,1,1,0,0,0,2,1,0,0,0,0,4,3,1,4,3,1
110,私立,技專校院,1282,馬偕學校財團法人馬偕醫護管理專科學校,02311001,應用外語科,18,8,10,0,0,0,0,0,1,8,9,0,0,1,0,1,18,8,10
110,私立,技專校院,1282,馬偕學校財團法人馬偕醫護管理專科學校,06199011,人工智慧暨醫療應用科,1,1,0,0,0,0,0,1,0,0,0,0,0,1,1,0,1,1,0
110,私立,技專校院,1282,馬偕學校財團法人馬偕醫護管理專科學校,09131003,護理科,26,14,12,1,0,1,2,4,0,8,10,0,0,8,6,2,26,14,12
110,私立,技專校院,1282,馬偕學校財團法人馬偕醫護管理專科學校,09141004,視光學科,16,11,5,0,0,0,0,1,0,10,5,0,0,1,1,0,16,11,5
110,私立,技專校院,1282,馬偕學校財團法人馬偕醫護管理專科學校,09221007,幼兒保育科,12,6,6,0,0,1,0,2,0,3,6,0,0,3,3,0,12,6,6
110,私立,技專校院,1282,馬偕學校財團法人馬偕醫護管理專科學校,10121009,化妝品應用與管理科,16,7,9,0,0,1,0,1,1,5,8,0,0,3,2,1,16,7,9
110,私立,技專校院,1282,馬偕學校財團法人馬偕醫護管理專科學校,10131008,餐飲管理科,13,6,7,0,0,1,0,0,3,5,4,0,0,4,1,3,13,6,7
110,私立,技專校院,1282,馬偕學校財團法人馬偕醫護管理專科學校,99999010,生命關懷事業科,3,2,1,0,0,0,0,2,0,0,1,0,0,2,2,0,3,2,1
110,私立,技專校院,1282,馬偕學校財團法人馬偕醫護管理專科學校,99999Z01,跨領域教育中心,47,21,26,0,0,1,1,6,8,14,17,0,0,16,7,9,47,21,26
110,私立,技專校院,1283,仁德醫護管理專科學校,09111020,口腔衛生學科,11,4,7,0,0,0,0,0,1,4,6,0,0,1,0,1,11,4,7
110,私立,技專校院,1283,仁德醫護管理專科學校,09131011,護理科,25,12,13,0,0,1,0,6,0,5,13,0,0,7,7,0,25,12,13
110,私立,技專校院,1283,仁德醫護管理專科學校,09141013,視光學科,11,8,3,0,0,0,0,2,0,6,3,0,0,2,2,0,11,8,3
110,私立,技專校院,1283,仁德醫護管理專科學校,09141014,醫事檢驗科,12,9,3,0,0,0,0,4,0,5,3,0,0,4,4,0,12,9,3
110,私立,技專校院,1283,仁德醫護管理專科學校,09159001,復健(技術)科,25,18,7,0,0,3,0,5,1,10,6,0,0,9,8,1,25,18,7
110,私立,技專校院,1283,仁德醫護管理專科學校,09161021,生技製藥經營管理科,1,1,0,0,0,0,0,0,0,1,0,0,0,0,0,0,1,1,0
110,私立,技專校院,1283,仁德醫護管理專科學校,09171010,調理保健技術科,26,21,5,0,0,0,0,4,0,17,5,0,0,4,4,0,26,21,5
110,私立,技專校院,1283,仁德醫護管理專科學校,09191008,職業安全衛生科,5,3,2,0,0,0,0,0,0,3,2,0,0,0,0,0,5,3,2
110,私立,技專校院,1283,仁德醫護管理專科學校,09211016,高齡健康促進科,3,1,2,0,0,0,0,0,0,1,2,0,0,0,0,0,3,1,2
110,私立,技專校院,1283,仁德醫護管理專科學校,09221017,幼兒保育科,2,1,1,0,0,0,0,0,0,1,1,0,0,0,0,0,2,1,1
110,私立,技專校院,1283,仁德醫護管理專科學校,09299004,生命關懷事業科,28,21,7,0,0,0,0,2,2,19,5,0,0,4,2,2,28,21,7
110,私立,技專校院,1283,仁德醫護管理專科學校,10131018,餐旅管理科,4,2,2,0,0,0,0,0,0,2,2,0,0,0,0,0,4,2,2
110,私立,技專校院,1283,仁德醫護管理專科學校,10199019,健康美容觀光科,7,2,5,0,0,0,0,1,1,1,4,0,0,2,1,1,7,2,5
110,私立,技專校院,1283,仁德醫護管理專科學校,99999Z01,共同科目,32,22,10,0,0,0,1,9,0,13,9,0,0,10,9,1,32,22,10
110,私立,技專校院,1284,樹人醫護管理專科學校,02311002,應用英語科,2,1,1,0,0,0,0,0,0,1,1,0,0,0,0,0,2,1,1
110,私立,技專校院,1284,樹人醫護管理專科學校,02311003,應用日語科,8,4,4,0,0,0,0,0,0,4,4,0,0,0,0,0,8,4,4
110,私立,技專校院,1284,樹人醫護管理專科學校,06131004,資訊管理科,10,7,3,0,0,0,0,1,0,6,3,0,0,1,1,0,10,7,3
110,私立,技專校院,1284,樹人醫護管理專科學校,09111013,牙體技術科,32,22,10,0,0,0,0,4,2,18,8,0,0,6,4,2,32,22,10
110,私立,技專校院,1284,樹人醫護管理專科學校,09111016,口腔衛生學科,16,9,7,0,0,0,0,2,1,7,6,0,0,3,2,1,16,9,7
110,私立,技專校院,1284,樹人醫護管理專科學校,09131009,護理科,38,14,24,0,0,1,0,6,4,7,20,0,0,11,7,4,38,14,24
110,私立,技專校院,1284,樹人醫護管理專科學校,09141010,視光學科,26,20,6,0,0,0,0,6,0,14,6,0,0,6,6,0,26,20,6
110,私立,技專校院,1284,樹人醫護管理專科學校,09141012,醫學影像暨放射技術科,27,20,7,0,0,2,0,5,1,13,6,0,0,8,7,1,27,20,7
110,私立,技專校院,1284,樹人醫護管理專科學校,09151005,物理治療科,31,18,13,0,0,4,1,3,2,11,10,0,0,10,7,3,31,18,13
110,私立,技專校院,1284,樹人醫護管理專科學校,09152006,職能治療科,27,16,11,0,0,0,0,3,1,13,10,0,0,4,3,1,27,16,11
110,私立,技專校院,1284,樹人醫護管理專科學校,09221014,幼兒保育科,10,3,7,0,0,0,0,1,0,2,7,0,0,1,1,0,10,3,7
110,私立,技專校院,1284,樹人醫護管理專科學校,10121015,美容保健科,18,11,7,0,0,0,0,1,1,10,6,0,0,2,1,1,18,11,7
110,私立,技專校院,1284,樹人醫護管理專科學校,99999Z01,通識教育中心,100,47,53,0,0,0,0,6,3,41,50,0,0,9,6,3,100,47,53
110,私立,技專校院,1285,慈惠醫護管理專科學校,02112002,數位媒體創意設計科,8,5,3,0,0,0,0,0,0,5,3,0,0,0,0,0,8,5,3
110,私立,技專校院,1285,慈惠醫護管理專科學校,09131006,護理科,26,4,22,0,0,0,0,0,0,4,22,0,0,0,0,0,26,4,22
110,私立,技專校院,1285,慈惠醫護管理專科學校,09131012,護理助產科,1,0,1,0,0,0,0,0,0,0,1,0,0,0,0,0,1,0,1
110,私立,技專校院,1285,慈惠醫護管理專科學校,09151004,物理治療科,26,17,9,0,0,0,0,0,0,17,9,0,0,0,0,0,26,17,9
110,私立,技專校院,1285,慈惠醫護管理專科學校,09221007,幼兒保育科,23,8,15,0,0,0,0,0,0,8,15,0,0,0,0,0,23,8,15
110,私立,技專校院,1285,慈惠醫護管理專科學校,10121011,美容造型設計科,6,1,5,0,0,0,0,0,0,1,5,0,0,0,0,0,6,1,5
110,私立,技專校院,1285,慈惠醫護管理專科學校,10131008,餐飲管理科,7,7,0,0,0,0,0,0,0,7,0,0,0,0,0,0,7,7,0
110,私立,技專校院,1285,慈惠醫護管理專科學校,10152013,休閒暨觀光事業管理科,15,10,5,0,0,0,0,0,0,10,5,0,0,0,0,0,15,10,5
110,私立,技專校院,1285,慈惠醫護管理專科學校,99999Z01,通識教育中心,45,29,16,0,0,0,0,0,0,29,16,0,0,0,0,0,45,29,16
110,私立,技專校院,1286,耕莘健康管理專科學校,09111010,口腔衛生與健康照護科,18,8,10,0,0,0,0,1,1,7,9,0,0,2,1,1,18,8,10
110,私立,技專校院,1286,耕莘健康管理專科學校,09131003,護理科,181,51,130,0,1,1,0,12,8,38,121,0,0,22,13,9,181,51,130
110,私立,技專校院,1286,耕莘健康管理專科學校,09221004,嬰幼兒保育科,30,14,16,0,0,0,0,2,3,12,13,0,0,5,2,3,30,14,16
110,私立,技專校院,1286,耕莘健康管理專科學校,10121008,化妝品應用與管理科,23,9,14,0,0,0,1,4,1,5,12,0,0,6,4,2,23,9,14
110,私立,技專校院,1286,耕莘健康管理專科學校,10131006,健康餐旅科,13,11,2,0,0,0,0,1,0,10,2,0,0,1,1,0,13,11,2
110,私立,技專校院,1287,敏惠醫護管理專科學校,09111002,牙體技術科,12,10,2,0,0,0,0,2,0,8,2,0,0,2,2,0,12,10,2
110,私立,技專校院,1287,敏惠醫護管理專科學校,09131001,護理科,63,9,54,0,0,2,0,4,5,3,49,0,0,11,6,5,63,9,54
110,私立,技專校院,1287,敏惠醫護管理專科學校,09199005,長期照顧與健康促進管理科,25,11,14,0,0,0,0,3,0,8,14,0,0,3,3,0,25,11,14
110,私立,技專校院,1287,敏惠醫護管理專科學校,09221003,幼兒保育科,10,2,8,0,0,0,0,0,0,2,8,0,0,0,0,0,10,2,8
110,私立,技專校院,1287,敏惠醫護管理專科學校,10121004,美容保健科,18,10,8,0,0,0,0,2,1,8,7,0,0,3,2,1,18,10,8
110,私立,技專校院,1287,敏惠醫護管理專科學校,99999Z01,通識教育中心,51,31,20,1,0,0,0,13,6,17,14,0,0,20,14,6,51,31,20
110,私立,技專校院,1289,育英醫護管理專科學校,09131001,護理科,15,2,13,0,0,0,0,0,1,2,12,0,0,1,0,1,15,2,13
110,私立,技專校院,1289,育英醫護管理專科學校,09211002,老人服務事業管理科,16,5,11,0,0,0,0,0,2,5,9,0,0,2,0,2,16,5,11
110,私立,技專校院,1289,育英醫護管理專科學校,10121003,化妝品應用與管理科,5,1,4,0,0,0,0,1,0,0,4,0,0,1,1,0,5,1,4
110,私立,技專校院,1289,育英醫護管理專科學校,99999Z01,通識教育組,45,18,27,0,0,0,0,10,6,8,21,0,0,16,10,6,45,18,27
110,私立,技專校院,1291,聖母醫護管理專科學校,06131004,資訊管理科,7,5,2,0,0,0,0,1,0,4,2,0,0,1,1,0,7,5,2
110,私立,技專校院,1291,聖母醫護管理專科學校,09131006,護理科,29,8,21,0,0,0,0,0,1,8,20,0,0,1,0,1,29,8,21
110,私立,技專校院,1291,聖母醫護管理專科學校,09221002,幼兒保育科,3,1,2,0,0,0,0,0,0,1,2,0,0,0,0,0,3,1,2
110,私立,技專校院,1291,聖母醫護管理專科學校,10121001,化妝品應用與管理科,7,2,5,0,0,0,0,1,1,1,4,0,0,2,1,1,7,2,5
110,私立,技專校院,1291,聖母醫護管理專科學校,99999Z01,通識教育中心,27,16,11,0,0,0,1,3,2,13,8,0,0,6,3,3,27,16,11
110,私立,技專校院,1292,新生醫護管理專科學校,02311002,應用英語科,1,1,0,0,0,0,0,0,0,1,0,0,0,0,0,0,1,1,0
110,私立,技專校院,1292,新生醫護管理專科學校,04133006,醫藥保健商務科,17,6,11,0,0,0,0,0,1,6,10,0,0,1,0,1,17,6,11
110,私立,技專校院,1292,新生醫護管理專科學校,09111010,口腔衛生學科,3,2,1,0,0,0,0,0,0,2,1,0,0,0,0,0,3,2,1
110,私立,技專校院,1292,新生醫護管理專科學校,09131007,護理科,103,15,88,0,0,0,0,3,2,12,86,0,0,5,3,2,103,15,88
110,私立,技專校院,1292,新生醫護管理專科學校,09141009,視光學科,8,7,1,0,0,0,0,2,0,5,1,0,0,2,2,0,8,7,1
110,私立,技專校院,1292,新生醫護管理專科學校,09211008,長期照護科,9,1,8,0,0,0,0,0,1,1,7,0,0,1,0,1,9,1,8
110,私立,技專校院,1292,新生醫護管理專科學校,09221011,幼兒保育科,4,1,3,0,0,0,0,0,0,1,3,0,0,0,0,0,4,1,3
110,私立,技專校院,1292,新生醫護管理專科學校,10121013,美容造型科,6,0,6,0,0,0,0,0,1,0,5,0,0,1,0,1,6,0,6
110,私立,技專校院,1292,新生醫護管理專科學校,10152012,健康休閒管理科,4,2,2,0,0,0,0,0,1,2,1,0,0,1,0,1,4,2,2
110,私立,技專校院,1292,新生醫護管理專科學校,99999Z01,通識教育發展中心,110,57,53,1,0,1,0,13,7,42,46,0,0,22,15,7,110,57,53
110,私立,技專校院,1293,崇仁醫護管理專科學校,04191001,應用外語科,7,3,4,0,0,0,0,0,0,3,4,0,0,0,0,0,7,3,4
110,私立,技專校院,1293,崇仁醫護管理專科學校,09131002,護理科,33,8,25,0,0,1,0,0,2,7,23,0,0,3,1,2,33,8,25
110,私立,技專校院,1293,崇仁醫護管理專科學校,09211003,老人服務事業管理科,7,3,4,0,0,0,0,0,0,3,4,0,0,0,0,0,7,3,4
110,私立,技專校院,1293,崇仁醫護管理專科學校,10121005,美容保健科,5,3,2,0,0,0,0,0,1,3,1,0,0,1,0,1,5,3,2
110,私立,技專校院,1293,崇仁醫護管理專科學校,10131004,餐飲管理科,1,0,1,0,0,0,0,0,1,0,0,0,0,1,0,1,1,0,1
110,私立,技專校院,1293,崇仁醫護管理專科學校,99999Z01,通識教育中心,43,26,17,0,0,0,0,8,2,18,15,0,0,10,8,2,43,26,17
110,私立,宗教研修學院,1R02,學校財團法人中華浸信會基督教台灣浸會神學院,02211001,基督教神學研究所,3,1,2,0,0,0,0,1,2,0,0,0,0,3,1,2,3,1,2
110,私立,宗教研修學院,1R03,臺北基督學院,02299001,基督教博雅學系,40,18,22,0,0,2,1,9,7,7,14,0,0,19,11,8,40,18,22
110,私立,宗教研修學院,1R03,臺北基督學院,99999Z01,基督教博雅核心課程中心,9,4,5,0,0,0,0,2,2,2,3,0,0,4,2,2,9,4,5
110,私立,宗教研修學院,1R04,財團法人一貫道天皇基金會一貫道天皇學院,02211001,一貫道學系,22,10,12,2,0,1,3,2,5,5,4,0,0,13,5,8,22,10,12
110,私立,宗教研修學院,1R05,台神學校財團法人台灣神學研究學院,02211001,基督教研究所,12,2,10,0,2,0,2,2,6,0,0,0,0,12,2,10,12,2,10
110,私立,宗教研修學院,1R05,台神學校財團法人台灣神學研究學院,02211002,神學研究所,1,0,1,0,0,0,0,0,1,0,0,0,0,1,0,1,1,0,1
110,私立,宗教研修學院,1R07,台灣基督長老教會南神神學院,02211001,神學研究所,1,1,0,0,0,0,0,1,0,0,0,0,0,1,1,0,1,1,0
110,私立,宗教研修學院,1R07,台灣基督長老教會南神神學院,02211002,基督教研究所,3,3,0,0,0,1,0,2,0,0,0,0,0,3,3,0,3,3,0
110,私立,宗教研修學院,1R08,中華福音神學研究學院,02211002,教牧宣教研究所,2,1,1,0,0,0,0,1,0,0,1,0,0,1,1,0,2,1,1
110,私立,宗教研修學院,1R09,唯心聖教學院,02211X24,唯心聖教學院,1,0,1,0,0,0,0,0,0,0,1,0,0,0,0,0,1,0,1
110,公立,一般大學,3002,臺北市立大學,01111001,教育學系,17,8,9,1,0,0,2,3,5,4,2,0,0,11,4,7,17,8,9
110,公立,一般大學,3002,臺北市立大學,01113029,特殊教育學系,8,2,6,0,0,0,0,1,5,1,1,0,0,6,1,5,8,2,6
110,公立,一般大學,3002,臺北市立大學,01114035,教育行政與評鑑研究所,3,3,0,1,0,0,0,2,0,0,0,0,0,3,3,0,3,3,0
110,公立,一般大學,3002,臺北市立大學,01116036,學習與媒材設計學系,10,6,4,1,0,1,0,0,2,4,2,0,0,4,2,2,10,6,4
110,公立,一般大學,3002,臺北市立大學,01121027,幼兒教育學系,14,1,13,0,0,0,1,0,2,1,10,0,0,3,0,3,14,1,13
110,公立,一般大學,3002,臺北市立大學,01131017,英語教學系,3,1,2,0,0,0,1,0,1,1,0,0,0,2,0,2,3,1,2
110,公立,一般大學,3002,臺北市立大學,01141025,體育學系,38,30,8,4,0,0,0,5,2,21,6,0,0,11,9,2,38,30,8
110,公立,一般大學,3002,臺北市立大學,01141026,運動教育研究所,3,3,0,1,0,1,0,1,0,0,0,0,0,3,3,0,3,3,0
110,公立,一般大學,3002,臺北市立大學,01141030,身心障礙者轉銜及休閒教育碩士學位學程,1,1,0,0,0,0,0,1,0,0,0,0,0,1,1,0,1,1,0
110,公立,一般大學,3002,臺北市立大學,02111040,視覺藝術學系,16,6,10,0,0,1,3,2,2,3,5,0,0,8,3,5,16,6,10
110,公立,一般大學,3002,臺北市立大學,02151037,音樂學系,66,22,44,3,6,5,12,9,15,5,11,0,0,50,17,33,66,22,44
110,公立,一般大學,3002,臺北市立大學,02152039,舞蹈學系,16,3,13,0,0,0,1,1,2,2,10,0,0,4,1,3,16,3,13
110,公立,一般大學,3002,臺北市立大學,02221019,歷史與地理學系,1,1,0,0,0,1,0,0,0,0,0,0,0,1,1,0,1,1,0
110,公立,一般大學,3002,臺北市立大學,03131055,心理與諮商學系,5,1,4,0,0,0,1,1,1,0,2,0,0,3,1,2,5,1,4
110,公立,一般大學,3002,臺北市立大學,04134056,社會暨公共事務學系,8,7,1,2,0,3,0,2,1,0,0,0,0,8,7,1,8,7,1
110,公立,一般大學,3002,臺北市立大學,05211023,地球環境暨生物資源學系,5,5,0,1,0,2,0,2,0,0,0,0,0,5,5,0,5,5,0
110,公立,一般大學,3002,臺北市立大學,05399011,應用物理暨化學系,1,1,0,0,0,0,0,1,0,0,0,0,0,1,1,0,1,1,0
110,公立,一般大學,3002,臺北市立大學,05411012,數學系,1,1,0,0,0,0,0,0,0,1,0,0,0,0,0,0,1,1,0
110,公立,一般大學,3002,臺北市立大學,06131016,資訊科學系,1,1,0,0,0,0,0,0,0,1,0,0,0,0,0,0,1,1,0
110,公立,一般大學,3002,臺北市立大學,07313058,城市發展學系,4,4,0,0,0,3,0,1,0,0,0,0,0,4,4,0,4,4,0
110,公立,一般大學,3002,臺北市立大學,09191059,衛生福利學系,9,5,4,0,0,0,1,4,0,1,3,0,0,5,4,1,9,5,4
110,公立,一般大學,3002,臺北市立大學,10141046,運動藝術學系,9,6,3,0,0,0,0,1,1,5,2,0,0,2,1,1,9,6,3
110,公立,一般大學,3002,臺北市立大學,10141053,運動科學研究所,2,0,2,0,0,0,0,0,2,0,0,0,0,2,0,2,2,0,2
110,公立,一般大學,3002,臺北市立大學,10141054,競技運動訓練研究所,2,2,0,1,0,0,0,1,0,0,0,0,0,2,2,0,2,2,0
110,公立,一般大學,3002,臺北市立大學,10141060,球類運動學系,26,20,6,3,0,2,0,3,0,12,6,0,0,8,8,0,26,20,6
110,公立,一般大學,3002,臺北市立大學,10141062,陸上運動學系,7,6,1,0,0,0,0,1,0,5,1,0,0,1,1,0,7,6,1
110,公立,一般大學,3002,臺北市立大學,10141063,水上運動學系,8,6,2,0,0,1,0,0,0,5,2,0,0,1,1,0,8,6,2
110,公立,一般大學,3002,臺北市立大學,10141064,技擊運動學系,8,6,2,0,0,0,0,1,0,5,2,0,0,1,1,0,8,6,2
110,公立,一般大學,3002,臺北市立大學,10142051,運動器材科技研究所,1,1,0,0,0,0,0,1,0,0,0,0,0,1,1,0,1,1,0
110,公立,一般大學,3002,臺北市立大學,10142052,運動健康科學系,14,11,3,1,0,1,0,2,0,7,3,0,0,4,4,0,14,11,3
110,公立,一般大學,3002,臺北市立大學,10152050,休閒運動管理學系,9,3,6,1,0,0,1,1,0,1,5,0,0,3,2,1,9,3,6
110,公立,一般大學,3002,臺北市立大學,99999Z01,通識教育中心,77,37,40,1,3,2,0,18,18,16,19,0,0,42,21,21,77,37,40
110,公立,一般大學,3002,臺北市立大學,99999Z05,師資培育及職涯發展中心,27,11,16,0,0,0,1,3,4,8,11,0,0,8,3,5,27,11,16
